1261229981.58002 -0.000652777867486252  0.000222160909886767   0.00128027332906561 -2.58847528379263e-05 3.8224892108621e-05 7.67237273685123e-05 0.999999995991153
1261229981.78004 -0.170489887004192  0.152273762848202   1.20317549321919 -0.00187620032200091 -0.0336625128504615 0.00187075955374055 0.999429745084484
1261229982.03002 -0.455820010617886  0.336593541741454   2.69091980220364 -0.00272155070935529 -0.0742867715297163 0.00907359492277814 0.997191926668385
1261229982.28002 -0.871446380438408  0.547165462190175   4.19914725834545 -0.00922044509938135 -0.112499487243398 0.0203790583614663 0.993399991313893
1261229982.48004 -1.29645226615609 0.718928267047737  5.36467872702843 -0.0175650600549945 -0.145720114243223 0.0235070061258162 0.988890558976678
1261229982.68002 -1.79873158472744 0.898498225737022  6.56352305680316 -0.0219222543162815 -0.178252394010915 0.0349225762709168 0.983120497427285
1261229982.89045 -2.40047596026332  1.08693376659785  7.70091913227327 -0.0223587543856438 -0.211242523067263 0.038592819510163 0.976415524678277
1261229983.08004 -3.07463592297678  1.27859365848984  8.82639686136729 -0.0260498316280393 -0.241228986245968 0.0449728597374646 0.969075551416879
1261229983.28006 -3.84904261771809  1.45015419059162  9.93308686361985 -0.020680470175777 -0.268799133593707 0.0450690154061946 0.961918981922541
1261229983.43003 -4.45614342705499  1.57580316292604  10.7587327293095 -0.0164197264150653 -0.287170950176781 0.0506593538122713 0.95639786063664
1261229983.58038 -5.11592021405525  1.71141604462894  11.5898776400901 -0.0168963633414689 -0.303587431390854 0.0533117843032905 0.951160889682569
1261229983.78005 -6.05572040448576  1.88113515938429  12.6885229233431 -0.0206653044416444 -0.322712446426068 0.0522635093154233 0.944827046452457
1261229983.98004 -7.0570094270495 2.06372705504456 13.8082252938793 -0.0236253523386295 -0.337648099420423 0.0521600362331457 0.939529102425683
1261229984.18003 -8.08629299614361  2.25633623843499  14.9123968548505 -0.0251431705938905 -0.349988588958643 0.0544770361649321 0.934830498594215
1261229984.38004 -9.19175166496643  2.45613959382424  16.0441808063972 -0.0248913442284858 -0.360840653896555 0.0554378846464851 0.930645520283598
1261229984.58005 -10.3457150525652  2.65311693067411  17.1846677518985 -0.0253646116023744 -0.369466313049103 0.0545936075452968 0.927292196675543
1261229984.78007 -11.4551619845691  2.83985670626839  18.2411286301867 -0.0244807935517476 -0.37614036799579 0.0575431839698314 0.924450050727286
1261229985.00964 -12.7244676452509  3.05462637889898  19.4630377614497 -0.0245808769864694 -0.380857729421315 0.0577412843296177 0.922501552578955
1261229985.18006 -13.9052621015389  3.24246672191689   20.552218428989 -0.0246807640640689 -0.384164104444088 0.0588381481869818 0.921057475437777
1261229985.43007 -15.4370466203977  3.48993851372569  21.9627142010223 -0.0249365664628939 -0.387690262663552 0.0601222167834275 0.91948885090465
1261229985.63004 -16.8025937398791  3.70583688095175  23.2194277146282 -0.023798828572964 -0.390058150002765 0.0604441215176946 0.918495924622929
1261229985.83006 -18.1387259037053  3.91730968730755  24.4220629271562 -0.0239138148579623 -0.392498806496937 0.0590078567150488 0.917546123747093
1261229986.03006 -19.4725702556836  4.12267374982865  25.6120622775555 -0.0239143153403021 -0.394794478162538 0.0588600739083243 0.916570192202256
1261229986.23007 -20.8003001120751  4.32641094457822  26.7701719675023 -0.023371224193368 -0.39675588091492 0.0580155132213585 0.915790782365051
1261229986.43005 -22.1589384928031  4.53574332166441  27.9512947869613 -0.0246751866762361 -0.399019569007675 0.0561970592331968 0.914886008880321
1261229986.63006    -23.579094485 4.75064553372278 29.1940168940105 -0.023604531880504 -0.400737100633083 0.056417160518528 0.91414971763378
1261229986.78008 -24.6906204733843  4.91985618015879  30.1654633662114 -0.0220483336147649 -0.401906431263992 0.0563125403834961 0.913681557923225
1261229986.93009 -25.9071684673763  5.10371539173138  31.2417564998821 -0.0228871926354514 -0.403177470590872 0.0552440681254379 0.913166029021101
1261229987.13006 -27.2156903033868  5.29396013316224  32.3516034654253 -0.0225821549425105 -0.404427180360903 0.0559151080833669 0.912579970606142
1261229987.33007 -28.7286256446297  5.51621744205517  33.6552146567076 -0.0219299520595267 -0.40561053278288 0.0554659971827638 0.912097964066786
1261229987.53009 -30.1877733186426   5.7271874512472   34.910325832505 -0.0223749587298361 -0.406447463742367 0.0561215237355781 0.911674390894486
1261229987.73019 -31.6235137889091  5.93371967314516   36.135231095701 -0.0229356020914484 -0.407160480434578 0.0565329731415816 0.911316807853756
1261229987.98007 -33.4257765791504  6.19304115658014   37.659411589681 -0.023297002441143 -0.408085496799603 0.0564971586347997 0.910896013848603
1261229988.28009 -35.5989569166032  6.51850434604209  39.4961269805626 -0.0254589955799878 -0.409290708218504 0.056887732031056 0.910272894056731
1261229988.53011 -37.4968447662719  6.80005456886746  41.0860458565676 -0.0243003951032174 -0.409941656911894 0.0567305771892748 0.910021412021679
1261229988.78008 -39.3108710414712  7.06038390129386  42.6108458229147 -0.0238604852566983 -0.41015639350845 0.0568790727170727 0.909927019707791
1261229989.0301 -41.1484282923376  7.33791213067805  44.1448190129474 -0.0251435343011274 -0.411112102518586 0.0545914715186993 0.909601238501256
1261229989.2801 -43.0035708981906  7.60202433086619   45.699837064182 -0.0210771916841433 -0.411290646970065 0.056843818905612 0.909485863528335
1261229989.59471 -45.2430875991528  7.91840130825985  47.5807828676016 -0.0233783871534814 -0.412085374897268 0.0567444517265931 0.909075993527565
1261229989.83011 -46.8331403381398  8.14393447469755  48.8769231430232 -0.023130817678886 -0.412823630259387 0.0571725404039372 0.90872048298513
1261229990.08012  -48.84601862059 8.43250706858303 50.5503303993427 -0.0229892389908696 -0.413950034611691 0.0566767003044754 0.908242597205283
1261229990.33009 -50.676277152856 8.69069967746135 52.0532277167174 -0.0235558650606266 -0.415083563514926 0.0572377079282592 0.907675383224705
1261229990.54857 -52.1390834032108  8.90062315878573  53.2505904274394 -0.0247565407854208 -0.415827812080196 0.0573583935840084 0.907295078281812
1261229990.73011 -53.3257765903869  9.06855688006675  54.2094482914884 -0.0262996077156594 -0.416327936546729 0.0594029636977463 0.906890659224512
1261229990.9801 -55.2635242912527  9.34594221383504  55.7939400387425 -0.0246852110760613 -0.417523108307741 0.0594980644503847 0.906380204279546
1261229991.18011 -56.6108637571705  9.53630344098794  56.8728047631405 -0.0257783820123201 -0.41872942043005 0.0579087205236627 0.905896090936733
1261229991.38012 -58.0107841571514  9.73198353455668   57.999321333808 -0.0239791311379064 -0.418820343059668 0.0593049612375873 0.905813139163846
1261229991.53014 -59.1647715895028  9.89272404083473   58.926602299366 -0.0230047145210643 -0.419188732770573 0.0601165744462126 0.905614480286649
1261229991.68011 -60.2055550836645  10.0367262868484  59.7580893995828 -0.0250230299558004 -0.420013256610775 0.0607697945018191 0.905135207755863
1261229991.83014 -61.3119573096618   10.191246346947  60.6442470441898 -0.0242834926301408 -0.419566067366024 0.0601733419573847 0.905402560200915
1261229991.98011 -62.5132163225487  10.3619958580541  61.6058917571592 -0.0236125358616849 -0.41928181614873 0.0578467743712894 0.90570357043132
1261229992.13163 -63.6973352929055  10.5303975017892  62.5770559752343 -0.0259610940095199 -0.419014459010695 0.0598231890434109 0.90563463427062
1261229992.33014 -65.1909488557652  10.7338628329472  63.7898787187153 -0.0221402571202284 -0.418045404231015 0.063052625487736 0.905964798121362
1261229992.58012 -66.9024122873226  10.9643491141879  65.1789483893253 -0.026070336158423 -0.417674981314151 0.062668995085538 0.906057693864899
1261229992.83014 -68.6695273863491   11.217734728137  66.6148149850218 -0.0279840075351602 -0.416907812262574 0.0613779105542324 0.906442233952447
1261229993.08015 -70.586373269008 11.4955651229248 68.1755375932082 -0.0275063858057902 -0.416397467756592 0.0602271020893429 0.906768572326876
1261229993.28832 -71.9777593006747  11.6978539604816  69.3091686956836 -0.0259774086323147 -0.415744299481954 0.0596564842947445 0.907151010345356
1261229993.48013 -73.3215377908851   11.891500327557  70.4084445161006 -0.02534461553339 -0.415433689033002 0.0591286042096103 0.907345749229101
1261229993.68015 -74.7628489880989  12.0970797051887  71.5879656868624 -0.0256629746712179 -0.414913334738243 0.0583098957690044 0.907627838071763
1261229993.88012 -76.1921854260595  12.3039030919785  72.7643821387113 -0.0262063756230719 -0.414436833028466 0.0584219338589255 0.907822788296384
1261229994.08013 -77.5900308922872  12.5064978963348  73.9140254633636 -0.0260079245584694 -0.414252422572355 0.0574143037429534 0.907976935818751
1261229994.28014 -78.8964548721496  12.6966289146275  74.9860125768256 -0.0245646377345643 -0.414174395400732 0.0568699221675839 0.908086978609462
1261229994.48016 -80.0519718665687  12.8590405200824  75.9327227106711 -0.0238243984047125 -0.414204295807763 0.0560711359327015 0.908142734976317
1261229994.68013 -81.5033812359165  13.0671890219765  77.1339133657673 -0.0246300782556339 -0.414107566022525 0.0566629346697089 0.908128622411296
1261229994.88015 -82.8509500748849  13.2600047365582  78.2439285269605 -0.0253951386864513 -0.414500911376162 0.0572111388161381 0.907893698069762
1261229995.13016 -84.4554080935622  13.4934424712903  79.5655640825663 -0.0262410743562575 -0.415480287060963 0.0583799910880651 0.907347405198762
1261229995.33017 -85.6883464892571  13.6684609093927  80.5726797362517 -0.0261222906127608 -0.41630057581679 0.0596131928234934 0.906894549409765
1261229995.53014 -86.7983824816183  13.8290766825042  81.4702928844687 -0.026965743967993 -0.416931396191031 0.0592089235905275 0.906606509401792
1261229995.68015 -87.5554450808451  13.9340072497022  82.0794382050773 -0.026887232051354 -0.417659538304699 0.058728016251356 0.906304919396835
1261229995.88016 -88.7357376024134  14.1005619327516  83.0318134619565 -0.0264929325130101 -0.418466976015212 0.059390339412475 0.905900823543072
1261229996.13015 -90.4967281948338  14.3490913662712  84.4596416610845 -0.0253449190053263 -0.41944570449992 0.0588364370953304 0.905517095215274
1261229996.38015 -91.6487835708206  14.5041800555736  85.3717841700872 -0.0247161044162777 -0.420070449882504 0.0583663918550397 0.905275259586729
1261229996.63017 -92.9917434991666  14.6914430832325  86.4569359280522 -0.0251781974715912 -0.420235099648883 0.0590639711525048 0.905140854622567
1261229996.8337 -94.0450162088123  14.8396985686921   87.300770001955 -0.0241191705641061 -0.419910955025525 0.0587884562128929 0.905338043427402
1261229997.03016 -95.4226297610471    15.03912809083  88.4226679138662 -0.0221918029217902 -0.41924802359578 0.0599890350232428 0.905615776293177
1261229997.23016 -96.3141196485986  15.1620074826487  89.1347172538403 -0.0235439132125452 -0.41896516113152 0.0604996162178047 0.905678571208449
1261229997.43019 -97.4400862195183  15.3222289733344  90.0494639993217 -0.0242769904797222 -0.418424446908547 0.0607707284177856 0.905891013604891
1261229997.63015 -98.6749650915794  15.4945788489335  91.0536908993433 -0.0243470681983666 -0.418627156686818 0.0612474175735009 0.905763367439328
1261229997.83017 -99.8403819685786  15.6578114617659  91.9961115715752 -0.0242035193789817 -0.419490276758865 0.0614864342484639 0.905351597865631
1261229998.03018 -101.035576675459  15.8247247381999  92.9496089219809 -0.0235974297168003 -0.420773375658602 0.0614163655952102 0.904776744663954
1261229998.23019 -102.060273492525  15.9672856428466  93.7522827669721 -0.0232215828747656 -0.42196749095132 0.0607037174753731 0.904278305254366
1261229998.48017 -103.857334734784  16.2216085630656  95.1811911725802 -0.0226803135606991 -0.423018953885114 0.0606023987707989 0.90380745587429
1261229998.78019 -105.702164366254  16.4815224168713  96.6420001485136 -0.0248309478575279 -0.423222365404913 0.0603133397582708 0.903675027040568
1261229999.13017 -108.058106309226  16.8150799509367  98.5178087193015 -0.0231327593411947 -0.422567769476869 0.0631523100602226 0.903832474177966
1261229999.43019 -109.824111855688  17.0590718222184  99.9166443721493 -0.0229716265775355 -0.422318303587186 0.0644361754403316 0.903862563735354
1261229999.6802 -111.526496064717  17.2840543365967   101.25767979248 -0.0212409435224116 -0.422000994124952 0.0626802509395955 0.904176514524669
1261229999.88018 -112.785858004652  17.4533808926485  102.265148741201 -0.0221305543746906 -0.421074523308285 0.0637610100854392 0.904511480290136
1261230000.1302 -114.69541376748 17.7209099902828 103.788432137279 -0.0237634643637133 -0.420266734203667 0.0607168547837263 0.905055044419062
1261230000.33019 -116.326338030895   17.951535983323  105.114750480785 -0.0242791703686194 -0.419317755672532 0.0630164255650384 0.905324290943841
1261230000.53021 -117.933463986179  18.1863360647832  106.419224545657 -0.0264426499032299 -0.418812934313047 0.063713781504391 0.905448544294264
1261230000.68019 -118.917376625953  18.3295496342745  107.218547920168 -0.0269734052124865 -0.418348352150444 0.0639758385100472 0.905629164587354
1261230000.90833 -120.039361617335  18.4883493286296  108.116385364746 -0.0230414462766133 -0.417843063167229 0.0643143864790377 0.905946977481759
1261230001.13021 -122.071843893763  18.7603649508139  109.753228861365 -0.0189613325646963 -0.418054356353286 0.0632671132743593 0.906017822881725
1261230001.33021 -123.615282324463  18.9625450580647  110.984018472076 -0.0229955786473433 -0.41909810502836 0.0590307788019166 0.905728076675528
1261230001.53021 -124.955518913457  19.1483614890029  112.054939732027 -0.0222232293193734 -0.419581310649157 0.0586269177025298 0.905549853046896
1261230001.73021 -126.695543533536  19.3924587340491  113.452429861172 -0.0217079857478531 -0.419811275982982 0.0589844859189541 0.905432541017379
1261230001.93022 -128.182565409804  19.6013761232706  114.647822608578 -0.0225671077218844 -0.419909690454002 0.0579007543281912 0.905435850935957
1261230002.1302 -129.713623524249  19.8131468403093  115.875361336831 -0.0229581819189946 -0.419655508816072 0.0568487937448005 0.90561050703548
1261230002.34694 -131.205720609246  20.0279777847449  117.085881835441 -0.0226696808742253 -0.419106384076034 0.0573083561731134 0.90584307510104
1261230002.48022 -132.447394432469  20.1986866395124  118.081503897671 -0.0226901594383492 -0.418866687096378 0.0565355827760825 0.906001977363039
1261230002.63023 -133.62492787836 20.3643130278451 119.031614721385 -0.0221942436657866 -0.418730177000887 0.0559133984402482 0.906115967352839
1261230002.78024 -134.791965484865  20.5269615229293  119.977855673379 -0.0224781498776683 -0.41842479711017 0.0556158627041381 0.906268336508048
1261230002.93021 -136.033485692813  20.7000225982797  120.982589726149 -0.0229655183194561 -0.418018369568921 0.0557567274812971 0.906435003192086
1261230003.13022 -137.530987838738  20.9147575741137  122.205269159421 -0.0250818478034855 -0.417516538237932 0.0561037729921232 0.906588775501123
1261230003.29687  -138.7395094483 21.0830957995231 123.188866439378 -0.0237625537373137 -0.417223871083668 0.0569253117824563 0.906707831286523
1261230003.48025 -140.235662639739  21.2982852102396  124.406254516237 -0.0226738869880879 -0.41707968620954 0.0572949900899811 0.906778757090611
1261230003.68021 -141.772678997849  21.5188108391507  125.646128998143 -0.0232633047472003 -0.417625454193067 0.0535125326024561 0.906743738614579
1261230003.88023 -143.316605531187  21.7479540592554  126.902645400662 -0.0259601587028143 -0.418327896899103 0.0533798614370607 0.906354473276906
1261230004.08024 -144.885401387372  21.9779997151711  128.171515315261 -0.02205202561073 -0.417896536090129 0.055883909168686 0.90650602975731
1261230004.23025 -146.16641682045  22.156545697012 129.220327408237 -0.0234401225439271 -0.417993847171078 0.0588786253574049 0.906236730583278
1261230004.43022 -147.796393988633  22.3851209240368  130.549728191715 -0.0257340014762262 -0.417827048589244 0.0607733802958373 0.906126323909995
1261230004.58023 -148.956472963892  22.5523502199031  131.495045158279 -0.026809487359721 -0.417721973003117 0.0624661028038817 0.90602847121842
1261230004.78025 -150.422314509408  22.7655672426891  132.692269524536 -0.0273415623375978 -0.417673438752168 0.0644302213809505 0.905897391597238
1261230004.98025 -151.901685391548  22.9753738641441  133.894977417354 -0.0276221736563547 -0.417876604473343 0.0654627827622336 0.905721139771703
1261230005.18023 -153.381306906391  23.1770047111855  135.092806749033 -0.0272366277605069 -0.417946298188211 0.0660427415341579 0.905658552783365
1261230005.33025 -154.483019804249  23.3269863252487  135.980143461429 -0.0277477518825394 -0.418091774405637 0.0659601092745134 0.905581909285022
1261230005.48024 -155.601674669021  23.4818661932799  136.876842941638 -0.0279328998989401 -0.418285657427634 0.0648871380456042 0.905564200490401
1261230005.63025 -156.896828470488  23.6637182295879  137.922230964599 -0.027766806932139 -0.418118262335772 0.0633390400717915 0.905756197404628
1261230005.78027 -157.942916787314  23.8092966607815  138.765017284528 -0.02723445683516 -0.417857495995909 0.0625407960976162 0.905948147646652
1261230005.93024 -159.133853550437   23.974768292473  139.729572985602 -0.0266677463982589 -0.417244363872259 0.0621051922254098 0.906277505633632
1261230006.08025 -160.119371828411  24.1149865822944  140.532797636438 -0.0269272777152474 -0.416701081735343 0.0620602655158403 0.906522836799793
1261230006.23849 -161.35450954222 24.2887156491235 141.539443915821 -0.0273369468213667 -0.416308154954422 0.0620379784842588 0.906692616426602
1261230006.38026 -162.438356843852  24.4429784378567  142.421803780087 -0.0281260205469113 -0.416076299381162 0.0614683985142793 0.90681369423138
1261230006.53027 -163.475486838424  24.5932767200064  143.265397151941 -0.0277949113373963 -0.415941322837619 0.0610835203004352 0.906911827250888
1261230006.73025 -164.880514672354  24.7966419330985  144.415481344176 -0.0277332536479248 -0.415726491822872 0.0609243244812391 0.907022919955859
1261230006.93026 -166.459299977628  25.0204680011334  145.704017204342 -0.0277688564974988 -0.415552832077964 0.0609920246211095 0.90709685662195
1261230007.13027 -167.64976082363 25.1954264860819 146.677524094992 -0.0282349761585788 -0.415402815334131 0.0607036852759333 0.907170518550797
1261230007.33028 -169.173201621178  25.4107185259269  147.923542983726 -0.0278405177655552 -0.415343656795224 0.0609086313843476 0.907196059820259
1261230007.53026 -170.611656074653  25.6220120024696  149.099950928635 -0.0280390162253811 -0.415355854298764 0.0601169739105939 0.907237167071924
1261230007.73027 -172.074158317076  25.8317538225141   150.30101026169 -0.0278971904138579 -0.415272074713504 0.0614438060041282 0.907190999422879
1261230007.98028 -173.880164674935  26.0853940519446  151.779264673604 -0.0255937406959187 -0.415421011450418 0.062052572896328 0.907149283128002
1261230008.23026 -175.596160991701  26.3268994859772  153.186677142828 -0.0272101481593132 -0.415593037327395 0.0620572322230292 0.907023117175607
1261230008.48027 -177.235695213781  26.5605396344813  154.521179914496 -0.0265592176321327 -0.415885353664936 0.0618804167994804 0.90692050069589
1261230008.73029 -178.910952927706  26.7951716099493    155.8907847689 -0.0261272458282088 -0.415849601178945 0.0620720406389315 0.906936347267913
1261230008.93027 -180.26811400451 26.9824984760994 156.999003276749 -0.0262354002757697 -0.415657837866945 0.0621619628852922 0.907014970087261
1261230009.13027 -181.626265195933  27.1682861312213  158.113094545308 -0.0260741180444665 -0.41514981971143 0.0618950741851158 0.907270503958654
1261230009.33029 -182.940154291554  27.3525965596407   159.18047052379 -0.0246563188605374 -0.414678727776237 0.0622558982212247 0.907500866008842
1261230009.5303 -184.216723216686  27.5397937104449  160.237215589616 -0.0269091203690759 -0.414447944225215 0.0620154878281252 0.907558747430653
1261230009.74695 -185.464975332385  27.7182402615957  161.264750217367 -0.0283793886523415 -0.414473946364065 0.0624345401310991 0.907473352933151
1261230009.88029 -186.403209305853  27.8533592559074  162.033423282483 -0.0269801452007404 -0.414576964127002 0.0632146760324559 0.907414964233177
1261230010.0303 -187.33109862753 27.9863694869166  162.78738545643 -0.0267939173070232 -0.414675729876878 0.0628008026923126 0.907404090925109
1261230010.23691 -188.533466939519  28.1564199699571  163.775921712521 -0.0287449977703663 -0.414866273601954 0.0626703492210433 0.907266293576105
1261230010.48028 -189.971213496587  28.3634125625615  164.946809160557 -0.0284383832957087 -0.415299299947831 0.0601921823753473 0.907245639834803
1261230010.68029 -191.107061315727  28.5326366980815  165.847173812542 -0.0291661723304398 -0.4171277665196 0.0518817213797223 0.906896933381428
1261230010.89624 -192.155903889191  28.6849402266718  166.701302702939 -0.0270108932254898 -0.418006132252694 0.0532525623923832 0.906479701728037
1261230011.0803 -193.096298159741  28.8194060467016  167.467096495194 -0.0194933266407536 -0.417000202373439 0.0578706297403865 0.906852706700729
1261230011.28029 -193.989471938862  28.9424855496199  168.196958822261 -0.022192380066245 -0.416894908497206 0.0566134665646652 0.906918435659808
1261230011.4803 -195.34638010258 29.1285434990583 169.313683380342 -0.0256785532762801 -0.418071304239599 0.0555010722207571 0.906353478205597
1261230011.73032 -195.955203827581  29.2050462135734  169.812372771152 -0.0256886702938562 -0.417624818034044 0.0597575462583167 0.906288386357097
1261230012.0303 -197.356037823078  29.3866402290087  170.933027586274 -0.0230684549347618 -0.417529138829125 0.0587434949560772 0.90646923081585
1261230012.33032 -198.645185689568  29.5636218780632  172.003575052364 -0.0256514344687584 -0.41791786834405 0.0618482625578668 0.906014046053942
1261230012.6303 -199.820531050744  29.7326976210922  172.970391997551 -0.024924965599934 -0.417035964259443 0.062857516427849 0.906371161959912
1261230013.0073 -201.17701398762 29.9322899018148 174.096572076527 -0.0259182237275628 -0.415105335593872 0.0644369648942505 0.907118340458137
1261230013.33034 -202.941687595451  30.1776577655103   175.55971446644 -0.0268019476513472 -0.413545450484808 0.0686290111411937 0.907497589426657
1261230013.83033 -204.880281985904  30.4898528698293      177.18360627 -0.0324042202716447 -0.41269762265256 0.0667353360143698 0.907841965152835
1261230014.28032 -207.072520864389   30.822647965968  178.960266893539 -0.027432753881873 -0.418291565731559 0.0685591812348861 0.905306162975101
1261230014.63034 -209.130788459354  31.0977486790845  180.559644293925 -0.0278030631652814 -0.424795672295129 0.0709297219677505 0.902077935113998
1261230015.03033 -211.053272222277  31.3405786572669  181.962454573809 -0.0326751372146974 -0.441262572565053 0.0769240636387638 0.893477680691897
1261230015.38036 -213.056123750524  31.5860635298034  183.272484225942 -0.0338166550557399 -0.460055258234049 0.0759698038201316 0.883987659483759
1261230015.73708 -215.371222503111  31.8659087523384  184.703717766279 -0.0346031185292253 -0.479591713850073 0.0727671797875936 0.873784498454946
1261230016.09867 -217.362839968361  32.0711720667116  185.703303494248 -0.0319059589641638 -0.498659955379995 0.072115948784334 0.863203074956255
1261230016.38593 -219.220506586814  32.2584820894973  186.604003955216 -0.0318423914414309 -0.514821643735359 0.0724011284082958 0.853640916225388
1261230016.73036 -221.539711214794  32.4765283289958  187.641750169027 -0.0302361246025452 -0.534399947140695 0.0721370583346568 0.841604846754024
1261230017.03685 -223.139768070235  32.6127150931977  188.183090129036 -0.0323127909337576 -0.551304908302682 0.0732187448065385 0.830456378765554
1261230017.28035 -224.656483880586  32.7162497320325  188.658065337026 -0.0297163571587427 -0.566373656441733 0.0750884075568161 0.820182632379287
1261230017.53037 -226.572768210322  32.8813847612185   189.36411585518 -0.0323012663380503 -0.582263277352234 0.0778976997510067 0.808614897471903
1261230017.78037 -227.925965725332  32.9387764243843  189.567633396608 -0.0338443765959775 -0.599150390798225 0.0784638268889765 0.796063311080909
1261230018.03036 -229.517287220862  33.0490627774808  189.903928008088 -0.0334456458608206 -0.616443873404978 0.0805092091925101 0.782557733940197
1261230018.28037 -231.200355347683  33.1453845361229  190.195248841653 -0.0332707765205875 -0.634619159584963 0.0847052418525961 0.767448108812632
1261230018.53039 -232.937293817396  33.2282326643931  190.405233556671 -0.0324090670790122 -0.654307637726431 0.088314059302883 0.750354445920975
1261230018.78036 -234.488327141783  33.2902089327531  190.473913019331 -0.0342003700666437 -0.675377039863663 0.0915788683268834 0.730964773151394
1261230019.08555 -236.527563059071  33.3217263079931  190.429278593709 -0.0354729607764929 -0.704295995597631 0.0993682615263074 0.702021914358897
1261230019.33039 -238.210012648191  33.3339236862636  190.265298669032 -0.0348649760333674 -0.731724401648873 0.10584120049133 0.6724295306992
1261230019.58038 -239.46358499161 33.2725477857204 189.799467378004 -0.0356777929355315 -0.761480351584892 0.111848917707272 0.637467323750097
1261230019.83038 -241.243197356217  33.2420177622368  189.405818195124 -0.0366495303305733 -0.790044423631596 0.115820208122129 0.600892918917934
1261230020.0953 -242.449644540623   33.142862724377  188.661799974442 -0.0421811817496379 -0.81651991913384 0.119565089937197 0.563223009856825
1261230020.3456 -243.983734507242  33.0626658360639  187.996546751195 -0.0406165235161623 -0.841187427850443 0.123594028395758 0.524860481831816
1261230020.5804 -245.188924200322  32.9335789138061  187.120850885478 -0.0361711130039096 -0.864289960959334 0.130841390242682 0.484329479350921
1261230020.83046 -246.41777841733 32.7587812497609 186.022549731986 -0.0367338616692508 -0.885112074715899 0.132130875170686 0.44471189597942
1261230021.0304 -247.255756175854  32.6256149284982  185.234514102926 -0.0335586371671013 -0.900340462003592 0.13265467753048 0.413114520296647
1261230021.23039 -247.985497584378  32.4726211991851  184.313771707053 -0.0332226700675015 -0.913680301074188 0.135944959865962 0.381580305453007
1261230021.43041 -248.94298410529 32.3109310441064 183.278212361727 -0.0355817145922175 -0.925588291128438 0.140115554882379 0.349839803613909
1261230021.63038 -249.46558502298 32.1217107328867 182.283767920211 -0.0324297242112126 -0.937236976078699 0.140874246872635 0.317316262152617
1261230021.83039 -250.13789248568 31.9357034032313 181.179829319407 -0.0329964405499746 -0.947476635514993 0.143363391904758 0.283982742302739
1261230022.0304 -250.716840081619  31.7422399062841  180.084984278612 -0.0347576597429499 -0.956302402296416 0.14565187873753 0.251123775599852
1261230022.23041 -251.131123059835  31.5462052038724   178.97559728897 -0.0328117820798136 -0.964683993239272 0.145858419467849 0.216872085836375
1261230022.4304 -251.658349900823  31.3131668303817  177.671443663433 -0.0333237161829666 -0.972005304951003 0.145955585135582 0.181086123859879
1261230022.63041 -251.955539573809  31.1137354901634  176.507967727801 -0.033040112118412 -0.978074475144634 0.146028696439578 0.144755973548273
1261230022.83041 -252.14758278903 30.9031044809288 175.319681576993 -0.0335013134412976 -0.98277464560094 0.146003014736964 0.108234826416327
1261230023.08043 -252.163895078463  30.6216253394443  173.798335849572 -0.0293887359010619 -0.986626235359578 0.147157818102458 0.0636360783962055
1261230023.3304 -252.339666222182  30.3205189660182  172.103730630319 -0.0277515858180621 -0.988669355015845 0.14614292809916 0.0201246243129947
1261230023.58042 -252.181022456139  30.0342120662161   170.57149964952 -0.0194749405203287 -0.988585272880528 0.147891205015751 -0.0211678155332947
1261230023.83042 -251.775136347169   29.762295660019  169.077431813052 -0.0152444500621356 -0.986938620147825 0.149916977033051 -0.0569619767940116
1261230024.08041 -251.49112937285 29.4546103236176 167.475775855485 -0.0103745312404156 -0.984578384086902 0.147999509529612 -0.092703397291363
1261230024.38043 -250.864809479842  29.1297508372779  165.669468645801 -0.00537091647280491 -0.98020046127588 0.143806194020593 -0.136007306907045
1261230024.68042 -249.84109687675  28.902409610723 164.363561710277 -0.0103100303008048 -0.972810053732579 0.146223107374768 -0.17931287042954
1261230024.93568 -249.350439788893  28.5158363978064  162.454659622711 -0.00736018883335762 -0.964705881037735 0.151855114160829 -0.215007941748083
1261230025.18044 -248.50139459158 28.2224315375479 160.965284027752 -0.00659874326513502 -0.957068469520774 0.146166830866664 -0.250223217929273
1261230025.43042 -247.38582728531 28.0329574975723 159.980594298007 -0.000155650384960427 -0.948434474901555 0.142352378532208 -0.28320985667415
1261230025.68043 -246.419000572463  27.7112755973202  158.296924388799 0.0022718155824684 -0.938809051526634 0.142256170292055 -0.313680706514538
1261230025.93043 -245.217043409562  27.6098161031298  157.723296420234 0.00485192609923536 -0.92857210579336 0.140093246056728 -0.343662895240236
1261230026.23043 -243.698025308279  27.2350614997101  155.780664528912 0.00843618368787808 -0.916949193127889 0.1399556636134 -0.373557787028233
1261230026.53044 -242.098326492345  26.9962724335555  154.472871508111 0.0084583878077445 -0.906572566478511 0.135930650968707 -0.399471520275831
1261230026.78046 -240.855154994354  26.9033338524039  153.946655732173 0.00840417010182276 -0.899536637741443 0.133758366811589 -0.415778675010655
1261230027.13045 -238.706169325048  26.5556200234155  152.032103989602 0.00565507938347714 -0.891109742061743 0.131773647938311 -0.434197136550726
1261230027.48046 -236.549707891763  26.2720469384717  150.533128051781 0.0017906666857123 -0.884668757800796 0.131964121782437 -0.447150369614303
1261230027.83045 -234.471982623937  26.0243512653268  149.357466508505 -0.00117336712909784 -0.881295221696538 0.136705009135186 -0.452359476414255
1261230028.08046 -232.598631419625  25.7209562129328  147.823280700171 0.00111442793722835 -0.881363703137769 0.132344383377995 -0.453521493459736
1261230028.28047 -231.290114409885  25.5692874261032  147.008420140095 0.00285453693713407 -0.882700875129771 0.126027178810948 -0.452712013166167
1261230028.53046 -229.573497248308  25.3593735920073  145.831125636787 0.000925404414940203 -0.883195845015549 0.127063024375695 -0.451463432417777
1261230028.78047 -227.780047008268  25.1264641952489  144.539114711973 -0.00325678945793386 -0.883291610476183 0.128761258485499 -0.45078360939374
1261230029.03047 -225.952022527211  24.8877786662907  143.261578532555 -0.000851521715200322 -0.884483928789645 0.127050018982715 -0.448938467164593
1261230029.33047 -223.627934192487  24.5783442715253  141.560151935072 0.0014881677532765 -0.884867788607617 0.128977009495996 -0.447628990418264
1261230029.68048 -220.960606147504  24.2357101398987  139.686267407767 0.00695200468848401 -0.886050068303997 0.130134027098222 -0.444895584469538
1261230029.98046 -218.583775117676  23.9314374298619  137.942404461149 0.00908390186411484 -0.887882931964855 0.129382129469366 -0.441408706785885
1261230030.23047 -216.604442548773  23.6821989035157  136.461547916214 0.0109993309835813 -0.889428181165794 0.129952834849807 -0.438073950356009
1261230030.53049 -214.236000743333  23.3808955071052  134.671822705189 0.0110688299589331 -0.891898222030489 0.125474581275411 -0.434339926780803
1261230030.83048 -211.89222735036 23.0878643044498 132.848630624214 0.00928175405966892 -0.893662260827005 0.12315991846826 -0.431408445788945
1261230031.2305 -208.473853616708  22.6396035261232  130.121402590959 0.00720257451192596 -0.894312418576731 0.12660717537879 -0.429096777012416
1261230031.58048 -205.562351890985  22.2469213869019  127.819187398854 0.00856450805559508 -0.89480210301088 0.127320509068185 -0.427837975897057
1261230031.93051 -203.341804752521   21.975990979843  126.194917589635 0.00850154303265193 -0.895244889303955 0.12575327077979 -0.427376212287719
1261230032.28049 -199.841204054722    21.49170700336  123.296459126163 0.00592561857764608 -0.895251128845436 0.125829954071798 -0.427384049776936
1261230032.6305 -196.790369610801  21.0744526264686  120.851373926362 0.00517316773444555 -0.895264127254785 0.12490492027141 -0.427637862774466
1261230032.98049 -193.647258442937  20.6491491597731  118.345369295733 0.00518179254608983 -0.894955071405299 0.125956963235865 -0.42797594862836
1261230033.34623 -190.72784415729  20.259564609606 116.068753265203 0.00653501093686834 -0.894814888087705 0.125542977192584 -0.428372000212743
1261230033.6805 -188.247850477271  19.9448851140788  114.201096177846 0.00811093276244557 -0.894668204553689 0.126638599550091 -0.428328940925539
1261230033.98051 -186.242496258794  19.6885606945086  112.706843336127 0.0104064683952546 -0.894974102081419 0.126618259025227 -0.427645739485988
1261230034.33053 -183.463366175834  19.3185777197106  110.513384701878 0.010604900169003 -0.895091136040403 0.127251471246195 -0.427207744943822
1261230034.68052 -180.766802323156  18.9617602910574  108.380418930265 0.0091828146318575 -0.89591691558114 0.124429373520507 -0.426340107538931
1261230035.03054 -178.031815868628  18.5950580024694  106.203219027406 0.00844959848956904 -0.895946581745017 0.125581201780588 -0.425955031316838
1261230035.33052 -175.756570614167  18.2883136341574  104.392929048651 0.0078844279896543 -0.896211233730028 0.12549144690317 -0.425435256044356
1261230035.63053 -173.419310097274  17.9643377410939  102.505118944154 0.0072664231406056 -0.896701078387174 0.124924071927199 -0.424580206047279
1261230035.98052 -170.835563070915  17.6121794310745  100.425306309477 0.00714360032509815 -0.897082882794666 0.125134177613216 -0.423713001882491
1261230036.38054 -167.975638799188   17.214260084152  98.1176045642594 0.00623471199200944 -0.897522634874252 0.125886954353947 -0.422571559594638
1261230036.73053 -165.475761380656  16.8670303397099  96.0850468259083 0.00552381365727267 -0.898194769597302 0.124605142240204 -0.421531970173115
1261230036.98054 -163.937250677743  16.6693238393767  94.8464033642995 0.00486936482138381 -0.898497811657079 0.125399354859712 -0.420657786727459
1261230037.28056 -162.166924531372  16.4383903889033  93.4159758019389 0.00476775401010678 -0.899163762791966 0.124247302260871 -0.419576457972069
1261230037.53053 -160.397472882303  16.1943782438789  91.9476805587382 0.00324360400537586 -0.899670325874234 0.12336154157912 -0.418765702790508
1261230037.78055 -158.512003224681  15.9366398310132  90.3748472188602 0.00194989964516899 -0.900262286833943 0.122609561664141 -0.417721088986923
1261230038.03056 -156.593641814025  15.6694629958152  88.7590540659462 -0.00252941022379593 -0.900315066826013 0.123179154667693 -0.417436556120022
1261230038.28054 -154.489953636467  15.3765460296003  87.0024224725998 -0.00313786688224857 -0.900416304333416 0.120917228361548 -0.417875168641718
1261230038.58056 -152.156752574936  15.0705889684486  85.0909919149328 0.000336329162092042 -0.900073161504754 0.121521626242256 -0.418450337766586
1261230038.88054 -149.793076726532   14.759364027826  83.1596472661642 0.00264969070369682 -0.899391629855884 0.124369335071023 -0.419070332734665
1261230039.18056 -147.332733168477  14.4211020816012  81.1476679942653 0.00351228402908763 -0.898906978338609 0.124852327537878 -0.419959289054815
1261230039.53057 -144.570108651327  14.0622659740901  78.9476538643347 0.00611063053129274 -0.898314716014166 0.12557453826863 -0.420980244816213
1261230039.89569 -141.649414251085  13.6562967450882  76.5241500930399 0.00701996238404561 -0.897859288141899 0.125976111641492 -0.421816830059138
1261230040.18058 -138.981067167926  13.2998676204571  74.3658792701174 0.00695394813062155 -0.897300643685404 0.126531626918305 -0.422839147710525
1261230040.43056 -136.817629248745  13.0027532659167  72.6419872315834 0.00689673395814544 -0.896330633628332 0.129806487061254 -0.42390341611853
1261230040.73057 -134.265819741586  12.6352116816359  70.6055699435708 0.00669791382572845 -0.895804417188783 0.129986558571146 -0.424962443853898
1261230041.13057 -131.06612209568 12.1893799896457 68.0793755761588 0.00748077461649992 -0.895501681771966 0.126371598930688 -0.42667434295774
1261230041.53059 -127.881920276405  11.7544355074682  65.5656541439682 0.00224187091540942 -0.894937936856632 0.12532443176821 -0.428222897556366
1261230041.88057 -125.196486727579  11.3951955044175  63.4735676098997 0.000806490839692915 -0.894404732696301 0.125595485836526 -0.429261339559565
1261230042.08058 -123.82555886551 11.2110464679467 62.4235066058483 0.00173619168491702 -0.894476482923673 0.12410192027514 -0.429543386072876
1261230042.28059 -122.406860395309  11.0271720282567   61.339344838388 -0.000273128249098374 -0.894655027008318 0.121793656090843 -0.429835565519806
1261230042.48059 -120.917656888895   10.838863339886  60.2044002607531 0.000783760093313006 -0.894412217064198 0.122989664715193 -0.429999667511111
1261230042.68058 -119.259357143738  10.6208701204427  58.9254819229057 0.00068374689061561 -0.893875130633334 0.125745182800996 -0.43031957000324
1261230042.9306 -117.187802218245  10.3359611189319  57.3090741987622 0.000223205532964202 -0.894113526524683 0.124338172716186 -0.430233623361175
1261230043.23061 -114.784953448296  10.0063908340381  55.4552662597367 0.00119527681949411 -0.893933748003574 0.124536475371731 -0.430548129476362
1261230043.5806 -111.953412023937   9.6143274418053  53.2776807910492 0.00252552170481113 -0.893418349626677 0.127235317110063 -0.430822989602882
1261230043.93062 -109.123128917517  9.22169954096634  51.0999552410103 0.00441442501771531 -0.89335232713125 0.126433651109964 -0.431180547251318
1261230044.1306 -107.421153233342  8.98985591940373  49.7879268608625 0.00589420224382901 -0.893233058755031 0.126397710689817 -0.431420421235961
1261230044.43062 -104.606955309101  8.60609520860687  47.5905978087094 0.00709592258796499 -0.892902332566736 0.127294944497089 -0.431822960812635
1261230044.78063 -101.484568532053  8.18687348605561  45.1791257157277 0.00823805133490069 -0.892559462730714 0.127430460518766 -0.432471059993658
1261230045.13062 -97.6788294879911  7.69800235960406  42.1792003856253 0.01134944145272 -0.892779412750845 0.125979573845276 -0.432371665723749
1261230045.58062 -94.7677230107379  7.30906201189773  40.0144657249698 0.0108889969600735 -0.892500011847388 0.127587267535803 -0.432488899002463
1261230045.88063 -92.2297675162131  6.97136624838841  38.0528662595149 0.0111788338606342 -0.892779807131169 0.126921386938847 -0.432099769948872
1261230046.18064 -89.6061667132858  6.62201175890966  36.0219727436438 0.0109149837399972 -0.893069080460381 0.12712284932726 -0.431449025766109
1261230046.63063 -85.479222567978  6.0636416931063 32.7985226393505 0.0117730647472001 -0.894136348248959 0.125705427054653 -0.429627433127218
1261230046.93065 -82.6011427346423  5.67455716252026  30.5117945970342 0.0104823604271891 -0.894602816206405 0.127431100666002 -0.428178976525583
1261230047.28063 -79.6864076880665  5.28716472725408   28.190340324746 0.0108014600557268 -0.895438241026533 0.12658946582607 -0.426671761556637
1261230047.53064 -77.8458339936765  5.03670042818382  26.7240934471719 0.0106356320247418 -0.895494450886147 0.128290152992126 -0.426049537505686
1261230047.93063 -74.8518467999678  4.61795885262973  24.3411389790481 0.0108246352514216 -0.895944394625693 0.128100842419232 -0.4251548461231
1261230048.33065 -71.7732130079284  4.19212551741558  21.8915895626364 0.0109013345835989 -0.896509748536936 0.126493985624854 -0.424441637075435
1261230048.63064 -69.3155690687624  3.85992101948897  19.9287299930683 0.00854970026242104 -0.896815612570214 0.12525110446715 -0.424217892721999
1261230048.98065 -66.8182322819723  3.53506407537081  17.9108995649675 0.00596832182467283 -0.897382546402237 0.122888195528682 -0.42375398044967
1261230049.28067 -64.7765585075498  3.26677967092865   16.261474386028 0.00505295254502351 -0.897628193904754 0.122580267993914 -0.423334585258998
1261230049.68065 -62.1440533999112   2.9069487615404  14.1336565002035 0.00387112723572661 -0.897777451132048 0.122986520013172 -0.422912495095402
1261230049.98068 -60.2582746786294   2.6458063342593  12.6125339358727 0.00409755250803021 -0.897669822298283 0.124191574705377 -0.422786651835901
1261230050.28066 -58.6894681665415  2.42826178898177   11.343868136734 0.00538210556604051 -0.89766635461261 0.12527450709644 -0.422459994091664
1261230050.68069 -56.6601366059554  2.14525020564353  9.70286741075446 0.00574700337124706 -0.897879663245482 0.127861416588978 -0.421225047249438
1261230051.03066 -54.8038192096163  1.87235582334451  8.18545468520061 0.00745121503611282 -0.899328615300435 0.12694535063337 -0.418374711292232
1261230051.43069 -52.3438395771769  1.51592376588636  6.14618146023231 0.00785250928739956 -0.901115690197426 0.124900388564159 -0.415124973850563
1261230051.88068 -49.3489401798284  1.09633810446652  3.61656159499807 0.00525558990947944 -0.90298628193664 0.123879906562014 -0.411390230996233
1261230052.19279  -47.374934965719 0.821958660312369  1.93452055057077 0.00463263343759588 -0.903842797615728 0.124842935312144 -0.409219962133148
1261230052.53067  -45.2413567300058  0.529260908565007 0.0899319615742513 0.0050193958258303 -0.905375893233506 0.123469238800228 -0.406232254612145
1261230052.8807 -42.9697089702541  0.20235819879281 -1.89951486261683 0.00349369012508754 -0.906412715289561 0.122486571462832 -0.404228677238511
1261230053.18068    -41.046213523866 -0.0692470212684393   -3.58120876980308 0.00198502992034226 -0.906549845045899 0.124500718987481 -0.403315024608645
1261230053.5807 -38.6239424207469 -0.43802910252416 -5.71586387922544 -0.000341461712760823 -0.906446099783878 0.125805814945519 -0.403147923864665
1261230054.03069  -35.9106845795793 -0.847008959859716  -8.06811530134345 -0.000823133833029205 -0.904202485067872 0.123289658082555 -0.408921567855823
1261230054.48322   -33.23401836958  -1.1889365774063 -10.2592525135338 0.00260255886363911 -0.898174297641124 0.121434753385721 -0.42252781969284
1261230054.7807 -31.5781089306572  -1.3812636324015 -11.5272641070745 -0.000179436223193401 -0.890548643247255 0.117983263729628 -0.439321102717387
1261230055.03072 -30.1847848138466 -1.54225890894058 -12.4265050076437 0.000863797706392613 -0.878776768991928 0.121125275727524 -0.46160514697473
1261230055.28073 -28.5824517319872 -1.70933384339116 -13.3387188360626 0.00385069207635867 -0.865224787897682 0.120234288862566 -0.486739102969607
1261230055.5307 -27.0547804750006  -1.8413665667017 -14.1126900877816 0.00550839880005706 -0.851232116915338 0.114848799988825 -0.512038371428957
1261230055.83071 -25.1147715873539 -1.99237027497627  -14.919991106029 0.0028193267538346 -0.831396056516582 0.116781083639143 -0.543263128796166
1261230056.1307  -23.165846377824  -2.1194711232102 -15.5215514226404 0.000719905633256684 -0.810337628012717 0.110612747874617 -0.575427867217282
1261230056.38072  -21.229223404249 -2.24378443969517   -16.08206312277 -0.0012936560313185 -0.789499348484427 0.105101509670471 -0.604684031426104
1261230056.63072 -19.7338173425803  -2.3024158700883 -16.2466651040453 -0.0034724326683876 -0.766308943292104 0.101749707757933 -0.634354429804883
1261230056.93072 -17.6785209166835 -2.37042134041553 -16.4513416464343 -0.00367092428983311 -0.736099992425155 0.0966839803372579 -0.669922035324029
1261230057.18073 -16.0707775972216 -2.38820093545979  -16.250496693661 -0.00146844957449379 -0.710519014997825 0.0893664456690359 -0.697978661114257
1261230057.43074 -14.4302933748008 -2.41076671637606  -16.249578076177 -0.0017137305633028 -0.680894234873673 0.0851984039137803 -0.727407269701022
1261230057.69298 -12.8430545757742 -2.38545041552316 -15.9346812132549 -0.00147794184296374 -0.651257495833559 0.0800476850062037 -0.754621665428219
1261230057.98074 -10.9530443422261 -2.34039338253724  -15.367735191813 -0.00192571645517644 -0.614518942344856 0.074817818289422 -0.785343908858982
1261230058.28075 -9.28003559989186 -2.25207383055281 -14.7568232301414 -0.00177554991443093 -0.576089289901559 0.0700016419842182 -0.814381819297762
1261230058.53074 -7.64348823827003 -2.16092090217139 -13.9222243759077 0.00109880642362273 -0.54017955434047 0.0642115555650889 -0.839095773931013
1261230058.78075 -6.13521398619676  -2.0980269741179 -12.9624139774411 0.00382890863017718 -0.503256851030428 0.0610274595452886 -0.861970724868941
1261230059.03076 -5.00756719837697 -1.97591251658424 -12.0378120873613 0.00351691098032958 -0.464026375135198 0.0585480945756355 -0.883877409564023
1261230059.23074  -3.9321265432654 -1.90179524546428 -11.2009241170373 0.0041130114343689 -0.432427812540555 0.0552456332967691 -0.899965104923502
1261230059.48075 -3.07403631128004 -1.74494465369026 -10.2351149571695 0.00249810919690154 -0.391810838060264 0.0518881339095522 -0.918578057754668
1261230059.78078 -1.59755886545796 -1.56136126014805 -8.40373753491343 -0.000510710290306316 -0.342627143134762 0.047477206717696 -0.938270906937115
1261230060.03075 -1.08907995529332 -1.42786880235492 -7.45974303400222 -0.00497195509351006 -0.301338043429098 0.0422507663101588 -0.952567864244368
1261230060.33077 0.0820027079603483  -1.24114300758378  -5.39105427704899 -0.00585013228701044 -0.253190682415806 0.0363701182428293 -0.966714781509544
1261230060.58078  0.58637660121868 -1.08524121272992 -4.10736201678563 -0.00408757433476403 -0.215350123286994 0.030302628919679 -0.976058075534899
1261230060.83076  0.822119879721754 -0.949222680875823  -2.95941730861688 -0.0016811425138704 -0.177578612135238 0.0222269189305839 -0.983854142821396
1261230061.03077  0.921748694619162 -0.847402419019346  -2.15660166618518 -5.50618667843628e-05 -0.147011638028145 0.0172220457180237 -0.988984821113933
1261230061.23078   1.35625923041398 -0.670193014319487 -0.527624455434073 0.000339100705571711 -0.116147307520829 0.0114662781813596 -0.993165752747768
1261230061.48076  1.38994706487589 -0.50605954524787 0.686225075209294 0.000375775148179503 -0.0745028300868062 0.00608941758013265 -0.997202139034824
1261230061.73078   1.51298554660435 -0.298405891361174   2.50632241069507 -0.00038924450564931 -0.0311533961133977 0.00169466870030284 -0.999513102714173
1261230061.93079  0.990508818185331 -0.216369587518637   3.32439034574542 -0.000173416648443718 0.0051235406320179 -0.000189057034723708 -0.999986841671177
1261230062.13076     1.21267250923111 -0.00117192753646139     4.89762789320228 0.00150720358352222 0.0405539504436275 -0.00447808017971207 -0.999166178490184
1261230062.33077 0.934875286611125 0.140029546377435  6.01601654056611 0.00411976744090255 0.0753740872245972 -0.0142638287359002 -0.997044792214013
1261230062.53078 0.371930899268413 0.238317070867159  6.82912005160137 0.0101472740365399 0.10967044252099 -0.0211339242538348 -0.993691493428675
1261230062.73079 0.100975856671872 0.466853720819745  8.26238120582974 0.0189821869437679 0.145411509552931 -0.0257838189571651 -0.988853054881439
1261230062.88077 -0.296842146993546   0.59042886301106   9.05033862586759 0.0222254289999675 0.171487217161717 -0.0343059722581279 -0.984337983074575
1261230063.03078 -1.38157813059504 0.770082065415661   10.168168047636 0.0232583796044321 0.196782311214022 -0.0385227042658573 -0.97941399368576
1261230063.18078 -1.27956416708092 0.846588452227953  10.6414673065044 0.0232653157645756 0.222318624933982 -0.0398720855988868 -0.973880573212051
1261230063.3808 -2.0239579985465 1.03715660485235 11.7731380695388 0.0278078735629638 0.2515385471561 -0.0489331409585762 -0.966209412693973
1261230063.53079 -2.91423399935217  1.20258325072396  12.8849033006589 0.0228280241532381 0.272598845741741 -0.0476234494086993 -0.960677239076656
1261230063.73078 -3.5192359168021  1.3394773972983 13.7232153861015 0.0154838257535254 0.298302783721453 -0.0538015704229544 -0.952827944271205
1261230063.88079 -4.30251917346533  1.48525796567186  14.7012278199183 0.0189848593182223 0.315036094598447 -0.0566942476550643 -0.947194592731426
1261230064.0808 -5.35033964407008  1.66378041343133  15.8428397049686 0.0218770726724653 0.337645055972128 -0.0560932715550322 -0.939345918581177
1261230064.2308 -6.49225223581131  1.84701924257627  16.8748858732299 0.0230404805037638 0.352103614938722 -0.0558855835833941 -0.934006949734735
1261230064.43078 -7.33908274767263  1.99979792002098  17.8008007907916 0.0249931413768384 0.368346817656321 -0.05979512591323 -0.927426820683767
1261230064.63079 -8.56872004688064  2.20468197768435  18.9429644901282 0.0233685754286139 0.380385063665642 -0.0588806042562834 -0.922656050467853
1261230064.83081 -9.86611145343985  2.41530603648463  20.1337416811063 0.0236277480287743 0.38887013309846 -0.0596792047313425 -0.919053938367988
1261230065.03082 -11.418031804823 2.64388049709938 21.3787206589583 0.0229943651981069 0.394909405285219 -0.0608334053723318 -0.916415363018984
1261230065.2308 -12.6297286486195  2.84803583479262  22.5687860588855 0.0228295248156448 0.397820562383419 -0.0605495823031202 -0.915178321981323
1261230065.43231 -14.0771296173932  3.06596626156135  23.8057717551286 0.0233743996119435 0.400326993492975 -0.062202260310852 -0.913959963311237
1261230065.63082 -15.6631001827139  3.29587491636927  25.0676391674096 0.0235694562351055 0.402609903217261 -0.0627330318470051 -0.912915282640975
1261230065.83084 -17.0562726149372  3.51084716494607   26.346227752203 0.022562466168999 0.404277822315761 -0.0626427258980839 -0.912209551800493
1261230065.98081 -18.2362596418163  3.68578805209054   27.330552920129 0.0227260007864991 0.405215038996785 -0.0609177000192479 -0.911906428798181
1261230066.13081 -19.4226259360596  3.85805590476829  28.3222061667785 0.0226372446794551 0.405874874323326 -0.0603224741407557 -0.911654726670073
1261230066.28081 -20.7638565086306  4.06408043766003  29.4480186101549 0.0221871151869288 0.405967666263527 -0.0602918591225823 -0.91162650114604
1261230066.48081 -22.2370924834159  4.27542868423868  30.6627427151857 0.0230678408564327 0.406773111773511 -0.0579550103425038 -0.911397129155297
1261230066.6308 -23.4720940615999  4.46193643441578  31.7020318809681 0.0226737145494188 0.407069070889972 -0.0570097458160709 -0.911334495712355
1261230066.78081 -24.7325388621768  4.65395917794876  32.7818344275537 0.0203729877605334 0.407414537332272 -0.0574821890554199 -0.911204770664332
1261230066.94285 -26.0214190851666  4.84407660383423  33.8757745708914 0.0202876479329453 0.408068698494762 -0.0563910359955324 -0.910982107238935
1261230067.08083 -27.2944466565861  5.02647317481252  34.9388419503271 0.0198918974137898 0.408716671774318 -0.0568640342427557 -0.910670893484931
1261230067.23084 -28.6726493192694  5.23445934089515  36.1585236124501 0.0192348314122667 0.40939700433744 -0.0571505160521288 -0.910361429661344
1261230067.43081 -30.4234736838993  5.47674268382058  37.5969428055025 0.0195660571915029 0.41037182785604 -0.057729568975948 -0.909878799167188
1261230067.63083 -32.2653298565368  5.73746197719441  39.1531792859449 0.0212728214702033 0.411356971021517 -0.0584164389185579 -0.909351653169869
1261230067.83084 -34.1389643162898  6.01414874167315  40.7407742967869 0.0232908565765243 0.412775735623791 -0.0565005440135951 -0.908780180575225
1261230068.03085 -35.9460252743687  6.28191110503564  42.2024042610063 0.0266824868037344 0.414118706455141 -0.0568774169550342 -0.908052146796874
1261230068.23083 -37.9276346733138  6.57545738384623  43.8944459428905 0.0257065693151029 0.415430044239251 -0.0575822104780485 -0.907436686316948
1261230068.48083 -40.111555285523 6.88929200694279 45.6497317305757 0.0250545975016955 0.417064877745655 -0.0571772702165116 -0.906730342861436
1261230068.68085 -41.9832598527104  7.16096319444611  47.1888092701181 0.0260283427370835 0.418557388387924 -0.0557485298036655 -0.906103934118472
1261230068.88083 -43.7097459344703  7.39236408751729  48.5244487814324 0.0214322489093014 0.419345465265878 -0.0584693651763904 -0.905688341982773
1261230069.13084 -46.1196361337379  7.73153005286962   50.520460480229 0.0233236616442122 0.420464568134154 -0.0581313688737167 -0.905144351860041
1261230069.33085 -47.9746692137404  7.98552368563664  51.9955234028369 0.0231092026811704 0.421116405982869 -0.0583858883657149 -0.904830384880646
1261230069.53086 -49.8292045850628  8.24238578797436  53.4673571989999 0.0230824746495495 0.421979085419632 -0.0575780823499387 -0.904480854007075
1261230069.73084 -51.5084204293997  8.46958966318677  54.7469749833872 0.0230990583959895 0.422716536209216 -0.0584853990087234 -0.904077774098717
1261230069.93085 -53.5208047589435  8.75460537921442  56.3905734497904 0.0261963047263032 0.423102829120491 -0.0592244544746037 -0.903764467989923
1261230070.13086 -55.3361000440049  9.00860853003618  57.8101703929736 0.0253054764948862 0.423273251828506 -0.061759066141865 -0.903540372587287
1261230070.33086 -57.1629889201344  9.26258237194557   59.216629583113 0.0250414698241825 0.424360793131708 -0.0573563198451799 -0.903327789130551
1261230070.48084 -58.5094209678254  9.44924208743171  60.2688088507319 0.024329680243132 0.423520928177316 -0.0589476154530607 -0.903638903925395
1261230070.63086 -59.8630678398042  9.63455895032663  61.3318562890104 0.023095172638521 0.42289602105065 -0.0601943714448487 -0.903881743386094
1261230070.78086 -61.2120250229241  9.81927865722109  62.3933152610841 0.0244918891879414 0.423140983166352 -0.0600857918326436 -0.90373754671855
1261230070.88087 -62.1419867149119  9.94902072690633  63.1310555655269 0.0251916480324708 0.423165516768063 -0.0591530375319834 -0.903768357732536
1261230071.03087 -63.5077838849763  10.1387185769191  64.2086848167956 0.0254478791458833 0.422983203500179 -0.0565056505137704 -0.904015888391193
1261230071.18085 -64.8772588798055  10.3253360404038  65.3169617410975 0.0249452459570506 0.422269345475502 -0.0608417138316124 -0.904082197830411
1261230071.33086 -66.2405299317284  10.5099098649924  66.4105712034581 0.023158252075224 0.421943322822341 -0.0643074214466797 -0.904042080454965
1261230071.53087 -68.0576134638697   10.755769951065   67.859809897801 0.0277847963253454 0.422339197411087 -0.0627437641234524 -0.903836726122002
1261230071.73088 -69.8120286074679  11.0043937077447  69.2450982423446 0.0289306063944251 0.421916658805836 -0.0608962142651985 -0.904124440618623
1261230071.93086 -71.5695199335961  11.2564859050168  70.6395449941917 0.0274437286493184 0.421565640798338 -0.0603863363916418 -0.904368698393142
1261230072.08086 -72.8841425505626  11.4423135656164  71.6845210825949 0.0258570626443516 0.420945201947733 -0.0598057490585633 -0.904742958882871
1261230072.23087   -74.2004762237 11.6266268731661 72.7343908252219 0.0252467209786286 0.420579993112003 -0.0593000446872738 -0.904963301561905
1261230072.38089 -75.3730425435166  11.7913664485982  73.6623104007279 0.0260505763905833 0.420360179080526 -0.0586408798061953 -0.9050855951393
1261230072.53171 -76.8006389496556  11.9953252179422  74.8163631976503 0.0268016807066695 0.420069034827787 -0.0585239884080069 -0.905206395619788
1261230072.73087  -78.48850013671 12.2359272186897 76.1664947596339 0.0273410355291627 0.420470484541303 -0.0575861442173592 -0.905064017293789
1261230072.88088 -79.7265456436307  12.4122729251152  77.1526007454841 0.0259811068510222 0.420872755337286 -0.0570450356740215 -0.904951363227078
1261230073.03125 -80.9243413504307  12.5787075877273  78.1013642422088 0.0249809292493669 0.421282700111484 -0.056206300179437 -0.904841252143576
1261230073.2309 -82.4416474642061  12.7882253483813  79.2968509977623 0.0259306355109333 0.421473253200833 -0.0567239409760321 -0.904693480411158
1261230073.43087 -83.9753369471203  13.0006075063787  80.5365388695247 0.027367796475465 0.421544004484667 -0.0574902257105715 -0.904569803800047
1261230073.63089 -85.3352121007904  13.1877249930843  81.6245438519864 0.028120596874599 0.421762031339441 -0.0583466653520662 -0.904390229709575
1261230073.8309 -86.8042300244336  13.3972229883488  82.7918465602099 0.0273925737109883 0.421852814972336 -0.0589595612340071 -0.904330481375309
1261230073.98089 -87.7944867903506  13.5390339390207  83.5765964771888 0.0282162236867534 0.421899087753091 -0.0585838823214059 -0.904307985813528
1261230074.13087 -88.7423984929753  13.6694812822314  84.3220804201658 0.0276751921791395 0.421999671424932 -0.0580362033711265 -0.904313087461064
1261230074.33088 -89.8889598097987  13.8311721537986  85.2343273450404 0.0273785461211555 0.422168313546754 -0.0589161534389984 -0.904186494653251
1261230074.5809 -91.3977531294543  14.0371170215288  86.4293722935804 0.0259938123404886 0.422114361420419 -0.0583510118747842 -0.904289194348704
1261230074.8309 -92.8278324882579  14.2345382035906  87.5605038965558 0.0253024504432047 0.42221419763212 -0.0569671065703151 -0.904350433232848
1261230075.03089 -93.9235499639884  14.3888985599779  88.4640681843703 0.0248420391914547 0.421931097623032 -0.0588706380091497 -0.904373412881996
1261230075.2309 -95.0381944347282  14.5421457051918  89.3269241009439 0.0245689544929044 0.421577511348415 -0.0583794298097279 -0.904577586819115
1261230075.43091 -96.1235654507416  14.6942586852493  90.1963311217581 0.0249044590828205 0.421290888588042 -0.0588833958634516 -0.904669277030053
1261230075.6809 -97.4624121720624  14.8843901664367  91.2699543951422 0.0256091784293602 0.421290960621028 -0.0598309948609636 -0.9045873913189
1261230075.8809 -98.7187764390258  15.0627056039032   92.291763926713 0.0260784158847878 0.421056407092534 -0.0601206871958226 -0.90466398250531
1261230076.08091 -99.6055044771272  15.1876315864203  92.9903037777745 0.0255723559362661 0.421290078912667 -0.0604032457388106 -0.904550812240996
1261230076.28093 -100.73341786152 15.3399375301323 93.8966365995766 0.0246854567744021 0.42163118752153 -0.0607246820351515 -0.904394981700337
1261230076.53091 -102.152291696605  15.5363464519507  95.0218324289571 0.023476754546841 0.422292233150187 -0.0606776448621824 -0.904121858618049
1261230076.83092 -103.754155215784  15.7674471734518  96.2733610433797 0.0225244792108158 0.423533079581682 -0.059962500539241 -0.9036132341137
1261230077.08094 -105.390333623007  15.9910398690968  97.5675668340101 0.0242827782873084 0.425461286283386 -0.0608410668160233 -0.902602573196766
1261230077.38092 -107.24769083328 16.2508008609484 99.0034753240288 0.02467387248431 0.428151222671305 -0.0618043102479466 -0.901253547996606
1261230077.73093 -109.550495206087  16.5719871480715  100.779571796012 0.02254854443407 0.429448950060221 -0.0638654442573862 -0.900547815202439
1261230077.98092 -111.119685511378  16.7779828110757   101.98446460032 0.0231628942514959 0.429452237782221 -0.0644048405403333 -0.900492238894212
1261230078.23093 -112.779666523331  16.9952052719023  103.260313708292 0.0215980231949811 0.429187835691594 -0.0627758959756751 -0.900772176509069
1261230078.48094 -114.299383226748  17.1958734246194  104.418477820818 0.0233540894629734 0.428203675930148 -0.0633765080584993 -0.901154601969926
1261230078.73093 -116.16759886595 17.4546999757599 105.889695130945 0.0240551593521134 0.428083056346156 -0.0626590026822998 -0.90124363829141
1261230078.93093 -117.588351754339  17.6501879745467  106.995638688634 0.0245052743287144 0.427312230832015 -0.0639740149429257 -0.901504894231598
1261230079.08094 -118.718698225908  17.8049441471007  107.869589555769 0.0261445945974779 0.426988652718061 -0.0643165052537961 -0.901587787059745
1261230079.23094 -119.803991946799  17.9571094862552  108.716525285165 0.0264095699528598 0.426735249961578 -0.0645674503570706 -0.901682097753705
1261230079.43093 -121.138906705338  18.1458609369543  109.734659741133 0.0227544501813072 0.426355639998062 -0.0649386668677596 -0.90193462777755
1261230079.68094 -123.152263933191  18.3959379541991  111.306594162601 0.0177523073789547 0.426546204873836 -0.0642931771393491 -0.902003092047792
1261230079.93096 -125.020394411571  18.6407550917842   112.74665834021 0.0228339603067273 0.426794978366978 -0.0590695705186224 -0.902128284966272
1261230080.13093 -126.185513266426  18.7959703725171  113.636982649567 0.0210320207000922 0.426547482113374 -0.0595525090146113 -0.902257390259607
1261230080.33094 -128.085431950933  19.0612113066709  115.130640030827 0.020950069333727 0.426377585573922 -0.059364059902777 -0.902352014186772
1261230080.53094 -129.622995579041  19.2708435613832  116.326066597833 0.0216925720561069 0.42634658804551 -0.0583086024348122 -0.902417933144971
1261230080.68095 -130.773020218021  19.4298518412023  117.222465091098 0.0220412725889508 0.426251237487035 -0.0577224766255662 -0.902492205249243
1261230080.83227 -131.920879533044  19.5885106585596  118.118923774876 0.0216461260786472 0.426169922128414 -0.0579960794123009 -0.902522629894482
1261230080.98226 -133.078769446352  19.7498152377214  119.023697358125 0.0216777756097238 0.425963083336293 -0.0581189543262051 -0.902611606853846
1261230081.13096 -133.945176191096  19.8532808821532  119.683429623665 0.0210982247271408 0.425839321410804 -0.0567053219383776 -0.902773639246082
1261230081.28096 -135.446326760418  20.0696838680899  120.874206399766 0.0200567292093838 0.425211221993611 -0.0565910432590671 -0.903100547074894
1261230081.43096 -136.649852072738  20.2325605642406  121.823575623439 0.0201137437125973 0.42440143864114 -0.0568136647073559 -0.903466138654745
1261230081.58098 -137.86546284231  20.399490034783 122.787277619808 0.0213814462199788 0.423770132918092 -0.0566304410366888 -0.903744820926856
1261230081.73095 -139.073315854281  20.5653721018342  123.749315012957 0.0227338280544209 0.423056562139235 -0.057116068919095 -0.904015526948599
1261230081.88096 -140.276367838884  20.7328592609811  124.705466770653 0.0213739939658428 0.422292194314399 -0.0580268648515067 -0.90434801816479
1261230082.03097 -141.49123902261 20.9011902592294 125.672995836654 0.020821670851799 0.421866066340017 -0.0578788101574844 -0.904569247447919
1261230082.19091 -142.718078223487   21.071061354133  126.648170602971 0.0219654052148835 0.421593738505746 -0.0561360876069473 -0.904778967646065
1261230082.33098 -143.972911112416  21.2510311780875  127.634677129029 0.0236690271547467 0.422016646693457 -0.0512679709228219 -0.904827785948583
1261230082.53096 -145.634457067316  21.4963392644319  128.966140606661 0.0228483730199347 0.421651346041116 -0.0550810221593736 -0.904795101241124
1261230082.93099 -149.050533818756  21.9691333091012    131.7044254513 0.0253698736054862 0.421675340747646 -0.0609771724090948 -0.904338465931639
1261230083.081 -150.34641208215 22.1512153505654 132.741206117877 0.0262870471023574 0.421551997299264 -0.062884801099053 -0.904239131269142
1261230083.28097 -152.057023888278  22.3900439386876  134.110390253929 0.0265190513568151 0.421368024378037 -0.0646794988057417 -0.904191512004577
1261230083.53097 -154.176459636701  22.6847543001505  135.804500028242 0.0262179037804045 0.420650830509598 -0.0652307002383042 -0.904494585975708
1261230083.68098 -155.428024950083  22.8593239836713  136.812316630438 0.0261947897753355 0.419988502517747 -0.0656559281668192 -0.904772230916754
1261230083.83099 -156.679044558701  23.0347614845956  137.819542178371 0.0267918746954143 0.419503179030082 -0.0651784953353843 -0.905014387719762
1261230083.93097 -157.501162541176  23.1505832438267  138.479513437544 0.0267881834355251 0.41931130153692 -0.064699008781468 -0.905137814862651
1261230084.03098 -158.323128889234  23.2665292320896  139.139250308175 0.0263755269936188 0.419363769607469 -0.0634254875409854 -0.90521575762169
1261230084.13098  -159.1514428766 23.3809696697904 139.802027254677 0.0262074689893595 0.419416623307329 -0.0628811550484343 -0.905234127175078
1261230084.33099 -160.79232768028 23.6059666941552 141.116582961155 0.0254636033365854 0.419276964546315 -0.0622792010435208 -0.905361658688574
1261230084.48099 -162.067007141132  23.7813625434373  142.140322547005 0.0260626724929278 0.419379831880699 -0.0620235073363265 -0.90531451896672
1261230084.63097 -163.333947089997  23.9585759794224  143.155288853023 0.0271297717975659 0.41942418338768 -0.0617493591785498 -0.905281363175465
1261230084.78098 -164.599579754767  24.1374076102708  144.169891121519 0.0274144817045559 0.419577562740056 -0.0609915751125121 -0.905253082183806
1261230085.131 -167.50321525883 24.5481066705845 146.496385946437 0.0275776906870089 0.419879753112488 -0.0606637014294667 -0.905130034432316
1261230085.33102 -169.131167652722  24.7807746198511  147.799250483119 0.0281227695668938 0.420101560326992 -0.0605147262743414 -0.905020307366998
1261230085.53099 -170.746198882144  25.0098850539094  149.088740352028 0.0277257756318777 0.420572422115133 -0.0605848244161582 -0.904809150137356
1261230085.731 -172.374791363588  25.2407515893443  150.387387564405 0.0281181812109625 0.420990820305971 -0.0611554098579404 -0.90456404579698
1261230085.88101 -173.597276751902  25.4105418785533  151.359022210045 0.0272584470140782 0.421293031629184 -0.0618482311147692 -0.9044025402856
1261230086.281 -176.859994998422    25.85239011523  153.946930193862 0.0270353207648448 0.422543895841972 -0.0620632303557622 -0.9038107672271
1261230086.48103 -178.472608058014  26.0731897461371  155.217370835961 0.0265643681144787 0.423159362715641 -0.0620015919897787 -0.903540973439226
1261230086.68102 -180.064927604413  26.2891072257115  156.472623719016 0.0261670307666613 0.423607573323897 -0.0625823611146865 -0.903302473372462
1261230086.881 -181.652943063988  26.5014188827239  157.718866050275 0.0262661128500298 0.424122442320548 -0.0628672236491563 -0.903038181599455
