1261229981.780037 -0.170490 0.152274 1.203175 -0.001876 -0.033663 0.001871 0.999430
1261229982.280019 -0.871446 0.547165 4.199147 -0.009220 -0.112499 0.020379 0.993400
1261229982.680019 -1.798732 0.898498 6.563523 -0.021922 -0.178252 0.034923 0.983120
1261229982.890447 -2.400476 1.086934 7.700919 -0.022359 -0.211243 0.038593 0.976416
1261229983.280056 -3.849043 1.450154 9.933087 -0.020680 -0.268799 0.045069 0.961919
1261229983.580381 -5.115920 1.711416 11.589878 -0.016896 -0.303587 0.053312 0.951161
1261229983.780052 -6.161252 1.902707 12.714837 -0.020864 -0.321899 0.053591 0.945026
1261229984.180030 -8.209789 2.272684 14.947690 -0.025867 -0.349223 0.056202 0.934995
1261229984.380044 -9.297197 2.454350 16.042382 -0.025746 -0.359860 0.056530 0.930936
1261229984.580049 -10.432300 2.634426 17.146380 -0.026378 -0.368261 0.055049 0.927716
1261229985.009639 -12.788661 3.023082 19.391398 -0.025776 -0.379402 0.057554 0.923080
1261229985.180061 -13.968774 3.221731 20.486703 -0.025264 -0.382721 0.058211 0.921682
1261229985.630044 -16.860460 3.698948 23.165810 -0.023764 -0.388634 0.059378 0.919170
1261229985.830057 -18.211676 3.919671 24.404424 -0.023725 -0.391680 0.057566 0.917993
1261229986.230075 -20.871785 4.335769 26.754850 -0.023740 -0.397030 0.056662 0.915747
1261229986.430051 -22.234116 4.551693 27.931825 -0.025590 -0.400378 0.054935 0.914344
1261229986.630056 -23.617947 4.767425 29.163247 -0.023421 -0.398147 0.054814 0.915383
1261229986.780078 -24.669044 4.932396 30.109063 -0.021386 -0.398219 0.054364 0.915428
1261229987.130060 -27.120884 5.303444 32.284675 -0.021449 -0.399660 0.053629 0.914842
1261229987.330066 -28.683868 5.542502 33.646210 -0.020728 -0.400892 0.053362 0.914335
1261229987.530088 -30.138450 5.756103 34.930744 -0.021017 -0.401370 0.054299 0.914064
1261229987.730188 -31.569134 5.964410 36.186009 -0.021422 -0.401727 0.054995 0.913856
1261229988.280089 -35.485890 6.540226 39.587909 -0.024156 -0.403819 0.055632 0.912826
1261229988.530105 -37.346494 6.814973 41.192117 -0.023211 -0.404434 0.055736 0.912572
1261229989.030099 -40.943180 7.345703 44.287660 -0.024288 -0.405575 0.053867 0.912150
1261229989.280103 -42.834200 7.613867 45.904242 -0.020242 -0.405688 0.055897 0.912076
1261229989.594713 -45.105635 7.934971 47.852338 -0.022582 -0.406403 0.055611 0.911721
1261229990.080116 -48.650623 8.453288 50.853934 -0.022125 -0.407978 0.055630 0.911027
1261229990.330094 -50.478315 8.710862 52.401075 -0.022683 -0.408945 0.056153 0.910547
1261229990.548567 -51.956397 8.917858 53.652171 -0.023600 -0.409658 0.056401 0.910188
1261229990.980101 -55.012681 9.362808 56.190959 -0.023844 -0.410985 0.058485 0.909452
1261229991.180110 -56.348605 9.558475 57.292988 -0.025293 -0.412256 0.056915 0.908937
1261229991.380121 -57.755844 9.763599 58.468517 -0.023493 -0.412500 0.057979 0.908807
1261229991.530138 -58.941026 9.922126 59.464092 -0.022159 -0.413176 0.058819 0.908479
1261229991.680107 -59.968710 10.069198 60.305489 -0.024199 -0.413993 0.059769 0.907993
1261229991.980112 -62.250239 10.397840 62.181061 -0.022829 -0.413245 0.057122 0.908540
1261229992.131627 -63.419515 10.568744 63.164095 -0.025183 -0.412965 0.059401 0.908459
1261229992.330140 -64.858496 10.762383 64.353575 -0.021569 -0.411928 0.062665 0.908803
1261229992.580117 -66.541253 10.995773 65.755291 -0.025600 -0.411639 0.062229 0.908860
1261229993.080149 -70.176071 11.531718 68.791508 -0.027141 -0.410435 0.059720 0.909527
1261229993.288318 -71.515269 11.721401 69.911880 -0.025707 -0.409621 0.059356 0.909960
1261229993.680146 -74.240122 12.120046 72.213275 -0.025582 -0.409029 0.057932 0.910321
1261229993.880124 -75.671572 12.328869 73.413694 -0.026185 -0.408385 0.058158 0.910579
1261229994.080133 -77.095878 12.536645 74.623802 -0.025639 -0.408312 0.056814 0.910712
1261229994.280141 -78.351921 12.721636 75.681007 -0.024241 -0.408339 0.056409 0.910763
1261229994.680132 -80.895555 13.088096 77.831229 -0.024352 -0.408375 0.056351 0.910748
1261229994.880146 -82.238437 13.284287 78.953817 -0.025114 -0.408593 0.056800 0.910601
1261229995.330167 -85.072105 13.699823 81.332690 -0.025744 -0.410479 0.059204 0.909582
1261229995.530143 -86.196058 13.865598 82.256596 -0.026506 -0.411187 0.058801 0.909266
1261229995.680150 -86.967211 13.969032 82.903243 -0.026447 -0.411710 0.058680 0.909039
1261229995.880164 -88.101025 14.132536 83.858961 -0.025917 -0.412461 0.059157 0.908683
1261229996.380154 -90.950143 14.533271 86.226716 -0.024018 -0.414030 0.057941 0.908100
1261229996.630168 -92.318992 14.716669 87.347272 -0.024311 -0.414535 0.059059 0.907789
1261229996.833702 -93.367079 14.860292 88.178938 -0.023380 -0.415243 0.059510 0.907461
1261229997.230161 -95.624163 15.175320 90.011723 -0.022926 -0.415295 0.061948 0.907285
1261229997.430186 -96.705488 15.323795 90.929138 -0.023907 -0.413693 0.062533 0.907951
1261229997.630154 -97.913786 15.495028 91.949573 -0.024210 -0.413509 0.063140 0.907985
1261229997.830174 -99.052432 15.657820 92.908306 -0.024299 -0.413995 0.063511 0.907735
1261229998.030184 -100.248487 15.834169 93.897202 -0.023463 -0.415061 0.062923 0.907312
1261229998.480168 -103.054222 16.230648 96.170722 -0.022384 -0.417174 0.061959 0.906436
1261229998.780188 -104.876400 16.493374 97.649313 -0.024565 -0.417296 0.061580 0.906349
1261229999.430187 -108.954222 17.072257 100.973082 -0.022695 -0.416298 0.065592 0.906575
1261229999.680200 -110.629958 17.296954 102.324334 -0.021054 -0.415665 0.063979 0.907021
1261230000.130196 -113.711292 17.725261 104.850985 -0.023717 -0.414007 0.062116 0.907842
1261230000.330194 -115.270061 17.948587 106.150680 -0.024341 -0.413131 0.064501 0.908058
1261230000.530209 -116.875192 18.186991 107.489332 -0.026428 -0.412628 0.065071 0.908188
1261230000.680192 -117.863091 18.333911 108.314070 -0.026884 -0.412163 0.065195 0.908377
1261230001.130214 -121.003597 18.763947 110.912806 -0.018580 -0.412061 0.064150 0.908705
1261230001.330212 -122.503758 18.965077 112.144306 -0.022561 -0.413073 0.059894 0.908446
1261230001.730208 -125.525437 19.392534 114.634694 -0.021187 -0.413755 0.059796 0.908175
1261230001.930219 -126.968960 19.599995 115.830004 -0.021964 -0.413824 0.058677 0.908199
1261230002.346939 -129.933214 20.023251 118.289696 -0.021975 -0.412992 0.058048 0.908617
1261230002.480215 -131.133803 20.192341 119.282174 -0.021903 -0.412727 0.057240 0.908791
1261230002.630230 -132.273958 20.352923 120.228033 -0.021511 -0.412733 0.056030 0.908873
1261230002.780235 -133.403790 20.511546 121.169556 -0.021896 -0.412570 0.055149 0.908991
1261230002.930206 -134.662996 20.697840 122.236097 -0.022140 -0.412193 0.055278 0.909148
1261230003.130219 -136.144971 20.905992 123.465508 -0.024768 -0.411572 0.055810 0.909330
1261230003.480247 -138.786388 21.290366 125.668114 -0.022603 -0.411018 0.056989 0.909563
1261230003.680214 -140.271231 21.511711 126.893404 -0.023466 -0.411444 0.053216 0.909577
1261230003.880229 -141.762531 21.742620 128.135781 -0.026406 -0.412025 0.053109 0.909240
1261230004.080236 -143.271489 21.968009 129.388202 -0.022651 -0.411494 0.055716 0.909426
1261230004.230248 -144.495044 22.141472 130.416395 -0.024190 -0.411488 0.058850 0.909192
1261230004.430224 -146.063675 22.366388 131.730488 -0.026643 -0.411214 0.060890 0.909112
1261230004.580234 -147.213090 22.535635 132.692750 -0.027705 -0.411133 0.062711 0.908994
1261230004.780245 -148.676805 22.752672 133.931436 -0.028165 -0.411181 0.064739 0.908815
1261230004.980255 -150.154388 22.966009 135.175614 -0.028384 -0.411489 0.065832 0.908591
1261230005.180235 -151.632643 23.170838 136.414655 -0.027943 -0.411668 0.066468 0.908477
1261230005.330246 -152.702843 23.324546 137.319345 -0.028640 -0.412015 0.066478 0.908297
1261230005.480244 -153.790295 23.483503 138.233036 -0.029016 -0.412420 0.065498 0.908173
1261230005.780272 -156.102095 23.822705 140.157109 -0.028347 -0.411988 0.063014 0.908566
1261230005.930241 -157.273653 23.996498 141.142098 -0.027794 -0.411374 0.062443 0.908900
1261230006.238488 -159.442721 24.313691 142.963440 -0.028523 -0.410468 0.062357 0.909293
1261230006.380263 -160.485362 24.467302 143.841839 -0.029375 -0.410272 0.061770 0.909395
1261230006.530271 -161.481637 24.616915 144.680615 -0.029107 -0.410177 0.061361 0.909474
1261230006.730247 -162.842168 24.821212 145.830318 -0.029107 -0.410007 0.061179 0.909562
1261230007.130272 -165.553946 25.226724 148.108731 -0.029674 -0.409738 0.060940 0.909682
1261230007.330281 -167.032061 25.443898 149.355504 -0.029343 -0.409738 0.061121 0.909680
1261230007.530261 -168.426323 25.656980 150.531530 -0.029612 -0.409817 0.060310 0.909690
1261230007.730267 -169.844894 25.878982 151.704532 -0.029758 -0.409573 0.062063 0.909677
1261230007.980285 -171.637986 26.141129 153.203244 -0.027314 -0.409673 0.062528 0.909677
1261230008.230265 -173.341692 26.390441 154.630344 -0.028792 -0.409792 0.062414 0.909586
1261230008.730289 -176.568718 26.864452 157.334221 -0.027845 -0.410579 0.062528 0.909252
1261230008.930266 -177.857180 27.048679 158.415075 -0.028089 -0.410918 0.062724 0.909078
1261230009.130273 -179.169202 27.237826 159.494996 -0.027284 -0.409310 0.063294 0.909788
1261230009.530301 -181.737512 27.616414 161.653057 -0.028094 -0.408559 0.063404 0.910093
1261230009.746951 -182.975172 27.798457 162.696860 -0.029535 -0.408538 0.063818 0.910029
1261230009.880288 -183.905521 27.936335 163.477745 -0.028105 -0.408591 0.064575 0.909997
1261230010.030296 -184.825608 28.072020 164.243877 -0.027895 -0.408642 0.064146 0.910010
1261230010.236907 -186.017452 28.245413 165.248477 -0.029820 -0.408785 0.064015 0.909894
1261230010.480285 -187.442528 28.456235 166.438796 -0.029503 -0.409173 0.061522 0.909902
1261230010.680287 -188.568686 28.628446 167.354491 -0.030258 -0.410969 0.053205 0.909592
1261230010.896237 -189.608208 28.783575 168.222911 -0.028065 -0.411796 0.054549 0.909209
1261230011.080303 -190.540197 28.920576 169.001589 -0.020490 -0.410726 0.059101 0.909611
1261230011.280294 -191.425283 29.046050 169.743791 -0.023170 -0.410572 0.057848 0.909696
1261230011.730318 -193.372298 29.313331 171.387172 -0.026615 -0.411251 0.061003 0.909089
1261230012.030297 -194.760204 29.498237 172.527771 -0.023974 -0.411102 0.059957 0.909299
1261230012.330317 -196.036819 29.678388 173.616813 -0.026505 -0.411438 0.063067 0.908867
1261230013.007300 -198.543443 30.052777 175.746791 -0.026726 -0.408560 0.065640 0.909976
1261230013.830329 -202.208863 30.618456 178.888559 -0.033166 -0.406091 0.067969 0.910698
1261230014.280321 -204.379374 30.955960 180.697637 -0.028144 -0.411643 0.069752 0.908236
1261230015.030328 -208.322997 31.481105 183.759524 -0.033265 -0.434632 0.078172 0.896592
1261230015.380359 -210.310106 31.729706 185.099404 -0.034358 -0.453439 0.077237 0.887269
1261230016.098666 -214.587650 32.219673 187.595103 -0.032397 -0.492145 0.073403 0.866808
1261230016.385932 -216.435024 32.408785 188.523651 -0.032278 -0.508321 0.073693 0.857402
1261230017.036851 -220.336514 32.765277 190.162216 -0.032662 -0.544921 0.074540 0.834529
1261230017.280350 -221.848576 32.869472 190.660058 -0.029997 -0.560008 0.076391 0.824412
1261230017.780374 -225.109025 33.092561 191.619749 -0.034021 -0.592911 0.079815 0.800580
1261230018.030358 -226.697753 33.203019 191.980294 -0.033548 -0.610252 0.081857 0.787252
1261230018.280366 -228.378957 33.299275 192.297501 -0.033280 -0.628487 0.086051 0.772329
1261230018.530385 -230.115294 33.381764 192.534394 -0.032327 -0.648253 0.089653 0.755437
1261230019.085545 -233.710112 33.472945 192.614743 -0.035191 -0.698563 0.100751 0.707546
1261230019.330394 -235.397693 33.483814 192.477020 -0.034452 -0.726173 0.107219 0.678225
1261230019.830379 -238.448727 33.387765 191.665282 -0.036019 -0.785017 0.117225 0.607214
1261230020.345600 -241.215717 33.203237 190.298998 -0.039787 -0.836736 0.125032 0.531655
1261230020.580400 -242.437036 33.071529 189.441961 0.035199 0.860129 -0.132226 -0.491381
1261230021.030401 -244.537654 32.757969 187.588024 0.032454 0.896739 -0.133998 -0.420536
1261230021.230393 -245.283938 32.602744 186.678364 0.032025 0.910314 -0.137259 -0.389181
1261230021.630382 -246.800019 32.246641 184.671457 0.031092 0.934388 -0.142149 -0.325186
1261230021.830394 -247.492126 32.058186 183.577745 0.031576 0.944892 -0.144611 -0.292009
1261230022.230411 -248.524327 31.663824 181.388652 0.031278 0.962661 -0.147062 -0.225118
1261230022.430397 -249.074918 31.428207 180.092342 0.031731 0.970283 -0.147127 -0.189467
1261230022.630407 -249.393003 31.226764 178.932869 0.031392 0.976662 -0.147158 -0.153263
1261230022.830414 -249.606432 31.014244 177.746798 0.031800 0.981680 -0.147096 -0.116856
1261230023.330405 -249.855717 30.426364 174.531952 0.025961 0.988356 -0.147118 -0.028876
1261230023.580417 -249.724579 30.138087 172.995595 0.017621 0.988642 -0.148743 0.012340
1261230024.080413 -249.089921 29.554665 169.885354 0.008456 0.985286 -0.148702 0.083833
1261230024.380429 -248.496142 29.228109 168.066290 0.003450 0.981315 -0.144410 0.127102
1261230024.935681 -247.039473 28.611462 164.821772 0.005310 0.966559 -0.152397 0.206180
1261230025.180441 -246.217537 28.317261 163.315622 0.004573 0.959271 -0.146651 0.241396
1261230025.680434 -244.183403 27.805156 160.606966 -0.004296 0.941624 -0.142586 0.304951
1261230026.230428 -241.507925 27.329077 158.038283 -0.010467 0.920352 -0.140156 0.364966
1261230026.530440 -239.932232 27.090860 156.699367 -0.010464 0.910251 -0.136084 0.390915
1261230027.130447 -236.584677 26.651562 154.192845 -0.007633 0.895153 -0.131901 0.425729
1261230027.480457 -234.456007 26.369160 152.651700 -0.003776 0.888869 -0.132094 0.438689
1261230028.080457 -230.555191 25.820089 149.864582 -0.003106 0.885657 -0.132452 0.445038
1261230028.280470 -229.262231 25.669516 149.023700 -0.004787 0.887018 -0.126096 0.444158
1261230028.780469 -225.798955 25.228838 146.484896 0.001297 0.887622 -0.128869 0.442175
1261230029.030474 -223.995568 24.991549 145.170775 -0.001092 0.888824 -0.127114 0.440264
1261230029.680480 -219.072881 24.342743 141.495814 -0.008926 0.890372 -0.130103 0.436155
1261230029.980461 -216.730128 24.040309 139.704019 -0.011050 0.892197 -0.129312 0.432599
1261230030.530486 -212.446402 23.492919 136.345697 -0.012996 0.896167 -0.125370 0.425439
1261230031.230498 -206.773949 22.755754 131.678578 -0.009140 0.898555 -0.126527 0.420127
1261230031.580484 -203.908371 22.365455 129.316937 -0.010508 0.899054 -0.127210 0.418818
1261230032.280486 -198.277620 21.614737 124.677385 -0.007852 0.899523 -0.125731 0.418316
1261230032.630504 -195.276197 21.200141 122.169556 -0.007088 0.899562 -0.124798 0.418526
1261230032.980492 -192.184042 20.777664 119.598683 -0.007104 0.899277 -0.125835 0.418827
1261230033.346232 -189.311243 20.390836 117.261568 -0.008450 0.899161 -0.125394 0.419183
1261230033.680501 -186.869811 20.078651 115.342268 -0.010034 0.899033 -0.126460 0.419102
1261230034.330533 -182.161447 19.456846 111.555006 -0.012530 0.899462 -0.127035 0.417939
1261230034.680518 -179.509370 19.102775 109.365557 -0.011075 0.900299 -0.124217 0.417024
1261230035.030536 -176.820028 18.738896 107.130900 -0.010349 0.900343 -0.125366 0.416604
1261230035.330520 -174.583014 18.434607 105.272594 -0.009778 0.900620 -0.125273 0.416046
1261230035.630532 -172.285800 18.113167 103.335333 -0.009149 0.901119 -0.124703 0.415151
1261230035.980521 -169.746349 17.763807 101.200746 -0.009023 0.901508 -0.124906 0.414246
1261230036.380545 -166.935751 17.368974 98.832301 -0.008116 0.901952 -0.125661 0.413068
1261230036.730525 -164.479582 17.024515 96.746456 -0.007386 0.902629 -0.124380 0.411989
1261230036.980542 -162.968034 16.828686 95.474759 -0.006734 0.902939 -0.125174 0.411081
1261230037.280561 -161.228904 16.599863 94.006275 -0.006613 0.903608 -0.124017 0.409962
1261230037.530534 -159.491601 16.357968 92.499887 -0.005073 0.904121 -0.123142 0.409115
1261230037.780554 -157.640644 16.102462 90.886351 -0.003765 0.904716 -0.122399 0.408035
1261230038.030563 -155.757882 15.837559 89.229091 0.000715 0.904782 -0.123012 0.407722
1261230038.280538 -153.693010 15.547104 87.426930 0.001356 0.904902 -0.120752 0.408130
1261230038.580560 -151.402195 15.243836 85.464937 -0.002117 0.904576 -0.121315 0.408682
1261230038.880544 -149.081503 14.935329 83.482273 -0.004453 0.903912 -0.124133 0.409285
1261230039.180562 -146.666069 14.599875 81.416794 -0.005312 0.903449 -0.124603 0.410154
1261230039.895691 -141.085717 13.840998 76.670048 -0.008822 0.902431 -0.125686 0.412000
1261230040.180577 -138.465857 13.487547 74.453586 -0.008753 0.901894 -0.126241 0.413007
1261230040.430557 -136.341370 13.192903 72.682348 -0.008721 0.900945 -0.129516 0.414062
1261230040.730573 -133.835610 12.828176 70.590085 -0.008514 0.900440 -0.129698 0.415106
1261230041.130567 -130.693115 12.385725 67.993874 -0.009247 0.900165 -0.126075 0.416800
1261230041.530590 -127.566005 11.954097 65.410385 -0.003986 0.899629 -0.125087 0.418336
1261230041.880566 -124.928315 11.597667 63.259310 -0.002542 0.899116 -0.125377 0.419363
1261230042.080583 -123.581659 11.415125 62.178876 -0.003444 0.899197 -0.123876 0.419627
1261230042.280587 -122.188074 11.232868 61.063265 -0.001398 0.899387 -0.121594 0.419900
1261230042.480594 -120.725207 11.046203 59.895298 -0.002456 0.899153 -0.122782 0.420052
1261230042.680583 -119.096578 10.829962 58.579631 -0.002375 0.898626 -0.125542 0.420363
1261230042.930602 -117.062464 10.547096 56.917398 -0.001887 0.898869 -0.124145 0.420260
1261230043.230615 -114.702590 10.219770 55.010453 -0.002849 0.898699 -0.124338 0.420563
1261230043.580596 -111.921553 9.830205 52.770281 -0.004196 0.898191 -0.127028 0.420831
1261230043.930616 -109.141875 9.439995 50.529958 -0.006063 0.898133 -0.126212 0.421178
1261230044.130597 -107.470637 9.209716 49.180090 -0.007529 0.898020 -0.126166 0.421408
1261230044.430617 -104.707663 8.828192 46.920473 -0.008727 0.897698 -0.127058 0.421804
1261230044.780631 -101.641558 8.411300 44.439898 -0.009857 0.897365 -0.127189 0.422447
1261230045.580622 -95.044911 7.537787 39.127046 -0.012495 0.897307 -0.127326 0.422459
1261230045.880626 -92.552951 7.201872 37.109176 -0.012762 0.897584 -0.126668 0.422061
1261230046.180643 -89.977004 6.854237 35.020132 -0.012486 0.897867 -0.126884 0.421402
1261230046.630632 -85.925462 6.298168 31.705492 -0.013312 0.898914 -0.125470 0.419565
1261230046.930648 -83.101025 5.910682 29.355075 -0.012025 0.899363 -0.127223 0.418109
1261230047.280625 -80.240774 5.524763 26.969152 -0.012318 0.900181 -0.126392 0.416591
1261230047.530644 -78.434807 5.275290 25.462049 -0.012154 0.900229 -0.128109 0.415967
1261230047.930632 -75.496787 4.857759 23.012946 -0.012324 0.900667 -0.127933 0.415068
1261230048.330648 -72.475692 4.432995 20.495431 -0.012365 0.901221 -0.126341 0.414349
1261230048.630635 -70.064255 4.101588 18.478268 -0.009982 0.901522 -0.125141 0.414124
1261230048.980654 -67.614391 3.777388 16.405324 -0.007356 0.902080 -0.122824 0.413657
1261230049.280669 -65.611609 3.509597 14.710799 -0.006419 0.902317 -0.122544 0.413239
1261230049.680651 -63.029131 3.150133 12.525016 -0.005223 0.902457 -0.122982 0.412820
1261230049.980679 -61.179248 2.889255 10.962284 -0.005444 0.902342 -0.124203 0.412701
1261230050.280656 -59.640448 2.671900 9.658968 -0.006721 0.902330 -0.125290 0.412380
1261230050.680687 -57.649775 2.388886 7.973329 -0.007095 0.902524 -0.127892 0.411149
1261230051.030665 -55.829214 2.115907 6.415109 -0.008769 0.903935 -0.126977 0.408290
1261230051.430688 -53.417071 1.759060 4.321993 -0.009127 0.905680 -0.124948 0.405029
1261230051.880680 -50.481310 1.338663 1.727042 -0.006498 0.907501 -0.123977 0.401284
1261230052.192785 -48.546745 1.063742 0.001862 -0.005864 0.908326 -0.124969 0.399114
1261230052.530674 -46.456309 0.770265 -1.889226 -0.006214 0.909818 -0.123612 0.396121
1261230052.880702 -44.231094 0.442339 -3.928049 -0.004656 0.910824 -0.122669 0.394119
1261230053.180679 -42.346882 0.169780 -5.651550 -0.003147 0.910942 -0.124723 0.393216
1261230053.580705 -39.974290 -0.200488 -7.838623 -0.000814 0.910827 -0.126077 0.393063
1261230054.030693 -37.315693 -0.611387 -10.249452 -0.000284 0.908637 -0.123593 0.398877
1261230054.483223 -34.689988 -0.955406 -12.498379 -0.003671 0.902751 -0.121729 0.412564
1261230054.780700 -33.063802 -1.148984 -13.802308 -0.000835 0.895299 -0.118340 0.429458
1261230055.030717 -31.691840 -1.311016 -14.731897 -0.001901 0.883761 -0.121505 0.451885
1261230055.280726 -30.111275 -1.479425 -15.678964 -0.004869 0.870474 -0.120617 0.477182
1261230055.530704 -28.602225 -1.612799 -16.486193 -0.006460 0.856748 -0.115251 0.502652
1261230055.830713 -26.681845 -1.765684 -17.335647 -0.003791 0.837237 -0.117254 0.534107
1261230056.380718 -22.825092 -2.021351 -18.581853 0.000428 0.795997 -0.105673 0.596005
1261230056.930715 -19.285520 -2.151762 -19.028416 0.002863 0.743292 -0.097337 0.661842
1261230057.430739 -16.035697 -2.195465 -18.897639 0.000992 0.688697 -0.085883 0.719944
1261230057.692975 -14.443184 -2.171569 -18.617749 0.000796 0.659336 -0.080773 0.747496
1261230058.280752 -10.857467 -2.041826 -17.518091 0.001141 0.584797 -0.070782 0.808085
1261230058.780747 -7.676390 -1.890621 -15.793102 -0.004429 0.512463 -0.061794 0.856471
1261230059.230737 -5.437126 -1.696050 -14.080636 -0.004713 0.442023 -0.056049 0.895239
1261230059.780777 -3.044125 -1.356870 -11.335915 -0.000090 0.352610 -0.048364 0.934520
1261230060.330765 -1.301246 -1.036760 -8.361662 0.005281 0.263456 -0.037340 0.963934
1261230060.580775 -0.770056 -0.880338 -7.090058 0.003543 0.225694 -0.031284 0.973689
1261230060.830760 -0.510308 -0.743433 -5.948350 0.001180 0.187986 -0.023212 0.981897
1261230061.230777 0.075086 -0.463005 -3.529928 -0.000794 0.126636 -0.012449 0.991871
1261230061.730777 0.296075 -0.088582 -0.501710 -0.000056 0.041692 -0.002691 0.999127
1261230062.130760 0.046439 0.211701 1.893973 -0.001970 -0.030036 0.003499 0.999541
1261230062.330772 -0.207891 0.354862 3.017074 -0.004528 -0.064893 0.013295 0.997793
1261230062.730792 -0.994053 0.685882 5.279123 -0.019355 -0.135015 0.024979 0.990340
1261230062.880774 -1.375410 0.811460 6.074490 -0.022553 -0.161151 0.033518 0.986103
1261230063.180780 -2.324389 1.071751 7.684774 -0.023605 -0.212107 0.039099 0.976179
1261230063.380799 -3.044941 1.265556 8.830870 -0.028103 -0.241416 0.048198 0.968817
1261230063.730781 -4.498869 1.573811 10.810560 -0.015798 -0.288349 0.052947 0.955930
1261230063.880786 -5.261707 1.722928 11.803888 -0.019308 -0.305153 0.055861 0.950467
1261230064.080803 -6.180003 1.884137 12.939838 -0.022067 -0.328681 0.053948 0.942641
1261230064.430783 -8.109081 2.233194 14.928613 -0.024687 -0.359471 0.057281 0.931069
1261230064.630792 -9.332907 2.461358 16.132097 -0.022968 -0.371789 0.056965 0.926283
1261230064.830807 -10.624407 2.694162 17.384884 -0.023085 -0.380551 0.058383 0.922626
1261230065.230803 -13.293395 3.121994 19.791403 -0.022503 -0.388914 0.058955 0.919110
1261230065.432313 -14.713747 3.337498 21.053270 -0.023667 -0.391433 0.061034 0.917875
1261230065.830835 -17.600841 3.776477 23.583065 -0.022935 -0.394454 0.061473 0.916570
1261230065.980806 -18.740702 3.949300 24.560559 -0.023295 -0.394798 0.060097 0.916505
1261230066.130809 -19.866152 4.129079 25.525852 -0.022801 -0.394061 0.059501 0.916873
1261230066.480815 -22.616326 4.553403 27.941438 -0.022736 -0.393887 0.057021 0.917107
1261230066.630802 -23.770738 4.740544 28.995627 -0.020932 -0.391055 0.055716 0.918441
1261230066.780813 -24.984161 4.937263 30.104264 -0.018839 -0.393128 0.056230 0.917569
1261230066.942851 -26.293308 5.134448 31.270889 -0.019274 -0.394894 0.055451 0.916849
1261230067.080828 -27.471449 5.302768 32.329633 -0.018955 -0.395496 0.055703 0.916581
1261230067.430814 -30.513378 5.755549 35.065036 -0.018791 -0.397534 0.056256 0.915669
1261230067.630827 -32.227219 6.008611 36.595823 -0.020163 -0.398749 0.056575 0.915091
1261230068.030847 -35.839864 6.565399 39.757824 -0.025406 -0.401565 0.054814 0.913835
1261230068.480833 -39.926185 7.185389 43.331583 -0.023578 -0.404571 0.054797 0.912559
1261230068.680846 -41.700297 7.455765 44.884984 -0.024557 -0.406137 0.053551 0.911911
1261230069.130842 -45.687941 8.027353 48.292865 -0.021799 -0.408151 0.056070 0.910930
1261230069.330845 -47.447719 8.279225 49.780931 -0.021555 -0.408898 0.056498 0.910574
1261230069.530858 -49.283923 8.535509 51.319300 -0.021626 -0.410061 0.055573 0.910107
1261230069.930845 -52.880791 9.053125 54.322822 -0.024732 -0.411355 0.057278 0.909337
1261230070.130861 -54.627989 9.312914 55.757561 -0.024089 -0.411557 0.059662 0.909110
1261230070.330862 -56.453030 9.569853 57.262083 -0.023573 -0.413031 0.055282 0.908732
1261230070.480843 -57.769433 9.753701 58.345891 -0.022510 -0.412126 0.056826 0.909075
1261230070.630856 -59.073415 9.932203 59.415716 -0.021260 -0.411343 0.058350 0.909363
1261230070.780861 -60.351670 10.121475 60.461023 -0.023012 -0.411267 0.058203 0.909363
1261230071.030868 -62.602346 10.441235 62.342950 -0.024001 -0.411107 0.054326 0.909650
1261230071.180852 -63.945391 10.627616 63.492769 -0.023428 -0.410411 0.058345 0.909731
1261230071.330859 -65.319352 10.824393 64.667329 -0.021373 -0.410165 0.061704 0.909671
1261230071.730881 -68.827330 11.321173 67.609767 -0.027103 -0.410030 0.058422 0.909795
1261230071.930856 -70.559031 11.573025 69.063370 -0.025539 -0.409592 0.057945 0.910069
1261230072.080864 -71.884059 11.774094 70.176444 -0.023870 -0.409121 0.057106 0.910378
1261230072.230868 -73.203920 11.962955 71.278144 -0.023090 -0.408509 0.056643 0.910702
1261230072.531715 -75.731612 12.332798 73.427314 -0.024596 -0.408147 0.055756 0.910880
1261230072.730868 -77.342877 12.571133 74.782338 -0.025507 -0.408425 0.055136 0.910768
1261230072.880879 -78.513912 12.745731 75.761063 -0.024511 -0.408704 0.054890 0.910685
1261230073.031252 -79.723658 12.920583 76.775452 -0.023484 -0.409003 0.053865 0.910639
1261230073.430868 -82.700168 13.344896 79.301101 -0.025856 -0.409433 0.055262 0.910298
1261230073.830899 -85.444095 13.741280 81.623033 -0.025948 -0.409657 0.056712 0.910105
1261230073.980894 -86.388840 13.880745 82.423693 -0.026862 -0.409615 0.056328 0.910122
1261230074.130871 -87.295587 14.015240 83.167942 -0.026312 -0.409908 0.055391 0.910063
1261230074.580898 -89.929528 14.392282 85.361291 -0.024758 -0.410061 0.055842 0.910010
1261230074.830900 -91.290315 14.597306 86.515034 -0.024254 -0.409797 0.054004 0.910254
1261230075.230902 -93.365802 14.893059 88.251801 -0.023331 -0.409105 0.055391 0.910506
1261230075.430906 -94.422870 15.052404 89.178131 -0.023530 -0.407778 0.055148 0.911111
1261230075.680897 -95.768103 15.256867 90.299931 -0.023966 -0.408833 0.055773 0.910588
1261230076.080910 -97.880945 15.566050 92.078978 -0.023680 -0.409203 0.056193 0.910404
1261230076.280928 -98.933639 15.685831 92.913898 -0.023361 -0.410215 0.058392 0.909818
1261230076.530907 -100.313966 15.874687 94.055458 -0.022382 -0.411087 0.058823 0.909421
1261230077.080942 -103.481564 16.333580 96.679021 -0.023354 -0.414395 0.059118 0.907875
1261230077.380918 -105.310766 16.592797 98.168702 -0.023708 -0.417167 0.060168 0.906526
1261230077.980922 -109.117972 17.122823 101.254143 -0.022150 -0.418550 0.062828 0.905747
1261230078.230929 -110.758918 17.342416 102.584565 -0.020521 -0.418574 0.061004 0.905899
1261230078.730927 -114.142433 17.814574 105.346659 -0.022847 -0.417355 0.060812 0.906419
1261230078.930929 -115.438199 18.010853 106.393500 -0.023533 -0.416293 0.062992 0.906741
1261230079.230944 -117.599871 18.316847 108.158502 -0.025494 -0.415688 0.063731 0.906913
1261230079.680941 -120.870679 18.760083 110.813689 -0.017129 -0.415279 0.063614 0.907305
1261230079.930958 -122.688159 19.008348 112.282146 -0.022562 -0.415294 0.058719 0.907510
1261230080.330943 -125.724294 19.435345 114.766419 -0.020752 -0.414881 0.059013 0.907723
1261230080.530944 -127.262175 19.648745 116.022338 -0.021588 -0.414853 0.057988 0.907782
1261230080.680955 -128.419807 19.810881 116.969076 -0.022026 -0.414758 0.057426 0.907851
1261230080.832273 -129.575220 19.972845 117.915726 -0.021712 -0.414676 0.057714 0.907878
1261230080.982261 -130.657944 20.117406 118.801547 -0.022316 -0.414310 0.056986 0.908076
1261230081.280962 -133.005412 20.452677 120.734709 -0.020602 -0.413383 0.056002 0.908600
1261230081.430957 -134.155877 20.608023 121.670986 -0.020884 -0.412510 0.056222 0.908976
1261230081.580982 -135.348588 20.787199 122.680633 -0.021629 -0.411957 0.055863 0.909232
1261230081.730953 -136.463844 20.947653 123.607141 -0.023338 -0.411037 0.056464 0.909569
1261230081.880956 -137.679908 21.122144 124.631547 -0.021698 -0.410354 0.057335 0.909863
1261230082.030971 -138.907810 21.296813 125.667669 -0.020883 -0.410013 0.057158 0.910047
1261230082.190910 -140.147699 21.472335 126.711676 -0.021788 -0.409826 0.055408 0.910219
1261230082.330975 -141.316122 21.657392 127.680468 -0.023415 -0.410472 0.050084 0.910196
1261230082.530960 -142.812730 21.893536 128.943318 -0.023599 -0.409288 0.054545 0.910468
1261230082.930986 -146.201725 22.391245 131.815324 -0.025852 -0.409379 0.060329 0.910001
1261230083.081000 -147.469247 22.581265 132.887904 -0.026728 -0.409194 0.062111 0.909938
1261230083.280970 -149.130828 22.829081 134.284559 -0.026976 -0.408873 0.063832 0.909956
1261230083.530973 -151.191968 23.135006 136.017953 -0.026701 -0.408007 0.064303 0.910320
1261230083.680981 -152.403282 23.317023 137.041218 -0.026702 -0.407192 0.064652 0.910660
1261230083.830989 -153.514265 23.490328 138.005263 -0.027791 -0.406622 0.064323 0.910905
1261230083.930972 -154.339544 23.610656 138.686887 -0.027592 -0.406176 0.063735 0.911152
1261230084.030975 -155.058342 23.726878 139.327173 -0.027485 -0.406520 0.062751 0.911070
1261230084.130975 -155.783902 23.841852 139.970039 -0.027610 -0.406875 0.062501 0.910925
1261230084.330993 -157.399012 24.073223 141.325120 -0.026846 -0.406696 0.062002 0.911062
1261230084.480995 -158.678154 24.261435 142.402058 -0.027372 -0.406729 0.061760 0.911048
1261230084.780980 -161.188854 24.637631 144.520818 -0.028660 -0.406846 0.060753 0.911024
1261230085.131004 -164.062734 25.070252 146.947870 -0.028746 -0.407058 0.060433 0.910947
1261230085.331015 -165.687618 25.317138 148.315236 -0.029210 -0.407183 0.060297 0.910886
1261230085.530987 -167.299518 25.560070 149.669134 -0.028727 -0.407552 0.060367 0.910732
1261230085.730996 -168.924160 25.804491 151.032777 -0.029025 -0.407861 0.060949 0.910545
1261230085.881012 -170.151035 25.975360 152.085713 -0.027840 -0.408282 0.061187 0.910378
1261230086.280998 -173.338941 26.433362 154.770043 -0.027730 -0.409550 0.061515 0.909789
1261230086.481031 -174.813930 26.655205 155.998717 -0.027240 -0.410018 0.061810 0.909573
1261230086.681015 -176.429462 26.888038 157.343545 -0.026676 -0.409891 0.062263 0.909616
1261230086.880997 -178.003267 27.113685 158.633740 -0.025983 -0.408765 0.063286 0.910072
