1.03691 443.188 1.29725 229.248 0.00814518 0.952053 0.000720103 -0.305822
1.24424 443.139 1.29637 229.179 0.00765608 0.952775 0.00044472 -0.30358
1.4516 442.155 1.29193 227.783 0.00889278 0.953336 0.000142558 -0.30178
1.76257 440.67 1.27823 225.636 0.00735601 0.954041 -0.00208884 -0.299578
1.96992 439.664 1.26434 224.159 0.00481421 0.954465 -0.00194462 -0.298278
2.07367 439.151 1.25534 223.411 0.00550498 0.954661 -0.00138288 -0.29764
2.17728 438.637 1.24762 222.656 0.00544386 0.95488 -0.000558467 -0.296941
2.38464 437.605 1.23133 221.137 0.00556886 0.955256 -0.000957205 -0.295725
2.48825 437.083 1.22471 220.37 0.00613224 0.955398 -0.0015187 -0.295255
2.69583 436.032 1.21182 218.813 0.00631553 0.955477 0.00112748 -0.294996
2.79937 435.497 1.20772 218.024 0.00652256 0.955358 0.00301979 -0.295363
3.00677 434.422 1.20881 216.451 0.00761023 0.954889 0.00459758 -0.296829
3.11044 433.878 1.20873 215.658 0.00699204 0.954691 0.00331493 -0.297499
3.31767 432.781 1.20667 214.061 0.00565287 0.954382 -0.000331859 -0.298533
3.42129 432.224 1.20135 213.257 0.00702345 0.954262 -0.00022697 -0.298888
3.62854 431.093 1.19343 211.63 0.0112289 0.954386 0.00289075 -0.298349
3.73226 430.523 1.19157 210.821 0.0146407 0.954496 0.00148286 -0.29786
3.93949 429.397 1.19082 209.183 0.0142458 0.954921 -0.00247561 -0.296506
4.04311 428.838 1.18225 208.357 0.0135493 0.955239 -0.0025013 -0.295514
4.25046 427.714 1.1646 206.685 0.012879 0.955539 9.27684e-05 -0.294584
4.3542 427.134 1.15389 205.823 0.0131658 0.955727 0.000925269 -0.293958
4.56156 426.027 1.1563 204.198 0.0138484 0.955969 0.0038885 -0.293116
4.97615 423.799 1.16892 200.868 0.00987257 0.956181 0.00416082 -0.292579
5.07991 423.266 1.17346 200.088 0.0103492 0.956414 0.00420694 -0.2918
5.1835 422.726 1.17752 199.297 0.0116997 0.956674 0.00455119 -0.290889
5.59823 420.53 1.16835 195.968 0.00842143 0.957132 0.0016853 -0.289524
5.70183 419.979 1.15751 195.14 0.00982271 0.957213 0.00341117 -0.289197
5.90918 418.89 1.15212 193.498 0.0125348 0.957324 0.00474151 -0.288706
6.01292 418.348 1.14668 192.685 0.0140621 0.957422 0.00391941 -0.288323
6.11654 417.806 1.14136 191.87 0.015331 0.957576 0.00316865 -0.287755
6.42766 416.177 1.1569 189.405 0.0197739 0.957853 0.00720901 -0.286487
6.53138 415.633 1.16802 188.569 0.0192504 0.957896 0.00852206 -0.286343
6.63499 415.095 1.17665 187.743 0.0179328 0.958097 0.00685201 -0.285801
6.84235 414.141 1.18344 186.258 0.0141742 0.958413 0.00160961 -0.285027
6.94596 413.704 1.18093 185.566 0.0120492 0.958527 0.00295472 -0.284733
7.04971 413.283 1.17499 184.9 0.0111427 0.958587 0.00466508 -0.284543
7.15332 412.772 1.17358 184.097 0.0107068 0.958803 0.00555699 -0.283814
7.46417 411.379 1.17273 181.905 0.00934488 0.959381 0.00657212 -0.281881
7.6714 410.483 1.17472 180.49 0.0097108 0.959766 0.00722892 -0.28054
7.87875 409.624 1.18143 179.112 0.00891182 0.960125 0.0109985 -0.279214
8.29347 408.031 1.19007 176.532 0.00364843 0.960971 0.00437845 -0.276589
8.70818 406.607 1.17317 174.216 0.00357889 0.961457 0.00515536 -0.274885
8.9154 405.945 1.16321 173.176 0.00757231 0.961272 -0.00117503 -0.275493
9.33025 404.713 1.14132 171.239 0.0084236 0.958818 0.00393215 -0.28387
9.53775 404.112 1.13106 170.356 0.00944424 0.956095 0.00554751 -0.292851
9.95306 402.918 1.13291 168.814 0.00720347 0.943464 0.00767249 -0.331307
10.1608 402.283 1.13406 168.156 0.00827186 0.932648 0.00940847 -0.360571
10.3687 401.618 1.13907 167.572 0.00788506 0.917614 0.0104198 -0.397258
10.5766 400.919 1.13986 167.075 0.00631691 0.897553 0.0107446 -0.440731
10.7846 400.189 1.13997 166.682 0.00492059 0.87098 0.00958448 -0.4912
10.9927 399.43 1.14806 166.396 -0.00387526 -0.838164 -0.0088363 0.545333
11.0966 399.035 1.14532 166.294 -0.00436396 -0.819858 -0.00786461 0.572496
11.3043 398.25 1.13696 166.173 -0.00478156 -0.780647 -0.00859178 0.624894
11.4082 397.858 1.1383 166.151 -0.00478223 -0.760076 -0.0104955 0.649732
11.6155 397.069 1.14178 166.191 -0.00534079 -0.717585 -0.0097175 0.696382
11.7193 396.687 1.14309 166.252 -0.00671644 -0.696656 -0.00786695 0.717331
11.8228 396.306 1.14294 166.325 -0.00546255 -0.676178 -0.00862898 0.736668
12.03 395.55 1.14172 166.516 -0.00210666 -0.635956 -0.0100471 0.771657
12.1336 395.192 1.14397 166.66 -0.0037164 -0.617291 -0.00739565 0.786691
12.3406 394.458 1.15676 166.991 -0.0109756 -0.584731 -0.00145591 0.811152
12.7547 392.954 1.1398 167.691 -0.000266642 -0.53416 -0.00583096 0.845363
12.8581 392.569 1.1401 167.926 -0.000814581 -0.523852 -0.00190923 0.851807
13.1688 391.404 1.15363 168.642 0.00425493 -0.49912 0.0041114 0.866513
13.5831 389.674 1.11659 169.793 -0.00116973 -0.475148 0.00267875 0.879901
13.7903 388.732 1.10597 170.465 -0.00170113 -0.46713 0.00530663 0.884171
14.2049 386.742 1.08844 171.905 -0.00193608 -0.457759 0.00827464 0.889036
14.4123 385.654 1.07366 172.725 -0.00262691 -0.455107 0.00927116 0.890384
14.7233 383.933 1.05698 174.014 -0.00536417 -0.454003 0.0135214 0.890882
14.9305 382.707 1.04725 174.919 -0.00632766 -0.456636 0.0155391 0.889495
15.3451 380.081 1.02994 176.738 -0.00854012 -0.463362 0.0137941 0.886021
15.5526 378.675 1.01982 177.697 -0.008115 -0.467069 0.0125938 0.884094
15.7599 377.267 1.00766 178.633 -0.00301001 -0.468871 0.0118891 0.883181
16.1747 374.371 0.955111 180.558 -0.00240881 -0.468905 0.00920917 0.883198
16.5893 371.482 0.89525 182.503 0.000124325 -0.469057 0.00507853 0.883153
16.6931 370.788 0.883669 182.98 0.000308672 -0.467808 0.00352116 0.883823
16.7967 370.096 0.874416 183.463 -4.27865e-05 -0.46609 0.00198319 0.884735
16.9004 369.407 0.866997 183.952 -0.00103806 -0.463997 0.000485066 0.885836
17.0042 368.72 0.862723 184.446 -0.00184353 -0.461343 -0.00113347 0.887219
17.1079 368.043 0.857103 184.944 -0.00193357 -0.458129 -0.00154691 0.888882
17.3154 366.707 0.846367 185.942 -0.00151967 -0.449948 -0.00133329 0.893053
17.4191 366.067 0.841488 186.438 -0.00239533 -0.445404 -0.00116269 0.895326
17.6265 364.783 0.829219 187.454 -0.00341789 -0.435666 -0.00164289 0.9001
17.7302 364.153 0.820478 187.972 -0.00310128 -0.430742 -0.00184121 0.902468
17.8338 363.55 0.811372 188.484 -0.00277623 -0.425833 -0.00193647 0.904795
17.9375 362.977 0.803127 188.984 -0.00195525 -0.421081 -0.00228071 0.907018
18.3522 360.639 0.767322 191.076 -0.00140703 -0.40261 -0.000647918 0.91537
18.7669 358.474 0.736807 193.195 -0.00544001 -0.390419 0.0010984 0.920621
18.9741 357.507 0.729264 194.168 -0.00648634 -0.387653 0.000557862 0.921782
19.3887 355.653 0.712807 195.999 -0.00511961 -0.390649 0.00150418 0.920524
19.5958 354.862 0.703362 196.764 -0.00407987 -0.398553 -0.000158998 0.917136
20.01 353.125 0.670877 198.177 -3.82166e-05 -0.43347 -6.7292e-05 0.901168
20.2171 352.232 0.654837 198.782 0.000941228 -0.460917 -0.000801069 0.887443
20.631 350.34 0.632793 199.729 -0.00417102 -0.536624 -0.00678773 0.843784
20.838 349.349 0.632748 200.035 -0.00500426 -0.582283 -0.00840045 0.812927
20.9415 348.864 0.63446 200.15 -0.00542671 -0.607126 -0.00635614 0.794562
21.1484 347.936 0.631746 200.249 -0.00374154 -0.65913 -0.00104041 0.752019
21.3554 346.958 0.631316 200.19 -0.000450445 -0.709242 -0.000133937 0.704965
21.5627 345.995 0.625192 200.009 -0.00133705 -0.755931 0.00144275 0.654648
21.6664 345.522 0.621494 199.874 -0.0030947 -0.777765 -0.000334715 0.628548
21.874 344.653 0.621438 199.524 -0.00736152 -0.8178 -0.00500334 0.575434
21.9777 344.234 0.622624 199.313 -0.00947883 -0.835088 -0.00739702 0.549984
22.0814 343.822 0.619753 199.075 -0.0097561 -0.850253 -0.00986775 0.526191
22.2892 343.089 0.625163 198.561 0.00721011 0.873442 0.0140638 -0.486671
22.3932 342.897 0.633755 198.421 0.00511933 0.882175 0.0138647 -0.47069
22.7055 341.645 0.661926 197.427 0.00856498 0.898321 0.0116024 -0.439103
22.9137 340.779 0.686903 196.67 0.00428399 0.903228 0.0134428 -0.428929
23.5376 338.125 0.734595 194.408 -0.0039877 0.903078 0.0051778 -0.429426
23.849 336.537 0.743515 193.076 -0.00518864 0.899814 0.0109452 -0.436106
24.264 334.166 0.777995 191.243 0.00251578 0.897408 0.0118091 -0.441036
24.3673 333.625 0.78951 190.814 0.00202926 0.897562 0.00814431 -0.440808
24.471 333.223 0.796305 190.45 9.04543e-05 0.897604 0.00517835 -0.440772
24.6781 332.044 0.810521 189.495 -0.000470185 0.898693 0.00570051 -0.438542
25.0927 329.484 0.834 187.41 -0.00207287 0.900456 0.0107839 -0.434808
25.2999 328.06 0.85574 186.196 -0.00280395 0.902162 0.0063909 -0.431342
25.7146 325.408 0.870004 183.993 0.00291406 0.904398 0.00831578 -0.426598
25.8182 324.795 0.876931 183.483 0.00548418 0.904418 0.00763409 -0.426543
26.0257 323.485 0.890621 182.37 0.00253277 0.904456 0.00889009 -0.426466
26.4403 320.8 0.910965 180.084 -0.00832221 0.902826 0.0128698 -0.429732
26.6477 319.473 0.918283 178.972 -0.00841708 0.901807 0.0108524 -0.431921
27.0622 316.753 0.918086 176.775 -0.00301643 0.900779 0.00990384 -0.434155
27.2695 315.412 0.924287 175.673 -0.00447718 0.900242 0.0161033 -0.435069
27.4769 313.993 0.925296 174.538 -0.00458611 0.900023 0.00457849 -0.435793
27.8913 311.145 0.920131 172.269 0.00641314 0.900737 0.0192892 -0.433889
28.0986 309.788 0.944832 171.131 -0.00201077 0.901306 0.0113354 -0.43303
28.5132 307.091 0.949266 168.935 -0.000894188 0.903397 0.00613958 -0.42876
28.7223 305.772 0.940959 167.821 -0.0039049 0.905042 0.00655399 -0.425253
29.1353 303.198 0.933245 165.607 -0.0049972 0.906416 0.0105185 -0.422225
29.3425 301.965 0.931071 164.561 -0.00300522 0.907969 0.00575801 -0.418987
29.5498 300.75 0.930116 163.5 -0.000533576 0.910686 0.00677272 -0.413044
30.0682 297.738 0.967604 160.724 -0.00203008 0.916002 0.0102215 -0.401038
30.2757 296.53 0.983202 159.583 -0.00086078 0.918591 0.00705949 -0.395145
30.6904 294.149 0.985603 157.154 -0.00805136 0.925187 0.00628759 -0.379374
30.794 293.557 0.986029 156.536 -0.00766104 0.926715 0.00750416 -0.375612
30.8976 292.96 0.98328 155.895 -0.00786582 0.928154 0.0112858 -0.371941
31.105 291.798 0.993531 154.617 -0.00756347 0.931011 0.0157816 -0.364571
31.2086 291.25 1.00035 154.004 -0.00760427 0.932137 0.0168396 -0.361633
31.5201 289.574 1.0152 152.089 -0.0142986 0.934339 0.0117902 -0.355902
31.9343 287.32 1.03877 149.454 -0.0139068 0.93626 0.0228964 -0.350286
32.2453 285.717 1.07259 147.581 -0.00833494 0.939502 0.0110321 -0.342264
32.4527 284.667 1.0831 146.279 -0.00799812 0.941919 0.0147547 -0.33542
32.8675 282.581 1.12675 143.652 0.00232796 0.946187 0.0112382 -0.323417
33.0748 281.537 1.14431 142.314 0.00895832 0.948413 0.00137023 -0.316907
33.2823 280.526 1.15666 140.905 0.00565974 0.95021 0.0132547 -0.311278
33.4898 279.512 1.17726 139.469 0.00437531 0.951447 0.0160874 -0.307362
33.9046 277.525 1.20986 136.632 -0.00138903 0.952954 0.00807009 -0.303004
34.0084 277.057 1.21497 135.963 0.000146774 0.952907 0.0121612 -0.303017
34.2158 276.06 1.23126 134.534 0.000258676 0.953091 0.0145968 -0.30233
34.6307 274.033 1.24306 131.668 0.00696383 0.954231 0.00186738 -0.298983
35.0453 272.039 1.24864 128.748 0.00489236 0.954725 0.00483 -0.297412
35.1489 271.543 1.25101 128.021 0.00158823 0.954783 0.00566488 -0.297244
35.2525 271.042 1.24881 127.295 0.000863975 0.954814 0.00748831 -0.297107
35.4599 270.065 1.25418 125.852 -0.00160222 0.954932 0.0113354 -0.296603
35.5636 269.58 1.2577 125.136 -0.00312466 0.955009 0.011551 -0.296334
35.6672 269.095 1.2565 124.434 -0.00275611 0.955096 0.00954389 -0.296128
35.7709 268.641 1.25926 123.769 -0.0046828 0.955232 0.0072704 -0.295731
36.0821 267.243 1.27008 121.696 -0.0012153 0.955885 0.0161367 -0.293295
36.1858 266.788 1.27313 121.037 0.00199242 0.955954 0.0160399 -0.29307
36.2895 266.346 1.28058 120.384 0.00154163 0.956103 0.0125935 -0.292757
36.3932 265.921 1.28919 119.746 -0.000101524 0.956042 0.0104542 -0.293042
36.7044 264.692 1.27817 117.936 0.000653754 0.955511 0.00292842 -0.294941
36.9118 263.884 1.2769 116.769 0.00133282 0.954076 0.00454595 -0.299526
37.1191 263.083 1.26788 115.615 -0.0014371 0.952193 0.0127456 -0.305227
37.3264 262.284 1.2669 114.523 -0.00267782 0.950193 0.00827228 -0.311541
37.741 260.674 1.25706 112.405 -0.00373643 0.945813 0.00484291 -0.324653
37.9484 259.847 1.24294 111.4 0.00363028 0.943835 0.0062236 -0.330338
38.3629 258.213 1.25576 109.352 0.00249602 0.943241 0.0104081 -0.331935
38.5702 257.404 1.26146 108.319 -0.00271113 0.943199 0.0105516 -0.332049
38.7775 256.635 1.26046 107.334 -0.00682243 0.943682 0.00279131 -0.330771
39.192 254.941 1.26296 105.149 -0.00146522 0.946173 0.0156146 -0.323281
39.3993 254.112 1.27992 104.081 0.00379087 0.947234 0.0176522 -0.320034
39.6067 253.287 1.30241 102.97 6.23047e-05 0.948313 0.011041 -0.317144
39.8142 252.407 1.32822 101.835 0.00766578 0.948783 0.00848963 -0.31572
40.229 250.67 1.35398 99.5331 0.0162554 0.949478 0.00517201 -0.313369
40.3326 250.225 1.35968 98.9579 0.0202536 0.949555 0.00329585 -0.312929
40.4363 249.794 1.36489 98.3847 0.0214519 0.949693 0.00445693 -0.312415
40.851 248.106 1.38761 96.0956 0.024022 0.949887 0.00237213 -0.311661
41.0585 247.267 1.3935 94.96 0.0217084 0.949943 -0.00468982 -0.311632
41.4733 245.646 1.3864 92.7469 0.0255031 0.949972 0.00470508 -0.311258
41.6805 244.855 1.39395 91.6553 0.0270196 0.950443 0.00733987 -0.309635
42.0948 243.45 1.40647 89.623 0.0324634 0.956029 0.000203357 -0.291469
42.3018 242.868 1.41076 88.6642 0.0347015 0.961763 -0.00148331 -0.271671
42.5089 242.383 1.40902 87.7339 0.0347527 0.968638 0.00100441 -0.24603
42.9226 241.705 1.38763 85.8952 0.0286798 0.984927 -0.00402453 -0.17053
43.0262 241.597 1.38482 85.4347 0.025712 0.988786 -0.00434086 -0.147049
43.233 241.489 1.36201 84.5073 0.012739 0.995268 -0.00423217 -0.0962337
43.44 241.479 1.34115 83.597 0.00140923 0.999155 -0.00229112 -0.0410201
43.6472 241.578 1.33386 82.6939 -0.00437397 0.99983 0.00252997 0.0177219
43.7507 241.663 1.33299 82.2527 -0.00726666 0.998852 0.00813846 0.046654
43.8543 241.774 1.33517 81.8277 -0.0105073 0.997054 0.0132314 0.0748215
44.0617 242.075 1.34642 81.0011 -0.0144437 0.991212 0.0180945 0.13024
44.1654 242.245 1.35156 80.6244 -0.0151822 0.987046 0.0194595 0.158529
44.3727 242.63 1.37372 79.8971 -0.00921339 0.976355 0.0185876 0.215175
44.4763 242.837 1.38882 79.5692 -0.00511714 0.969741 0.016729 0.24351
44.58 243.073 1.40477 79.2603 -0.00366879 0.962451 0.0144821 0.271045
44.6838 243.105 1.41734 79.1258 -0.00396607 0.954885 0.013025 0.296663
44.8914 243.638 1.43535 78.5042 -0.00515979 0.939051 0.0133434 0.343479
45.2034 244.728 1.46266 77.5185 -0.00449044 0.916996 0.0117751 0.398696
45.6186 246.409 1.49966 76.256 -0.00652663 0.897025 0.00650482 0.441883
45.8265 247.447 1.51758 75.5421 -0.00867234 0.89161 0.0040894 0.452703
46.2424 249.591 1.54372 74.0464 -0.00858117 0.888831 0.00346606 0.458141
46.4502 250.676 1.56414 73.2771 -0.00860575 0.889006 0.0038146 0.457799
46.8654 253.414 1.59288 71.3314 -0.00538092 0.890033 0.00180764 0.455861
47.1767 255.498 1.60851 69.8341 -0.00399171 0.891178 0.00311862 0.453626
47.2804 256.407 1.61937 69.1644 -0.00276575 0.891551 0.00360459 0.452897
47.6951 259.516 1.64723 66.8815 -0.00282277 0.89215 0.00970941 0.451626
47.9023 261.116 1.6638 65.7064 -0.00207295 0.891978 0.00884421 0.451988
48.3169 264.251 1.67738 63.4309 0.000515859 0.889579 0.0127846 0.456601
48.4205 264.899 1.68495 62.9643 0.000788701 0.888745 0.0150019 0.458155
48.7314 267.195 1.71148 61.3591 0.00204684 0.886937 0.0130535 0.461701
49.0426 269.572 1.72722 59.7275 0.000144616 0.88576 0.0103614 0.464029
49.1461 270.34 1.72645 59.2085 -0.00102842 0.885587 0.00796795 0.464403
49.2498 270.963 1.74089 58.7979 -0.000857353 0.885483 0.00640154 0.464627
49.3539 271.593 1.75445 58.3782 -0.000857796 0.885658 0.00601928 0.464298
49.6647 273.748 1.76133 56.8962 0.000127613 0.886937 0.00736773 0.461831
49.7683 274.387 1.77411 56.4555 0.00139677 0.887425 0.00886421 0.460864
49.872 275.006 1.78697 56.0135 0.00384842 0.887716 0.0114047 0.460234
49.9758 275.675 1.78509 55.5386 0.00638238 0.888131 0.0123836 0.459379
50.3904 278.495 1.78549 53.5316 0.00834267 0.889066 0.0141451 0.457484
50.5977 279.9 1.78876 52.5486 0.00513641 0.888619 0.015936 0.45834
51.0124 282.653 1.80575 50.6498 0.00550232 0.885653 0.0109252 0.464187
51.116 283.311 1.80809 50.2063 0.00490969 0.884472 0.0102709 0.466455
51.3234 284.693 1.81325 49.2943 0.00237542 0.882296 0.0101581 0.470579
51.7381 287.438 1.82586 47.5418 -0.00523255 0.879117 0.00793442 0.476511
51.9455 288.759 1.83724 46.7128 -0.00920563 0.878566 0.00589197 0.477496
52.1529 290.021 1.84516 45.9173 -0.011592 0.878399 0.00509004 0.47776
52.3603 291.236 1.85677 45.1523 -0.0141991 0.87861 0.0039999 0.477312
52.5677 292.395 1.86818 44.4097 -0.0156802 0.879498 0.00451473 0.475623
52.775 293.514 1.88083 43.6847 -0.0168566 0.880832 0.00363014 0.473116
53.1896 295.607 1.89468 42.2784 -0.0146128 0.883665 0.0036853 0.467877
53.3969 296.557 1.89612 41.6312 -0.0153165 0.885547 0.00406195 0.464279
53.6043 297.429 1.89784 41.016 -0.014321 0.887714 0.00469338 0.460148
53.9151 298.625 1.90662 40.1507 -0.0134725 0.89073 0.00653309 0.454287
54.2261 299.686 1.90968 39.3615 -0.0137498 0.894199 0.00835171 0.447381
54.5372 300.596 1.91732 38.6428 -0.0111597 0.898235 0.00900765 0.439281
54.8481 301.357 1.92055 38.0239 -0.00963528 0.901837 0.00894141 0.431877
55.2627 302.083 1.92171 37.4084 -0.00611249 0.905248 0.00707344 0.424781
56.1956 302.677 1.92443 36.8982 -0.00365695 0.907223 0.00414886 0.420614
58.5796 303.274 1.92031 36.3606 0.00120246 0.911884 -0.0037729 0.410429
58.8907 303.654 1.92297 35.9728 0.000468159 0.919177 -0.00502743 0.393813
59.2018 304.141 1.90869 35.4148 -0.00117069 0.930282 -0.000157275 0.366844
59.4091 304.463 1.90096 34.992 -0.000482528 0.939376 0.000151415 0.342889
59.8242 305.057 1.89153 34.0115 0.00478753 0.961495 0.00666177 0.2747
60.3433 305.614 1.89123 32.2453 0.000259791 0.988525 0.0139774 0.150408
60.4472 305.653 1.88518 31.8824 0.00178749 0.992475 0.0139894 0.121636
60.551 305.678 1.88658 31.4957 0.00195995 0.995719 0.0125977 0.0915503
60.7586 305.676 1.90525 30.6919 0.000921489 0.999588 0.00826718 0.0274761
60.8623 305.637 1.91376 30.2836 2.50478e-05 0.999957 0.00759672 -0.00535254
61.0696 305.47 1.92269 29.4392 0.00280578 0.997585 0.00969065 -0.0687221
61.1733 305.341 1.92197 29.0196 0.00509296 0.99502 0.0101804 -0.0990255
61.2769 305.195 1.92179 28.6066 0.00634871 0.991741 0.0101008 -0.127702
61.484 304.813 1.94486 27.6803 0.00615391 0.983607 0.00722416 -0.180078
61.5876 304.589 1.95341 27.2271 0.00526972 0.979111 0.00643744 -0.203155
61.7946 304.045 1.96225 26.2564 0.0055808 0.970324 0.00731812 -0.241633
62.1048 303.427 1.98162 25.1946 0.00853063 0.959491 0.00700318 -0.281521
62.5182 301.969 2.00688 23.0997 0.00984024 0.952445 0.00626852 -0.304488
62.9322 300.289 2.03792 20.7799 0.0108391 0.950088 0.0061304 -0.311735
63.1394 299.324 2.06148 19.4214 0.0120985 0.949654 0.00781392 -0.312968
63.5539 297.244 2.11003 16.5577 0.0106985 0.950603 0.0029776 -0.310211
63.6575 296.867 2.11619 16.0058 0.00914255 0.950681 0.00138193 -0.310032
63.9686 295.559 2.13594 14.1509 0.0114362 0.950537 0.00926771 -0.310263
64.3832 293.251 2.19869 10.9789 0.0146384 0.951017 0.00226079 -0.308783
64.4869 292.781 2.20787 10.3055 0.0139757 0.951122 9.13418e-05 -0.308498
64.7979 291.041 2.21874 7.84808 0.0129316 0.95132 0.00408373 -0.307906
64.9016 290.458 2.22737 7.02533 0.0135934 0.951302 0.00766534 -0.307864
65.0053 289.865 2.24438 6.18658 0.0145774 0.951092 0.00914862 -0.308429
65.109 289.263 2.2653 5.34021 0.0147933 0.950991 0.00793126 -0.308763
65.3162 288.058 2.29836 3.66136 0.0146994 0.951095 0.00385986 -0.308525
65.4198 287.45 2.30753 2.81285 0.0150771 0.951148 0.00293134 -0.308353
65.5236 286.836 2.31378 1.94904 0.0152222 0.951238 0.00309857 -0.308066
65.7308 285.594 2.32841 0.198851 0.0169993 0.951692 0.00579208 -0.30653
65.8344 284.987 2.33397 -0.665262 0.0174453 0.951959 0.00462415 -0.305694
66.0417 283.748 2.34785 -2.41904 0.0165069 0.952476 -0.000394752 -0.304167
66.1453 283.136 2.3465 -3.29796 0.016092 0.952678 -0.000919714 -0.303553
66.3526 281.901 2.34061 -5.07943 0.0153973 0.953126 0.00216511 -0.302173
66.4562 281.298 2.3417 -5.95781 0.0154148 0.953345 0.00479441 -0.30145
66.6636 280.076 2.35149 -7.73359 0.0141203 0.953665 0.00749931 -0.300446
66.7672 279.472 2.36012 -8.61163 0.013918 0.953674 0.00701011 -0.300437
66.9746 278.265 2.37125 -10.3567 0.0131831 0.953661 0.00440303 -0.300562
67.0783 277.668 2.37303 -11.2185 0.0132873 0.95369 0.00237769 -0.300489
67.2857 276.469 2.37058 -12.9513 0.0127317 0.953622 0.00267754 -0.300726
67.3893 275.813 2.36761 -13.9004 0.011877 0.953693 0.00459118 -0.300514
67.5966 274.552 2.37098 -15.7202 0.0104136 0.953723 0.00639094 -0.300438
67.7003 273.876 2.37814 -16.6946 0.00982484 0.953786 0.00860412 -0.300202
67.8039 273.209 2.38705 -17.6583 0.00937278 0.953823 0.0112972 -0.300009
68.0113 272.074 2.40604 -19.3148 0.00598974 0.953763 0.00973653 -0.300342
68.115 271.529 2.41449 -20.1049 0.00435935 0.953776 0.00792408 -0.300383
68.2186 270.988 2.41741 -20.8908 0.00311767 0.953712 0.00716451 -0.300621
68.3222 270.451 2.41581 -21.6716 0.00172436 0.953672 0.00722056 -0.300757
68.4259 269.915 2.41647 -22.4509 0.000784818 0.953633 0.00700593 -0.30089
68.5296 269.378 2.41551 -23.2252 0.000849321 0.953648 0.0075683 -0.300829
68.6332 268.847 2.41419 -23.9892 0.00146017 0.95365 0.00879054 -0.300787
68.7369 268.104 2.42205 -25.0487 0.00213852 0.953726 0.00950617 -0.30052
68.8405 267.537 2.42502 -25.8577 0.00163431 0.953729 0.00972357 -0.300505
69.0479 266.36 2.44007 -27.5508 0.000777534 0.953533 0.0097315 -0.301129
69.1516 265.78 2.44417 -28.3746 8.90519e-05 0.9534 0.00968336 -0.301554
69.2553 265.205 2.44666 -29.1833 -0.000464454 0.953272 0.00934753 -0.301969
69.4626 263.994 2.45935 -30.9084 -0.00122452 0.953104 0.0100641 -0.302473
69.5663 263.34 2.4711 -31.8297 -0.000535642 0.952981 0.00901503 -0.302896
69.7737 262.074 2.48576 -33.6338 -0.00218033 0.952964 0.00532704 -0.30303
69.8773 261.458 2.48519 -34.5024 -0.000950992 0.952988 0.00645204 -0.302939
70.0847 260.214 2.49074 -36.2767 -0.00011524 0.952889 0.0103559 -0.303143
70.1884 259.602 2.49865 -37.1445 0.000624289 0.952829 0.0112056 -0.303301
70.292 258.991 2.50657 -38.012 0.000505886 0.952783 0.0122397 -0.303404
70.3956 258.381 2.51412 -38.8751 0.00163744 0.952784 0.0120558 -0.303407
70.603 257.147 2.52896 -40.6195 0.00270982 0.952899 0.0092944 -0.303134
70.7066 256.546 2.53432 -41.4685 0.0035677 0.952963 0.00839229 -0.302949
70.8104 255.944 2.53887 -42.3163 0.00441038 0.953025 0.00881766 -0.30273
70.914 255.346 2.54377 -43.1594 0.00612263 0.953033 0.00986279 -0.302643
71.0176 254.752 2.55083 -43.9942 0.00788001 0.953074 0.0112414 -0.302426
71.1212 254.162 2.55824 -44.8225 0.00956644 0.953132 0.011498 -0.302184
71.2248 253.581 2.56581 -45.6389 0.0102264 0.953226 0.00975682 -0.301927
71.3284 252.982 2.58166 -46.4886 0.0114861 0.953291 0.0071102 -0.301751
71.6394 251.191 2.60238 -49.044 0.0142426 0.953582 0.00736076 -0.300707
72.0539 248.932 2.63318 -52.2855 0.0185355 0.954096 0.00883891 -0.298795
72.1575 248.426 2.64134 -53.0106 0.0187869 0.954256 0.0079031 -0.298294
72.3648 247.362 2.65626 -54.5649 0.0174753 0.954571 0.00707502 -0.297386
72.6757 245.796 2.67396 -56.8654 0.0165093 0.954862 0.00851189 -0.29647
72.7794 245.264 2.67385 -57.6454 0.0155332 0.95496 0.00800851 -0.296219
72.883 244.757 2.68094 -58.3911 0.0150266 0.954982 0.00705173 -0.2962
72.9868 244.254 2.68815 -59.123 0.0151956 0.954869 0.00633996 -0.29657
73.2979 242.788 2.69874 -61.2542 0.0159855 0.954132 0.00748773 -0.298864
73.5051 241.852 2.70824 -62.5917 0.0174509 0.95361 0.00777938 -0.300439
73.9198 240.152 2.73305 -65.0024 0.0193148 0.952518 0.0101403 -0.3037
74.1272 239.346 2.74003 -66.1345 0.0179859 0.952221 0.00599666 -0.304822
74.6453 237.603 2.75323 -68.596 0.0187892 0.952203 0.00886565 -0.304758
74.956 236.761 2.7628 -69.8448 0.0157933 0.955016 0.00531511 -0.296085
75.2666 236.058 2.76435 -71.0156 0.0145921 0.961678 0.00415717 -0.273762
75.4735 235.673 2.76023 -71.8113 0.0126979 0.967921 0.0061441 -0.250857
75.6804 235.335 2.76225 -72.6145 0.0146053 0.97551 0.00826759 -0.219313
76.0941 234.913 2.77579 -74.2319 0.0119168 0.990964 0.0129365 -0.132971
76.1976 234.82 2.78712 -74.6497 0.0127662 0.993881 0.0148935 -0.108698
76.8184 235.007 2.84803 -77.2412 0.0116971 0.997722 0.0251168 0.0615093
76.922 235.123 2.86001 -77.7086 0.0147938 0.995218 0.027186 0.0926445
77.129 235.465 2.90101 -78.6434 0.020591 0.987043 0.0275375 0.156728
77.2326 235.674 2.92091 -79.0963 0.0243312 0.981057 0.0263475 0.190372
77.3363 235.933 2.93318 -79.5407 0.0246531 0.974049 0.0238362 0.223724
77.5436 236.558 2.94989 -80.3946 0.0268908 0.956246 0.0195563 0.290667
77.6471 236.897 2.96205 -80.8067 0.032814 0.945613 0.0198359 0.323027
77.7508 237.28 2.96922 -81.2011 0.0330011 0.934423 0.0211969 0.353999
77.8547 237.292 2.95583 -81.2925 0.0274881 0.92358 0.0223553 0.381765
77.9586 237.583 2.94741 -81.5372 0.0207768 0.912849 0.0228657 0.407127
78.0626 237.899 2.94918 -81.77 0.0153056 0.902989 0.021581 0.428847
78.3748 239.384 2.9877 -82.7327 0.00746821 0.882802 0.0244471 0.469048
78.7915 241.667 3.03639 -84.1315 0.00849485 0.874869 0.010234 0.484178
79.3114 244.938 3.05825 -86.2026 0.00942903 0.875943 0.0138209 0.482124
79.4152 245.457 3.06799 -86.5289 0.00804345 0.876261 0.0128676 0.481598
79.519 246.067 3.07716 -86.9166 0.00692014 0.877051 0.0113134 0.480215
79.7264 247.232 3.09106 -87.663 0.00481776 0.879241 0.00988109 0.476251
79.8302 247.454 3.10808 -87.8202 0.00431752 0.880006 0.0109895 0.474815
80.2448 250.236 3.15446 -89.6698 0.00331742 0.88321 0.0111684 0.468833
80.4522 251.846 3.15465 -90.7531 0.0038655 0.885469 0.0142974 0.464462
80.8668 254.929 3.22731 -92.9056 0.00145815 0.887966 0.0194515 0.459494
81.0741 256.412 3.27947 -93.9493 0.00238561 0.888569 0.0154594 0.458476
81.1777 257.081 3.31022 -94.4259 0.00207439 0.888449 0.0148902 0.45873
81.2814 257.843 3.33556 -94.978 0.000324837 0.888566 0.0145609 0.458518
81.4886 259.412 3.36403 -96.066 0.00118361 0.887883 0.0156867 0.459801
81.5922 260.164 3.37864 -96.567 0.00116089 0.887311 0.0155832 0.460906
82.0067 263.268 3.43028 -98.699 -0.00045277 0.886197 0.0151445 0.463062
82.3177 265.539 3.47002 -100.248 0.000234896 0.884277 0.0149384 0.466723
82.525 267.168 3.48962 -101.362 -0.00395263 0.882783 0.0161524 0.469487
82.9397 270.322 3.54061 -103.428 -0.00377106 0.880644 0.0104902 0.473647
83.251 272.714 3.57078 -104.999 -0.00519342 0.880499 0.0132512 0.473833
83.3546 273.511 3.58144 -105.526 -0.00481175 0.881018 0.0112054 0.472925
83.562 275.146 3.59224 -106.613 -0.00702229 0.882567 0.00951573 0.470037
83.9767 278.226 3.62824 -108.72 -0.00920148 0.887053 0.0120453 0.461419
84.0801 278.946 3.64732 -109.226 -0.00944442 0.888214 0.0120853 0.459174
84.2876 280.388 3.67648 -110.257 -0.00866267 0.890593 0.0106748 0.454594
84.3912 281.069 3.69373 -110.75 -0.00876471 0.89176 0.00963699 0.452321
84.4948 281.733 3.70961 -111.236 -0.00892638 0.892869 0.0088567 0.450141
84.9093 284.547 3.75794 -113.36 -0.0105085 0.897015 0.0114575 0.441726
85.1167 285.869 3.7902 -114.392 -0.00896871 0.898419 0.012924 0.438858
85.5313 288.408 3.83394 -116.394 -0.00363121 0.899493 0.0130349 0.436725
85.7387 289.589 3.84018 -117.316 -0.000652835 0.899172 0.0128484 0.437406
85.946 290.704 3.85039 -118.176 0.00117156 0.897811 0.0146473 0.440136
86.1532 291.746 3.85384 -118.961 0.00237544 0.895581 0.0169323 0.444569
86.3605 292.743 3.86204 -119.702 0.00387207 0.892793 0.01637 0.450153
86.5678 293.742 3.86949 -120.416 0.00427444 0.889362 0.0154057 0.456924
86.7751 294.75 3.87791 -121.113 0.00384536 0.885967 0.0159655 0.463457
86.9825 295.749 3.88468 -121.779 0.00396598 0.882774 0.0125861 0.469613
87.3972 297.728 3.8898 -123.045 0.00529676 0.877191 0.00796636 0.480047
87.6046 298.74 3.88609 -123.677 0.00483554 0.874891 0.00707983 0.484244
87.812 299.777 3.88563 -124.31 0.00474562 0.872967 0.00639799 0.487714
88.0193 300.86 3.88519 -124.947 0.00176144 0.871698 0.00316254 0.490031
88.2266 302.002 3.87876 -125.63 0.00285619 0.871182 0.00309725 0.490941
88.4343 303.089 3.87357 -126.27 0.00110498 0.871253 0.00551137 0.490803
88.6414 304.228 3.88388 -126.938 -0.00533762 0.87145 0.012335 0.4903
88.7451 304.763 3.89453 -127.245 -0.00937115 0.871872 0.0162508 0.489374
88.8489 305.286 3.90137 -127.547 -0.0107346 0.872493 0.0173221 0.488202
88.9526 305.956 3.91314 -127.962 -0.0107883 0.873345 0.0125826 0.486821
89.1598 307.309 3.96396 -128.807 -0.00822694 0.875329 0.002473 0.483452
89.3671 308.688 3.99441 -129.686 -0.0147709 0.877207 0.0156048 0.479631
89.5745 310.08 4.03542 -130.589 -0.0123901 0.878929 0.0138469 0.476591
89.8856 312.27 4.09019 -132.017 -0.0110618 0.881871 0.00136424 0.47136
89.9894 313.05 4.10072 -132.528 -0.0163146 0.883127 0.00478216 0.468825
90.1967 314.598 4.12414 -133.577 -0.0175894 0.886254 0.000977419 0.462865
90.404 316.12 4.13759 -134.669 -0.00791891 0.889598 -0.0067826 0.456625
90.6114 317.657 4.1311 -135.808 -0.00859534 0.892897 0.00248401 0.450172
91.026 320.813 4.17164 -138.198 -0.00637245 0.896844 0.00539563 0.442268
91.2332 322.401 4.18004 -139.419 -0.00477698 0.897061 0.00720225 0.441823
91.3368 323.213 4.18382 -140.037 -0.00519328 0.897085 0.00749891 0.441764
91.4404 324.029 4.19196 -140.653 -0.00637343 0.896653 0.00861392 0.442604
91.5441 324.848 4.20212 -141.27 -0.00754381 0.896009 0.0104553 0.443848
91.6477 325.663 4.20989 -141.879 -0.00741186 0.895264 0.0103925 0.445354
91.855 327.275 4.22393 -143.083 -0.000746334 0.893803 0.00516705 0.44843
91.9587 328.082 4.22555 -143.686 0.00187629 0.893009 0.00561356 0.449999
92.0623 328.897 4.22282 -144.287 0.00189119 0.892161 0.00899333 0.451624
92.1659 329.715 4.22484 -144.882 0.000675507 0.891474 0.0116096 0.452923
92.2695 330.533 4.22946 -145.467 -0.000538949 0.89092 0.0118058 0.454007
92.3731 331.348 4.23374 -146.043 -0.00169424 0.890427 0.00948563 0.455024
92.5805 332.972 4.23899 -147.182 -0.00291298 0.889439 0.0053344 0.457013
92.6841 333.762 4.24228 -147.745 -0.00258921 0.889036 0.00519843 0.457801
92.7878 334.563 4.2444 -148.309 -0.00248043 0.888614 0.00660025 0.458602
92.8915 335.367 4.24681 -148.876 -0.00171085 0.888078 0.0097526 0.459586
92.9949 336.18 4.25455 -149.443 -0.00290515 0.887341 0.0132767 0.460914
93.0986 336.997 4.26477 -150.008 -0.00293233 0.886601 0.01534 0.462271
93.2022 337.799 4.2786 -150.557 -0.0035039 0.885712 0.0140378 0.46401
93.3058 338.595 4.29135 -151.092 -0.00324346 0.884936 0.0100142 0.465594
93.5131 340.199 4.30712 -152.174 -0.00202442 0.883843 0.00789389 0.467713
93.6167 340.997 4.31223 -152.713 -0.00279702 0.883382 0.0104878 0.468528
93.8241 342.597 4.33509 -153.79 -0.00284418 0.882593 0.0142285 0.469913
93.9279 343.385 4.35041 -154.317 -0.00315005 0.882345 0.0151365 0.470349
94.1351 345.007 4.38026 -155.389 -0.00517797 0.882418 0.0144238 0.470217
94.4462 347.362 4.41747 -156.951 -0.00623708 0.883245 0.00989605 0.468766
94.5499 348.128 4.42565 -157.469 -0.0049889 0.883501 0.00885574 0.468319
94.7573 349.668 4.44587 -158.51 -0.00527642 0.884076 0.0110262 0.467183
95.1719 352.675 4.49987 -160.561 -0.00529148 0.885058 0.0149075 0.465212
95.4828 354.83 4.54125 -162.03 -0.00736842 0.88557 0.0149995 0.464204
95.5866 355.53 4.55025 -162.513 -0.00728134 0.885652 0.0162837 0.464006
95.6902 356.205 4.55682 -162.984 -0.00424784 0.885772 0.0153874 0.463845
95.7938 356.843 4.56719 -163.426 -0.000908943 0.885948 0.0131372 0.463597
95.8974 357.462 4.58375 -163.864 0.000439507 0.885984 0.0119114 0.463563
96.2084 359.277 4.60882 -165.139 0.000806556 0.885084 0.0210027 0.464957
96.312 359.828 4.62007 -165.524 0.0015519 0.8848 0.0192852 0.46557
96.5194 360.951 4.62879 -166.261 0.0041005 0.883735 0.0122878 0.467809
96.7266 362.034 4.63543 -166.952 0.00108561 0.882226 0.0119149 0.470673
96.9338 363.05 4.63455 -167.603 -0.000880311 0.879519 0.0145984 0.475639
97.1411 364.034 4.64435 -168.208 0.000211619 0.874432 0.0152432 0.484908
97.3482 364.995 4.65355 -168.746 0.00252847 0.865225 0.0146732 0.501163
97.555 365.95 4.65818 -169.201 0.00346992 0.850694 0.0140366 0.525462
97.9686 367.917 4.65844 -169.847 0.00500953 0.802173 0.0148699 0.596886
98.1753 368.924 4.65882 -170.004 0.00547974 0.767901 0.0158404 0.640349
98.3822 369.92 4.66433 -170.042 0.00412945 0.729177 0.0157323 0.684132
98.5892 370.951 4.66353 -169.915 0.00114971 0.683644 0.0154655 0.72965
98.6927 371.449 4.66253 -169.796 0.000965451 0.65866 0.0152369 0.752285
98.7961 371.946 4.66332 -169.641 0.000872106 0.632457 0.0153005 0.774444
99.0033 372.954 4.67804 -169.214 -0.00201079 0.577513 0.0135589 0.816267
99.2106 373.882 4.68405 -168.676 -0.00417088 0.519562 0.0130499 0.854323
99.3142 374.339 4.68462 -168.358 -0.00403756 0.490366 0.0156878 0.871366
99.4184 374.784 4.68851 -168.001 -0.0044318 0.462097 0.0172376 0.886651
99.6256 375.63 4.70391 -167.199 -0.00441084 0.411874 0.0161296 0.911088
99.8334 376.307 4.70457 -166.427 -0.00535802 0.3737 0.0117508 0.92746
100.146 377.39 4.72251 -165.109 -0.00736961 0.341702 0.0109692 0.939715
100.562 378.943 4.72911 -163.073 0.00527349 0.313272 0.0111152 0.949584
100.769 379.712 4.70933 -161.939 0.00402567 0.301472 0.00970654 0.953417
101.185 381.286 4.67423 -159.556 0.00364093 0.291126 0.00581521 0.95666
101.392 382.102 4.65686 -158.285 0.00254947 0.286751 0.00657152 0.957979
101.807 383.922 4.63476 -155.365 -0.000911832 0.276961 0.00326841 0.960875
102.118 385.328 4.61533 -153.04 0.00308956 0.275697 -0.00131442 0.961239
102.429 386.83 4.56948 -150.608 -0.000344045 0.278647 -0.00263176 0.96039
102.533 387.233 4.55772 -149.942 -0.000316635 0.279647 -0.0033276 0.960097
102.637 387.581 4.54045 -149.363 -0.00135433 0.281118 -0.00397353 0.959664
103.051 389.597 4.51411 -146.202 -0.00949751 0.285596 -0.00286618 0.958299
103.466 391.716 4.52155 -142.94 -0.00846165 0.289747 -0.00496156 0.957053
103.673 392.781 4.51799 -141.318 -0.00880328 0.291701 -0.00449777 0.956458
103.984 394.349 4.51424 -138.96 -0.00777269 0.294144 -0.00638473 0.955708
104.088 394.653 4.50425 -138.48 -0.00740648 0.294818 -0.0088869 0.955483
104.295 395.699 4.49908 -136.9 -0.00900913 0.296955 -0.0120529 0.954773
104.71 397.979 4.49511 -133.587 -0.00798026 0.301065 -0.00739317 0.953541
104.917 399.042 4.49886 -132.042 -0.00896849 0.302101 -0.0080521 0.9532
105.331 401.279 4.50847 -128.781 -0.00916271 0.301833 -0.0119379 0.953242
105.746 403.549 4.4834 -125.476 -0.00723462 0.30003 -0.00977397 0.953852
105.85 404.083 4.47641 -124.678 -0.00742932 0.300508 -0.0099523 0.953698
105.954 404.612 4.46846 -123.884 -0.00703309 0.301663 -0.0106224 0.95333
106.058 405.117 4.45955 -123.131 -0.00669824 0.302995 -0.0107203 0.952908
106.368 406.744 4.4339 -120.814 -0.00592412 0.306836 -0.0108805 0.951682
106.472 407.244 4.43146 -120.091 -0.00402397 0.307748 -0.0100441 0.951406
106.679 408.331 4.41536 -118.536 -0.00798582 0.308351 -0.00858525 0.9512
107.094 410.549 4.3941 -115.42 -0.0032361 0.306135 -0.00531335 0.951968
107.301 411.649 4.37405 -113.842 -0.00299405 0.301974 -0.00116314 0.953311
107.716 413.828 4.34965 -110.599 -0.0066048 0.29713 -0.00535733 0.954799
107.82 414.36 4.34481 -109.788 -0.00877397 0.297133 -0.00520494 0.954782
107.923 414.858 4.33849 -109.019 -0.00534224 0.296538 -0.00539213 0.954991
108.027 415.374 4.33594 -108.246 -0.000837688 0.295939 -0.00377245 0.955199
108.442 417.59 4.30682 -104.953 -0.00728846 0.296315 -0.00264381 0.955059
108.753 419.285 4.30345 -102.478 -0.00376885 0.299959 -0.00103862 0.953944
108.96 420.434 4.29882 -100.819 -0.00673875 0.302545 0.00210062 0.953109
109.168 421.582 4.3027 -99.1613 -0.00757358 0.304612 0.00185528 0.952444
109.271 422.15 4.30522 -98.3175 -0.00692936 0.304219 0.000301497 0.952577
109.375 422.718 4.30643 -97.4775 -0.00617723 0.303845 0.00177024 0.9527
109.582 423.868 4.30567 -95.7944 -0.00642798 0.30142 0.00172954 0.953468
109.686 424.42 4.307 -94.9373 -0.0086967 0.299645 0.00149817 0.95401
109.893 425.543 4.3109 -93.2418 -0.00866436 0.297669 0.00158106 0.954629
110.1 426.673 4.3119 -91.5345 -0.00303231 0.296734 -0.000452294 0.954955
110.412 428.379 4.30294 -88.9276 -0.00950039 0.293916 -0.00217993 0.955782
110.723 430.066 4.2967 -86.3499 0.00123647 0.291112 -0.00448329 0.956678
110.827 430.616 4.28005 -85.4837 0.00646149 0.290003 -0.00433112 0.956994
111.034 431.761 4.23708 -83.7214 0.00137797 0.288363 -8.32955e-05 0.95752
111.138 432.318 4.22525 -82.8285 -0.00447848 0.288178 0.000726204 0.957566
111.345 433.445 4.21898 -81.0684 -0.00820503 0.288802 0.000783259 0.957353
111.449 433.989 4.21608 -80.2006 -0.00528381 0.289537 0.000188368 0.957152
111.656 435.113 4.19932 -78.4825 -0.000932885 0.291308 0.00175956 0.956627
111.76 435.658 4.18749 -77.6223 0.000739277 0.292333 0.00253546 0.956313
111.864 436.199 4.17175 -76.7647 0.00131887 0.293138 0.00379289 0.956062
112.071 437.319 4.14573 -75.0685 -0.00174764 0.294729 0.00547218 0.955563
112.175 437.862 4.13352 -74.2207 -0.00241104 0.295517 0.00534045 0.95532
112.382 438.971 4.11506 -72.5503 -0.00164828 0.296997 0.00331642 0.954871
112.486 439.523 4.10541 -71.708 -0.00178577 0.297616 0.0041842 0.954675
112.693 440.631 4.08884 -70.0664 -0.00374353 0.298602 0.00561324 0.954354
112.9 441.726 4.08244 -68.4813 -0.00504247 0.29868 0.0115274 0.95427
113.211 443.31 4.07434 -66.1925 -0.000269148 0.298705 0.0163722 0.954205
113.522 444.802 4.03875 -63.9572 0.00319072 0.301457 0.00440427 0.953464
113.729 445.778 4.01481 -62.5349 -0.002427 0.306006 0.00252079 0.952023
114.351 448.579 3.9756 -58.6748 -0.00532029 0.31592 0.00289576 0.948766
114.662 449.839 3.95804 -56.9972 -0.00473495 0.318546 0.00556787 0.947879
114.869 450.612 3.9488 -55.9663 -0.00323672 0.318043 0.00697032 0.948045
115.283 451.973 3.92688 -54.0965 -0.00178324 0.307332 0.0100014 0.951548
115.49 452.533 3.91732 -53.2547 -0.00159031 0.29578 0.0104618 0.955198
115.697 453.024 3.90323 -52.4433 0.000749485 0.277308 0.0119444 0.960707
115.904 453.44 3.89355 -51.6106 0.00128495 0.249491 0.0110215 0.968314
116.111 453.77 3.88663 -50.7708 0.000602969 0.210213 0.0114957 0.977588
116.525 454.13 3.86775 -49.0534 -0.000150273 0.117048 0.00240283 0.993123
116.628 454.169 3.86618 -48.6111 0.000803691 0.0921908 0.00158746 0.99574
116.732 454.193 3.86483 -48.161 0.00119614 0.0669552 0.0019722 0.997753
116.939 454.171 3.86097 -47.2124 -0.000764255 0.0145865 0.00141213 0.999892
117.043 454.12 3.85903 -46.7149 -0.00275318 -0.013017 0.00202193 0.999909
117.146 454.045 3.85716 -46.207 -0.00472092 -0.0416325 0.00357977 0.999115
117.353 453.792 3.85265 -45.1881 -0.00401062 -0.100745 0.00420887 0.994895
117.457 453.619 3.85024 -44.6925 -0.00337158 -0.131013 0.00365147 0.991368
117.56 453.399 3.85055 -44.1674 -0.00198887 -0.160633 0.00256405 0.987009
117.767 452.866 3.84536 -43.1079 0.00222178 -0.216698 0.00498293 0.976223
117.871 452.586 3.8369 -42.6386 0.00216014 -0.243768 0.00487639 0.969819
118.078 451.893 3.82733 -41.6818 6.33911e-05 -0.296763 0.00078975 0.954951
118.182 451.484 3.82618 -41.217 0.00047504 -0.321849 -0.00270451 0.946787
118.286 451.053 3.82253 -40.7624 -0.000570674 -0.344864 -0.00569527 0.938635
118.493 450.127 3.81483 -39.8682 -0.00249192 -0.381135 -0.00678607 0.924491
118.597 449.947 3.81553 -39.7002 0.000825233 -0.395252 -0.00749234 0.918542
118.805 448.971 3.81659 -38.8884 0.00824502 -0.414944 -0.00819579 0.909772
119.221 446.982 3.77868 -37.26 6.36783e-05 -0.432199 -0.00911246 0.901732
119.637 444.575 3.74933 -35.3786 0.00884047 -0.438019 -0.00185627 0.89892
119.844 443.373 3.72068 -34.4418 0.0017268 -0.439897 -0.00348871 0.89804
120.259 440.821 3.69473 -32.4853 0.000626862 -0.44389 0.00118042 0.89608
120.466 439.502 3.67255 -31.5014 0.00199878 -0.445407 0.000333678 0.895326
120.673 438.148 3.65084 -30.4941 0.00206797 -0.446624 0.000344206 0.894719
121.088 435.077 3.61799 -28.2021 -0.00279839 -0.449678 0.00302402 0.893181
121.502 432.318 3.58319 -26.1881 -0.006332 -0.457322 0.00399416 0.88927
121.71 430.819 3.57464 -25.1366 -0.00857903 -0.461957 0.0030816 0.886855
121.917 429.283 3.56463 -24.0867 -0.00940381 -0.46645 0.00249857 0.884494
122.539 424.571 3.52878 -21.0286 -0.0035635 -0.475951 -0.00470787 0.879452
122.85 422.378 3.51596 -19.6232 -0.000645062 -0.475337 -0.00827336 0.879765
123.058 420.895 3.49922 -18.6805 0.00317955 -0.473965 -0.011796 0.880459
123.472 417.889 3.44559 -16.7107 0.00629574 -0.470714 -0.0127595 0.882171
123.68 416.569 3.41679 -15.8286 0.00649942 -0.468534 -0.0149924 0.883294
124.094 413.909 3.36537 -14.0208 0.00878175 -0.460655 -0.0170908 0.887371
124.302 412.738 3.34034 -13.184 0.00933481 -0.455131 -0.0153113 0.890244
124.716 410.626 3.2774 -11.6005 0.00911868 -0.444888 -0.011003 0.895472
124.924 409.638 3.24234 -10.8347 0.0106785 -0.439619 -0.00894199 0.898076
125.338 407.7 3.19363 -9.29706 0.00556037 -0.432777 -0.0108725 0.901418
125.546 406.739 3.16912 -8.53122 0.00131172 -0.432768 -0.0119231 0.901425
125.96 404.822 3.15875 -7.02972 -0.00384702 -0.44129 -0.00903271 0.897311
126.167 403.863 3.16343 -6.31877 4.98729e-05 -0.453861 -0.000897689 0.891072
126.374 402.876 3.15431 -5.6522 -0.00187575 -0.472876 0.00278452 0.881123
126.582 401.862 3.13167 -5.05898 7.10085e-05 -0.494732 0.0041861 0.869036
126.996 399.718 3.10269 -4.10503 -0.00339096 -0.555368 -0.000601783 0.831597
127.203 398.615 3.09588 -3.78822 -0.00504063 -0.592568 -0.00338632 0.805498
127.306 398.069 3.09418 -3.67419 -0.0048558 -0.611633 -0.00343277 0.791119
127.513 396.933 3.08877 -3.53398 -0.00391506 -0.652369 -0.00270795 0.757886
127.617 396.375 3.08266 -3.50844 -0.00216466 -0.67283 -7.19084e-05 0.739794
127.72 395.844 3.07754 -3.51411 -0.000649667 -0.692953 0.0025991 0.720978
127.927 394.716 3.06741 -3.62627 0.000524075 -0.731721 0.00538492 0.681582
128.031 394.181 3.05899 -3.70222 -0.00286502 -0.75008 0.00735912 0.661299
128.239 393.066 3.03843 -3.98137 -0.0080745 -0.783693 0.00568822 0.62107
128.342 392.546 3.0275 -4.15627 -0.00764501 -0.799291 0.00498571 0.600875
128.446 392.098 3.02001 -4.31517 -0.00868358 -0.814087 0.00644312 0.580642
128.653 391.099 3.00674 -4.79943 -0.00766741 -0.841274 0.00698876 0.54051
128.757 390.761 3.00285 -4.98883 -0.00581662 -0.853524 0.00565022 0.520991
128.861 390.372 2.99714 -5.22942 -0.00368509 -0.865016 0.00320319 0.50172
128.964 390 2.99318 -5.47964 0.00194098 0.875319 -0.00145661 -0.48354
129.38 388.381 2.96755 -6.83046 -0.0124486 0.898526 0.0101449 -0.438627
129.588 387.596 2.96593 -7.48842 -0.0137015 0.902315 0.00964962 -0.43075
129.796 386.799 2.95519 -8.1614 -0.0153104 0.903249 0.00950312 -0.428739
130.212 385.148 2.93515 -9.48632 -0.0112826 0.896139 0.00463254 -0.443605
130.421 384.322 2.92306 -10.062 -0.0115345 0.884822 0.00817165 -0.465715
130.837 382.59 2.891 -10.857 -0.00782809 -0.84519 -0.00498819 0.534385
131.149 381.348 2.87124 -11.2107 0.00588413 -0.799279 -0.00155097 0.600929
131.253 380.954 2.87481 -11.2845 0.00854016 -0.780227 -0.00516382 0.625416
131.461 380.148 2.86564 -11.2816 -0.00201575 -0.739857 -0.00462622 0.672746
131.565 379.752 2.85794 -11.2406 -0.00416827 -0.719311 -0.00360162 0.694666
131.668 379.357 2.8497 -11.1833 -0.00422224 -0.698332 -0.00202333 0.715759
131.876 378.578 2.83738 -11.0056 -0.00287171 -0.656446 0.00101224 0.754367
131.979 378.287 2.83287 -10.9276 -0.00186867 -0.63751 0.000443699 0.77044
132.083 377.961 2.83306 -10.8348 -0.00108055 -0.619484 -0.00150091 0.785007
132.186 377.636 2.83382 -10.7284 6.88029e-05 -0.60193 -0.00379302 0.79854
132.394 376.917 2.82587 -10.4184 -0.0025172 -0.567204 -0.00435435 0.823562
132.808 375.389 2.81176 -9.58093 -0.00365695 -0.51393 0.000419249 0.857824
133.429 372.749 2.79085 -7.9052 0.00312852 -0.473758 0.0053018 0.880633
133.532 372.492 2.78481 -7.72159 0.00172762 -0.470604 0.00627748 0.88232
133.946 370.428 2.75598 -6.32754 -0.00268238 -0.467755 0.00497476 0.88384
134.153 369.412 2.75034 -5.64297 -0.00215456 -0.46645 0.0044391 0.884534
134.568 367.067 2.72393 -4.02496 0.00136455 -0.462253 0.00533569 0.886731
134.775 365.829 2.70285 -3.17047 0.00136292 -0.460317 0.0039696 0.887745
134.879 365.255 2.69373 -2.76967 0.000829189 -0.459149 0.00392774 0.88835
135.086 363.837 2.66901 -1.76303 -0.000530546 -0.456617 0.00368934 0.889656
135.501 360.945 2.62854 0.331611 -0.00178539 -0.452686 0.00567717 0.89165
135.604 360.221 2.61562 0.856225 -0.00123736 -0.451907 0.00577032 0.892045
135.708 359.488 2.6034 1.38904 -0.00029649 -0.451069 0.00582415 0.89247
135.812 358.812 2.59163 1.88069 0.00133204 -0.45018 0.00602535 0.892917
136.33 355.12 2.50696 4.60629 0.000545886 -0.448228 0.00578364 0.8939
136.434 354.38 2.48993 5.1546 -0.00116451 -0.449317 0.00679292 0.893346
136.745 352.08 2.4464 6.83451 -0.0027471 -0.45365 0.00942524 0.891126
136.952 350.566 2.4138 7.91327 -0.000317565 -0.456262 0.00986949 0.88979
137.056 349.808 2.39732 8.44658 -0.000205831 -0.457107 0.00986069 0.889357
137.471 346.781 2.3225 10.5612 -0.00366233 -0.459819 0.00345655 0.887999
137.678 345.329 2.29953 11.5806 -0.00524846 -0.461409 0.00583889 0.887153
138.093 342.379 2.23117 13.6259 -0.000477509 -0.46245 0.0100213 0.886589
138.196 341.645 2.21064 14.1291 -0.00402695 -0.462147 0.00711565 0.886766
138.404 340.22 2.18101 15.1181 -0.00379863 -0.461843 0.00856862 0.886912
138.507 339.517 2.16926 15.6087 -0.0025204 -0.462037 0.0106956 0.886793
138.611 338.811 2.15609 16.1001 -0.00301162 -0.462362 0.0116122 0.88661
138.714 338.126 2.14066 16.57 -0.00435145 -0.462966 0.01049 0.886303
138.818 337.482 2.12493 17.0098 -0.00499871 -0.463497 0.00967676 0.886031
139.233 334.709 2.06548 18.9027 -0.00263088 -0.465483 0.011403 0.88498
139.44 333.327 2.03222 19.8407 -0.00444715 -0.466379 0.0108012 0.884508
139.647 331.977 2.00282 20.7519 -0.00523178 -0.467504 0.010649 0.883911
139.958 330.046 1.96133 22.0351 -0.00404624 -0.468843 0.00813329 0.883235
140.062 329.425 1.94765 22.4428 -0.00315772 -0.469357 0.00688603 0.882976
140.269 328.208 1.91772 23.2398 -0.0006016 -0.469724 0.00442819 0.882802
140.373 327.601 1.90416 23.6384 0.00040229 -0.469513 0.003564 0.882918
140.58 326.395 1.87764 24.4332 0.00167761 -0.468878 0.00130231 0.88326
140.684 325.812 1.86598 24.8194 0.00118515 -0.468372 0.000604842 0.88353
140.995 324.072 1.829 26.0029 -0.00150548 -0.466178 0.00168165 0.884688
141.202 322.977 1.80689 26.7512 0.000298736 -0.464285 0.00250334 0.885682
141.409 321.95 1.78359 27.4625 0.00137061 -0.461724 0.00307084 0.887017
141.617 320.991 1.75689 28.1357 0.00100895 -0.457773 0.0019249 0.889066
141.824 320.108 1.73384 28.7703 -0.000104948 -0.452559 -0.000254096 0.891734
142.031 319.298 1.71211 29.3795 0.000497835 -0.445798 -0.000465589 0.895134
142.238 318.554 1.69556 29.9706 -0.000505933 -0.438094 0.000480293 0.898929
142.653 317.259 1.66782 31.0644 -0.00149004 -0.420797 0.000848219 0.907153
143.275 315.83 1.63742 32.4682 -0.00672934 -0.389294 0.00819623 0.921052
143.586 315.325 1.63153 33.0122 -0.00743359 -0.371307 0.00492268 0.928467
143.897 314.984 1.62621 33.4424 -0.00526636 -0.352325 0.00670906 0.935839
144.312 314.599 1.60933 34.0101 -0.00718359 -0.325898 0.0115502 0.945307
144.727 314.238 1.60651 34.581 -0.00416671 -0.296512 0.0103486 0.954964
145.038 313.959 1.60307 35.0893 0.00191856 -0.266874 0.0105619 0.963672
145.453 313.563 1.58983 36.0549 0.0030869 -0.202597 0.0111003 0.979194
145.661 313.389 1.58028 36.674 0.00319942 -0.161561 0.0109311 0.986797
146.076 313.184 1.55325 38.1786 0.00505331 -0.0624504 0.00468744 0.998024
146.18 313.182 1.54761 38.6027 0.00563762 -0.0350603 0.00522717 0.999356
146.387 313.253 1.53888 39.4272 0.0075378 0.0232539 0.00717295 0.999675
146.491 313.323 1.53135 39.8561 0.00880758 0.0534155 0.00693811 0.998509
146.595 313.418 1.52009 40.2994 0.00938489 0.0838797 0.00649017 0.996411
146.802 313.738 1.50306 41.2742 0.00912664 0.141903 0.0076493 0.989809
146.905 313.885 1.50199 41.6176 0.00961736 0.168187 0.0112761 0.985644
147.009 313.966 1.49893 41.8397 0.00953464 0.193026 0.0127246 0.981065
147.113 314.126 1.49297 42.2161 0.00781759 0.216051 0.0127195 0.976268
147.526 315.42 1.47384 44.3716 0.00464775 0.278185 0.014487 0.960407
147.733 316.013 1.47368 45.2876 0.00457256 0.296312 0.0144834 0.95497
148.147 317.848 1.4669 47.7694 0.00280105 0.319517 0.0171342 0.947421
148.354 318.758 1.46853 48.9601 0.00279297 0.324114 0.0185948 0.945831
148.457 319.145 1.47051 49.4749 0.00259017 0.324919 0.0190625 0.945546
148.664 320.173 1.47407 50.8182 0.00268964 0.325649 0.0203186 0.945269
149.286 323.88 1.48657 55.6326 0.00719883 0.321919 0.0228638 0.946464
149.389 324.465 1.48461 56.4127 0.00777679 0.320689 0.0241564 0.946845
149.596 325.74 1.46981 58.1227 0.00790568 0.317129 0.0238619 0.948049
149.7 326.321 1.46398 58.9289 0.00816603 0.315346 0.0229076 0.948665
149.907 327.622 1.44777 60.7334 0.00641902 0.312027 0.0211991 0.949815
150.011 328.239 1.44067 61.6041 0.0065755 0.31073 0.020519 0.950254
150.115 328.879 1.43324 62.5064 0.00657612 0.309493 0.0205472 0.950657
150.322 330.212 1.4168 64.3748 0.00557594 0.307254 0.0222638 0.951351
150.426 330.84 1.40848 65.2722 0.00565093 0.306046 0.0226778 0.95173
150.633 332.177 1.39234 67.1827 0.00578575 0.30405 0.0220771 0.952383
150.737 332.822 1.38253 68.1314 0.00544497 0.303468 0.0213345 0.952587
150.84 333.46 1.37371 69.0632 0.00538276 0.303141 0.0208446 0.952703
151.048 334.811 1.3544 71.0075 0.00509245 0.302619 0.0209195 0.952868
151.151 335.472 1.34513 71.9727 0.00520156 0.302279 0.0211717 0.95297
151.358 336.821 1.32644 73.9212 0.00443718 0.30225 0.0213974 0.952978
151.462 337.489 1.31792 74.8989 0.0039889 0.302502 0.0209449 0.95291
151.566 338.158 1.3104 75.8808 0.00340087 0.302913 0.0202805 0.952796
151.669 338.827 1.30325 76.8611 0.00298546 0.303408 0.019247 0.952662
151.877 340.202 1.28804 78.8323 0.00361216 0.305008 0.0177834 0.952177
151.98 340.896 1.28053 79.8293 0.00323533 0.305852 0.0177123 0.951909
152.188 342.316 1.27182 81.8325 0.000394122 0.307364 0.0191669 0.951399
152.291 343.022 1.27061 82.8318 -0.000446619 0.308113 0.0197821 0.951144
152.395 343.743 1.27253 83.8478 -0.000481978 0.309006 0.0202918 0.950843
152.602 345.214 1.27842 85.8957 0.00112129 0.310631 0.0203853 0.950311
152.706 345.941 1.27905 86.9138 0.00190151 0.311399 0.0210506 0.950044
152.913 347.451 1.27495 88.981 0.00386349 0.312758 0.0230295 0.949546
153.017 348.203 1.27045 90.02 0.00470414 0.313305 0.0233285 0.949354
153.224 349.717 1.25773 92.0969 0.00494888 0.314344 0.022452 0.949031
153.328 350.481 1.25125 93.1563 0.00322092 0.314845 0.0219523 0.948884
153.535 352.033 1.24347 95.2787 0.00267292 0.3155 0.0205442 0.948699
153.639 352.798 1.23977 96.336 0.00412263 0.315522 0.020389 0.94869
153.846 354.364 1.22027 98.4657 0.00580988 0.315338 0.0207688 0.948734
153.95 355.141 1.20851 99.534 0.00459327 0.31525 0.0216416 0.948751
154.053 355.92 1.19885 100.606 0.00329169 0.315151 0.0221787 0.948777
154.26 357.486 1.18627 102.739 0.00392996 0.314736 0.0226304 0.948901
154.364 358.27 1.17891 103.819 0.00426645 0.31456 0.0226147 0.948959
154.571 359.855 1.1609 105.984 0.00450299 0.31412 0.0228066 0.949099
154.675 360.64 1.15062 107.068 0.00390047 0.313888 0.0226211 0.949183
154.882 362.218 1.13352 109.233 0.00306147 0.313197 0.0222404 0.949423
154.985 362.998 1.12578 110.313 0.00251409 0.312864 0.022156 0.949536
155.089 363.776 1.11958 111.394 0.00218204 0.312556 0.0223307 0.949634
155.192 364.554 1.11417 112.474 0.00210845 0.312155 0.0223075 0.949767
155.4 366.112 1.10073 114.623 0.00290242 0.311504 0.0221144 0.949983
155.503 366.879 1.09168 115.689 0.00292547 0.311177 0.0223544 0.950084
155.71 368.433 1.07451 117.837 0.0030861 0.31058 0.022205 0.950283
155.814 369.2 1.06474 118.914 0.00304365 0.31028 0.0214732 0.950398
155.918 369.968 1.05858 119.994 0.00172039 0.310097 0.0216052 0.950458
156.125 371.513 1.05784 122.14 -0.00298006 0.309543 0.0231279 0.950599
156.229 372.27 1.06281 123.201 -0.00258562 0.309129 0.0232164 0.950733
156.436 373.79 1.07305 125.32 -0.00123507 0.308448 0.0232374 0.950956
156.54 374.539 1.07621 126.378 -0.00168636 0.308141 0.0234957 0.951049
156.747 376.044 1.08334 128.486 -0.00236412 0.307513 0.0251287 0.951209
156.851 376.791 1.08676 129.537 -0.00221745 0.3075 0.02599 0.95119
156.954 377.523 1.09107 130.577 -0.00240427 0.307496 0.0257816 0.951197
157.058 378.244 1.09185 131.6 -0.000683114 0.307719 0.025165 0.951144
157.265 379.679 1.08677 133.619 -4.00024e-05 0.308121 0.0230596 0.951068
157.369 380.383 1.08138 134.616 -0.000209022 0.308586 0.0226313 0.950927
157.472 381.08 1.07548 135.597 -0.00022053 0.309252 0.0224359 0.950715
157.68 382.454 1.06246 137.504 -4.30666e-05 0.31032 0.0221262 0.950375
157.783 383.119 1.05632 138.429 -0.0001966 0.310905 0.0218935 0.950189
157.887 383.77 1.04894 139.337 -1.21898e-05 0.311538 0.0215998 0.949988
157.991 384.416 1.04163 140.233 0.000222734 0.312178 0.0211824 0.949788
158.094 385.052 1.03368 141.115 0.000683668 0.312775 0.0212557 0.949589
158.198 385.678 1.02616 141.981 0.000766002 0.313389 0.0213226 0.949385
158.509 387.514 1.00121 144.472 0.0008959 0.315039 0.0229085 0.948802
158.716 388.657 0.985358 146.024 0.000272198 0.316147 0.0231797 0.948427
159.131 390.773 0.965977 148.859 -0.00217514 0.31826 0.0229785 0.947723
159.338 391.747 0.961969 150.159 -0.00281945 0.318047 0.0253849 0.947731
159.545 392.656 0.963259 151.389 -0.0014654 0.312779 0.0287664 0.949389
159.752 393.471 0.964947 152.571 -0.000737998 0.298948 0.0320258 0.953732
159.959 394.166 0.961229 153.711 -0.000699942 0.277044 0.0335442 0.960271
160.166 394.738 0.955176 154.806 0.000396267 0.246277 0.034569 0.968583
160.373 395.177 0.945842 155.89 0.000547204 0.209109 0.0310834 0.977398
160.787 395.722 0.922349 158.056 -0.0031496 0.119476 0.0186708 0.992657
160.891 395.778 0.918894 158.609 -0.00493531 0.0937732 0.0144517 0.995476
161.098 395.822 0.922367 159.692 -0.00819726 0.0399732 0.00796254 0.999135
161.305 395.726 0.922263 160.783 -0.0115975 -0.0158479 0.00352645 0.999801
161.409 395.623 0.925852 161.318 -0.012339 -0.0470133 0.00312471 0.998813
161.512 395.487 0.933974 161.847 -0.0125886 -0.07888 0.00361784 0.996798
161.72 395.135 0.945531 162.87 -0.0111591 -0.139788 0.00380665 0.990111
161.927 394.68 0.959548 163.802 -0.0119358 -0.200248 0.00181502 0.979671
162.03 394.398 0.965708 164.25 -0.0114004 -0.230686 -0.000546713 0.972961
162.134 394.086 0.972362 164.688 -0.0113407 -0.260147 -0.000650527 0.965502
162.341 393.407 0.979486 165.527 -0.0088859 -0.31188 0.00108194 0.950079
162.549 392.686 0.997939 166.24 -0.00707367 -0.35495 -0.00382327 0.934851
162.653 392.31 1.00732 166.581 -0.00645164 -0.37209 -0.00429712 0.928164
162.756 391.922 1.00024 166.943 -0.00705769 -0.386293 -0.000870153 0.922349
162.964 391.147 1.00073 167.633 -0.00336666 -0.406614 0.000762279 0.913594
163.068 390.887 1.00065 167.819 5.03972e-05 -0.413369 0.00148945 0.910562
163.276 390.066 0.987281 168.478 -0.00209969 -0.422358 0.00393251 0.906418
163.692 388.231 0.960538 169.933 -0.00624353 -0.428262 0.00406496 0.903624
163.899 387.394 0.917863 170.564 -0.00847262 -0.428442 0.00808218 0.903493
164.314 385.19 0.923502 172.38 -0.0102495 -0.428621 0.0118509 0.903349
164.418 384.871 0.915873 172.641 -0.0116986 -0.429216 0.0142143 0.903014
164.833 382.503 0.917507 174.542 -0.0148734 -0.438513 0.0206975 0.898364
165.04 381.264 0.919685 175.48 -0.0167662 -0.447503 0.0220341 0.893854
165.454 378.37 0.922403 177.477 -0.0124138 -0.46663 0.0184734 0.884172
165.662 376.862 0.908627 178.443 -0.00809821 -0.473918 0.0153042 0.880399
166.077 373.751 0.870932 180.423 -0.00665961 -0.473336 0.00537268 0.88084
166.388 371.476 0.846965 181.946 -0.00357951 -0.462597 0.00154644 0.88656
166.491 370.757 0.840407 182.449 -0.00371585 -0.458005 0.000572343 0.888942
166.699 369.34 0.826262 183.486 -0.00523871 -0.447616 -0.000806675 0.89421
166.803 368.647 0.819151 184.015 -0.00508556 -0.442371 -0.000157368 0.896818
167.01 367.286 0.812026 185.096 -0.00470284 -0.431621 0.00114382 0.902042
167.113 366.618 0.807164 185.646 -0.00538956 -0.426048 0.00168037 0.904683
167.217 365.956 0.803004 186.201 -0.00588347 -0.420797 0.00179519 0.907134
167.424 364.696 0.794047 187.296 -0.0066592 -0.412767 0.0040814 0.910803
167.528 364.135 0.788019 187.785 -0.00615818 -0.410146 0.00505934 0.911985
167.735 362.824 0.777565 188.953 -0.00407028 -0.407342 0.00702169 0.913239
167.942 361.441 0.76106 190.185 -0.00344851 -0.407243 0.00817116 0.913277
168.357 358.585 0.732394 192.696 -0.00656336 -0.411383 0.00690094 0.911413
168.772 355.701 0.715438 195.186 -0.00399035 -0.409826 0.000621608 0.912155
169.186 352.907 0.676899 197.728 0.00387989 -0.388687 -0.00645819 0.921339
169.29 352.247 0.666241 198.386 0.00459025 -0.380239 -0.00675288 0.924852
