157.783 385.605 1.19898 140.874 0.00221731 0.292983 0.0200221 0.955906
157.991 385.708 1.19891 141.024 0.00294543 0.294129 0.019774 0.955556
158.509 388.564 1.1313 145.208 0.00295249 0.296674 0.0214982 0.954732
158.613 389.156 1.11877 146.072 0.00253688 0.297124 0.0216179 0.954591
159.027 391.126 1.07995 148.934 7.22598e-05 0.299047 0.0213419 0.954
159.235 392.056 1.06715 150.279 -0.0006149 0.298582 0.0236333 0.954091
159.649 393.656 1.05124 152.692 0.00123153 0.278806 0.0301539 0.959873
159.856 394.322 1.04119 153.882 0.00116265 0.255656 0.0313096 0.96626
160.27 395.248 1.0143 156.071 0.00216913 0.186451 0.028561 0.982047
160.477 395.534 0.997493 157.161 0.000689401 0.143425 0.02369 0.989377
160.891 395.741 0.976556 159.346 -0.00566061 0.0411454 0.00778789 0.999107
161.098 395.665 0.982572 160.434 -0.0104376 -0.015551 0.00265276 0.999821
161.305 395.463 0.980122 161.486 -0.0132525 -0.0727447 0.0011083 0.997262
161.409 395.33 0.981029 161.991 -0.0137985 -0.100544 0.00222407 0.994834
161.512 395.169 0.981533 162.482 -0.0133416 -0.128218 0.00334642 0.991651
161.72 394.746 0.991133 163.438 -0.0136307 -0.185913 0.00296503 0.982467
161.823 394.498 0.994266 163.892 -0.0139112 -0.213886 0.00210245 0.976757
162.03 393.908 1.00109 164.762 -0.0134633 -0.269441 0.000480176 0.962923
162.134 393.599 0.999451 165.166 -0.0126523 -0.294097 0.00193995 0.95569
162.238 393.3 0.996241 165.523 -0.0112144 -0.316648 0.00339691 0.948471
162.445 392.557 1.00746 166.268 -0.00954922 -0.355547 -0.000796961 0.934609
162.653 391.864 1.00598 166.908 -0.00737488 -0.386311 -2.3786e-05 0.922339
162.756 391.461 0.988297 167.231 -0.00653555 -0.396738 0.000472926 0.917908
163.068 390.227 0.984504 168.223 -0.000361527 -0.417439 0.00285884 0.9087
163.276 389.34 0.977892 168.97 -0.00459623 -0.425016 0.00338691 0.905168
163.692 387.582 0.961639 170.366 -0.00702858 -0.428356 0.00666478 0.903558
163.899 386.719 0.953851 171.051 -0.00782314 -0.428104 0.0104157 0.903636
164.107 385.751 0.955846 171.849 -0.0087201 -0.428352 0.0116456 0.903495
164.314 384.73 0.958082 172.701 -0.0106661 -0.429245 0.0154844 0.902992
164.729 382.319 0.958356 174.636 -0.0137618 -0.439038 0.0218235 0.898098
164.936 381.121 0.956794 175.597 -0.0159639 -0.449112 0.0230432 0.893036
165.144 379.78 0.964442 176.54 -0.0158798 -0.458369 0.0203933 0.888386
165.558 376.748 0.948391 178.436 -0.00705195 -0.473364 0.0149617 0.880712
165.765 375.252 0.917826 179.385 -0.00627027 -0.475465 0.00831968 0.879673
166.284 371.459 0.8618 181.9 -0.00210266 -0.462135 -0.000267639 0.886807
166.595 369.326 0.832527 183.438 -0.00406293 -0.447135 -0.00234867 0.894454
166.803 367.947 0.815596 184.501 -0.00320164 -0.436707 -0.00096783 0.899597
167.113 365.934 0.794598 186.149 -0.00445457 -0.420697 0.000743815 0.90719
167.217 365.261 0.784812 186.715 -0.00467497 -0.415975 0.00202077 0.909362
167.424 364.008 0.767208 187.807 -0.00431334 -0.409883 0.0047698 0.912116
167.528 363.543 0.760661 188.275 -0.00183801 -0.409209 0.00405871 0.91243
167.735 362.269 0.753628 189.451 0.000443621 -0.409069 0.00440532 0.912493
168.15 359.514 0.714749 191.875 -0.00192559 -0.413144 0.00361204 0.910657
168.357 358.066 0.697566 193.113 -0.00321704 -0.414907 0.00241968 0.909855
168.564 356.636 0.684124 194.325 -0.00115196 -0.415053 -0.00105652 0.909796
168.979 353.746 0.635976 196.846 0.00536259 -0.400274 -0.00918468 0.916334
169.083 352.96 0.616108 197.536 0.00776935 -0.393801 -0.00893234 0.91912
169.394 351.034 0.564909 199.512 0.0039825 -0.366265 -0.00845448 0.930464
169.601 349.86 0.533354 200.86 0.00259591 -0.3461 -0.00608497 0.938174
169.705 349.308 0.520091 201.545 0.00245807 -0.336286 -0.00325141 0.941751
169.912 348.268 0.493605 202.911 0.000174312 -0.317248 -0.000302611 0.948343
170.223 346.788 0.460299 205.025 -0.00171766 -0.295223 0.0033169 0.955421
170.327 346.301 0.456339 205.757 -0.00676525 -0.290048 0.00265897 0.956985
170.637 344.828 0.466331 208.01 -0.0101572 -0.282932 0.00179165 0.959085
170.741 344.418 0.471813 208.642 -0.00464868 -0.282606 0.00461261 0.959214
171.155 342.412 0.438783 211.728 -0.00376044 -0.281589 0.0053009 0.959513
171.466 340.943 0.425208 214.057 -0.00650298 -0.271578 0.00441127 0.962384
171.57 340.495 0.423562 214.792 -0.00460453 -0.265878 0.00427864 0.963986
171.984 338.733 0.397791 217.986 0.00339867 -0.237648 0.00938165 0.9713
172.192 337.847 0.362985 219.749 0.00389172 -0.227668 0.00997195 0.97368
172.606 336.076 0.298022 223.392 -0.000471662 -0.2228 0.0113027 0.974799
172.709 335.716 0.285311 224.117 -0.00073623 -0.222085 0.0102225 0.974973
172.917 334.848 0.250545 225.892 -0.000421997 -0.221028 0.00779112 0.975236
173.539 332.312 0.150265 231.371 -0.00168942 -0.197106 -0.00254854 0.980377
173.85 331.23 0.117578 234.114 -0.00150886 -0.176305 -0.00420064 0.984325
174.057 330.603 0.092526 235.9 0.000879487 -0.161228 -0.00455379 0.986906
174.368 329.758 0.0498942 238.657 4.5447e-05 -0.138745 -0.00507655 0.990315
174.472 329.51 0.0352942 239.568 -0.000212154 -0.131563 -0.00419768 0.991299
174.575 329.278 0.0221467 240.474 -0.000107386 -0.125188 -0.003136 0.992128
174.679 329.064 0.0110914 241.358 2.88038e-05 -0.120036 -0.00163895 0.992768
174.99 328.452 -0.0295868 244.024 -0.000676514 -0.112061 0.0032162 0.993696
175.197 328.055 -0.0564262 245.767 -0.00083139 -0.11194 0.00595422 0.993697
175.404 327.663 -0.0864449 247.438 -0.00141727 -0.115594 0.00736767 0.993268
175.611 327.27 -0.117189 249.02 -0.00178059 -0.122027 0.00898574 0.992485
176.026 326.482 -0.170854 251.89 -0.00263152 -0.132818 0.00813932 0.991104
176.233 326.104 -0.197723 253.219 0.000260371 -0.13425 0.00805172 0.990915
176.44 325.749 -0.230852 254.532 0.0049881 -0.13135 0.0109318 0.991263
176.648 325.405 -0.251136 255.857 0.00238199 -0.126518 0.0117668 0.991892
177.062 324.752 -0.292329 258.472 -0.002295 -0.115329 0.00701625 0.9933
177.27 324.44 -0.300079 259.785 0.00213134 -0.111972 0.00563043 0.993693
177.477 324.122 -0.324147 261.155 0.00306597 -0.109934 0.00399413 0.993926
177.892 323.466 -0.356666 264.01 -0.00382163 -0.112601 0.00363675 0.993626
177.995 323.293 -0.360748 264.719 -0.00593606 -0.115897 0.00415967 0.993235
178.41 322.471 -0.357486 267.702 -0.0040125 -0.132826 -0.00269827 0.991128
178.513 322.243 -0.364996 268.456 -0.00369081 -0.136085 -0.00550058 0.990675
178.617 322.003 -0.365666 269.215 7.44793e-05 -0.138247 -0.0102521 0.990345
178.721 321.758 -0.366429 269.986 0.0047163 -0.139667 -0.0136902 0.990093
178.824 321.51 -0.372792 270.756 0.00733751 -0.141156 -0.0181537 0.989794
178.928 321.266 -0.382741 271.558 0.00712198 -0.142222 -0.0179654 0.989646
179.343 320.246 -0.424772 274.906 0.00458786 -0.144552 -0.0170049 0.98934
179.757 319.221 -0.463347 278.347 0.00206591 -0.140911 -0.0156262 0.989897
179.965 318.674 -0.474775 280.17 0.00323185 -0.139092 -0.0195629 0.990081
180.379 317.582 -0.496643 283.956 -0.00443254 -0.135327 -0.0225031 0.990536
180.69 316.758 -0.49458 286.79 -0.000963787 -0.1349 -0.0272788 0.990483
180.793 316.479 -0.494823 287.73 0.00173269 -0.135492 -0.0293659 0.990342
180.897 316.204 -0.499838 288.678 0.000785395 -0.13659 -0.0295059 0.990188
181.208 315.39 -0.515902 291.511 0.000203944 -0.141992 -0.0212142 0.98964
181.519 314.557 -0.542211 294.303 0.000193761 -0.146584 -0.0138627 0.989101
181.622 314.263 -0.54667 295.24 -0.000923118 -0.145922 -0.0153355 0.989177
181.726 313.971 -0.551945 296.178 -0.00313404 -0.145224 -0.0170554 0.989247
181.83 313.681 -0.555743 297.106 -0.0043088 -0.144376 -0.0198009 0.989315
181.934 313.397 -0.555157 298.034 -0.00489901 -0.143114 -0.0209189 0.989473
182.141 312.828 -0.552484 299.877 -0.00343886 -0.141107 -0.0261809 0.989642
182.244 312.562 -0.557747 300.782 -0.000750726 -0.139886 -0.0238969 0.989879
182.555 311.767 -0.584127 303.51 0.00389104 -0.136953 -0.02289 0.990305
182.763 311.229 -0.604414 305.381 -0.00140766 -0.136558 -0.0234658 0.990353
182.97 310.701 -0.620232 307.212 0.00137621 -0.137176 -0.02197 0.990302
183.281 309.914 -0.657649 309.873 0.0023645 -0.137742 -0.025019 0.990149
183.488 309.422 -0.681842 311.589 -0.00177095 -0.136732 -0.0227014 0.990346
183.592 309.184 -0.694943 312.414 0.00254123 -0.135482 -0.0219636 0.990533
184.007 308.336 -0.756533 315.582 -0.00305483 -0.126621 -0.0165885 0.991808
184.214 307.955 -0.774073 317.034 -0.00331691 -0.121677 -0.0174269 0.992411
184.422 307.63 -0.794489 318.381 0.00515033 -0.118984 -0.0132028 0.992795
184.629 307.325 -0.817686 319.655 0.00410776 -0.11994 -0.00795827 0.992741
184.836 307.024 -0.845933 320.851 0.000690961 -0.13114 -0.000884923 0.991363
185.25 306.226 -0.884478 323.091 -0.00157161 -0.194294 0.0119751 0.980869
185.456 305.66 -0.90143 324.105 -0.00125542 -0.236648 0.00718302 0.971568
185.663 305.032 -0.928889 325.053 0.00267855 -0.277986 0.00938906 0.960536
185.767 304.687 -0.942362 325.507 0.00542677 -0.298553 0.0101097 0.954324
185.87 304.313 -0.95228 325.951 0.00593801 -0.318889 0.00986018 0.947722
186.077 303.498 -0.972522 326.811 0.003513 -0.358853 0.00736818 0.933358
186.181 303.067 -0.987084 327.213 0.00185718 -0.376148 0.00361227 0.926551
186.388 302.131 -0.998713 328.015 -0.000442264 -0.405233 -0.0020815 0.914211
186.492 301.651 -1.00076 328.399 -0.000375959 -0.416389 -0.00483138 0.909174
186.596 301.168 -1.0064 328.764 -0.000143012 -0.424414 -0.00945995 0.905419
186.908 299.601 -1.0096 329.932 0.00660581 -0.435858 -0.0197331 0.899775
187.011 299.103 -1.01093 330.316 0.0076848 -0.436448 -0.019694 0.899481
187.323 297.56 -1.01416 331.529 0.00464445 -0.432005 -0.0218741 0.901594
187.738 295.381 -1.04144 333.324 0.0158631 -0.421251 -0.0166007 0.906653
188.153 293.134 -1.09025 335.253 0.0105449 -0.409041 -0.0248128 0.912117
188.257 292.573 -1.09655 335.747 0.0129774 -0.406807 -0.025393 0.913069
188.464 291.457 -1.11642 336.771 0.0127131 -0.404501 -0.0191895 0.914248
188.775 289.727 -1.14711 338.311 0.0110467 -0.404484 -0.0238813 0.914166
188.879 289.154 -1.15432 338.829 0.0102768 -0.405545 -0.0227879 0.913733
189.293 286.823 -1.18321 340.886 0.00796619 -0.406851 -0.0262071 0.913084
189.708 284.454 -1.20494 342.994 0.0105593 -0.408223 -0.0225169 0.912543
189.812 283.856 -1.20482 343.514 0.0125039 -0.407694 -0.0246699 0.912699
190.019 282.66 -1.22376 344.584 0.00940098 -0.406573 -0.0246886 0.913236
190.434 280.228 -1.26325 346.759 0.0165979 -0.402484 -0.0251929 0.91493
190.745 278.373 -1.31123 348.468 0.0143791 -0.399777 -0.022095 0.916233
191.056 276.28 -1.35407 350.403 0.00882183 -0.399304 -0.0200036 0.916558
191.471 273.676 -1.39704 352.815 0.00729237 -0.401283 -0.013252 0.915829
191.782 271.714 -1.42839 354.568 0.00615262 -0.405145 -0.0166767 0.91408
191.989 270.395 -1.45711 355.735 0.0145132 -0.406801 -0.0138077 0.913297
192.196 269.06 -1.48501 356.902 0.0108817 -0.407914 -0.0188645 0.912761
192.403 267.773 -1.51471 358.041 0.00596533 -0.406758 -0.0215147 0.913263
192.818 265.197 -1.54992 360.318 0.0113625 -0.404576 -0.0244832 0.914106
193.025 263.895 -1.56811 361.496 0.00676136 -0.404029 -0.024034 0.914405
193.129 263.253 -1.57566 362.078 0.00777603 -0.404275 -0.0215073 0.914351
193.336 261.97 -1.58963 363.241 0.0107477 -0.405074 -0.0169102 0.914064
193.751 259.264 -1.62863 365.657 0.00693205 -0.406004 -0.0191576 0.913644
193.855 258.587 -1.63308 366.251 0.00814241 -0.405917 -0.0210702 0.913631
193.958 257.915 -1.6394 366.848 0.0079338 -0.40569 -0.021647 0.91372
194.062 257.244 -1.65196 367.441 0.00949477 -0.404932 -0.0230527 0.914007
194.166 256.567 -1.65786 368.04 0.0103837 -0.40401 -0.0244002 0.91437
194.269 255.891 -1.66081 368.652 0.00852919 -0.403113 -0.0234769 0.914809
194.373 255.212 -1.67169 369.275 0.00593538 -0.402245 -0.0218463 0.915252
194.58 253.889 -1.68938 370.485 0.00987238 -0.400994 -0.0173471 0.915863
194.788 252.214 -1.71276 372.006 0.00828544 -0.399572 -0.0200537 0.916445
194.995 250.796 -1.73173 373.281 0.00593925 -0.397971 -0.0267435 0.916989
195.306 248.739 -1.75247 375.169 0.012779 -0.397092 -0.0257702 0.917328
195.41 248.075 -1.76465 375.792 0.0144102 -0.397412 -0.0223001 0.917256
195.617 246.716 -1.79439 377.055 0.0096356 -0.398594 -0.0219568 0.916814
195.825 245.189 -1.82662 378.433 0.0132772 -0.400744 -0.0211716 0.915849
195.929 244.583 -1.83803 378.982 0.0145478 -0.401904 -0.0203999 0.915339
196.551 240.612 -1.92895 382.54 0.0128271 -0.406604 -0.0194265 0.913308
196.862 238.644 -1.97314 384.268 0.00790055 -0.408973 -0.0223761 0.912238
196.966 238.025 -1.98217 384.824 0.007964 -0.41003 -0.0193822 0.911832
197.173 236.755 -2.00596 385.929 0.00907543 -0.411583 -0.0196981 0.911114
197.277 236.166 -2.01226 386.438 0.00764085 -0.412212 -0.0205254 0.910825
197.484 234.953 -2.03251 387.487 0.00286549 -0.411844 -0.0233087 0.910952
197.588 234.421 -2.03817 387.952 0.00442421 -0.411848 -0.0219523 0.910977
197.899 232.752 -2.06195 389.404 0.0104661 -0.410251 -0.0193596 0.911707
198.002 232.261 -2.07425 389.842 0.00962267 -0.408786 -0.0183027 0.912396
198.313 230.738 -2.11501 391.223 0.0102716 -0.399959 -0.0178894 0.916301
198.624 229.421 -2.15331 392.495 0.00838762 -0.384549 -0.0159221 0.922929
199.039 227.745 -2.19549 394.312 -0.0020879 -0.362517 -0.0112206 0.931907
199.246 227.04 -2.20932 395.137 -0.00235103 -0.352698 -0.00632376 0.935713
199.453 226.396 -2.21635 395.922 -0.000651902 -0.343281 -0.00256499 0.939229
199.971 225.03 -2.25303 397.648 -0.00406839 -0.33237 0.00326548 0.943135
200.592 223.766 -2.28195 399.062 0.000195433 -0.35925 0.00414119 0.933232
200.799 223.372 -2.29058 399.428 -0.000283008 -0.379092 0.00495429 0.925346
201.006 222.96 -2.29149 399.746 -0.000411321 -0.40476 0.00339347 0.914416
201.213 222.524 -2.28989 400.028 -0.00212491 -0.435248 0.000718937 0.900308
201.42 222.066 -2.29107 400.269 -0.00422998 -0.468636 -0.00342583 0.883374
201.627 221.589 -2.29337 400.448 -0.00224846 -0.507012 -0.00943006 0.861884
202.041 220.513 -2.29302 400.703 -0.000623434 -0.595478 -0.00822408 0.803329
202.352 219.557 -2.28214 400.757 -0.00355829 -0.666591 -0.00114801 0.745414
202.559 218.89 -2.27992 400.651 0.00206354 -0.712534 -0.00462477 0.70162
202.662 218.54 -2.27855 400.565 0.00315344 -0.734846 -0.00699194 0.67819
202.87 217.826 -2.26392 400.357 0.000701432 -0.778319 -0.00647259 0.627836
202.973 217.483 -2.26127 400.213 0.000791813 -0.79733 -0.00982453 0.603463
203.077 217.166 -2.26189 400.056 0.00203672 -0.814625 -0.0136623 0.579823
203.284 216.63 -2.25178 399.757 0.00596506 -0.84467 -0.0158965 0.535018
203.388 216.623 -2.2506 399.788 0.00900645 -0.857199 -0.0170261 0.514625
203.803 215.036 -2.20695 398.687 -0.014117 0.88893 0.0166143 -0.457524
204.011 214.15 -2.18964 398.001 -0.0140075 0.900025 0.0157187 -0.435329
204.426 211.937 -2.13787 395.924 -0.0149494 0.920389 0.0133609 -0.39049
204.738 210.263 -2.08607 394.105 -0.0207802 0.929335 0.0115761 -0.368471
204.841 209.78 -2.08684 393.584 -0.0169068 0.932054 0.0158223 -0.361578
205.049 208.739 -2.07377 392.401 -0.0145364 0.935295 0.0171593 -0.353155
205.153 208.231 -2.05403 391.797 -0.0174287 0.936304 0.0158924 -0.350397
205.256 207.698 -2.03684 391.157 -0.0199102 0.936965 0.0146004 -0.348551
205.464 206.54 -2.0155 389.776 -0.0222416 0.937531 0.0160562 -0.34682
205.568 205.998 -2.00753 389.143 -0.0213086 0.937503 0.0141757 -0.347034
205.672 205.398 -2.00095 388.45 -0.0197958 0.937248 0.0125007 -0.347876
205.879 204.148 -1.98593 386.987 -0.0202947 0.936294 0.0137698 -0.35036
205.983 203.53 -1.97915 386.285 -0.016331 0.935854 0.0159606 -0.351647
206.293 201.547 -1.9481 384.038 -0.0132551 0.934444 0.0146703 -0.35556
206.397 200.917 -1.94607 383.333 -0.0131222 0.933884 0.0113492 -0.357156
206.812 198.232 -1.93405 380.353 -0.0083058 0.932673 0.0142079 -0.360347
207.019 196.851 -1.91096 378.818 -0.00887738 0.932527 0.0148756 -0.360685
207.434 194.038 -1.89958 375.677 -0.0116902 0.93266 0.0128037 -0.36034
207.537 193.348 -1.893 374.906 -0.0116755 0.932735 0.0151206 -0.360056
207.744 191.963 -1.87243 373.341 -0.0148196 0.932789 0.0169289 -0.359721
207.848 191.259 -1.85501 372.54 -0.0166624 0.932972 0.0211337 -0.358942
208.055 189.876 -1.82506 370.976 -0.0173652 0.933318 0.0233515 -0.357869
208.366 187.836 -1.77655 368.668 -0.0177083 0.933798 0.0189045 -0.356862
208.677 185.758 -1.75553 366.343 -0.0158107 0.933472 0.0156085 -0.357961
208.988 183.682 -1.73307 363.997 -0.0219741 0.932321 0.0173551 -0.360546
209.092 182.988 -1.7248 363.222 -0.0227085 0.93156 0.0176623 -0.362448
209.196 182.287 -1.71792 362.438 -0.0244643 0.931019 0.0210085 -0.363544
209.299 181.574 -1.70262 361.654 -0.0232036 0.930348 0.0244468 -0.365126
209.506 180.144 -1.67371 360.115 -0.0196155 0.930219 0.0224062 -0.365794
209.61 179.426 -1.65916 359.355 -0.0164331 0.93063 0.0167178 -0.36521
209.817 178.017 -1.63716 357.808 -0.0155198 0.931493 0.0198671 -0.362883
209.921 177.315 -1.62426 357.029 -0.0153181 0.932016 0.0220804 -0.36142
210.024 176.624 -1.60858 356.25 -0.0170002 0.932409 0.021658 -0.360356
210.128 175.947 -1.59739 355.478 -0.021317 0.932902 0.0167753 -0.359107
210.335 174.569 -1.59019 353.916 -0.0232265 0.933755 0.0132999 -0.35691
210.439 173.875 -1.59267 353.125 -0.0222037 0.933989 0.0170297 -0.356204
210.75 171.836 -1.57374 350.782 -0.0248026 0.93424 0.0177143 -0.35534
210.853 171.163 -1.56793 350.009 -0.0261934 0.934003 0.0170917 -0.355894
211.268 168.428 -1.55994 346.934 -0.0218538 0.932947 0.0189693 -0.358849
211.579 166.374 -1.55116 344.651 -0.0201526 0.932509 0.0147852 -0.36028
211.89 164.303 -1.53103 342.363 -0.0176601 0.931784 0.0175941 -0.362156
212.097 162.949 -1.52664 340.87 -0.0217951 0.931204 0.00755481 -0.363767
212.201 162.254 -1.53496 340.111 -0.0203886 0.930662 0.0106395 -0.365156
212.409 160.848 -1.53267 338.595 -0.0159564 0.929347 0.0193555 -0.368354
212.512 160.142 -1.52231 337.846 -0.0144929 0.92875 0.0195895 -0.369905
212.719 158.735 -1.50659 336.366 -0.0161557 0.927381 0.0135119 -0.373526
213.03 156.586 -1.50238 334.161 -0.01461 0.924033 0.014641 -0.381752
213.238 155.136 -1.4917 332.731 -0.0103409 0.921773 0.0154493 -0.387284
213.341 154.406 -1.4872 332.025 -0.00868849 0.920829 0.0162031 -0.389533
213.549 152.951 -1.46868 330.642 -0.00483822 0.918801 0.0130588 -0.394475
213.652 152.236 -1.46147 329.948 -0.00799538 0.918117 0.0146418 -0.395958
213.86 150.801 -1.45184 328.582 -0.011437 0.916825 0.0127645 -0.398921
213.963 150.084 -1.44695 327.902 -0.0126995 0.91645 0.01297 -0.399736
214.067 149.361 -1.44497 327.221 -0.0120224 0.91635 0.014095 -0.399948
214.274 147.913 -1.43962 325.878 -0.00690759 0.917006 0.0124605 -0.398618
214.378 147.187 -1.43334 325.202 -0.00401699 0.917579 0.0120847 -0.39735
214.585 145.777 -1.4242 323.854 -0.00245535 0.91903 0.0137841 -0.393939
214.689 145.06 -1.41726 323.158 -0.00247215 0.919836 0.0119947 -0.392111
214.896 143.668 -1.41071 321.805 -0.0024759 0.921036 0.00597586 -0.389423
215.207 141.611 -1.40292 319.805 0.00938645 0.921839 0.0116096 -0.387285
215.518 139.641 -1.36961 317.89 0.0146063 0.921673 0.0083689 -0.387603
215.726 138.384 -1.34894 316.66 0.0126686 0.920913 0.00479159 -0.389533
216.14 135.916 -1.31719 314.302 0.0145347 0.91688 0.00979578 -0.398777
216.348 134.716 -1.30139 313.223 0.0153975 0.913672 0.00667219 -0.406107
216.762 132.435 -1.28204 311.248 0.0115166 0.905709 0.00923343 -0.423642
216.866 131.896 -1.28367 310.804 0.00880286 0.903765 0.00658138 -0.427888
217.28 129.878 -1.27554 309.191 0.00502135 0.89721 0.0120781 -0.441411
217.488 128.937 -1.2743 308.496 0.0114225 0.895744 0.012436 -0.444249
217.902 127.181 -1.25325 307.141 0.00944917 0.898184 0.00368389 -0.439502
218.109 126.302 -1.23753 306.459 0.0173094 0.903032 0.00349506 -0.42921
218.316 125.485 -1.23312 305.714 0.0157705 0.91102 0.0093298 -0.411956
218.73 124.029 -1.21333 304.129 0.0158037 0.936037 0.00227853 -0.35154
218.833 123.711 -1.20806 303.692 0.0148976 0.943414 0.000811099 -0.331281
218.937 123.408 -1.20349 303.235 0.0154766 0.950803 0.000280212 -0.30941
219.143 122.876 -1.20042 302.269 0.0165925 0.964966 0.00362974 -0.261825
219.247 122.651 -1.19965 301.763 0.0166713 0.97172 0.00467365 -0.235502
219.453 122.296 -1.19571 300.704 0.0150333 0.983573 0.00637443 -0.179772
219.557 122.173 -1.19004 300.179 0.0143217 0.988484 0.0076306 -0.150454
219.66 122.073 -1.18272 299.625 0.0148473 0.992536 0.00875418 -0.120726
219.867 121.969 -1.17398 298.453 0.0149464 0.997994 0.0128415 -0.0601624
220.074 122.021 -1.15617 297.314 0.0101176 0.999824 0.0156713 0.00190631
220.177 122.099 -1.14179 296.729 0.00835648 0.999292 0.0169023 0.032552
220.281 122.203 -1.12461 296.127 0.00956801 0.997861 0.0192971 0.0617283
220.488 122.514 -1.0995 294.929 0.00820525 0.992936 0.0187743 0.116871
220.696 122.951 -1.07183 293.736 0.00707974 0.986355 0.0113908 0.164083
220.799 123.208 -1.0556 293.15 0.00479256 0.982966 0.00690469 0.183593
220.903 123.483 -1.04448 292.575 0.00164784 0.980099 0.00634902 0.198402
221.111 124.095 -1.03465 291.346 -0.0038851 0.976267 0.0111095 0.216252
221.423 124.923 -1.00962 289.74 -0.00976253 0.974533 0.0120791 0.223705
221.631 125.606 -0.979053 288.363 -0.0108671 0.974811 0.0109932 0.222498
221.736 125.886 -0.965097 287.804 -0.0116395 0.975042 0.0102894 0.221474
222.151 127.325 -0.918787 284.846 -0.0177612 0.976388 0.00358235 0.215265
222.359 128.014 -0.900099 283.368 -0.0183082 0.977212 0.00462043 0.211426
222.774 129.477 -0.859871 280.112 -0.0160681 0.978169 0.00460254 0.207139
222.981 130.248 -0.840535 278.398 -0.0160657 0.978303 0.00595176 0.206468
223.084 130.59 -0.829714 277.649 -0.0167271 0.978463 0.00879338 0.205555
223.499 132.189 -0.782963 274.002 -0.0154678 0.979854 0.0021581 0.199106
223.914 133.725 -0.770419 270.277 -0.0174925 0.9827 0.00831199 0.184187
224.019 134.067 -0.764512 269.383 -0.0168125 0.983653 0.00706635 0.179147
224.121 134.396 -0.757311 268.481 -0.0147931 0.984585 0.00614826 0.174171
224.225 134.714 -0.753463 267.581 -0.0131764 0.985498 0.00645822 0.16905
224.328 135.034 -0.750891 266.655 -0.0127648 0.986351 0.00716527 0.164002
224.432 135.342 -0.745295 265.729 -0.0112272 0.987196 0.00856827 0.158888
224.536 135.592 -0.741969 264.943 -0.00821737 0.987931 0.0103613 0.154331
224.847 136.391 -0.715965 262.306 -0.00015101 0.989185 0.0121857 0.146169
225.054 136.937 -0.684852 260.46 0.00537467 0.989123 0.0132136 0.146398
225.261 137.54 -0.650402 258.508 0.00798213 0.98831 0.015575 0.151451
225.468 138.184 -0.614556 256.531 0.0100226 0.987205 0.0163975 0.158292
225.572 138.519 -0.597122 255.575 0.00931753 0.9866 0.0159891 0.162103
225.675 138.875 -0.583796 254.55 0.0113481 0.985876 0.0138378 0.166516
225.779 139.214 -0.572037 253.605 0.0135338 0.985228 0.0117836 0.170304
225.882 139.564 -0.559378 252.648 0.015708 0.984588 0.011321 0.173812
225.986 139.919 -0.552214 251.7 0.0162497 0.983767 0.0148609 0.178097
226.09 140.289 -0.539866 250.72 0.0189001 0.982895 0.0185885 0.18225
226.194 140.657 -0.524077 249.767 0.021622 0.982043 0.0203694 0.186303
226.505 141.815 -0.475522 246.949 0.0268735 0.979718 0.0191938 0.19764
226.608 142.217 -0.461564 246.013 0.0287995 0.978961 0.017925 0.201208
226.815 143.038 -0.435937 244.148 0.0303868 0.977746 0.0189509 0.206712
227.023 143.883 -0.408434 242.303 0.0275061 0.976772 0.0218792 0.211379
227.126 144.301 -0.390787 241.399 0.0277153 0.976501 0.0230397 0.212479
227.438 145.587 -0.34397 238.651 0.0256114 0.97653 0.0181733 0.213079
227.749 146.836 -0.32039 235.931 0.026201 0.976882 0.0152237 0.211623
227.852 147.251 -0.317391 235.039 0.0238281 0.977344 0.0125228 0.209938
227.956 147.66 -0.313003 234.145 0.0224902 0.977757 0.0104998 0.208267
228.06 148.065 -0.314355 233.245 0.0210075 0.978072 0.0122588 0.206841
228.163 148.464 -0.312683 232.356 0.0191787 0.978342 0.0142643 0.205609
228.474 149.637 -0.285737 229.679 0.0211399 0.978379 0.018757 0.204882
228.578 150.024 -0.274931 228.803 0.0211402 0.978253 0.0185766 0.205497
228.785 150.793 -0.258791 227.091 0.0203767 0.97816 0.0146385 0.206331
228.889 151.184 -0.25054 226.234 0.0188242 0.978125 0.0139549 0.206694
228.993 151.57 -0.245004 225.379 0.0180192 0.977963 0.0156463 0.207411
229.096 151.943 -0.236785 224.538 0.0195805 0.977704 0.0185026 0.20825
229.2 152.31 -0.222255 223.712 0.0213146 0.977471 0.0206002 0.208979
229.511 153.4 -0.200143 221.33 0.0225832 0.977067 0.012774 0.211344
229.718 154.107 -0.189495 219.793 0.0231655 0.976704 0.0148423 0.21282
230.133 155.455 -0.171321 216.926 0.0211626 0.975795 0.0157782 0.217088
230.34 156.096 -0.164552 215.6 0.0189936 0.975621 0.015739 0.218072
230.548 156.715 -0.155315 214.331 0.0155498 0.97537 0.0173897 0.219338
230.962 157.822 -0.136934 212.024 0.0173444 0.975078 0.018132 0.22044
231.17 158.319 -0.114867 210.997 0.0162539 0.975455 0.0160313 0.219012
231.481 158.96 -0.113754 209.595 0.0163081 0.976861 0.0185427 0.212446
231.792 159.466 -0.0924001 208.397 0.0180644 0.979002 0.0185379 0.202199
232.103 159.855 -0.0780478 207.406 0.014916 0.98157 0.0245085 0.188937
232.518 160.185 -0.0664415 206.411 0.0151935 0.985295 0.0225465 0.168686
232.932 160.458 -0.0478512 205.498 0.0129929 0.988577 0.0161952 0.149279
233.347 160.695 -0.0316299 204.585 0.0117989 0.991209 0.0123631 0.131198
234.072 161.134 -0.0204377 202.606 0.0102665 0.994334 0.00154776 0.105788
234.383 161.427 -0.00594153 201.359 0.00520795 0.994318 0.000298814 0.106326
234.59 161.65 -0.00260867 200.393 0.00697473 0.993768 0.00291378 0.111216
234.797 161.913 0.00225852 199.337 0.00774106 0.992882 0.0081467 0.118567
235.004 162.229 0.0246484 198.221 0.0047731 0.991535 0.0144369 0.128944
235.212 162.566 0.0441003 197.052 0.00839668 0.989923 0.0184199 0.140155
235.315 162.75 0.0615394 196.447 0.0108858 0.989086 0.0173831 0.145905
235.626 163.385 0.103722 194.558 0.0166129 0.986213 0.0121951 0.164195
235.73 163.619 0.114096 193.901 0.0195071 0.985131 0.0111733 0.170328
235.833 163.861 0.121601 193.232 0.0235581 0.984047 0.0122706 0.175916
236.041 164.384 0.135758 191.882 0.0269569 0.982092 0.0135605 0.185971
236.145 164.67 0.144292 191.189 0.0269637 0.981258 0.0154209 0.190179
236.56 165.862 0.199856 188.327 0.0318978 0.979317 0.0228592 0.198489
236.974 167.152 0.271081 185.345 0.0286968 0.97899 0.0217176 0.200707
237.078 167.492 0.287163 184.578 0.0264601 0.979031 0.0197919 0.201015
237.182 167.834 0.301892 183.806 0.0257609 0.979081 0.0173143 0.201089
237.285 168.173 0.314834 183.038 0.025532 0.979095 0.0144234 0.201278
237.907 170.273 0.390207 178.177 0.0238715 0.979133 0.022066 0.200603
238.218 171.337 0.438768 175.724 0.0222642 0.979434 0.018412 0.199686
238.322 171.69 0.452556 174.903 0.0222904 0.979393 0.01863 0.199864
238.633 172.746 0.493125 172.447 0.0215806 0.979286 0.0201868 0.200316
238.736 173.095 0.509963 171.636 0.0221605 0.979244 0.0213303 0.200339
239.255 174.806 0.563536 167.632 0.0295463 0.978732 0.0161299 0.202361
239.566 175.829 0.578582 165.319 0.0267128 0.978599 0.0172861 0.203299
239.773 176.466 0.587881 163.849 0.0288794 0.978249 0.0184221 0.204585
239.877 176.783 0.592582 163.142 0.0285693 0.978077 0.0197869 0.205321
240.291 177.972 0.615144 160.541 0.0280039 0.976195 0.01992 0.214154
240.499 178.547 0.621476 159.38 0.0251048 0.974382 0.0211744 0.222487
240.913 179.674 0.626146 157.278 0.0311233 0.967188 0.0119043 0.251869
241.12 180.327 0.626441 156.293 0.0278719 0.959587 0.013479 0.279706
241.534 181.803 0.617876 154.536 0.0185985 0.937935 0.0162818 0.34593
241.741 182.62 0.618577 153.755 0.0159096 0.925208 0.0158498 0.378796
241.948 183.498 0.62386 153.031 0.0115953 0.911576 0.0130556 0.410761
242.363 185.451 0.648483 151.646 0.0016985 0.890115 0.0150323 0.455485
242.779 187.658 0.703833 150.225 -0.00635348 0.881013 0.0161715 0.472773
243.194 190.049 0.775498 148.652 0.00232145 0.879394 0.0158477 0.475826
243.298 190.632 0.79058 148.266 0.00588927 0.879285 0.0148672 0.476027
243.712 193.293 0.848457 146.528 0.00573007 0.880151 0.0195539 0.474257
244.127 196.174 0.903788 144.598 0.0126973 0.883716 0.0127255 0.467678
244.231 196.881 0.905802 144.107 0.0142734 0.884714 0.0150723 0.465671
244.334 197.556 0.911251 143.644 0.014057 0.885694 0.0166062 0.463759
244.749 200.682 0.967594 141.43 0.017771 0.888804 0.0204101 0.457489
245.06 203.092 0.987847 139.69 0.0273548 0.889195 0.0146508 0.456475
245.164 203.908 0.986983 139.102 0.028846 0.889148 0.0145435 0.456479
245.371 205.633 0.985398 137.896 0.0198651 0.889316 0.0211894 0.45637
245.475 206.471 0.994909 137.307 0.0166837 0.8888 0.02505 0.457306
245.682 208.166 1.02119 136.11 0.0211234 0.88766 0.0214893 0.459513
245.786 209.002 1.02764 135.526 0.0237403 0.887133 0.017497 0.46057
245.993 210.713 1.0193 134.341 0.0246943 0.885898 0.0172268 0.462902
246.096 211.558 1.01463 133.767 0.0228088 0.885312 0.0184607 0.46407
246.2 212.339 1.01897 133.238 0.0213791 0.884887 0.0215592 0.464815
246.407 214.068 1.03299 132.07 0.0176713 0.884338 0.0245867 0.465864
246.822 217.484 1.04861 129.752 0.0208599 0.884022 0.0201302 0.466546
246.926 218.32 1.05449 129.185 0.0191583 0.88397 0.0232535 0.466572
247.03 219.155 1.05996 128.619 0.0194581 0.884025 0.0243535 0.466399
247.237 220.785 1.07404 127.511 0.021293 0.884774 0.0205964 0.465078
247.34 221.601 1.073 126.949 0.0231239 0.885027 0.0194402 0.464558
247.548 223.239 1.06677 125.815 0.0272175 0.885394 0.0162391 0.46376
247.651 224.045 1.06218 125.255 0.0275089 0.885547 0.0194609 0.463326
247.859 225.681 1.05736 124.112 0.027177 0.886027 0.0234975 0.462239
247.962 226.47 1.06214 123.568 0.0272581 0.88628 0.0228941 0.46178
248.17 228.064 1.06026 122.445 0.0314686 0.886056 0.0231671 0.461928
248.273 228.852 1.06002 121.899 0.0320191 0.885887 0.0225287 0.462247
248.481 230.434 1.05999 120.795 0.0328014 0.884921 0.028313 0.463721
248.584 231.196 1.0599 120.276 0.0322172 0.884435 0.0285351 0.464675
248.688 231.982 1.0649 119.742 0.0325714 0.8838 0.0279239 0.465894
248.999 234.317 1.07895 118.187 0.0283562 0.881685 0.0291132 0.470085
249.206 235.825 1.0934 117.197 0.0285896 0.880453 0.0268673 0.472508
249.31 236.546 1.09374 116.728 0.0287024 0.880021 0.0263265 0.473335
249.621 238.649 1.09599 115.368 0.0267417 0.879686 0.0252006 0.474133
250.036 241.228 1.10345 113.677 0.0228384 0.881927 0.0267802 0.47007
250.243 242.394 1.11178 112.88 0.0212775 0.88529 0.0274895 0.463737
250.658 244.447 1.13329 111.339 0.0240536 0.899269 0.0262851 0.435943
250.865 245.375 1.14637 110.51 0.0233592 0.909429 0.0270121 0.414323
251.073 246.249 1.15949 109.638 0.0204346 0.92131 0.0274839 0.387318
251.488 247.746 1.1992 107.812 0.0150836 0.949025 0.0201346 0.314195
251.696 248.368 1.21207 106.799 0.00903461 0.963164 0.0158446 0.268297
251.8 248.644 1.21794 106.257 0.00424851 0.969931 0.0128859 0.243001
252.007 249.065 1.236 105.135 0.00377526 0.982205 0.0151206 0.187165
252.215 249.345 1.25607 103.991 0.00271466 0.991792 0.0190703 0.126401
252.319 249.438 1.27617 103.444 0.00310396 0.995157 0.0194254 0.0963079
252.423 249.503 1.29588 102.903 0.00332361 0.997589 0.017415 0.067094
252.63 249.526 1.29442 101.733 -0.00329868 0.99991 0.00910723 0.00933078
252.733 249.512 1.29259 101.262 -0.00250516 0.999815 0.00551457 -0.0182481
252.837 249.471 1.29719 100.768 0.00310037 0.99895 0.00353253 -0.0455631
253.044 249.231 1.29453 99.6291 0.00748173 0.994933 0.00469066 -0.100151
253.148 249.055 1.29526 99.0207 0.0069133 0.992004 0.00462979 -0.125933
253.251 248.842 1.30138 98.4112 0.0080179 0.988615 0.00521476 -0.150164
253.459 248.313 1.30813 97.1543 0.00660765 0.980423 0.00542103 -0.196719
253.562 248.039 1.30744 96.5882 0.00608763 0.975949 0.00370034 -0.217881
253.769 247.351 1.30519 95.41 0.0105404 0.967857 -0.00585941 -0.251213
254.08 246.27 1.29465 93.7211 0.0136001 0.95856 -0.000565595 -0.284566
254.286 245.362 1.2993 92.3976 0.0161624 0.954435 0.00558428 -0.297929
254.493 244.42 1.31492 91.1013 0.0222841 0.952346 0.00178233 -0.304198
254.907 242.442 1.33563 88.3525 0.0251083 0.951399 -0.000694408 -0.306935
255.321 240.387 1.33859 85.5181 0.031427 0.951483 -0.0123479 -0.305842
255.424 240.012 1.32619 85.0197 0.0358735 0.95158 -0.0151686 -0.304924
255.631 239.031 1.3087 83.6765 0.0431061 0.951957 -0.0150628 -0.30281
255.839 238.015 1.29496 82.2176 0.0443625 0.952821 -0.00699492 -0.300193
256.253 236.008 1.32164 79.2279 0.0341761 0.953891 -0.00214065 -0.298194
256.461 234.927 1.33047 77.6396 0.0302806 0.954046 -0.00892832 -0.297993
256.668 233.77 1.32195 75.9407 0.0287614 0.953956 -0.00541277 -0.298517
257.083 231.397 1.34881 72.4817 0.025216 0.953236 0.00366002 -0.301151
257.29 230.2 1.36409 70.7593 0.0227682 0.953153 -0.00503347 -0.301588
257.497 229.093 1.36578 69.1715 0.0249433 0.953573 -0.00165382 -0.300122
257.911 226.632 1.39898 65.5996 0.0262574 0.95421 -0.00184621 -0.297978
258.119 225.57 1.39565 64.03 0.0258148 0.954572 -0.00136508 -0.296857
258.533 223.069 1.41816 60.3437 0.0254796 0.954882 0.00432376 -0.295859
258.948 220.593 1.43791 56.7114 0.0259219 0.955175 -0.00101916 -0.294903
259.052 220.051 1.43534 55.9102 0.0267579 0.955333 -0.00218986 -0.294311
259.363 218.293 1.42325 53.2798 0.025958 0.955844 -0.000594857 -0.292726
259.673 216.469 1.43586 50.5532 0.0245258 0.955754 0.00133544 -0.293141
259.777 215.888 1.44044 49.674 0.0225111 0.955687 0.000219764 -0.293522
259.881 215.305 1.44158 48.7988 0.0211392 0.955565 -0.000136279 -0.294022
259.984 214.728 1.44251 47.9309 0.0203689 0.955452 0.001574 -0.294438
260.088 214.17 1.44126 47.0935 0.019762 0.95532 0.00273804 -0.294901
260.399 212.411 1.45124 44.4817 0.017482 0.955281 0.00191816 -0.295176
260.503 211.85 1.45366 43.6404 0.015841 0.955355 0.00059369 -0.295036
260.917 209.469 1.46171 40.1013 0.0144591 0.955262 0.00653892 -0.295335
261.021 208.881 1.47196 39.2334 0.0162264 0.955379 0.00553856 -0.294886
261.332 207.138 1.48103 36.6494 0.0164852 0.956207 0.00184885 -0.292222
261.435 206.559 1.49287 35.7842 0.0187528 0.956497 0.0022755 -0.291129
261.643 205.424 1.50495 34.0365 0.0174284 0.957353 0.0110231 -0.288184
261.746 204.887 1.51869 33.2044 0.0172258 0.957829 0.0111655 -0.286606
261.954 203.778 1.53906 31.4983 0.018586 0.958732 0.00392691 -0.283677
262.057 203.232 1.54655 30.6462 0.0189219 0.959201 0.000171031 -0.282091
262.264 202.138 1.54597 28.9253 0.0214293 0.96029 0.00143924 -0.278175
262.369 201.603 1.54351 28.0561 0.0201738 0.961063 -0.000492188 -0.275592
262.472 201.087 1.54439 27.2105 0.019911 0.961734 -0.00310788 -0.273243
262.575 200.638 1.53905 26.4558 0.0182348 0.962356 -0.002154 -0.271171
262.783 199.598 1.53141 24.7019 0.0180059 0.963793 0.00340962 -0.26602
263.197 197.61 1.54787 21.1908 0.00569842 0.965627 0.00721393 -0.259768
263.509 196.134 1.5557 18.5515 -0.00329392 0.965356 0.00673819 -0.260829
263.612 195.635 1.55681 17.6814 -0.00408712 0.964993 0.0057688 -0.262181
263.716 195.13 1.55671 16.8077 -0.00443835 0.964448 0.00810838 -0.264111
263.82 194.619 1.55745 15.9459 -0.00313672 0.963753 0.00915074 -0.266621
263.923 194.108 1.56557 15.091 -0.00300577 0.962956 0.0113947 -0.269402
264.338 192.007 1.60372 11.6459 -0.0127328 0.959535 0.0113185 -0.281075
264.442 191.474 1.60743 10.8025 -0.013652 0.958759 0.00922011 -0.283743
264.856 189.179 1.6191 7.36529 -0.00343071 0.956667 0.00806065 -0.291054
264.959 188.615 1.62685 6.51433 -0.00436794 0.956144 0.00850234 -0.292741
265.063 188.05 1.62857 5.66414 -0.00451161 0.955552 0.00987376 -0.294622
265.478 185.743 1.63917 2.2633 -0.0060224 0.95423 0.0141174 -0.298681
265.582 185.175 1.64897 1.42653 -0.00631911 0.954087 0.0153552 -0.29907
265.996 182.849 1.6631 -1.95794 -0.00713464 0.953886 0.0106106 -0.299896
266.1 182.262 1.6631 -2.80136 -0.00447481 0.953826 0.0116781 -0.300098
266.204 181.682 1.66973 -3.63492 -0.00294212 0.953862 0.0101691 -0.300058
266.307 181.108 1.67798 -4.46694 -0.00252796 0.953879 0.0101186 -0.300011
266.411 180.536 1.68246 -5.29668 -0.00157415 0.953801 0.0120519 -0.300192
266.618 179.417 1.68851 -6.91177 -0.00016076 0.953536 0.0112713 -0.301067
266.722 178.865 1.69497 -7.70212 0.000939032 0.953435 0.00933235 -0.301451
266.825 178.313 1.69789 -8.48348 0.00299011 0.953306 0.00796306 -0.301886
266.929 177.768 1.6959 -9.25718 0.00409581 0.953083 0.00780809 -0.302582
267.033 177.241 1.69793 -10.0097 0.00431683 0.952681 0.00712544 -0.303856
267.448 175.179 1.69945 -12.93 -0.00428556 0.949714 0.00845677 -0.312974
267.655 174.17 1.70007 -14.2888 -0.00380521 0.947979 0.00827101 -0.318203
267.758 173.67 1.69925 -14.9466 -0.00110487 0.947082 0.011358 -0.320789
267.966 172.691 1.70552 -16.2024 0.004334 0.945603 0.0146803 -0.324961
268.173 171.788 1.71409 -17.3727 0.00257693 0.945151 0.0104904 -0.326455
268.588 170.084 1.70381 -19.5496 0.00355432 0.945311 0.00106311 -0.326148
268.795 169.246 1.70531 -20.6328 0.00586415 0.946117 0.00154037 -0.323769
269.002 168.417 1.69905 -21.715 0.0121912 0.947732 0.00624804 -0.318773
269.416 166.906 1.70351 -23.8766 0.0132062 0.955014 0.00170028 -0.296262
269.831 165.495 1.70975 -26.2323 0.00571117 0.963348 0.00546188 -0.268138
269.935 165.146 1.71704 -26.8456 0.00470293 0.96498 0.00449135 -0.262241
270.038 164.798 1.7224 -27.4858 0.00169231 0.966184 0.00422509 -0.257812
270.142 164.451 1.72392 -28.1445 -0.00285329 0.966942 0.00385217 -0.25495
270.246 164.096 1.7235 -28.8174 -0.0064191 0.967351 0.00340625 -0.253335
270.453 163.338 1.73424 -30.1846 -0.00571889 0.967186 0.00573886 -0.253939
270.557 162.945 1.73751 -30.9036 -0.00763893 0.966615 0.0102167 -0.255916
270.661 162.543 1.74207 -31.6211 -0.00806304 0.965841 0.0129853 -0.258686
270.764 162.127 1.74894 -32.3171 -0.0056875 0.964953 0.0100352 -0.262168
270.868 161.704 1.75956 -33.0221 -0.00536788 0.963742 0.00588272 -0.266716
271.179 160.316 1.77164 -35.2575 -0.0069543 0.959408 0.00865608 -0.281802
271.283 159.82 1.77793 -36.0162 -0.00709796 0.957622 0.00976661 -0.287776
271.594 158.245 1.78182 -38.3 -0.00828943 0.953044 -0.000301988 -0.302719
271.801 157.116 1.76721 -39.8682 -0.00523183 0.951126 0.00195467 -0.308753
271.905 156.53 1.76532 -40.6677 -0.0025223 0.950309 0.0041029 -0.311272
272.009 155.935 1.76608 -41.4761 -0.000862079 0.94948 0.00546082 -0.313778
272.216 154.72 1.77297 -43.1134 -9.19729e-05 0.948755 0.00368866 -0.315992
272.319 154.099 1.78103 -43.9452 0.00246516 0.948899 0.00371462 -0.315548
272.526 152.847 1.78933 -45.652 0.0030529 0.949574 0.00564698 -0.313478
272.837 150.94 1.80577 -48.2863 0.00547766 0.951175 0.00649053 -0.308534
272.941 150.31 1.80988 -49.1683 0.00739918 0.951754 0.00614352 -0.30671
273.045 149.688 1.81121 -50.0462 0.00812123 0.952426 0.00299433 -0.304648
273.148 149.073 1.81213 -50.9176 0.00877902 0.953032 -0.000434699 -0.302741
273.252 148.475 1.80561 -51.78 0.00884735 0.953544 0.000362259 -0.301123
273.563 146.627 1.8094 -54.4877 0.00724807 0.954427 0.00812906 -0.298247
273.667 146.028 1.81825 -55.3725 0.00642794 0.954708 0.00676308 -0.297399
273.978 144.221 1.82398 -58.0471 0.00430043 0.955473 0.00577055 -0.29499
274.081 143.636 1.82653 -58.9239 0.0027724 0.955543 0.00364764 -0.294815
274.392 141.838 1.82153 -61.5839 0.00514739 0.955378 0.00851291 -0.295219
274.496 141.245 1.82797 -62.4614 0.00618157 0.955364 0.0112368 -0.295153
274.6 140.665 1.83909 -63.3181 0.00682146 0.955318 0.0110822 -0.295292
274.703 140.102 1.85011 -64.1566 0.00576379 0.95526 0.00853326 -0.295589
275.118 137.76 1.84586 -67.6239 0.0016608 0.954965 0.00200626 -0.296708
275.222 137.174 1.84226 -68.478 0.00425451 0.954791 0.00249899 -0.297236
275.325 136.591 1.83765 -69.3287 0.00643584 0.954782 0.00561324 -0.297184
275.429 136.017 1.83666 -70.1625 0.00884772 0.954715 0.00720257 -0.297305
275.533 135.456 1.83607 -70.9838 0.00838281 0.954648 0.00629317 -0.297552
275.636 134.91 1.83593 -71.792 0.0069916 0.954593 0.00444587 -0.297797
275.844 133.851 1.82632 -73.3769 0.00329067 0.955255 0.00427679 -0.295734
275.947 133.342 1.82167 -74.1395 0.00379506 0.955909 0.00501675 -0.293596
276.051 132.858 1.81574 -74.8797 0.00336608 0.956653 0.00552326 -0.291158
276.258 131.886 1.81124 -76.3743 0.0063044 0.958491 0.00678034 -0.284974
276.465 130.975 1.81265 -77.8392 0.00595974 0.96041 0.0103909 -0.278334
276.88 129.32 1.81644 -80.6116 0.00274404 0.964136 0.00602293 -0.265327
277.087 128.572 1.80893 -81.9441 0.000886772 0.966443 0.00476398 -0.256835
277.294 127.875 1.80136 -83.2366 0.00120374 0.96881 0.00664017 -0.247714
277.709 126.679 1.79654 -85.6476 -0.00975215 0.971186 0.0141725 -0.237701
277.917 126.132 1.7985 -86.7131 -0.0149062 0.968924 0.0174902 -0.246289
278.124 125.573 1.79857 -87.6677 -0.019047 0.963818 0.0162305 -0.265384
278.332 124.97 1.80235 -88.5334 -0.0228241 0.954291 0.017527 -0.297492
278.436 124.641 1.80135 -88.9205 -0.0227782 0.947379 0.0179577 -0.318797
278.541 124.294 1.79615 -89.2759 -0.0216959 0.938895 0.0173114 -0.343082
278.749 123.561 1.78508 -89.909 -0.0242972 0.917148 0.0159926 -0.397484
278.853 123.167 1.78444 -90.1794 -0.0222696 0.903774 0.0142387 -0.427192
278.957 122.762 1.78191 -90.4067 -0.0171499 0.888844 0.011095 -0.457754
279.165 121.935 1.76899 -90.7661 0.0124548 -0.853476 -0.00618272 0.520946
279.27 121.516 1.76144 -90.9118 0.0122912 -0.833801 -0.00602203 0.551895
279.478 120.654 1.73797 -91.0812 0.00609065 -0.792951 -0.00691909 0.609216
279.581 120.219 1.73448 -91.1214 0.00221105 -0.771185 -0.00690398 0.63657
279.789 119.366 1.72852 -91.0992 -0.00304392 -0.725739 -0.00526826 0.687943
279.892 118.965 1.72207 -91.0491 -0.00427866 -0.701811 -0.00291637 0.712345
279.996 118.571 1.71695 -90.9762 -0.00555245 -0.677557 -0.00183915 0.735447
280.203 117.738 1.71864 -90.7529 -0.00584349 -0.628573 -0.00722666 0.777695
280.411 117.201 1.71792 -90.539 -0.00396731 -0.579933 -0.00360476 0.814647
280.514 117.113 1.70461 -90.5241 -0.00655769 -0.558322 0.000558365 0.829598
280.928 115.787 1.70449 -89.7949 0.00172896 -0.488671 -0.000120958 0.872466
281.341 113.92 1.68487 -88.4473 -0.00173861 -0.459098 0.00648676 0.88836
281.548 113.04 1.68282 -87.8347 -0.00287629 -0.459955 0.00508677 0.887923
281.961 110.767 1.66909 -86.2775 -0.00366857 -0.464482 0.00546811 0.885558
282.375 108.261 1.64769 -84.6028 0.00127866 -0.469332 0.00752517 0.882989
282.686 106.313 1.61851 -83.3397 0.0012223 -0.472087 0.00362817 0.881544
282.79 105.916 1.60862 -83.0897 -0.00130212 -0.473029 0.00190483 0.881044
282.997 104.46 1.59994 -82.1554 -0.00128625 -0.474696 0.00145045 0.880148
283.412 101.272 1.58754 -80.0968 -0.00365684 -0.476493 0.00278064 0.879166
283.515 100.506 1.58258 -79.6184 0.00122206 -0.476679 0.00325111 0.87907
283.619 99.7193 1.57472 -79.1248 0.00559473 -0.476436 0.0051696 0.879176
283.723 98.8794 1.56093 -78.5967 0.00739673 -0.475577 0.00487392 0.87963
283.93 97.2354 1.51871 -77.5441 0.00356797 -0.473138 -0.000984006 0.880981
284.034 96.4155 1.50672 -77.0102 0.000933781 -0.471715 -0.00182382 0.881748
284.137 95.584 1.49498 -76.459 -0.00043708 -0.470493 -0.000851585 0.882403
284.241 94.762 1.48675 -75.9139 -0.000723656 -0.469656 5.40701e-05 0.882849
284.345 93.9217 1.47609 -75.3472 -0.000411331 -0.469018 0.00267233 0.883185
284.552 92.1253 1.44044 -74.1503 1.98289e-05 -0.469102 0.00170403 0.883142
284.863 89.502 1.39719 -72.4171 0.00036002 -0.469616 -0.00168034 0.882869
284.967 88.6101 1.37562 -71.8335 0.00133252 -0.46969 -0.00267556 0.882827
285.278 86.0762 1.33189 -70.1589 0.00432176 -0.470576 -0.0014696 0.882348
285.485 84.3708 1.29551 -69.0336 0.00224869 -0.470949 -0.00167587 0.882156
285.589 83.523 1.28281 -68.4758 -0.000242282 -0.470623 -0.00128417 0.882334
285.796 81.8242 1.26368 -67.3483 -0.00344154 -0.469848 -0.00297295 0.882735
285.9 80.9966 1.25943 -66.8039 -0.00274818 -0.469308 -0.00342399 0.883024
286.211 78.5211 1.23223 -65.137 -0.000352805 -0.466916 0.000149066 0.884302
286.314 77.7076 1.22055 -64.5832 -0.00225072 -0.466524 0.00153938 0.884504
286.625 75.2516 1.18745 -62.9201 -0.0010421 -0.467085 0.00301242 0.884207
286.729 74.3562 1.17183 -62.3321 0.00256492 -0.467407 0.00338911 0.884032
287.04 71.8337 1.10301 -60.6621 0.00499239 -0.468181 0.00209049 0.883616
287.144 71.0166 1.08163 -60.1209 0.000794262 -0.468219 -0.00121973 0.883611
287.351 69.4314 1.05669 -59.0535 -0.00354496 -0.468752 0.000234745 0.883322
287.454 68.5383 1.04516 -58.4735 -0.00322707 -0.468768 0.00222225 0.883313
287.662 66.7607 1.0119 -57.2869 0.00190065 -0.469348 0.00319083 0.883006
287.765 65.9844 0.994228 -56.7793 0.00424345 -0.469824 0.00357558 0.882743
287.973 64.4303 0.946645 -55.7657 0.00696957 -0.470728 0.00196618 0.882249
288.077 63.6514 0.926633 -55.265 0.00640842 -0.47193 0.000279327 0.881612
288.284 62.0865 0.888403 -54.2571 0.000287285 -0.476494 -0.001968 0.879176
288.387 61.3079 0.878345 -53.7723 -0.000949579 -0.479816 -0.00269199 0.877364
288.491 60.5288 0.871808 -53.2911 -0.00354412 -0.483599 -0.00128761 0.875282
288.698 58.8884 0.854625 -52.3226 -0.0025235 -0.492689 -0.00235735 0.870198
288.802 58.0586 0.851075 -51.8666 -3.25824e-05 -0.497313 -0.00223102 0.867568
288.905 57.2761 0.841303 -51.4352 0.00204473 -0.501814 -0.00176336 0.864972
289.216 54.8852 0.813413 -50.1738 -0.00124582 -0.514312 -0.00690081 0.857574
289.527 52.5038 0.790174 -48.9874 0.00428751 -0.524753 -0.00466043 0.851231
289.839 50.0776 0.76437 -47.8377 -0.00415108 -0.534523 -0.00768287 0.845109
289.942 49.2745 0.758258 -47.482 -0.00294257 -0.538526 -0.00797504 0.842566
290.046 48.4763 0.754641 -47.1388 0.000624437 -0.542717 -0.00646409 0.839891
290.15 47.6664 0.753521 -46.7963 0.00248761 -0.546926 -0.00396965 0.837168
290.253 46.8558 0.749894 -46.464 -8.3128e-05 -0.550975 -0.00385931 0.834513
290.357 46.0393 0.744837 -46.1477 -0.0043028 -0.5554 -0.00460084 0.83156
290.461 45.2209 0.743364 -45.831 -0.00743371 -0.560557 -0.00399318 0.828073
290.564 44.4034 0.745702 -45.5304 -0.00710976 -0.56578 -0.00103092 0.824525
290.772 42.8011 0.731207 -44.9462 -0.00339592 -0.574494 0.00737374 0.818468
290.875 41.992 0.722953 -44.6753 -0.00211761 -0.578243 0.00798742 0.815823
291.082 40.3538 0.695888 -44.1515 -0.00387091 -0.584876 0.00430974 0.811102
291.186 39.5371 0.692393 -43.8953 -0.00707754 -0.587901 0.00327743 0.808895
291.29 38.7216 0.686374 -43.6495 -0.00983547 -0.590691 0.00127578 0.806837
291.394 37.9112 0.681704 -43.4213 -0.00834811 -0.593542 -0.00109291 0.804759
291.497 37.1124 0.680585 -43.1979 -0.00569241 -0.596525 0.00117998 0.802574
291.601 36.3295 0.680354 -42.9806 -0.00416892 -0.599712 0.00461296 0.800192
291.912 33.8657 0.654774 -42.3288 -0.0059569 -0.608771 0.000907194 0.793323
292.015 33.0171 0.644393 -42.1151 -0.0055103 -0.611794 0.00333691 0.790991
292.327 30.5586 0.611122 -41.542 7.9443e-05 -0.621185 0.00681976 0.783634
292.534 28.9246 0.574113 -41.2077 -0.000159222 -0.628767 0.00385689 0.777584
292.637 28.1154 0.558622 -41.0573 0.000946372 -0.632605 0.00273548 0.774469
292.844 26.5054 0.529438 -40.7732 0.00105768 -0.639736 0.0019556 0.768592
292.948 25.7041 0.516085 -40.6468 0.00111548 -0.643317 0.000678631 0.765599
293.052 24.9067 0.500483 -40.5306 0.00149096 -0.64682 6.30296e-05 0.762641
293.155 24.125 0.48351 -40.4228 0.00342773 -0.650522 0.00107323 0.759479
293.259 23.3693 0.468954 -40.3264 0.00552133 -0.65417 0.00324746 0.756321
293.57 21.054 0.417267 -40.0647 0.00190057 -0.664427 -0.000450641 0.747351
293.777 19.5291 0.392784 -39.9192 -0.00509251 -0.671202 -0.00380247 0.741248
294.192 16.5519 0.369278 -39.73 -0.00028581 -0.684356 -0.000539113 0.729148
294.296 15.8456 0.360037 -39.7108 0.000127905 -0.687075 -0.00167071 0.726585
294.503 14.4983 0.340244 -39.6744 0.000511609 -0.691056 -0.00360769 0.722792
294.918 12.0415 0.297877 -39.6057 0.00547814 -0.691498 -0.00381739 0.722348
295.125 10.9499 0.280752 -39.5618 0.00695351 -0.686682 -0.0044424 0.726911
295.541 9.05531 0.248553 -39.3772 -0.003506 -0.666983 -0.0102201 0.744994
295.748 8.25879 0.23883 -39.252 -0.00520994 -0.654858 -0.00676522 0.755704
296.163 6.76483 0.225445 -38.9186 0.0039202 -0.618111 -0.0018022 0.786079
296.371 6.05272 0.227342 -38.6743 0.00242018 -0.590918 -0.00205507 0.806726
296.578 5.3838 0.218651 -38.3717 -0.00182778 -0.559421 0.000487997 0.828881
296.786 4.76748 0.203718 -38.0336 -0.00213211 -0.525254 0.00145353 0.850942
297.201 3.58836 0.179424 -37.1539 0.00609626 -0.444306 -0.000112904 0.895854
297.408 3.0413 0.170576 -36.5826 0.0058507 -0.397828 0.00174654 0.91744
297.512 2.77305 0.163924 -36.2736 0.00429703 -0.373615 -0.000588451 0.927574
297.615 2.52004 0.156295 -35.9601 0.00277917 -0.348727 -0.00388047 0.937212
297.823 2.04252 0.140472 -35.2138 0.000602567 -0.296452 -0.0073628 0.955019
298.031 1.63358 0.12549 -34.3841 0.000280634 -0.240099 -0.00932562 0.970704
298.134 1.45193 0.124549 -33.9344 0.00100368 -0.210781 -0.0107983 0.977473
298.238 1.28571 0.126702 -33.4466 0.00183922 -0.181138 -0.0121873 0.98338
298.445 1.01962 0.12729 -32.3688 0.00194743 -0.126297 -0.0120424 0.991917
298.549 0.919405 0.127313 -31.8017 0.00154223 -0.103903 -0.0109089 0.994526
298.755 0.753729 0.125582 -30.5447 0.000718491 -0.0697295 -0.00952237 0.99752
299.065 0.571404 0.115928 -28.5035 0.00114924 -0.037357 -0.00819802 0.999268
299.169 0.527014 0.114305 -27.8073 0.00129201 -0.0298909 -0.00783972 0.999522
299.479 0.434318 0.0994852 -25.4736 0.000624291 -0.012896 -0.00684621 0.999893
299.685 0.398188 0.0959868 -23.812 -0.00177488 -0.00785615 -0.00495135 0.999955
300.099 0.326203 0.0779582 -19.9302 0.00178493 -0.0034267 -0.00573027 0.999976
300.41 0.298859 0.0631002 -17.0025 -0.00218845 0.000193132 -0.00470657 0.999987
300.514 0.291949 0.0627162 -16.0494 -0.00197937 0.000797911 -0.00403967 0.99999
300.721 0.286505 0.0506749 -13.9475 -0.000664284 0.000705383 -0.0017927 0.999998
301.031 0.260962 0.0149556 -10.7323 -0.0003413 -0.0020251 -0.000101185 0.999998
301.135 0.246317 0.00330881 -9.74596 -0.00120591 -0.00295302 0.00064631 0.999995
301.446 0.188082 -0.0327565 -6.60815 -0.00204345 -0.00519969 0.00155644 0.999983
301.757 0.117517 -0.0639778 -3.47684 -0.00134832 -0.00770638 0.00225866 0.999967
301.861 0.0914821 -0.0704455 -2.45327 2.17658e-05 -0.0086035 0.00275724 0.999959
302.171 0.00668167 -0.111602 0.62366 -0.00215706 -0.0098617 0.00132799 0.999948
302.275 -0.0231947 -0.123475 1.65626 -0.00265765 -0.00988051 0.00115675 0.999947
302.586 -0.109237 -0.151807 4.76031 -0.00151528 -0.0097143 -0.000423593 0.999952
302.69 -0.137786 -0.161325 5.78783 -0.00163749 -0.00943641 -0.000460082 0.999954
302.793 -0.165969 -0.170861 6.78711 -0.0018221 -0.00889742 -0.000400811 0.999959
303.104 -0.236545 -0.207498 9.88253 -0.00136856 -0.00762271 0.00108214 0.999969
303.208 -0.259871 -0.216393 10.8745 -0.00088042 -0.00749503 0.0010485 0.999971
303.519 -0.33533 -0.239242 13.8842 -0.00589992 -0.00837855 -0.000364648 0.999947
303.726 -0.390958 -0.242318 15.8703 -0.00581284 -0.010274 -6.86621e-06 0.99993
304.037 -0.498331 -0.252593 18.8977 -0.00308758 -0.0144297 -0.000929709 0.999891
304.244 -0.579125 -0.263057 20.9433 -0.00194531 -0.0162665 -5.64129e-05 0.999866
304.348 -0.617727 -0.264224 21.9716 -0.000256585 -0.0169338 0.00142683 0.999856
304.452 -0.658347 -0.266845 23.0092 -0.000714053 -0.0174003 0.00191874 0.999847
304.659 -0.754492 -0.283524 25.1216 -0.000377918 -0.0172016 -0.000849514 0.999852
304.763 -0.804271 -0.288581 26.1753 0.000309524 -0.0166183 -0.00276777 0.999858
304.866 -0.852078 -0.296332 27.2393 -0.000629951 -0.0158937 -0.00432598 0.999864
304.97 -0.896863 -0.302818 28.3081 -0.0019199 -0.0152951 -0.00485609 0.999869
305.074 -0.936248 -0.306357 29.3853 -0.00316154 -0.0149968 -0.00394742 0.999875
305.177 -0.972578 -0.30835 30.4625 -0.00404609 -0.0146766 -0.00260526 0.999881
305.281 -1.00802 -0.310846 31.542 -0.00429925 -0.0144313 -0.00102285 0.999886
305.488 -1.08472 -0.321838 33.7159 -0.00348975 -0.0145135 -6.42949e-05 0.999889
305.592 -1.12836 -0.326228 34.7953 -0.00339213 -0.0151477 -0.000139852 0.99988
305.696 -1.17156 -0.33207 35.8659 -0.00309666 -0.0159068 7.83475e-05 0.999869
305.799 -1.21792 -0.338755 36.9317 -0.00268324 -0.0167477 -0.000419309 0.999856
305.903 -1.26536 -0.345235 37.9903 -0.00227598 -0.0174607 -0.000529566 0.999845
306.007 -1.3138 -0.353009 39.0464 -0.00201317 -0.0183654 -0.000333437 0.999829
306.214 -1.41372 -0.377977 41.1474 0.000215808 -0.0198675 -0.000637117 0.999802
306.317 -1.46829 -0.391014 42.1867 0.000891587 -0.0203161 -0.00116503 0.999793
306.421 -1.52391 -0.405078 43.2324 0.000498101 -0.0207457 -0.00174662 0.999783
306.628 -1.63182 -0.4354 45.2854 -0.0013736 -0.0211322 -0.00325717 0.99977
306.732 -1.68844 -0.446118 46.3131 -0.00212207 -0.0209377 -0.00400819 0.99977
307.147 -1.87864 -0.489607 50.263 -0.00537933 -0.0183243 -0.00340741 0.999812
307.25 -1.91886 -0.495229 51.1991 -0.00535675 -0.0168819 -0.00328847 0.999838
307.458 -1.98239 -0.508996 52.9815 -0.00500514 -0.0121708 -0.00359136 0.999907
307.665 -2.01331 -0.524828 54.587 -0.00404775 -0.005006 -0.00330165 0.999974
307.872 -2.00535 -0.540719 56.0641 -0.00435018 0.0065165 -0.00187581 0.999968
308.08 -1.95029 -0.562081 57.4578 -0.00320196 0.0240601 -0.00268292 0.999702
308.184 -1.89587 -0.570698 58.0901 -0.00194398 0.0361735 -0.00246169 0.999341
308.287 -1.82343 -0.580583 58.7019 -0.00111564 0.0509097 -0.00284271 0.998699
308.391 -1.7278 -0.592487 59.2851 -0.000559838 0.0682791 -0.00266748 0.997663
308.495 -1.60118 -0.605197 59.8624 -7.53292e-05 0.0883258 -0.00261978 0.996088
308.703 -1.25803 -0.63226 61.0057 0.0011958 0.137972 -0.00101048 0.990435
308.807 -1.03151 -0.642205 61.6392 -0.000234522 0.165692 8.30054e-07 0.986177
309.015 -0.4827 -0.659021 62.7332 -0.00407435 0.228971 0.00128552 0.973424
309.119 -0.15392 -0.665092 63.2747 -0.00482837 0.263267 0.00210106 0.964709
309.327 0.581646 -0.672115 64.1913 -0.00407428 0.33319 0.0035904 0.942844
309.431 0.979468 -0.673002 64.6227 -0.00402894 0.367237 0.00452522 0.930108
309.535 1.42719 -0.673327 65.0005 -0.00437217 0.400768 0.00541437 0.916153
309.743 2.39835 -0.673546 65.6288 -0.00439987 0.46625 0.00807924 0.884605
309.95 3.28657 -0.669654 66.0657 -0.0051023 0.527241 0.0112283 0.849627
310.158 4.31307 -0.664168 66.4119 -0.00879688 0.579321 0.0131537 0.814946
310.262 4.73231 -0.661031 66.5396 -0.0105961 0.602772 0.0128389 0.79774
310.572 6.17494 -0.636053 66.8254 -0.0126374 0.659615 0.0124532 0.751394
310.986 8.83733 -0.564746 66.8775 -0.0202638 0.713518 0.00803903 0.700298
311.089 9.4782 -0.545174 66.9361 -0.0211827 0.727452 0.0067189 0.685798
311.4 11.3607 -0.504281 66.6756 -0.0201719 0.761545 0.00466556 0.647781
311.711 13.4382 -0.461571 66.1887 -0.0162917 0.78989 0.00609791 0.613002
311.814 14.0568 -0.459142 66.0084 -0.0135843 0.798212 0.00719055 0.602181
312.125 16.1917 -0.428245 65.2604 -0.00478981 0.819264 0.0146734 0.573209
312.54 19.607 -0.344942 63.8102 -0.00221772 0.839609 0.0169136 0.542923
312.643 20.4718 -0.30768 63.4029 -0.0034033 0.844581 0.0145756 0.535219
312.85 22.2501 -0.253159 62.5075 -0.00477913 0.853851 0.0154452 0.520266
312.954 23.0896 -0.221855 62.0497 -0.0036209 0.857524 0.0155076 0.514198
313.058 23.8179 -0.197627 61.6605 -0.00166707 0.860845 0.0139891 0.508673
313.575 28.048 -0.112636 59.1957 0.00446827 0.868724 0.0122232 0.495126
313.886 30.5929 -0.0857198 57.6944 0.00276415 0.871485 0.0111427 0.490287
313.99 31.7088 -0.0746209 56.9997 0.00331944 0.872012 0.0119143 0.489328
314.3 34.4449 -0.0386862 55.3194 0.00115106 0.874074 0.0102162 0.485683
314.611 37.3858 -0.0254219 53.493 -0.00130637 0.876202 0.00964386 0.481845
314.715 38.2442 -0.026718 52.9564 -0.00275115 0.877141 0.0095471 0.48013
315.026 41.1529 -0.00167192 51.0984 -0.00424992 0.878955 0.00930799 0.476795
315.129 42.1306 0.00993224 50.4658 -0.00571316 0.879573 0.0101516 0.475622
315.44 45.1717 0.0436288 48.4788 -0.00730992 0.88173 0.00825748 0.471625
315.648 47.1467 0.0579831 47.1727 -0.00793179 0.883073 0.00844007 0.469093
315.751 48.0172 0.0766911 46.58 -0.00695054 0.883337 0.0086404 0.468608
315.959 49.5907 0.108968 45.5243 -0.00923887 0.883792 0.00980129 0.467686
316.063 50.5306 0.118904 44.8899 -0.00956939 0.884152 0.0102362 0.466989
316.373 52.9815 0.15952 43.2359 -0.00950496 0.88517 0.0127956 0.464995
316.477 53.7294 0.173631 42.7282 -0.00930581 0.885681 0.0141969 0.463984
316.684 55.1913 0.206778 41.7176 -0.0074156 0.886234 0.0145488 0.46295
316.788 56.0172 0.221242 41.1523 -0.00682835 0.886604 0.01388 0.46227
316.891 57.0894 0.239296 40.4156 -0.0068235 0.88681 0.0131095 0.461897
316.995 58.13 0.254776 39.6978 -0.00684753 0.88692 0.0133936 0.461678
317.306 60.8837 0.302285 37.7903 -0.00672575 0.886871 0.0158991 0.461695
317.617 63.6154 0.36042 35.9073 -0.00782354 0.886896 0.014842 0.461665
317.72 64.5678 0.377675 35.2491 -0.00818969 0.886974 0.0146233 0.461515
317.928 66.4036 0.414037 33.9753 -0.00766252 0.8871 0.0146886 0.461279
318.031 67.2478 0.432095 33.3961 -0.00740288 0.887186 0.0146428 0.46112
318.135 68.1101 0.449245 32.7972 -0.0073292 0.887326 0.0144985 0.460856
318.342 69.8232 0.479756 31.6032 -0.00701907 0.888028 0.0137565 0.459531
318.446 70.6624 0.491739 31.0165 -0.00649651 0.888517 0.012257 0.458633
318.757 73.1404 0.51809 29.2535 -0.00465764 0.890313 0.011466 0.455181
318.86 73.9473 0.523714 28.6705 -0.00399911 0.890973 0.0126787 0.453861
319.171 76.2836 0.54598 26.9662 -0.00381362 0.893117 0.0143419 0.44958
