301.964 -0.00584636 -0.00593173 0.584019 0.000123875 -0.00821498 0.00408072 0.999958
302.171 -0.00922354 -0.00842587 0.713508 -0.000581902 -0.00900334 0.00316216 0.999954
302.482 -0.0832304 -0.0472645 3.71208 -0.00247592 -0.00923559 0.00174273 0.999953
302.586 -0.109034 -0.0565901 4.70307 -0.00173205 -0.00928333 0.000890384 0.999955
302.897 -0.181371 -0.0884552 7.67061 -0.00173732 -0.00830345 0.000474625 0.999964
303.104 -0.218905 -0.108891 9.63256 -0.00197362 -0.00751215 0.00159386 0.999969
303.208 -0.239042 -0.120393 10.6031 -0.00120455 -0.00717719 0.00189104 0.999972
303.415 -0.281168 -0.142519 12.5592 -0.00179807 -0.0072842 0.00155287 0.999971
303.519 -0.304778 -0.151023 13.5505 -0.00416313 -0.00768675 0.00103223 0.999961
303.83 -0.37742 -0.163509 16.4568 -0.00560294 -0.0102171 0.000621156 0.999932
303.934 -0.408835 -0.166898 17.4253 -0.00428288 -0.0118354 -0.00040221 0.999921
304.141 -0.478307 -0.172508 19.3894 -0.00284439 -0.0143051 -0.000316168 0.999894
304.244 -0.512867 -0.177469 20.3839 -0.00318691 -0.0152501 -5.07372e-05 0.999879
304.348 -0.55047 -0.183031 21.3897 -0.00174071 -0.0162139 0.000558369 0.999867
304.452 -0.585454 -0.185306 22.3981 -6.74681e-05 -0.0169842 0.00201558 0.999854
304.555 -0.623639 -0.188951 23.4201 -0.000489546 -0.0175032 0.00249867 0.999844
304.659 -0.669119 -0.198041 24.4494 -0.00111638 -0.0175668 0.00140756 0.999844
304.763 -0.716028 -0.204736 25.4817 -0.000138206 -0.017281 -0.000367541 0.999851
304.97 -0.808552 -0.220459 27.5727 -0.000318546 -0.0160887 -0.00393231 0.999863
305.074 -0.849436 -0.230079 28.632 -0.00162942 -0.0156101 -0.00452977 0.999867
305.177 -0.8878 -0.238049 29.6954 -0.0028834 -0.0153467 -0.003655 0.999871
305.281 -0.923004 -0.244598 30.7609 -0.00376935 -0.0151377 -0.00232637 0.999876
305.385 -0.957048 -0.250808 31.8248 -0.00404095 -0.0150148 -0.000838262 0.999879
305.488 -0.990173 -0.256686 32.8876 -0.0037248 -0.0149816 3.34603e-05 0.999881
305.592 -1.02828 -0.263786 33.9476 -0.00317954 -0.0152138 0.000141867 0.999879
305.696 -1.07034 -0.271066 35.0038 -0.00308353 -0.015828 5.08216e-05 0.99987
305.799 -1.11232 -0.280941 36.0524 -0.0027886 -0.0167105 0.000183396 0.999856
306.007 -1.20209 -0.303774 38.148 -0.00200983 -0.0182916 -0.0006066 0.99983
306.11 -1.24782 -0.314607 39.1938 -0.00174119 -0.0192479 -0.000547566 0.999813
306.214 -1.29658 -0.32606 40.2308 -0.000821758 -0.0199875 -0.000407301 0.9998
306.317 -1.34755 -0.339757 41.2616 0.000540939 -0.0208066 -0.000782666 0.999783
306.421 -1.39966 -0.354819 42.2905 0.00122675 -0.0213886 -0.00127671 0.99977
306.525 -1.45214 -0.371219 43.3163 0.000839513 -0.021912 -0.00189423 0.999758
306.628 -1.50834 -0.386859 44.335 2.88147e-05 -0.0222607 -0.00253879 0.999749
306.732 -1.56224 -0.401994 45.3423 -0.00100117 -0.0224137 -0.00344452 0.999742
306.836 -1.61736 -0.416015 46.3467 -0.00170504 -0.0222982 -0.00417682 0.999741
307.147 -1.76943 -0.449777 49.3068 -0.00429488 -0.0207524 -0.00396372 0.999768
307.458 -1.88817 -0.480215 52.065 -0.00462351 -0.0164211 -0.00362391 0.999848
307.561 -1.91984 -0.489935 52.9997 -0.00448516 -0.0138453 -0.00381601 0.999887
307.769 -1.95401 -0.511747 54.748 -0.00355004 -0.00707326 -0.00346698 0.999963
308.184 -1.90142 -0.558153 57.7908 -0.00278197 0.0210719 -0.00295432 0.99977
308.287 -1.84714 -0.568511 58.537 -0.00155272 0.0325724 -0.00265048 0.999465
308.807 -1.22697 -0.635858 61.5948 0.00145015 0.133158 -0.00114756 0.991093
308.911 -1.01123 -0.646823 62.184 -4.50401e-05 0.161391 -0.0001866 0.986891
309.119 -0.485294 -0.666756 63.1666 -0.00393343 0.22593 0.00119255 0.974135
309.223 -0.17452 -0.673688 63.5766 -0.00487414 0.261439 0.00193796 0.965206
309.431 0.554305 -0.681541 64.3805 -0.00419132 0.332718 0.00317082 0.943012
309.535 0.965653 -0.684835 64.6983 -0.00408766 0.368139 0.00403266 0.929753
309.639 1.39056 -0.684208 65.0221 -0.00357869 0.402251 0.00534727 0.915507
309.847 2.32044 -0.683439 65.5998 -0.00291891 0.468312 0.0083479 0.883519
310.054 3.37948 -0.677256 66.0564 -0.00351704 0.529022 0.0120725 0.848515
310.262 4.50115 -0.669805 66.3895 -0.00641223 0.581149 0.0144417 0.813644
310.469 5.68841 -0.648578 66.6113 -0.00831 0.625848 0.015005 0.779756
310.572 6.29247 -0.634707 66.669 -0.00924433 0.644947 0.0145647 0.764032
310.675 6.80596 -0.627251 66.7567 -0.0102107 0.661844 0.0148667 0.749424
310.986 8.70414 -0.581766 66.8407 -0.016413 0.702468 0.0124409 0.711418
311.193 9.99058 -0.548267 66.7838 -0.0196 0.728431 0.00874972 0.684782
311.296 10.6644 -0.519789 66.7142 -0.0203669 0.740681 0.00729786 0.671508
311.4 11.3404 -0.489751 66.6194 -0.0210013 0.751929 0.00569977 0.658885
311.607 12.7992 -0.441276 66.3292 -0.0191247 0.772635 0.00541139 0.63454
311.814 14.2819 -0.392659 65.9408 -0.0167122 0.790977 0.00568269 0.611591
311.918 14.9691 -0.370715 65.7279 -0.0149079 0.799375 0.00554609 0.600622
312.022 15.7273 -0.343407 65.4651 -0.0125508 0.807095 0.00608868 0.590257
312.332 18.0174 -0.283694 64.5562 -0.00667773 0.826561 0.013295 0.56265
312.436 18.8039 -0.264779 64.2205 -0.00550325 0.831598 0.0154711 0.555135
312.747 21.3033 -0.203946 63.0799 -0.00500095 0.84577 0.0116087 0.533399
312.85 22.1448 -0.188896 62.6592 -0.00573115 0.850553 0.0122727 0.525715
313.058 23.8874 -0.151278 61.718 -0.00294717 0.858352 0.0151043 0.51283
313.161 24.6396 -0.140314 61.2821 0.000770097 0.861348 0.015199 0.507787
313.265 25.6547 -0.118159 60.6714 0.00452027 0.863413 0.0139549 0.504285
313.575 28.3561 -0.0807452 59.0972 0.00672569 0.868787 0.012617 0.49498
313.679 29.1916 -0.0673481 58.6023 0.00615193 0.869752 0.0136767 0.493261
313.886 31.0058 -0.0423515 57.5056 0.00612374 0.871782 0.0138514 0.489659
313.99 31.8413 -0.0279935 56.9957 0.0055338 0.872528 0.0133075 0.488351
314.197 33.5239 0.00201059 55.9489 0.00631121 0.873814 0.0131765 0.486041
314.3 34.4015 0.0155597 55.4052 0.00472637 0.874379 0.0117421 0.485078
314.508 36.2201 0.0316286 54.2687 0.00256541 0.875468 0.0115238 0.483132
314.611 36.9315 0.0385945 53.8084 0.00244575 0.876057 0.0110926 0.482074
314.818 38.7836 0.0588559 52.6231 0.000243755 0.877425 0.010673 0.479595
315.233 42.6069 0.101596 50.1507 -0.0026111 0.879567 0.011262 0.475635
315.544 45.5319 0.137617 48.2196 -0.00404001 0.88143 0.00918173 0.472208
315.648 46.4915 0.154595 47.5679 -0.00475485 0.881887 0.00935401 0.471345
315.855 48.392 0.174814 46.2882 -0.00419137 0.882929 0.00929127 0.469397
315.959 49.3226 0.188694 45.6533 -0.00472437 0.883251 0.010109 0.468768
316.166 51.3203 0.205832 44.3026 -0.00710158 0.884267 0.0104353 0.466811
316.269 52.2571 0.218359 43.6629 -0.00785197 0.884627 0.0104278 0.466116
316.373 53.1731 0.232039 43.0316 -0.0081877 0.88504 0.0110172 0.465312
316.477 53.8933 0.249984 42.53 -0.00843925 0.885129 0.0113971 0.46513
316.684 55.8529 0.285333 41.1678 -0.00882565 0.885676 0.0121657 0.46406
316.788 56.6332 0.301261 40.6224 -0.00819338 0.885936 0.0118002 0.463584
316.995 58.3552 0.328419 39.4272 -0.00715306 0.886334 0.0103246 0.462875
317.099 59.0916 0.340361 38.9064 -0.00640407 0.886332 0.0108602 0.462878
317.41 61.684 0.380855 37.0982 -0.00573204 0.886319 0.0136931 0.462838
317.72 64.3444 0.429024 35.2543 -0.00654421 0.886281 0.012942 0.462922
317.824 65.1541 0.446951 34.6912 -0.00656636 0.886341 0.0129807 0.462805
318.031 66.8339 0.480248 33.5201 -0.00564539 0.886415 0.0133372 0.462664
318.135 67.7042 0.495032 32.9053 -0.0054024 0.886493 0.0134362 0.462516
318.238 68.5744 0.512247 32.2899 -0.00534691 0.886644 0.0132778 0.46223
318.446 70.2971 0.54028 31.0801 -0.00504606 0.88733 0.0124581 0.460938
318.55 71.1449 0.552542 30.4805 -0.00455724 0.887839 0.0109581 0.460001
318.653 71.9754 0.563196 29.8858 -0.00360745 0.888427 0.0097523 0.4589
318.964 74.4308 0.577503 28.1216 -0.0020952 0.890305 0.0113641 0.455217
319.275 76.775 0.592357 26.4058 -0.00192003 0.892452 0.0130265 0.450951
319.379 77.5208 0.600327 25.8446 -0.00136048 0.893312 0.0129726 0.449247
319.482 78.2484 0.606325 25.2917 -0.000683219 0.894197 0.0130032 0.447483
319.586 78.9569 0.61268 24.7506 -0.000380736 0.894826 0.0136662 0.446205
319.897 80.9747 0.624129 23.2221 0.00450059 0.894186 0.0141326 0.44745
320 81.6155 0.63144 22.742 0.00509062 0.893345 0.0152509 0.449085
320.415 84.0984 0.647549 20.9788 0.00854961 0.88484 0.0184954 0.46545
320.622 85.2617 0.660765 20.224 0.00896518 0.877855 0.0197586 0.478435
321.036 87.4216 0.673371 19.0483 0.0117308 0.849999 0.02507 0.526056
321.242 88.4355 0.678951 18.6789 0.012114 0.823856 0.0251448 0.566111
321.345 88.9314 0.68277 18.5485 0.0114305 0.807387 0.0245985 0.589398
321.449 89.4211 0.68524 18.4531 0.01153 0.788727 0.0243147 0.614154
321.552 89.9123 0.688194 18.3892 0.0117712 0.767923 0.0243242 0.639972
321.759 90.89 0.69321 18.3592 0.0122348 0.720329 0.0268523 0.693004
321.965 91.8559 0.691765 18.5146 0.0105022 0.667087 0.0244491 0.744504
322.172 92.795 0.695201 18.8118 0.00873981 0.61093 0.0250046 0.791242
322.276 93.2356 0.702485 19.0023 0.00601093 0.582225 0.0256205 0.812602
322.483 94.0592 0.708687 19.4881 -0.000902872 0.524919 0.0228225 0.850846
322.587 94.4489 0.707344 19.7555 -0.00243168 0.497787 0.0220611 0.867015
322.691 94.8164 0.708213 20.0325 -0.00224908 0.472465 0.0209293 0.881098
322.898 95.3693 0.717316 20.5087 -9.87297e-05 0.428042 0.0169427 0.9036
323.21 96.4457 0.741948 21.636 -0.00262906 0.383168 0.00663048 0.923651
323.626 98.0427 0.755501 23.4846 -0.00460585 0.347923 0.00837469 0.937474
323.73 98.3968 0.761155 23.9357 -0.0043834 0.342196 0.00528638 0.939603
324.041 99.6852 0.775681 25.5379 -0.00120124 0.33118 0.0088263 0.943526
324.353 100.945 0.776896 27.1448 0.00119449 0.327011 0.00921931 0.944975
324.768 102.875 0.773916 29.6767 0.00363703 0.315894 0.0134286 0.948692
325.182 104.994 0.76008 32.6111 0.00683652 0.306898 0.0129692 0.951629
325.493 106.681 0.748831 34.9826 0.00424691 0.302862 0.018651 0.952842
325.597 107.253 0.752668 35.7927 0.00399408 0.301579 0.0197296 0.953229
325.804 108.398 0.757961 37.4859 0.000114469 0.299531 0.0147334 0.953973
325.908 109.009 0.762345 38.397 -0.0028196 0.298873 0.0124273 0.954208
326.115 110.239 0.770398 40.2057 -0.000976713 0.299168 0.00997506 0.954148
326.219 110.844 0.777374 41.081 0.00132747 0.299107 0.00971994 0.954169
326.53 112.739 0.765761 43.825 0.00110788 0.299426 0.0115285 0.954049
326.737 113.994 0.763824 45.6631 -0.00017847 0.299732 0.00944618 0.953977
326.841 114.633 0.759352 46.5871 8.39619e-05 0.299509 0.0092359 0.954049
326.944 115.285 0.75706 47.5247 0.00216792 0.299116 0.0102473 0.954159
327.151 116.609 0.73921 49.4423 0.00444201 0.29725 0.0124157 0.954709
327.462 118.521 0.703807 52.281 0.000315582 0.295862 0.0108459 0.955169
327.773 120.392 0.672931 55.0266 0.00384095 0.296328 0.0111845 0.955013
327.877 121.035 0.665928 55.9513 0.0015188 0.296702 0.0144371 0.95486
327.981 121.669 0.66039 56.8695 -0.000923664 0.297156 0.0162769 0.95469
328.084 122.291 0.659547 57.7764 -0.00142152 0.297515 0.0155263 0.95459
328.188 122.919 0.660841 58.6952 0.000256146 0.29802 0.0141744 0.954454
328.292 123.548 0.657142 59.6192 0.0012534 0.298489 0.0111902 0.954347
328.395 124.225 0.655218 60.6162 0.00110977 0.299132 0.00970347 0.954162
328.706 126.139 0.650394 63.3994 -0.00257437 0.300073 0.00903325 0.95387
328.81 126.789 0.654624 64.3317 -0.000157841 0.300094 0.00946694 0.953863
328.913 127.417 0.653223 65.2339 0.00071779 0.300489 0.0103598 0.953729
329.017 128.058 0.650519 66.1641 -0.00136835 0.300764 0.0113399 0.95363
329.432 130.668 0.667988 69.8807 -0.00101471 0.301263 0.0180965 0.953369
329.535 131.311 0.674945 70.7954 -0.00124572 0.301291 0.0195151 0.953332
329.639 131.974 0.682474 71.7355 -0.000729224 0.30115 0.0208773 0.953348
329.846 133.286 0.688032 73.6118 0.00359893 0.300687 0.0214423 0.953475
330.157 135.309 0.681792 76.5386 0.00129732 0.300297 0.020418 0.953626
330.261 135.992 0.686683 77.5244 -0.000693825 0.300298 0.0201145 0.953633
330.364 136.685 0.695598 78.5187 -0.00236335 0.300701 0.0210137 0.953484
330.468 137.382 0.70709 79.5105 -0.00317792 0.301053 0.0217125 0.953355
330.572 138.076 0.718582 80.4948 -0.00163928 0.30153 0.0217037 0.953208
330.675 138.768 0.730243 81.4833 0.000566293 0.301821 0.020885 0.953136
330.986 140.853 0.739089 84.4626 0.00156041 0.301652 0.0205633 0.953195
331.09 141.546 0.74098 85.4522 0.00358643 0.301203 0.0202099 0.953339
331.193 142.244 0.737587 86.448 0.00432209 0.300767 0.0204116 0.953469
331.297 142.93 0.731094 87.428 0.0033629 0.30038 0.0207739 0.953588
331.608 144.998 0.719573 90.4239 -0.000286434 0.298284 0.0201129 0.954265
331.711 145.668 0.715057 91.401 0.00375947 0.297918 0.018226 0.95441
331.815 146.34 0.70389 92.3874 0.0074988 0.297383 0.0151752 0.954608
331.918 147.021 0.688123 93.3798 0.00755051 0.296725 0.0151922 0.954812
332.022 147.666 0.668696 94.3267 0.00487153 0.296002 0.0160329 0.95504
332.125 148.337 0.660273 95.303 0.00222455 0.295779 0.017795 0.955088
332.54 151.008 0.659528 99.2313 -0.00178259 0.296366 0.0180795 0.954902
332.643 151.673 0.661577 100.198 -0.0018322 0.296744 0.0183605 0.954779
332.747 152.331 0.66029 101.152 0.000785469 0.297104 0.0179761 0.954676
332.851 152.977 0.65836 102.093 0.00513851 0.297282 0.0156935 0.954647
332.954 153.614 0.651376 103.018 0.00617931 0.297571 0.0145886 0.954568
333.265 155.599 0.627135 105.936 -0.00674817 0.298971 0.0122022 0.95416
333.369 156.266 0.637362 106.893 -0.00942872 0.299561 0.013847 0.95393
333.473 156.922 0.651805 107.84 -0.00968388 0.299954 0.0129264 0.953817
333.576 157.578 0.662031 108.764 -0.00393404 0.300074 0.0147363 0.953794
333.68 158.232 0.662741 109.676 0.0050366 0.300079 0.0162849 0.953762
333.887 159.54 0.6354 111.546 0.0052945 0.299855 0.01771 0.953806
333.991 160.201 0.626995 112.491 -0.000688456 0.299616 0.0196035 0.953858
334.198 161.494 0.644615 114.36 -0.00883391 0.299657 0.01999 0.953797
334.509 163.368 0.684421 117.099 -0.00727388 0.29933 0.0151829 0.954001
334.82 165.251 0.685268 119.814 0.00217934 0.301276 0.0119891 0.953459
334.924 165.878 0.676601 120.7 0.00293238 0.302199 0.0125639 0.953157
335.027 166.505 0.671064 121.58 0.000525966 0.302953 0.0137056 0.952907
335.131 167.13 0.668934 122.46 -0.00441049 0.303377 0.0149483 0.952743
335.235 167.748 0.67609 123.337 -0.00932998 0.30318 0.0146802 0.952774
335.442 168.954 0.697305 125.085 -0.0111608 0.302609 0.00961018 0.953001
335.546 169.542 0.706453 125.936 -0.00795552 0.302122 0.00698275 0.953211
335.649 170.129 0.70909 126.772 -0.00297996 0.301233 0.00712775 0.953519
335.856 171.286 0.693223 128.432 0.000827881 0.29948 0.00941101 0.954056
335.96 171.854 0.685539 129.243 -0.00153117 0.298553 0.0120102 0.954316
336.271 173.42 0.665228 131.517 0.00131419 0.29644 0.0141155 0.954946
336.478 174.415 0.645318 132.982 0.00299768 0.295323 0.0118569 0.955319
336.893 176.27 0.598132 135.779 -0.00269131 0.293041 0.00596873 0.956077
336.997 176.709 0.593267 136.442 -0.00695429 0.291966 0.00610477 0.956384
337.204 177.544 0.582319 137.704 -0.00739239 0.289719 0.00643455 0.957061
337.619 179.035 0.577663 140.011 -0.00762497 0.285364 0.00548574 0.958373
338.137 180.632 0.578282 142.486 -0.0109115 0.294114 -0.00202455 0.955706
338.345 181.232 0.577881 143.345 -0.0100115 0.306701 -0.00569089 0.951736
338.552 181.842 0.582128 144.108 -0.0103045 0.327457 -0.00359455 0.944803
338.76 182.467 0.580352 144.764 -0.00760749 0.355817 -0.000215253 0.934525
339.072 183.464 0.568446 145.628 -0.00563187 0.409623 0.00335619 0.912231
339.28 184.213 0.570903 146.112 -0.00105389 0.447705 0.00923834 0.894133
339.487 184.957 0.567033 146.517 -0.000590886 0.486692 0.0115716 0.873497
339.591 185.348 0.568021 146.691 -0.000742441 0.506054 0.0139865 0.862388
339.695 185.75 0.575876 146.845 -0.001324 0.526936 0.0156195 0.84976
339.902 186.581 0.589656 147.099 -0.000774886 0.571677 0.0174948 0.820292
340.006 187.016 0.593324 147.19 -0.00171553 0.593782 0.018443 0.804413
340.11 187.461 0.598531 147.265 -0.00294387 0.616118 0.0182674 0.787437
340.317 188.408 0.615488 147.35 -0.00401301 0.660627 0.0158407 0.750537
340.421 188.829 0.626968 147.351 -0.0026861 0.68229 0.0138644 0.730945
340.524 189.297 0.63669 147.322 -0.00125751 0.702558 0.0118186 0.711527
340.731 190.313 0.647777 147.188 0.000184657 0.740423 0.00930153 0.672077
340.939 191.251 0.656717 146.977 -0.0024208 0.774305 0.00934421 0.632739
341.042 191.742 0.670985 146.819 -0.00237713 0.789441 0.010311 0.613736
341.146 192.229 0.682477 146.633 -0.00183093 0.803502 0.011798 0.595183
341.353 193.229 0.687094 146.212 -0.00354996 0.828092 0.0106021 0.560481
341.457 193.497 0.693541 146.077 -0.00214871 0.83823 0.00836937 0.545248
341.663 194.532 0.716501 145.512 0.00389802 0.854093 0.00796725 0.520044
342.077 196.678 0.73059 144.196 0.0080154 0.873743 0.0112145 0.486192
342.491 199.155 0.776667 142.54 0.00865692 0.882466 0.0149724 0.470059
342.698 200.41 0.806572 141.633 0.0141007 0.885843 0.0129447 0.463591
343.112 203.435 0.816358 139.45 0.0205578 0.888981 0.0104518 0.457364
343.216 204.212 0.823178 138.89 0.0174646 0.889248 0.0127173 0.456915
343.423 205.843 0.844117 137.726 0.0114617 0.889007 0.0186236 0.457371
343.526 206.581 0.86495 137.183 0.0115935 0.88898 0.0178741 0.457451
343.837 209.138 0.891816 135.336 0.018664 0.888846 0.0122747 0.45766
343.941 209.853 0.896478 134.802 0.0183874 0.888658 0.0143171 0.457978
344.252 212.35 0.914843 133.024 0.0159046 0.886837 0.0209476 0.461333
344.666 215.849 0.950633 130.614 0.0173077 0.883786 0.015154 0.467326
344.77 216.73 0.961074 129.99 0.0173706 0.883261 0.0177642 0.468222
345.08 219.328 0.988401 128.236 0.0153512 0.881689 0.0212405 0.471102
345.288 221.002 1.00541 127.11 0.0180581 0.881526 0.0166536 0.471495
345.391 221.893 1.00611 126.498 0.0205126 0.881384 0.0142532 0.471739
345.599 223.629 1.0049 125.319 0.0212407 0.881747 0.0154872 0.47099
345.702 224.473 1.00381 124.733 0.0210819 0.881881 0.0198185 0.470583
345.91 226.152 1.01006 123.6 0.0202497 0.882489 0.0196064 0.469488
346.013 226.971 1.01635 123.031 0.0226312 0.882588 0.0200126 0.469175
346.117 227.782 1.01848 122.467 0.0237179 0.882668 0.0196529 0.468986
346.324 229.421 1.02333 121.347 0.025228 0.882812 0.0201665 0.468615
346.531 231.052 1.0285 120.232 0.0245599 0.881956 0.0245327 0.470052
346.635 231.847 1.03612 119.691 0.0245673 0.881659 0.0238218 0.470645
346.842 233.437 1.05455 118.624 0.0225332 0.881023 0.0251493 0.471866
346.946 234.227 1.06446 118.093 0.0208085 0.880815 0.0253421 0.472324
347.257 236.506 1.08621 116.58 0.0219216 0.880402 0.0240867 0.473108
347.568 238.621 1.09439 115.179 0.0216259 0.880357 0.0232517 0.473247
347.983 241.157 1.10999 113.501 0.018432 0.882057 0.0258089 0.470075
348.398 243.255 1.12822 112.051 0.0181477 0.885898 0.0278183 0.46269
348.605 244.136 1.14542 111.411 0.0205201 0.888895 0.0259668 0.456914
349.019 245.691 1.16327 110.259 0.0181928 0.900023 0.0244305 0.434778
349.227 246.411 1.18196 109.673 0.0173185 0.909584 0.0242637 0.414449
349.642 247.678 1.21764 108.347 0.0160851 0.93455 0.0201129 0.354898
349.849 248.204 1.23131 107.647 0.0118336 0.948488 0.0180671 0.316077
350.264 249.046 1.25533 106.086 0.00496421 0.97375 0.00997468 0.227349
350.368 249.199 1.26619 105.663 0.00600882 0.978898 0.0112761 0.20395
350.472 249.33 1.27915 105.223 0.00767641 0.983556 0.0130897 0.179964
350.679 249.558 1.29611 104.271 0.00469672 0.991417 0.0166995 0.129579
350.783 249.625 1.2925 103.741 0.00375114 0.994442 0.0175614 0.103742
350.887 249.661 1.29181 103.201 0.00379266 0.996864 0.0174067 0.0771062
351.094 249.699 1.32788 102.199 0.000660326 0.999657 0.012103 0.0232051
351.198 249.688 1.35314 101.726 -0.000655051 0.999966 0.00760603 -0.00327341
351.301 249.599 1.37414 101.12 0.00265582 0.999552 0.00488198 -0.0294232
351.509 249.349 1.38401 100.044 0.0109911 0.996912 0.00309591 -0.0776888
351.612 249.221 1.38264 99.5455 0.0116429 0.994967 0.00359227 -0.0994615
351.819 248.934 1.3772 98.5971 0.00918929 0.99002 0.00508829 -0.140536
352.129 248.348 1.37807 97.1988 0.0130677 0.98063 0.00429174 -0.195384
352.543 247.34 1.36328 95.3535 0.0128621 0.966917 -0.00492037 -0.254718
352.75 246.755 1.36144 94.4468 0.0131681 0.960582 -0.00538876 -0.277631
353.164 245.488 1.34466 92.6087 0.0178616 0.954301 0.00343124 -0.298293
353.371 244.833 1.34745 91.6846 0.0223192 0.953556 0.00268309 -0.300377
353.577 244.177 1.35496 90.7481 0.02818 0.955623 -0.000797117 -0.293239
353.991 243 1.35404 88.7851 0.0316205 0.965383 -0.00313543 -0.258892
354.404 242.128 1.33099 86.7213 0.0263882 0.980909 -0.000268585 -0.192669
354.507 241.98 1.3235 86.2053 0.0236274 0.985031 -0.000883337 -0.170748
354.611 241.861 1.32049 85.6844 0.0200895 0.988942 -0.001428 -0.146932
354.714 241.779 1.31722 85.1618 0.0140017 0.992536 -0.0022382 -0.121129
354.921 241.72 1.30257 84.1117 -0.000370053 0.997914 -0.000153902 -0.0645592
355.024 241.731 1.29583 83.5895 -0.00596813 0.999371 0.00101823 -0.0349502
355.231 241.843 1.2932 82.5466 -0.00896669 0.999545 0.00699353 0.0279223
355.334 241.95 1.30022 82.0251 -0.00994746 0.998031 0.0113085 0.0608949
355.438 242.089 1.31076 81.537 -0.010999 0.995469 0.0157437 0.0931254
355.645 242.483 1.32725 80.5952 -0.0161333 0.987277 0.0178841 0.157175
355.748 242.684 1.33767 80.1869 -0.013487 0.981528 0.0159873 0.190172
355.852 242.923 1.35596 79.7496 -0.00722398 0.974681 0.0145918 0.223004
356.059 243.528 1.38791 78.8724 -0.00185164 0.958133 0.0147847 0.285934
356.266 244.215 1.40834 78.1186 -0.00600822 0.940731 0.0156875 0.338738
356.37 244.601 1.41947 77.7355 -0.00648847 0.932136 0.0149646 0.361741
356.578 244.822 1.43168 77.4435 -0.00525181 0.91626 0.0129001 0.400343
356.682 245.057 1.4407 77.2263 -0.00515616 0.909614 0.0111119 0.415274
357.098 246.941 1.47321 75.8391 -0.00880533 0.894029 0.00497511 0.447895
357.306 247.868 1.48899 75.1619 -0.00754475 0.890604 0.00407213 0.454699
357.721 250.107 1.51886 73.5582 -0.00778793 0.890151 0.00480761 0.455574
358.137 252.601 1.5566 71.7232 -0.00345488 0.890955 0.00396403 0.454062
358.344 253.972 1.57191 70.7139 -0.00256246 0.891089 0.00500281 0.453794
358.448 254.729 1.58301 70.1349 -0.000842115 0.891208 0.00587054 0.453555
358.862 257.703 1.62443 67.9416 0.00184599 0.889878 0.00916846 0.456102
359.07 259.385 1.64966 66.7239 0.00261336 0.888186 0.00894428 0.45939
359.484 263.04 1.68021 64.1863 0.00229326 0.885905 0.00876603 0.463779
359.588 264.111 1.69019 63.434 0.0017436 0.885774 0.0118663 0.463962
359.692 264.985 1.71346 62.8095 0.00285678 0.885642 0.0129702 0.464179
360.003 267.852 1.76208 60.8519 0.00279939 0.885275 0.010141 0.464949
360.106 268.821 1.77566 60.1881 0.000875884 0.885471 0.00927664 0.464602
360.21 269.785 1.78558 59.5329 -0.000693535 0.885703 0.00760826 0.464189
360.417 271.83 1.78279 58.1111 -0.00234191 0.885919 0.00566582 0.4638
360.521 272.831 1.78938 57.3919 -0.00202412 0.886055 0.00617773 0.463534
360.728 274.638 1.79394 56.1194 -0.000301409 0.886158 0.00821043 0.463309
360.832 275.293 1.80735 55.6342 0.0038866 0.886038 0.0111767 0.463462
361.246 278.799 1.83532 53.2432 0.00536914 0.884323 0.0157046 0.466581
361.661 282.16 1.88821 51.051 0.00258913 0.882334 0.0116168 0.470474
361.972 284.915 1.8962 49.2287 -0.00205511 0.881583 0.0122048 0.471867
362.075 285.823 1.89758 48.6327 -0.00458489 0.881387 0.0119826 0.472221
362.179 286.718 1.90012 48.044 -0.00636028 0.881253 0.0109019 0.472477
362.283 287.582 1.90181 47.4813 -0.00875344 0.88108 0.00861657 0.472807
362.593 290.037 1.91159 45.8838 -0.013097 0.881033 0.00618114 0.472832
362.801 291.641 1.91421 44.8312 -0.0146391 0.881188 0.00646674 0.472495
363.008 293.162 1.91529 43.8323 -0.0158536 0.881278 0.0066599 0.472285
363.423 295.944 1.92664 42.0008 -0.0145577 0.881196 0.00663623 0.47248
363.63 297.171 1.93091 41.1946 -0.0156539 0.88157 0.00607253 0.471754
363.941 298.803 1.94296 40.0973 -0.0174386 0.883864 0.00828965 0.467345
364.252 300.152 1.95271 39.1476 -0.0173635 0.888205 0.00952312 0.459021
364.563 301.211 1.95986 38.345 -0.0147276 0.894072 0.00776114 0.447614
364.874 302.032 1.9626 37.679 -0.0120466 0.900201 0.00507598 0.435277
365.185 302.656 1.95119 37.1303 -0.00795348 0.906798 0.00267663 0.421482
365.496 303.231 1.94228 36.595 -0.00556484 0.914369 -0.000918118 0.404842
365.807 303.62 1.96349 36.1595 -0.0045672 0.924352 -0.00383509 0.381495
366.118 304.047 1.95002 35.6134 -0.00378865 0.936045 0.00137483 0.351857
366.326 304.304 1.94738 35.2486 -0.00296727 0.944636 -0.00216566 0.3281
366.74 304.829 1.93575 34.3218 0.00402688 0.964859 0.000939704 0.262737
367.363 305.469 1.93188 32.0224 0.00120533 0.993095 0.0112568 0.116764
367.571 305.522 1.9443 31.137 0.00191402 0.998428 0.00794174 0.0554435
367.674 305.514 1.95589 30.6836 0.000959347 0.999728 0.00577416 0.0225893
367.778 305.479 1.96635 30.2241 -0.000179182 0.999929 0.00498021 -0.0107832
367.985 305.299 1.97268 29.2726 0.00223864 0.997118 0.0069205 -0.075523
368.089 305.167 1.97256 28.7967 0.00454483 0.994159 0.00751696 -0.107569
368.192 305.003 1.97672 28.3035 0.00565663 0.990468 0.0073444 -0.137428
368.4 304.6 1.99693 27.2739 0.00421561 0.980936 0.00443528 -0.194236
368.607 303.989 2.0043 26.1272 0.00327631 0.969847 0.00550079 -0.24363
368.71 303.713 2.0073 25.6615 0.00450257 0.964771 0.00579677 -0.262987
368.813 303.461 2.01327 25.2613 0.0064367 0.960154 0.00535012 -0.279347
369.123 302.363 2.0328 23.6739 0.0122375 0.951612 0.00379883 -0.307036
369.536 300.522 2.06382 21.1796 0.0126977 0.949742 0.00235647 -0.312766
369.95 298.562 2.09214 18.527 0.0144374 0.950318 0.00506197 -0.310906
370.26 296.982 2.11434 16.3398 0.0110754 0.951665 -0.00198582 -0.306931
370.571 295.381 2.12024 14.0373 0.0131179 0.95219 0.00776133 -0.305125
370.986 292.619 2.18972 10.1701 0.0144179 0.952748 -0.00219237 -0.303412
371.089 291.923 2.18903 9.19684 0.0135223 0.952817 -0.00132194 -0.303242
371.193 291.216 2.1908 8.20977 0.0137343 0.952934 0.0023214 -0.302858
371.4 289.829 2.21353 6.23049 0.0157984 0.953162 0.00922472 -0.301908
371.504 289.111 2.23387 5.21056 0.0162336 0.95326 0.00778498 -0.301613
371.711 287.677 2.26715 3.15661 0.0157689 0.953595 0.00253981 -0.30067
371.815 286.939 2.27552 2.11251 0.0152147 0.953753 0.00162519 -0.3002
371.919 286.203 2.28103 1.05967 0.0160654 0.953805 0.00273726 -0.299984
372.127 284.736 2.29799 -1.0509 0.0168462 0.954083 0.00412268 -0.299039
372.229 284 2.30607 -2.10778 0.0166003 0.954286 0.00159012 -0.298431
372.437 282.544 2.30561 -4.22707 0.0155313 0.954536 -0.000107875 -0.297692
372.541 281.813 2.30306 -5.2855 0.0148054 0.95464 0.00118139 -0.297392
372.644 281.079 2.3042 -6.35146 0.0144551 0.954657 0.00359022 -0.297334
372.852 279.618 2.32045 -8.48533 0.0129436 0.954407 0.00670746 -0.298154
372.955 278.872 2.33207 -9.55741 0.013424 0.954208 0.00591492 -0.298785
373.163 277.405 2.34238 -11.6646 0.0124603 0.953943 0.00149842 -0.299726
373.266 276.661 2.34149 -12.7243 0.0123586 0.953826 0.000453422 -0.300104
373.473 275.24 2.33818 -14.7765 0.011987 0.953388 0.00335864 -0.30149
373.577 274.567 2.34334 -15.7396 0.0119204 0.953187 0.00468526 -0.302109
373.784 273.153 2.3669 -17.7668 0.0113304 0.952875 0.00974827 -0.302995
373.888 272.973 2.37055 -18.1154 0.0096865 0.952369 0.00982685 -0.304636
374.095 271.74 2.38294 -19.9093 0.00435884 0.952208 0.00688099 -0.30534
374.199 270.939 2.38916 -21.0441 0.00209455 0.952264 0.00610634 -0.305209
374.303 270.125 2.39443 -22.197 0.000976887 0.952322 0.0062449 -0.305028
374.51 268.549 2.40611 -24.4285 0.00202274 0.95251 0.00932429 -0.304359
374.614 267.722 2.41937 -25.5947 0.00183324 0.952618 0.0101225 -0.303996
374.717 267.19 2.43854 -26.3573 0.00154595 0.952731 0.0101057 -0.303643
374.821 266.586 2.44534 -27.2034 0.00177073 0.952774 0.0102482 -0.303501
374.925 266.067 2.43743 -27.9287 0.00220498 0.952828 0.0103591 -0.303325
375.029 265.249 2.456 -29.0894 0.00279802 0.953012 0.0109687 -0.302721
375.236 263.719 2.48154 -31.2746 0.00267325 0.953162 0.0102082 -0.302275
375.339 263.021 2.48064 -32.2716 0.000713413 0.953292 0.0084979 -0.301928
375.443 262.303 2.47829 -33.2933 0.00117483 0.953343 0.00911161 -0.301749
375.547 261.765 2.4516 -34.0545 -4.77155e-05 0.953179 0.0112186 -0.3022
375.754 260.232 2.47939 -36.2449 0.0012783 0.952964 0.0133513 -0.302788
375.858 259.464 2.49546 -37.3338 0.00189123 0.952899 0.0134905 -0.30298
376.065 257.963 2.52368 -39.4564 0.0035628 0.952937 0.0104807 -0.302966
376.169 257.195 2.53593 -40.5386 0.00477903 0.952978 0.00928198 -0.302859
376.272 256.422 2.54663 -41.6281 0.00615924 0.953048 0.00943904 -0.302611
376.479 254.915 2.57106 -43.7628 0.0103455 0.953216 0.0117084 -0.301887
376.583 254.149 2.58616 -44.8405 0.011828 0.953371 0.0102609 -0.301394
376.894 251.99 2.61642 -47.9197 0.0142344 0.953749 0.00730262 -0.300178
377.101 250.595 2.62978 -49.9148 0.0170752 0.953883 0.0101152 -0.299523
377.205 249.908 2.6385 -50.8905 0.0186164 0.953943 0.0109654 -0.299208
377.309 249.163 2.65398 -51.9567 0.0197891 0.954052 0.010353 -0.298808
377.412 248.439 2.67027 -52.9975 0.0201187 0.954184 0.00926702 -0.298399
377.723 246.51 2.7007 -55.808 0.017419 0.954292 0.00726493 -0.298278
377.827 245.84 2.71041 -56.7826 0.0166508 0.954116 0.00817751 -0.298863
378.034 244.637 2.73081 -58.524 0.0149614 0.953531 0.00793826 -0.300818
378.138 244.061 2.74224 -59.3465 0.0155239 0.953132 0.00762833 -0.302058
378.242 243.451 2.74584 -60.2091 0.0153346 0.952765 0.00797999 -0.303215
378.345 242.856 2.74894 -61.04 0.0162345 0.952394 0.00816807 -0.304329
378.76 240.642 2.77755 -64.1089 0.0196789 0.951011 0.0105124 -0.308352
378.863 240.085 2.7799 -64.8718 0.0194068 0.950702 0.0109685 -0.309304
378.967 239.572 2.78472 -65.5764 0.0186836 0.950431 0.00982224 -0.310217
379.382 237.706 2.80426 -68.1223 0.0167436 0.949374 0.00860103 -0.313584
379.589 236.869 2.80611 -69.2618 0.0155492 0.949511 0.00817829 -0.313241
379.796 236.122 2.81251 -70.3088 0.0135208 0.951106 0.0059256 -0.308511
380.003 235.466 2.81121 -71.2896 0.00969339 0.953285 0.00720502 -0.301831
380.211 234.884 2.80661 -72.2107 0.009313 0.957316 0.00836117 -0.288773
380.417 234.383 2.80352 -73.0998 0.0109229 0.963991 0.00776302 -0.265597
380.624 233.977 2.80709 -74.0002 0.0118969 0.974084 0.00984765 -0.225659
380.933 233.59 2.82337 -75.3955 0.0145915 0.990062 0.0156031 -0.138996
381.036 233.53 2.83022 -75.8642 0.0141269 0.994171 0.0185555 -0.105261
381.243 233.5 2.85404 -76.8202 0.0121118 0.998945 0.0253769 -0.0363134
381.45 233.629 2.88088 -77.7807 0.0140942 0.998865 0.0277551 0.036058
381.553 233.75 2.90162 -78.26 0.0142251 0.996721 0.0285302 0.0743764
381.76 234.124 2.94476 -79.2011 0.0107738 0.987626 0.03027 0.153502
381.863 234.356 2.96746 -79.6569 0.0150228 0.980575 0.0320701 0.192923
382.07 234.918 2.99156 -80.521 0.023288 0.961322 0.0287714 0.272928
382.174 235.26 2.99778 -80.9093 0.0252052 0.949438 0.0246379 0.311968
382.277 235.643 3.01373 -81.2843 0.0259993 0.936462 0.0210749 0.349168
382.485 236.49 3.04558 -81.9792 0.0258216 0.910149 0.0187249 0.413052
382.589 236.211 3.0207 -81.8894 0.0217116 0.89814 0.0211593 0.438664
382.797 236.994 3.01379 -82.3639 0.0166357 0.878753 0.0222074 0.47647
383.214 239.152 3.05625 -83.5024 0.00725652 0.860986 0.0211253 0.508139
383.839 243.327 3.11727 -85.7791 0.01669 0.860824 0.0147799 0.508414
383.943 243.984 3.11842 -86.1312 0.0149536 0.861688 0.0149025 0.507
384.15 245.325 3.1323 -86.8753 0.0105617 0.864448 0.0133392 0.502435
384.358 246.601 3.14465 -87.6049 0.00521115 0.868936 0.00936102 0.494809
384.462 247.226 3.15169 -87.9711 0.002283 0.871453 0.00920217 0.490387
384.566 247.677 3.15189 -88.2204 -0.00183366 0.874187 0.00895413 0.485503
384.981 251.047 3.2178 -90.4229 -0.00437429 0.882541 0.00829469 0.470142
385.291 253.48 3.29361 -92.1033 -0.0052613 0.884326 0.0141669 0.466625
385.395 254.11 3.33299 -92.5617 -0.00735256 0.884468 0.0131135 0.466358
385.499 254.991 3.35872 -93.155 -0.0079992 0.884647 0.010592 0.466073
385.706 256.889 3.38118 -94.4435 -0.00724819 0.88536 0.00815357 0.464777
385.81 257.667 3.4165 -94.9658 -0.00613481 0.885095 0.0078649 0.465304
386.017 259.395 3.42504 -96.1563 -0.00519215 0.885893 0.00897144 0.463773
386.328 261.79 3.45878 -97.8389 -0.00789383 0.887195 0.0101769 0.461214
386.535 263.686 3.48239 -99.1551 -0.00774711 0.887142 0.00850812 0.461354
386.95 267.559 3.5361 -101.843 -0.0126296 0.886614 0.0100405 0.462229
387.26 270.399 3.58543 -103.795 -0.0074721 0.88517 0.00860196 0.465128
387.364 271.192 3.60925 -104.318 -0.00743728 0.884635 0.0107263 0.466102
387.468 272.061 3.61519 -104.916 -0.00641686 0.884163 0.0121403 0.466976
387.882 275.783 3.66985 -107.413 -0.00937315 0.883978 0.0105986 0.467315
388.193 278.484 3.7224 -109.269 -0.0102604 0.885627 0.0114708 0.464143
388.297 279.326 3.74519 -109.856 -0.00953555 0.886393 0.0104604 0.462717
388.608 282.068 3.77562 -111.777 -0.0106056 0.888973 0.00875829 0.457754
388.919 284.716 3.80684 -113.69 -0.012599 0.891534 0.0130386 0.45259
389.126 286.44 3.82436 -114.965 -0.00951489 0.893064 0.0118288 0.449673
389.334 288.095 3.83577 -116.209 -0.00567077 0.894058 0.0119886 0.447755
389.541 289.688 3.83577 -117.409 -0.00219605 0.894581 0.0119349 0.446742
389.955 292.582 3.85647 -119.594 0.00334716 0.893305 0.0141717 0.449215
390.163 294.035 3.87547 -120.657 0.00553285 0.889502 0.0174983 0.456563
390.37 295.512 3.89092 -121.667 0.00555855 0.883922 0.0158629 0.467332
390.577 296.999 3.90206 -122.607 0.00760234 0.877807 0.0102936 0.478844
390.68 297.744 3.90251 -123.053 0.00663231 0.875198 0.00793296 0.483654
390.784 298.481 3.90014 -123.485 0.00559303 0.873199 0.00669525 0.487286
390.888 299.252 3.89631 -123.933 0.00466598 0.871899 0.00636641 0.489622
391.096 300.818 3.89246 -124.846 0.00181819 0.871014 0.00369147 0.491241
391.303 302.378 3.88364 -125.782 0.00174931 0.871621 0.00305227 0.490168
391.406 303.165 3.88338 -126.262 0.000938829 0.87214 0.00477852 0.489231
391.51 303.835 3.89679 -126.67 -0.00273783 0.872666 0.00821438 0.48824
391.614 304.764 3.91779 -127.246 -0.00819081 0.873368 0.0137731 0.486798
391.717 305.612 3.93919 -127.79 -0.0105267 0.874324 0.0158051 0.484971
391.821 306.447 3.95457 -128.303 -0.0123978 0.875835 0.0103802 0.482339
392.132 309.043 4.02504 -129.962 -0.0119511 0.880394 0.0111655 0.473961
392.34 310.834 4.06839 -131.165 -0.00847269 0.88264 0.00893233 0.469889
392.547 312.715 4.1056 -132.417 -0.0108227 0.88448 0.00332523 0.466442
392.754 314.646 4.12298 -133.729 -0.0151029 0.886925 0.00194978 0.461663
393.169 318.404 4.13082 -136.44 -0.00555912 0.891934 0.00632763 0.452087
393.377 320.363 4.15582 -137.879 -0.00729271 0.894426 0.00850788 0.447076
393.48 321.35 4.16925 -138.617 -0.0066411 0.895251 0.00777153 0.445446
393.584 322.245 4.18466 -139.304 -0.00517321 0.895742 0.0081484 0.44447
393.687 323.201 4.19598 -140.03 -0.00426866 0.895934 0.00868617 0.444081
393.791 324.133 4.20268 -140.749 -0.00570466 0.896649 0.0095911 0.442602
393.998 326.033 4.22244 -142.195 -0.00534099 0.896539 0.0106281 0.442805
394.101 326.969 4.23346 -142.912 -0.000305083 0.895896 0.00843632 0.444184
394.308 328.861 4.23762 -144.343 0.00680043 0.892903 0.0106801 0.45007
394.412 329.824 4.23888 -145.047 0.00634557 0.891218 0.0139997 0.453315
394.516 330.79 4.24413 -145.73 0.00439941 0.889708 0.0136526 0.456305
394.619 331.756 4.252 -146.397 0.00205096 0.88853 0.0110933 0.458681
394.827 333.696 4.25687 -147.729 -7.89646e-05 0.886948 0.0068616 0.461818
394.93 334.658 4.25806 -148.39 -0.000295253 0.886445 0.00792341 0.462767
395.034 335.61 4.26648 -149.056 -0.000663906 0.886002 0.0116781 0.463534
395.137 336.564 4.2804 -149.719 -0.00140358 0.885511 0.0152894 0.464364
395.345 338.483 4.31648 -151.028 -0.00329244 0.885336 0.0127745 0.464765
395.448 339.438 4.32758 -151.677 -0.00229513 0.88523 0.0086616 0.465068
395.552 340.408 4.33355 -152.34 -0.000568732 0.885202 0.00920445 0.465116
395.656 341.381 4.33511 -153.004 -0.000221877 0.884758 0.0117956 0.465901
395.863 343.308 4.3611 -154.318 0.0011167 0.883213 0.0176119 0.46864
395.967 344.28 4.3781 -154.964 0.000364894 0.882611 0.0185429 0.469738
396.07 345.255 4.39222 -155.604 -0.000355381 0.882098 0.0175105 0.47074
396.174 346.235 4.40661 -156.242 -0.00187616 0.881557 0.0154152 0.471823
396.278 347.221 4.41717 -156.879 -0.00200004 0.881089 0.0130222 0.472767
396.589 350.094 4.44512 -158.756 -0.000405351 0.880002 0.0143155 0.474753
396.899 352.91 4.49602 -160.582 -0.00155798 0.879672 0.017385 0.475261
397.003 353.844 4.51135 -161.183 -0.00133356 0.879721 0.0154638 0.475238
397.107 354.677 4.54141 -161.735 -0.00342741 0.879438 0.0148423 0.475769
397.211 355.589 4.55778 -162.322 -0.00375748 0.879351 0.0161101 0.475887
397.314 356.486 4.57253 -162.908 -0.000955964 0.879332 0.0163863 0.475925
397.418 357.399 4.58638 -163.5 0.000519082 0.879287 0.0124303 0.476129
397.625 359.233 4.60013 -164.685 0.00256393 0.878954 0.0142543 0.476686
397.729 360.173 4.60176 -165.274 0.00111609 0.878948 0.0151991 0.476674
398.04 362.885 4.63101 -167.01 -0.00438439 0.880617 0.0059906 0.47377
398.143 363.805 4.63465 -167.606 -0.0068238 0.881396 0.00672792 0.472282
398.247 364.72 4.64231 -168.211 -0.00734898 0.882398 0.00775087 0.470383
398.351 365.635 4.65147 -168.827 -0.00602517 0.883488 0.00806144 0.468346
398.454 366.545 4.66047 -169.449 -0.00443571 0.884577 0.0081748 0.466301
398.662 368.347 4.67001 -170.706 0.000968055 0.886525 0.00834286 0.462604
398.765 369.25 4.67574 -171.343 0.00354193 0.887401 0.00875737 0.460901
398.869 370.182 4.68133 -172.006 0.00471689 0.888107 0.012384 0.459445
399.076 372.001 4.70203 -173.307 0.00590696 0.888867 0.0173597 0.457799
399.18 372.92 4.71917 -173.967 0.00755597 0.889249 0.0172673 0.457035
399.491 375.711 4.76515 -175.945 0.000403707 0.890933 0.0152182 0.45388
399.905 379.385 4.82933 -178.618 -0.00577011 0.895113 0.0113332 0.445657
400.009 380.312 4.8465 -179.316 -0.00625364 0.896005 0.0121353 0.443833
400.113 381.237 4.86515 -180.018 -0.00622219 0.89675 0.0131894 0.442298
400.216 382.158 4.88539 -180.723 -0.00586723 0.897273 0.0143199 0.441205
400.527 384.923 4.94956 -182.848 -0.00555415 0.898313 0.0148212 0.439071
400.631 385.848 4.97036 -183.561 -0.00615796 0.898667 0.0156512 0.438309
400.838 387.681 5.01385 -184.989 -0.00511226 0.899312 0.0150635 0.437018
400.942 388.584 5.0353 -185.698 -0.00388414 0.899612 0.0154425 0.4364
401.149 390.381 5.07101 -187.112 -0.00312041 0.900486 0.0147932 0.434622
401.253 391.272 5.08822 -187.821 -0.00186196 0.901085 0.0141195 0.433408
401.46 393.049 5.12022 -189.246 -0.00266735 0.90261 0.015804 0.430161
401.564 393.928 5.13739 -189.961 -0.00328926 0.903505 0.0172603 0.428217
401.667 394.8 5.15712 -190.671 -0.00464932 0.904658 0.0175814 0.425751
401.771 395.66 5.17812 -191.377 -0.00610475 0.905976 0.0172988 0.422932
401.978 397.321 5.21481 -192.779 -0.00629398 0.908914 0.0153945 0.416652
402.082 398.127 5.23191 -193.474 -0.00586882 0.91029 0.0154222 0.413642
402.186 398.913 5.24515 -194.163 -0.00511091 0.911297 0.0160452 0.411406
402.289 399.686 5.25755 -194.845 -0.00388663 0.912021 0.0162421 0.409804
402.393 400.446 5.27152 -195.519 -0.00266166 0.91261 0.0162748 0.408497
402.808 403.365 5.33354 -198.149 0.000701898 0.914318 0.0187064 0.404564
403.015 404.742 5.36601 -199.398 0.000793049 0.91556 0.0139009 0.40194
403.222 406.06 5.38339 -200.603 -0.00683278 0.917594 0.0217546 0.396864
403.637 408.371 5.44591 -202.865 -0.00626295 0.92543 0.018518 0.378414
403.741 408.878 5.45212 -203.402 -0.00400854 0.928364 0.0146447 0.371362
403.845 409.354 5.46639 -203.927 -0.00152178 0.931542 0.0112512 0.363456
403.948 409.808 5.4776 -204.454 0.00128592 0.934441 0.0111954 0.355939
404.363 411.42 5.49461 -206.497 0.0113448 0.943368 0.0231115 0.330747
404.57 412.131 5.51293 -207.433 0.0159449 0.944984 0.0231906 0.325904
404.777 412.81 5.53498 -208.313 0.0186294 0.945152 0.0242589 0.325196
404.984 413.464 5.55085 -209.136 0.019248 0.943664 0.0258905 0.329329
405.399 414.684 5.58006 -210.561 0.0188901 0.937432 0.0249448 0.34676
405.606 415.272 5.59284 -211.184 0.0207361 0.931254 0.023934 0.362993
405.813 415.891 5.60169 -211.761 0.018368 0.923209 0.0232715 0.383153
406.02 416.525 5.61071 -212.299 0.0158196 0.915067 0.022903 0.40234
406.227 417.167 5.62083 -212.805 0.0141053 0.907063 0.0222442 0.42017
406.435 417.819 5.63049 -213.281 0.0114591 0.900046 0.0204476 0.435165
406.642 418.497 5.64207 -213.757 0.00773169 0.89607 0.0169482 0.443521
406.85 419.201 5.65484 -214.26 0.00436583 0.894716 0.0159434 0.446329
407.057 419.913 5.66417 -214.782 0.00165747 0.895696 0.0154496 0.444396
407.265 420.619 5.67512 -215.313 -0.000934848 0.897449 0.0142834 0.440887
407.783 422.303 5.70145 -216.696 -0.00602178 0.90836 0.0129506 0.417946
407.99 422.953 5.71464 -217.266 -0.0101429 0.913008 0.0146603 0.407552
408.612 424.637 5.74521 -218.916 -0.00909417 0.925351 0.0117578 0.378819
409.233 426.013 5.76379 -220.367 -0.000515538 0.925282 0.0121844 0.379083
409.44 426.495 5.76699 -220.797 -0.00195032 0.918803 0.0115647 0.394542
409.854 427.526 5.77708 -221.567 0.000289668 0.895384 0.00797771 0.445223
410.267 428.843 5.80029 -222.241 -0.00218569 0.856653 0.00961613 0.515798
410.371 429.22 5.80467 -222.383 -0.00159589 0.844349 0.0100988 0.535696
410.474 429.618 5.80999 -222.507 -0.00216865 0.830867 0.010659 0.556365
410.681 430.459 5.82029 -222.697 -0.00149811 0.801051 0.00963623 0.598516
410.784 430.9 5.82905 -222.763 0.000574027 0.784289 0.0086244 0.620336
410.888 431.369 5.83956 -222.81 0.00326348 0.766295 0.00829207 0.642427
411.095 432.383 5.84687 -222.832 0.00577096 0.726551 0.0111703 0.686998
411.302 433.421 5.85274 -222.717 0.00507338 0.682251 0.0130301 0.730985
411.406 433.968 5.85433 -222.61 0.00553519 0.658764 0.0142537 0.752194
411.613 435.041 5.85205 -222.315 0.00655085 0.610139 0.0173266 0.792078
411.82 436.212 5.85778 -221.829 0.00577789 0.562934 0.0182785 0.82628
411.924 436.767 5.85997 -221.546 0.00457697 0.541555 0.0183068 0.840454
412.132 437.835 5.85963 -220.923 0.00322417 0.504256 0.019373 0.863331
412.235 438.304 5.85874 -220.621 0.00264614 0.487167 0.0207133 0.873059
412.339 438.56 5.85795 -220.492 0.00261629 0.470809 0.0212807 0.881975
412.754 441.038 5.8622 -218.535 0.0125219 0.418946 0.0246872 0.907589
412.962 442.121 5.84862 -217.575 0.0116872 0.395484 0.0298028 0.917915
413.377 444.821 5.83545 -214.712 0.0105946 0.36857 0.0224073 0.929269
413.689 446.963 5.81354 -212.388 0.00983222 0.365432 0.0225261 0.930513
413.792 447.657 5.8053 -211.639 0.00999122 0.365023 0.0238021 0.930641
413.896 448.356 5.79734 -210.883 0.00981131 0.364175 0.0237411 0.930976
414.103 449.725 5.77502 -209.382 0.00837835 0.363293 0.0240038 0.931328
414.207 450.372 5.76536 -208.67 0.00759447 0.362669 0.0235233 0.93159
414.311 451 5.75757 -207.978 0.00603547 0.362015 0.0233356 0.931861
414.414 451.67 5.74989 -207.239 0.00550208 0.361266 0.0235267 0.93215
414.621 453.325 5.73314 -205.407 0.00722896 0.359136 0.0228913 0.932976
415.036 456.586 5.70835 -201.733 0.00387055 0.353373 0.0262638 0.935106
415.347 459.029 5.71559 -198.921 0.00281787 0.348231 0.0291085 0.936952
415.45 459.811 5.7046 -198.006 0.00885739 0.347258 0.0257828 0.937373
415.865 462.989 5.62156 -194.214 0.00234462 0.341577 0.0230166 0.939569
415.968 463.739 5.61269 -193.305 0.000866192 0.339176 0.0226067 0.940451
416.383 466.809 5.59887 -189.483 0.00164889 0.328729 0.0231273 0.94414
416.694 469.059 5.58937 -186.572 0.000669396 0.320573 0.0253439 0.946884
416.901 470.529 5.58321 -184.621 0.00151026 0.315125 0.026797 0.948671
417.005 471.252 5.58098 -183.642 0.00148652 0.312536 0.0266554 0.949531
417.108 471.966 5.57656 -182.664 0.00154749 0.310151 0.0271592 0.950298
417.212 472.668 5.57004 -181.696 0.00254285 0.307908 0.0274294 0.951017
417.522 474.78 5.54736 -178.729 0.00379382 0.301213 0.0310305 0.953044
417.626 475.467 5.54023 -177.752 0.00487475 0.298614 0.0325127 0.953808
417.937 477.483 5.52543 -174.799 0.00425511 0.292042 0.0352826 0.955745
418.041 478.135 5.52016 -173.826 0.00481297 0.290149 0.0352679 0.956319
418.144 478.792 5.51507 -172.832 0.00576657 0.288429 0.0344752 0.956863
418.248 479.44 5.50883 -171.841 0.00642781 0.286865 0.033437 0.957366
418.351 480.083 5.5012 -170.859 0.00666098 0.285412 0.0334215 0.957799
418.662 482.012 5.47306 -167.865 0.00784348 0.280784 0.0345067 0.959118
418.87 483.281 5.45166 -165.856 0.00778188 0.277483 0.0341247 0.960093
418.973 483.916 5.4398 -164.835 0.00719088 0.275851 0.0330808 0.960604
419.077 484.548 5.42929 -163.816 0.00690214 0.274147 0.0324082 0.961117
419.284 485.798 5.40615 -161.773 0.00705864 0.270827 0.0325502 0.962052
419.388 486.424 5.3959 -160.747 0.00725222 0.26907 0.0329238 0.96253
419.595 487.659 5.37647 -158.681 0.00647372 0.265495 0.0332689 0.963516
419.699 488.274 5.36788 -157.641 0.00602284 0.263781 0.0332612 0.96399
419.802 488.887 5.35895 -156.593 0.00565967 0.262037 0.0324688 0.964495
419.906 489.498 5.35021 -155.539 0.00572242 0.260354 0.03161 0.964979
420.113 490.705 5.33107 -153.419 0.00651084 0.257001 0.0288912 0.965957
420.216 491.31 5.31878 -152.346 0.00616656 0.255226 0.0273013 0.966476
420.32 491.916 5.30682 -151.263 0.00512198 0.253323 0.0263992 0.967008
420.424 492.516 5.29467 -150.185 0.00432682 0.251431 0.0260572 0.967515
420.527 493.112 5.28314 -149.102 0.00410874 0.249347 0.025495 0.96807
420.735 494.299 5.26061 -146.913 0.00492072 0.244906 0.0254607 0.9692
420.942 495.454 5.24056 -144.728 0.00275435 0.240076 0.0253889 0.970418
421.252 497.146 5.22135 -141.412 0.00113447 0.232063 0.0235237 0.972415
421.356 497.707 5.21634 -140.289 0.00222853 0.229372 0.0234367 0.973054
421.46 498.265 5.20876 -139.156 0.00308328 0.226628 0.0229148 0.973707
421.667 499.371 5.18883 -136.865 0.00316455 0.221241 0.0234028 0.974933
421.77 499.92 5.17688 -135.696 0.00180054 0.218751 0.0226289 0.975517
422.081 501.507 5.1658 -132.206 -0.000810672 0.211575 0.021701 0.97712
422.185 502.032 5.16147 -131.035 0.000511899 0.208968 0.0227424 0.977658
422.289 502.556 5.15518 -129.863 0.00160862 0.206105 0.0249288 0.978211
422.392 503.082 5.14317 -128.662 0.00195184 0.203096 0.0262797 0.978804
422.807 505.043 5.11357 -123.963 -0.000292215 0.192655 0.0290585 0.980836
422.91 505.515 5.10725 -122.793 0.000931233 0.190645 0.0293076 0.981221
423.221 506.906 5.06885 -119.274 0.00580523 0.185304 0.0299713 0.982207
423.428 507.816 5.04085 -116.907 0.00203326 0.181851 0.0308977 0.982838
423.636 508.704 5.02482 -114.539 0.0021143 0.178298 0.0307245 0.983495
424.05 510.432 4.97933 -109.769 0.00580177 0.169106 0.0323223 0.985051
424.154 510.846 4.96033 -108.589 0.00577762 0.1665 0.0326223 0.985485
424.568 512.471 4.9155 -103.731 0.00109589 0.156737 0.0367168 0.986957
424.879 513.623 4.88442 -100.098 0.00554704 0.151346 0.03632 0.987798
424.983 513.997 4.86741 -98.8846 0.00561101 0.149848 0.0352239 0.988065
425.086 514.371 4.84886 -97.6592 0.00413368 0.148485 0.0338882 0.988325
425.19 514.744 4.83273 -96.4334 0.00295564 0.147263 0.0332337 0.988534
425.293 515.11 4.8179 -95.2236 0.00290296 0.145996 0.0329768 0.988731
425.708 516.532 4.76056 -90.3964 0.00262045 0.141079 0.0325199 0.989461
425.812 516.89 4.74855 -89.1788 0.000955849 0.139678 0.0327595 0.989654
426.123 517.904 4.71503 -85.5642 0.00397353 0.134513 0.0320976 0.990384
426.226 518.239 4.69888 -84.3492 0.00405115 0.132727 0.0319778 0.990628
426.33 518.57 4.68282 -83.1357 0.00343872 0.130834 0.0321894 0.990876
426.537 519.213 4.65401 -80.6818 0.00105215 0.126727 0.0319454 0.991423
426.64 519.527 4.64295 -79.4405 0.000763104 0.124608 0.0301621 0.991747
426.848 520.119 4.62035 -77.0037 0.00198614 0.120797 0.0256062 0.992345
426.951 520.427 4.60503 -75.7146 0.00271064 0.118844 0.0237326 0.992626
427.366 521.561 4.54894 -70.7636 -0.00192323 0.108457 0.0241012 0.993807
427.677 522.345 4.52277 -67.0055 -0.0010638 0.100696 0.0230835 0.994649
427.884 522.822 4.50336 -64.5811 -0.00060854 0.0960043 0.022244 0.995132
427.988 523.055 4.49321 -63.3602 -0.000345673 0.093941 0.0214439 0.995347
428.195 523.506 4.47085 -60.9078 -0.00161038 0.0900753 0.0206399 0.99572
428.299 523.728 4.46201 -59.6862 -0.00282725 0.0879835 0.021295 0.99589
428.506 524.153 4.45095 -57.2745 -0.00316696 0.08384 0.0244289 0.996175
428.61 524.364 4.44728 -56.0609 -0.00307195 0.0816765 0.0258238 0.99632
428.817 524.76 4.44056 -53.6098 -0.00437236 0.0775457 0.0276115 0.996597
428.92 524.952 4.43673 -52.3901 -0.00300266 0.0755591 0.0285114 0.996729
429.024 525.136 4.4332 -51.1774 -0.00120594 0.0735434 0.0280774 0.996896
429.231 525.481 4.42078 -48.7355 -0.00245181 0.0694822 0.0269405 0.997216
429.335 525.647 4.41311 -47.4956 -0.00245499 0.0675408 0.0255121 0.997387
429.542 525.956 4.4036 -45.0597 -0.000856318 0.0635218 0.0235696 0.997702
429.645 526.111 4.39411 -43.8189 -9.90587e-05 0.0614035 0.023716 0.997831
429.956 526.55 4.35305 -40.0762 0.00150301 0.0546923 0.0280838 0.998107
430.06 526.692 4.33646 -38.8124 0.00130383 0.0520533 0.0298013 0.998199
430.163 526.826 4.31982 -37.5233 0.00175676 0.0495985 0.0305699 0.9983
430.371 527.07 4.28537 -34.8955 0.00273468 0.0450778 0.0305745 0.998512
430.474 527.186 4.26679 -33.5492 0.00121284 0.0427105 0.0296954 0.998645
430.578 527.301 4.25063 -32.2324 -0.000320446 0.0402839 0.0302048 0.998732
430.889 527.555 4.2008 -28.4505 0.000830711 0.0337993 0.0248857 0.999118
430.993 527.634 4.18362 -27.1834 -2.49556e-05 0.0317662 0.023361 0.999222
431.304 527.837 4.13815 -23.4175 -0.00113773 0.0256375 0.0235529 0.999393
431.511 527.942 4.11265 -20.9185 -0.00281641 0.0217819 0.0212008 0.999534
431.615 527.991 4.10211 -19.6653 -0.00248691 0.0199027 0.0195877 0.999607
431.822 528.072 4.08326 -17.1701 -0.0032362 0.0161156 0.0192445 0.99968
431.925 528.114 4.0712 -15.9383 -0.000998788 0.0141115 0.019914 0.999702
432.029 528.15 4.05755 -14.7058 0.00134792 0.0120147 0.0197463 0.999732
432.133 528.178 4.04008 -13.4724 0.00166602 0.0102672 0.0189376 0.999767
432.34 528.212 4.0048 -10.9951 -0.00158533 0.00689022 0.0188206 0.999798
432.443 528.229 3.99134 -9.76513 -0.00159343 0.00452905 0.0198596 0.999791
432.651 528.235 3.96507 -7.31953 -0.000696941 -0.00100317 0.020356 0.999792
432.754 528.226 3.95312 -6.09258 -0.00213835 -0.00339299 0.0194073 0.999804
432.858 528.214 3.94247 -4.86491 -0.00379263 -0.00561683 0.0196779 0.999783
432.961 528.198 3.93651 -3.66174 -0.00467593 -0.00805841 0.0202012 0.999753
433.272 528.111 3.9213 0.0183685 -0.0046864 -0.0159967 0.0241352 0.99957
433.479 528.002 3.91223 2.47632 -0.00600798 -0.0210152 0.0220224 0.999519
433.583 527.946 3.9088 3.71076 -0.0049867 -0.0233908 0.0232761 0.999443
433.894 527.746 3.884 7.43497 -0.00220506 -0.0298819 0.0264017 0.999202
433.998 527.669 3.87291 8.6766 -0.00255869 -0.0318332 0.0263355 0.999143
434.101 527.586 3.8632 9.92867 -0.00290888 -0.0336614 0.0259489 0.999092
434.309 527.402 3.84599 12.4378 -0.00423268 -0.0376842 0.0272464 0.998909
434.412 527.308 3.83768 13.698 -0.00346981 -0.0398623 0.0288794 0.998782
434.723 526.965 3.79431 17.4945 5.09959e-05 -0.0467988 0.0269373 0.998541
434.93 526.699 3.7579 20.0398 0.000822758 -0.0509053 0.0239689 0.998415
435.138 526.421 3.72288 22.5754 -0.000487673 -0.055476 0.023665 0.998179
435.449 525.956 3.67458 26.4023 -0.00118057 -0.0620846 0.0235527 0.997792
435.656 525.613 3.64455 28.9868 -0.00268322 -0.0668588 0.0229543 0.997495
435.863 525.251 3.6158 31.5425 -0.0002451 -0.07153 0.0235279 0.997161
436.174 524.656 3.56171 35.4044 -0.00271169 -0.0782372 0.0234191 0.996656
436.485 523.983 3.51954 39.3084 -0.000948055 -0.0835393 0.0175367 0.99635
436.589 523.751 3.50368 40.6199 -0.000209387 -0.0850883 0.0159927 0.996245
436.692 523.518 3.48548 41.9354 -0.000478144 -0.0864908 0.0156317 0.99613
436.796 523.284 3.4666 43.2518 -0.000724946 -0.0877115 0.015661 0.996023
436.9 523.052 3.44746 44.5572 -0.00127287 -0.0888299 0.0167923 0.995904
437.003 522.815 3.43092 45.8788 -0.00197357 -0.0898077 0.0172572 0.995808
437.418 521.802 3.37311 51.1752 -0.000381163 -0.0927674 0.0117375 0.995619
437.522 521.554 3.35804 52.4667 -0.000766583 -0.0934314 0.0107871 0.995567
437.625 521.305 3.34232 53.7604 -0.00270008 -0.0940783 0.00986162 0.995512
438.04 520.27 3.31281 59.0612 -0.00457798 -0.09234 0.0080363 0.995685
438.247 519.802 3.29345 61.7135 -0.00391272 -0.0912531 0.0176471 0.995664
438.351 519.574 3.28121 63.0364 -0.00510925 -0.0908177 0.0217028 0.995618
438.454 519.344 3.27041 64.3563 -0.00514699 -0.0899646 0.0240409 0.995641
438.558 519.11 3.25986 65.6813 -0.00458209 -0.088955 0.0253128 0.995703
438.869 518.382 3.2288 69.6575 -0.00460398 -0.0868712 0.0205759 0.995996
439.076 517.907 3.20483 72.2893 -0.00257373 -0.0859923 0.0182809 0.996125
439.18 517.682 3.18804 73.5918 -0.00195914 -0.0858417 0.0194096 0.996118
439.283 517.456 3.16888 74.8922 -0.000123335 -0.0857794 0.0198986 0.996115
439.491 517.013 3.12472 77.4798 0.000284771 -0.0859119 0.0234267 0.996027
439.802 516.337 3.06594 81.4046 -0.00265089 -0.0873411 0.0288378 0.995757
439.905 516.108 3.04931 82.7087 -0.00196492 -0.0880096 0.0292261 0.995689
440.009 515.873 3.03103 84.0184 -0.00203673 -0.0886294 0.028253 0.995662
440.113 515.634 3.0139 85.3328 -0.00287837 -0.0890372 0.0269552 0.995659
440.216 515.393 2.99839 86.6466 -0.00434944 -0.0893118 0.0256246 0.995665
440.32 515.153 2.98403 87.9592 -0.00448406 -0.089554 0.0248953 0.995661
440.423 514.915 2.97129 89.2704 -0.00386911 -0.0898075 0.0244196 0.995652
440.527 514.681 2.95818 90.5788 -0.00282307 -0.0899267 0.0249025 0.995633
440.631 514.444 2.94362 91.8871 -0.00215282 -0.0899062 0.0249991 0.995634
440.838 513.965 2.90955 94.5087 -0.00294465 -0.0899447 0.0256045 0.995613
440.942 513.725 2.89258 95.8218 -0.0034484 -0.0900492 0.0250456 0.995616
441.045 513.486 2.87701 97.1317 -0.00288479 -0.0899153 0.0246863 0.995639
441.252 512.999 2.83966 99.7427 0.000240224 -0.0897579 0.023497 0.995686
441.356 512.762 2.81736 101.055 0.000711915 -0.0897113 0.0240717 0.995677
441.459 512.523 2.79207 102.366 0.000259059 -0.0898062 0.0235983 0.99568
441.563 512.286 2.76867 103.673 -0.000712969 -0.0898651 0.0236791 0.995672
441.667 512.049 2.7471 104.977 -0.00196635 -0.0899297 0.0231857 0.995676
441.77 511.81 2.72861 106.281 -0.00311573 -0.0899351 0.0223433 0.995692
441.874 511.569 2.71311 107.582 -0.0047162 -0.0899815 0.0208108 0.995715
441.978 511.325 2.70029 108.879 -0.00520886 -0.0899322 0.0187546 0.995758
442.081 511.083 2.68896 110.164 -0.00408367 -0.0899048 0.0167502 0.995801
442.392 510.352 2.64482 114.032 -0.000995216 -0.0898974 0.012819 0.995868
442.496 510.115 2.62717 115.315 -0.000859651 -0.0900558 0.0120861 0.995863
442.703 509.633 2.59503 117.911 -0.00269736 -0.0902314 0.0110614 0.995856
442.806 509.396 2.58122 119.205 -0.00339595 -0.0904122 0.0113361 0.995834
442.91 509.158 2.56839 120.502 -0.00251132 -0.0906251 0.0117067 0.995813
443.014 508.921 2.55394 121.797 -0.00142427 -0.0908536 0.0129718 0.995779
443.117 508.686 2.53885 123.089 -0.000858633 -0.0911668 0.0142544 0.995733
443.324 508.206 2.49927 125.688 0.000433929 -0.0917617 0.0167033 0.995641
443.428 507.965 2.4818 126.993 -0.000931114 -0.0920615 0.0172056 0.995604
443.532 507.721 2.46608 128.298 -0.00391361 -0.0922915 0.0162486 0.995592
443.635 507.478 2.45763 129.593 -0.00571602 -0.0924141 0.0163997 0.995569
443.739 507.238 2.45094 130.886 -0.00553975 -0.0927886 0.0168226 0.995528
443.843 506.999 2.44397 132.185 -0.00381764 -0.0930773 0.0185321 0.995479
444.05 506.505 2.42088 134.794 -0.00374637 -0.093677 0.0201628 0.995391
444.153 506.259 2.41089 136.109 -0.00556646 -0.0940399 0.0210143 0.995331
444.257 506.013 2.40407 137.423 -0.00717871 -0.0944297 0.0224377 0.995253
444.361 505.77 2.39937 138.729 -0.00693 -0.0949507 0.0237885 0.995174
444.464 505.525 2.39166 140.027 -0.00405154 -0.0953364 0.0245782 0.995133
444.568 505.277 2.38011 141.324 -0.000890766 -0.0954259 0.0245801 0.995133
444.672 505.021 2.36175 142.628 -5.81808e-05 -0.0954456 0.0226609 0.995177
444.775 504.768 2.34215 143.941 -0.00174513 -0.0953549 0.0219551 0.9952
444.879 504.518 2.3255 145.251 -0.0035463 -0.0953741 0.0221802 0.995188
444.983 504.271 2.31265 146.561 -0.00287242 -0.0953944 0.0239174 0.995148
445.294 503.506 2.25581 150.507 -0.000445334 -0.0953398 0.0257568 0.995111
445.397 503.248 2.2342 151.828 -0.000658718 -0.095194 0.0247949 0.99515
445.501 502.99 2.21495 153.153 -0.00263863 -0.0950453 0.0237859 0.995185
445.708 502.473 2.18671 155.792 -0.00476313 -0.0951275 0.0232347 0.995183
445.812 502.218 2.17506 157.102 -0.00282921 -0.0951616 0.0230621 0.995191
445.915 501.96 2.16031 158.414 -0.00176666 -0.0952937 0.0224884 0.995194
446.019 501.702 2.14264 159.733 -0.00215366 -0.0955288 0.0220608 0.99518
446.123 501.444 2.12419 161.052 -0.00264516 -0.0958573 0.0218998 0.995151
446.226 501.187 2.10778 162.376 -0.00333769 -0.0962284 0.0222865 0.995104
446.33 500.926 2.09191 163.698 -0.00401662 -0.0966619 0.0219098 0.995068
446.537 500.4 2.06071 166.307 -0.00356554 -0.0968988 0.0213727 0.995058
446.641 500.14 2.04395 167.59 -0.00318219 -0.0972282 0.0199449 0.995057
446.952 499.339 1.9982 171.491 -0.00482961 -0.0974859 0.0168257 0.995083
447.262 498.54 1.96676 175.38 -0.00593265 -0.0978887 0.014266 0.995077
447.47 498.012 1.9512 177.982 -0.00666272 -0.0974786 0.0136739 0.995121
447.677 497.507 1.93655 180.566 -0.00611169 -0.0965553 0.0162837 0.995176
447.988 496.765 1.90475 184.43 -0.00510546 -0.0947425 0.0213841 0.995259
448.092 496.519 1.89264 185.731 -0.00636461 -0.0941134 0.0228149 0.99528
448.402 495.804 1.87319 189.527 -0.00689627 -0.091927 0.0241311 0.995449
448.713 495.103 1.83155 193.294 -0.0029192 -0.0904937 0.0270832 0.995524
448.921 494.644 1.80112 195.812 -0.00496063 -0.0901699 0.0278085 0.995526
449.024 494.416 1.78883 197.06 -0.00519766 -0.0901441 0.0277701 0.995528
449.128 494.188 1.7764 198.299 -0.00615899 -0.0901283 0.0275971 0.995529
449.232 493.962 1.76435 199.527 -0.0069887 -0.0900759 0.0267776 0.99555
449.335 493.74 1.75337 200.74 -0.00702584 -0.0900855 0.0261914 0.995565
449.439 493.523 1.74299 201.927 -0.00654489 -0.0902845 0.0253002 0.995573
449.75 492.862 1.71083 205.422 -0.00831526 -0.0922132 0.022439 0.995452
449.957 492.424 1.69448 207.698 -0.00769499 -0.0939653 0.0195795 0.995353
450.164 491.986 1.67765 209.932 -0.00417144 -0.0955287 0.0183666 0.995248
450.268 491.774 1.66632 211.033 -0.00404401 -0.0963751 0.0189006 0.995157
450.372 491.566 1.6519 212.128 -0.00461925 -0.0974698 0.0204321 0.995018
450.683 490.936 1.60734 215.314 -0.00560171 -0.100442 0.0255422 0.994599
450.786 490.726 1.59411 216.346 -0.00568931 -0.101575 0.0254664 0.994486
451.201 489.89 1.53924 220.156 -0.00757741 -0.109306 0.0217386 0.993742
451.408 489.474 1.52097 221.921 -0.00732396 -0.115432 0.0198692 0.99309
451.823 488.584 1.48251 225.171 -0.00476178 -0.140427 0.0180218 0.989916
452.133 487.795 1.44604 227.421 -0.00493412 -0.172792 0.0155394 0.984823
452.34 487.192 1.43202 228.835 -0.00510476 -0.20124 0.0136079 0.979434
452.754 485.694 1.39353 231.434 -0.00382625 -0.275749 0.0068947 0.961197
452.961 484.803 1.3744 232.575 -0.00302856 -0.318778 0.00114297 0.947824
453.065 484.327 1.3658 233.105 -0.0027081 -0.340889 -0.000766852 0.940099
453.272 483.305 1.35864 234.095 -0.0034981 -0.38776 -0.00104667 0.921753
453.375 482.761 1.35444 234.541 -0.00485503 -0.411728 -0.00260509 0.91129
453.479 482.201 1.35116 234.955 -0.00584229 -0.435903 -0.00327605 0.899968
453.687 481.014 1.34121 235.682 -0.00385378 -0.483428 -0.00338124 0.875369
453.79 480.415 1.33886 235.987 -0.00255478 -0.506597 -0.00282932 0.862175
453.998 479.138 1.33523 236.508 -0.00141121 -0.551787 -0.00344352 0.833977
454.102 478.488 1.3354 236.713 -0.000995891 -0.573498 -0.00583679 0.819186
454.205 477.855 1.33235 236.879 -0.00116482 -0.594036 -0.007964 0.804398
454.413 476.505 1.32595 237.13 -0.000844678 -0.63091 -0.0109739 0.775778
454.516 475.866 1.32552 237.201 0.00185411 -0.646438 -0.0122719 0.762866
454.828 474.068 1.32315 237.295 0.0123097 -0.675435 -0.0146543 0.737171
455.244 471.45 1.29784 237.437 0.0101271 -0.685059 -0.0133398 0.728295
455.659 468.822 1.26889 237.605 0.00650458 -0.682577 -0.0110149 0.730701
456.074 466.353 1.24054 237.834 0.00254332 -0.672573 -0.00686114 0.739995
456.281 465.261 1.22684 237.954 0.00210377 -0.667576 -0.00534881 0.74452
456.488 464.22 1.21471 238.082 0.00133276 -0.662895 -0.00391898 0.748701
457.006 461.855 1.18017 238.427 -0.00253768 -0.651746 -0.00394126 0.758423
457.317 460.674 1.16203 238.631 -0.00412856 -0.646313 -0.00249889 0.763057
458.043 458.588 1.13191 239.006 -0.000522038 -0.642065 0.00434348 0.766638
458.457 457.567 1.11312 239.137 0.00234173 -0.655794 0.00512552 0.754919
458.767 456.832 1.0996 239.183 0.00432609 -0.67476 0.00719819 0.737989
459.078 456.094 1.09092 239.171 0.00661968 -0.699236 0.00881773 0.714806
459.285 455.544 1.08433 239.138 0.00694442 -0.717823 0.0113634 0.696098
459.492 454.929 1.07031 239.047 0.00735295 -0.737668 0.00594583 0.675097
459.906 453.534 1.04269 238.732 0.00112792 -0.777782 0.00153982 0.628531
460.32 452.07 1.03529 238.21 -0.00150493 -0.819879 0.00206819 0.572531
460.527 451.289 1.03594 237.838 -0.00415295 -0.840459 0.00205712 0.541855
460.942 449.461 1.03547 236.685 0.0110574 0.879465 0.00140169 -0.475832
461.252 448.052 1.04651 235.541 0.0190892 0.906453 -0.00186735 -0.421871
461.563 446.753 1.06632 234.206 0.0178879 0.927324 -0.00356402 -0.373815
461.771 445.924 1.06542 233.261 0.0192091 0.936902 -0.0043748 -0.349036
462.082 444.58 1.0687 231.52 0.0176299 0.947405 -0.00284461 -0.319537
462.394 443.178 1.06807 229.529 0.0129503 0.951788 -0.000426948 -0.306484
462.498 442.876 1.07151 229.109 0.0124129 0.952159 -0.00118347 -0.30535
462.912 440.705 1.06994 226.056 0.0124078 0.952457 -0.00189887 -0.304415
463.223 439.047 1.06446 223.69 0.00888209 0.952839 -0.000975897 -0.303346
463.534 437.319 1.05551 221.238 0.0110167 0.953958 -0.000148393 -0.299738
463.638 436.83 1.05152 220.549 0.011692 0.954521 -0.00142468 -0.297911
464.052 434.389 1.05481 216.935 0.0146644 0.956769 0.00348931 -0.290458
464.26 433.184 1.06648 215.104 0.0134108 0.957593 0.00291287 -0.287799
464.363 432.592 1.07211 214.196 0.0117459 0.957909 0.000478663 -0.286831
464.571 431.369 1.07397 212.334 0.0128688 0.95832 0.00159623 -0.285403
464.674 430.753 1.07307 211.39 0.0146445 0.95853 0.00436641 -0.284583
464.882 429.503 1.08492 209.48 0.0184098 0.95888 0.00222962 -0.283206
464.985 428.902 1.08696 208.553 0.0169238 0.959029 3.60278e-05 -0.282802
465.193 427.676 1.08422 206.631 0.0142816 0.958951 0.000938456 -0.283211
465.504 425.791 1.09023 203.713 0.0132315 0.958469 0.00441781 -0.284855
465.607 425.154 1.09926 202.722 0.0105054 0.958334 0.00680461 -0.285377
465.711 424.497 1.10166 201.7 0.00911838 0.957943 0.00721001 -0.286724
465.814 423.833 1.10499 200.677 0.00776409 0.957566 0.00615598 -0.288043
466.022 422.619 1.11612 198.839 0.00593862 0.956997 0.00507296 -0.289993
466.125 422.064 1.12227 198.009 0.00667239 0.956728 0.00600059 -0.290844
466.229 421.513 1.12746 197.183 0.00651059 0.956475 0.00592546 -0.291681
466.333 420.983 1.13495 196.384 0.00478966 0.956309 0.00407865 -0.29229
466.54 419.736 1.13743 194.542 0.00563249 0.956287 0.00270946 -0.292364
466.643 419.175 1.13966 193.713 0.00754427 0.956356 0.00375114 -0.292084
466.851 417.922 1.14524 191.865 0.0117757 0.956222 0.00276483 -0.292392
466.954 417.254 1.15441 190.875 0.0119476 0.956128 0.00235713 -0.292695
467.058 416.633 1.14528 189.96 0.0148778 0.956354 0.00397931 -0.291805
467.265 415.314 1.15525 188.003 0.0163665 0.956339 0.00802489 -0.291689
467.369 414.657 1.16561 187.017 0.014539 0.956464 0.00531186 -0.29144
467.472 413.973 1.1719 185.986 0.0117905 0.956548 0.0016249 -0.29133
467.576 413.206 1.17326 184.823 0.00878846 0.956661 0.000396427 -0.291072
467.68 412.551 1.16471 183.842 0.00750407 0.956587 0.00175688 -0.291345
467.783 412.014 1.15018 183.02 0.00656373 0.956534 0.00328107 -0.291529
467.991 410.644 1.15065 180.974 0.00772395 0.95666 0.00576847 -0.291048
468.302 408.61 1.16974 177.922 0.00778683 0.956683 0.0100807 -0.290854
468.405 407.944 1.17388 176.918 0.00633192 0.956748 0.00781652 -0.290743
468.82 405.256 1.15189 172.9 0.00869357 0.95676 -0.00175372 -0.290742
468.923 404.59 1.14067 171.899 0.00801601 0.956714 -0.00202971 -0.290912
469.13 403.237 1.12432 169.897 0.0135323 0.956533 0.00283256 -0.291295
469.234 402.574 1.12261 168.899 0.0130551 0.956394 0.00530211 -0.291739
469.338 401.913 1.1277 167.907 0.0124151 0.956331 0.00711257 -0.291937
469.442 401.258 1.13496 166.918 0.0107297 0.956242 0.00864696 -0.292251
469.649 399.958 1.14493 164.96 0.00571551 0.95606 0.00619739 -0.293051
469.752 399.313 1.14673 163.992 0.00354108 0.95606 0.00407974 -0.29312
469.856 398.657 1.14341 163.026 0.0053542 0.955949 0.00368062 -0.29346
469.96 397.999 1.14274 162.053 0.0063723 0.955844 0.00589995 -0.293748
470.167 396.669 1.1559 160.119 0.0124403 0.955526 0.00890835 -0.294509
