0.415086 0.182487 -0.026269 2.269956 0.006433 0.048713 0.001621 0.998791
0.933953 1.400941 -0.188985 7.346102 0.010902 0.162660 0.007412 0.986594
1.037695 1.777852 -0.225405 8.308247 0.010530 0.185623 0.007820 0.982534
1.452734 3.733507 -0.372774 11.965712 0.010875 0.277181 0.010211 0.960702
1.867714 6.382909 -0.510455 15.242023 0.012817 0.365052 0.013040 0.930808
2.074937 7.941228 -0.570693 16.698559 0.014452 0.408418 0.014200 0.912570
2.489649 11.476556 -0.693315 19.199122 0.019950 0.489409 0.018480 0.871630
2.697006 13.431659 -0.754900 20.235600 0.021850 0.523608 0.019721 0.851451
3.111717 17.688669 -0.850625 21.933900 0.020481 0.581537 0.020690 0.812999
3.319074 19.931732 -0.890728 22.567409 0.021144 0.606890 0.021115 0.794224
3.526551 22.241410 -0.927181 23.061601 0.020156 0.631013 0.022026 0.775197
3.941290 27.117268 -0.968267 23.658803 0.023382 0.670548 0.027070 0.741003
4.148625 29.423522 -0.976191 23.737823 0.026063 0.684322 0.031588 0.728029
4.355974 31.904546 -0.979866 23.790366 0.027289 0.695082 0.034339 0.717592
4.770559 37.088373 -0.972845 23.776037 0.028731 0.711904 0.033485 0.700890
4.977967 39.781817 -0.960654 23.712825 0.030079 0.717958 0.032736 0.694665
5.185269 42.652659 -0.955549 23.612896 0.030949 0.721822 0.032296 0.690632
5.600026 48.514404 -0.948217 23.311231 0.030629 0.726513 0.032635 0.685694
5.807340 51.528378 -0.938228 23.123719 0.031254 0.727973 0.033782 0.684059
6.014715 54.601773 -0.924136 22.924403 0.032103 0.728545 0.033944 0.683403
6.429280 61.045179 -0.920344 22.527896 0.032011 0.727528 0.033380 0.684517
6.636673 64.454390 -0.916097 22.338697 0.032787 0.726779 0.033018 0.685294
7.051471 71.310209 -0.919163 21.953389 0.033059 0.725523 0.035807 0.686470
7.258923 74.774486 -0.920628 21.759088 0.035152 0.724939 0.036051 0.686971
7.466210 78.340457 -0.926811 21.567773 0.034868 0.724672 0.036110 0.687263
7.881024 85.654147 -0.925176 21.177181 0.035660 0.724477 0.037064 0.687378
8.295863 93.123570 -0.940836 20.783923 0.034881 0.725943 0.035453 0.685954
8.503235 96.874143 -0.946484 20.573980 0.033644 0.726475 0.034976 0.685477
8.710698 100.759119 -0.947840 20.342160 0.033778 0.728024 0.033838 0.683882
9.125548 108.634475 -0.969676 19.796429 0.032127 0.734354 0.032359 0.677233
9.540126 116.596117 -1.011001 19.083830 0.031963 0.741017 0.030110 0.670049
9.954854 124.753683 -1.046901 18.195483 0.031195 0.748555 0.029699 0.661672
10.058450 126.885268 -1.057785 17.938595 0.031314 0.750469 0.029235 0.659516
10.577010 137.271690 -1.104964 16.481241 0.031047 0.759695 0.029324 0.648875
11.096280 147.681608 -1.123221 14.759520 0.031853 0.765753 0.029576 0.641664
11.199650 149.827279 -1.128116 14.391161 0.031629 0.767292 0.028858 0.639867
11.303360 151.910149 -1.138204 14.013817 0.031176 0.768786 0.028724 0.638100
11.510570 156.021028 -1.151496 13.235145 0.031501 0.771777 0.028400 0.634477
12.028650 166.320855 -1.185656 11.121405 0.032023 0.778508 0.028719 0.626159
12.235950 170.531128 -1.204212 10.192027 0.033111 0.780771 0.028167 0.623304
12.546850 176.846736 -1.240417 8.742516 0.033135 0.784319 0.027803 0.618848
12.857820 183.141332 -1.272064 7.209455 0.034621 0.787385 0.029906 0.614761
13.168790 189.481837 -1.298499 5.614108 0.034364 0.790212 0.028367 0.611211
13.376170 193.805223 -1.326907 4.494355 0.034739 0.792370 0.026710 0.608465
13.479770 195.920481 -1.343441 3.931685 0.034450 0.793476 0.025669 0.607083
13.583380 198.058422 -1.362241 3.351695 0.034750 0.794702 0.025925 0.605450
13.894440 204.489033 -1.412957 1.560915 0.033954 0.798279 0.026578 0.600743
14.205920 211.003360 -1.467187 -0.325650 0.033749 0.801731 0.025435 0.596189
14.412870 215.301848 -1.508182 -1.619617 0.034391 0.803424 0.026267 0.593832
14.827390 223.946779 -1.575719 -4.303616 0.035209 0.806739 0.026779 0.589250
15.034850 228.169857 -1.619563 -5.653860 0.035843 0.808592 0.025694 0.586715
15.449500 236.860237 -1.726341 -8.515185 0.035669 0.811982 0.026384 0.581994
15.656680 241.103989 -1.770490 -9.956136 0.034847 0.813942 0.025512 0.579339
16.071400 249.764040 -1.852398 -12.981548 0.033213 0.818474 0.024798 0.573047
16.278760 254.360367 -1.893001 -14.635766 0.032424 0.820967 0.024447 0.569530
16.693380 262.930987 -1.971199 -17.866781 0.032348 0.825631 0.023635 0.562786
17.107930 271.448655 -2.038861 -21.246720 0.034743 0.829980 0.024330 0.556178
17.418950 278.002322 -2.094291 -23.946539 0.037584 0.832559 0.024390 0.552121
17.626280 282.265846 -2.127182 -25.748876 0.038307 0.834476 0.024367 0.549170
18.041020 290.876241 -2.202728 -29.483886 0.037881 0.838522 0.022912 0.543066
18.455670 299.884958 -2.274699 -33.523638 0.038891 0.841273 0.024822 0.538638
18.766280 306.565992 -2.310596 -36.593507 0.038804 0.843476 0.025917 0.535136
18.869920 308.775228 -2.321753 -37.625479 0.038782 0.844138 0.025283 0.534124
18.973530 310.973088 -2.336623 -38.660794 0.039349 0.844893 0.023940 0.532949
19.077140 313.369671 -2.354362 -39.793356 0.038640 0.845939 0.023545 0.531357
19.388220 320.493670 -2.394599 -43.212315 0.035151 0.850344 0.023683 0.524517
19.491840 322.681953 -2.402021 -44.296145 0.035300 0.851688 0.023897 0.522312
19.802840 329.436668 -2.416724 -47.754293 0.037030 0.855260 0.025174 0.516261
20.113650 336.306742 -2.433154 -51.378702 0.035361 0.858819 0.026030 0.510394
20.424500 343.126603 -2.435540 -55.106271 0.035229 0.862507 0.027456 0.504071
20.528120 345.409765 -2.431645 -56.377342 0.034543 0.863636 0.027269 0.502191
20.838960 352.171753 -2.403019 -60.222491 0.032940 0.866432 0.027274 0.497461
21.046320 356.841633 -2.383603 -62.916716 0.030562 0.868406 0.024416 0.494308
21.149940 359.130914 -2.376418 -64.256357 0.029076 0.869322 0.024573 0.492778
21.357170 363.628523 -2.351308 -66.934114 0.028956 0.871164 0.024997 0.489499
21.460820 365.916659 -2.341764 -68.310970 0.027999 0.872094 0.024543 0.487919
21.771790 372.685062 -2.284435 -72.454684 0.024182 0.874957 0.024980 0.482952
21.875360 374.893804 -2.260478 -73.832512 0.024155 0.875770 0.024766 0.481487
22.186210 381.628600 -2.194848 -78.085775 0.022301 0.878301 0.024348 0.476966
22.290250 383.855414 -2.176325 -79.503239 0.018667 0.879335 0.020609 0.475391
22.393570 386.043949 -2.170082 -80.906389 0.017506 0.880430 0.014844 0.473621
22.808100 394.855420 -2.139357 -86.739675 0.017663 0.882722 0.026026 0.468841
22.911770 397.079722 -2.086279 -88.214353 0.014332 0.883718 0.026039 0.467076
23.015390 399.243329 -2.037178 -89.672943 0.013872 0.884558 0.025685 0.465515
23.430070 407.957702 -1.895211 -95.688063 0.021139 0.887590 0.024299 0.459507
23.533710 410.208986 -1.862201 -97.259725 0.021119 0.888407 0.025196 0.457879
23.637320 412.271680 -1.826705 -98.722130 0.021009 0.889090 0.025977 0.456511
23.844680 416.459562 -1.751891 -101.715358 0.021404 0.890038 0.026314 0.454622
24.363000 427.068092 -1.525034 -109.395359 0.022210 0.891657 0.029541 0.451201
24.570240 431.449229 -1.431306 -112.581661 0.020290 0.892653 0.025706 0.449554
25.088320 441.966790 -1.235100 -120.340657 0.017344 0.893953 0.025229 0.447115
25.191950 443.940544 -1.189853 -121.813740 0.017615 0.893833 0.027469 0.447211
25.399160 448.194956 -1.053005 -124.987691 0.019134 0.892927 0.033621 0.448537
25.502780 450.325809 -0.974339 -126.555198 0.016942 0.892530 0.031456 0.449570
25.606390 452.473892 -0.905558 -128.120858 0.014879 0.892438 0.027405 0.450092
25.710010 454.642545 -0.851057 -129.692731 0.013012 0.892000 0.025636 0.451120
25.917260 458.967536 -0.741350 -132.826118 0.013354 0.890429 0.025348 0.454219
26.331730 467.504493 -0.538738 -138.861809 0.005965 0.888281 0.020719 0.458794
26.435440 469.567803 -0.494282 -140.291075 0.003196 0.888196 0.018402 0.459086
26.539060 471.666128 -0.448487 -141.754965 0.002635 0.888065 0.017709 0.459370
26.642670 473.814690 -0.404140 -143.258895 0.003245 0.887755 0.018922 0.459916
26.849920 478.161164 -0.294898 -146.290144 0.002330 0.886895 0.020727 0.461499
26.953530 480.375934 -0.235912 -147.824034 0.001619 0.886629 0.019562 0.462065
27.160890 484.633885 -0.136162 -150.757547 0.002385 0.886064 0.018000 0.463207
27.368230 488.898366 -0.042003 -153.689890 0.003489 0.885360 0.019937 0.464466
27.471850 491.068848 0.008758 -155.172753 0.003594 0.885081 0.020092 0.464989
27.679200 495.428940 0.114950 -158.138653 0.002842 0.884564 0.020562 0.465957
27.886560 499.819597 0.228307 -161.112326 0.002590 0.884214 0.020025 0.466645
28.093790 504.130324 0.329084 -164.022655 0.002905 0.883886 0.019839 0.467273
28.301020 508.478046 0.437815 -166.951020 0.001635 0.883731 0.020194 0.467556
28.404640 510.624000 0.495282 -168.391268 0.001308 0.883789 0.020154 0.467449
28.611870 515.013505 0.610814 -171.350992 0.001743 0.883923 0.020041 0.467200
28.819230 519.387350 0.729151 -174.297593 0.000474 0.884034 0.021113 0.466946
29.026460 523.797633 0.857136 -177.271924 -0.000148 0.884142 0.020679 0.466760
29.233840 528.191834 0.978789 -180.235158 0.000681 0.884097 0.020625 0.466848
29.441040 532.439942 1.093192 -183.101919 0.000644 0.884049 0.020528 0.466944
29.648260 536.751551 1.212122 -186.009322 0.000218 0.883993 0.020381 0.467056
30.062730 545.420279 1.472552 -191.865249 0.000656 0.883678 0.021527 0.467599
30.269960 549.830372 1.608885 -194.838802 0.000238 0.883572 0.022021 0.467776
30.580810 556.405140 1.811444 -199.255289 -0.000381 0.883654 0.022076 0.467619
31.099140 567.409175 2.163487 -206.657643 -0.000501 0.884000 0.020419 0.467041
31.306520 571.910857 2.305852 -209.702327 -0.000925 0.883951 0.022795 0.467022
31.513850 576.373323 2.457793 -212.719530 -0.000371 0.883982 0.022527 0.466978
31.721250 580.676514 2.601082 -215.631015 0.000385 0.883948 0.023056 0.467017
31.928570 584.953391 2.745979 -218.513099 -0.000083 0.883796 0.023993 0.467256
32.135930 589.392613 2.904868 -221.499161 0.000397 0.883611 0.024289 0.467590
32.343330 593.755458 3.066602 -224.424497 -0.000575 0.883370 0.024856 0.468015
32.550780 598.139956 3.233113 -227.356642 -0.001188 0.883182 0.024242 0.468402
32.758130 602.445312 3.389429 -230.241773 0.000415 0.882769 0.024474 0.469170
32.965700 606.965698 3.553905 -233.268262 -0.000041 0.882397 0.025432 0.469817
33.172920 611.337176 3.714394 -236.183656 0.000106 0.882087 0.024812 0.470433
33.691220 622.203354 4.122818 -243.366804 -0.002226 0.881370 0.023868 0.471818
34.002380 629.048651 4.376920 -247.879509 -0.002193 0.881484 0.024422 0.471576
34.209730 633.600378 4.555751 -250.873815 -0.002983 0.881590 0.023710 0.471412
34.417100 638.181127 4.722246 -253.893190 -0.001765 0.881603 0.022405 0.471457
34.624450 642.413204 4.871008 -256.685927 -0.001714 0.881561 0.023301 0.471492
34.831800 646.889940 5.037375 -259.639252 -0.001808 0.881485 0.024202 0.471588
35.039150 651.519290 5.210362 -262.698516 -0.001770 0.881360 0.023471 0.471859
35.246520 655.792802 5.366498 -265.514495 -0.001875 0.881187 0.023904 0.472159
35.454000 660.358404 5.538971 -268.519140 -0.002303 0.881010 0.023910 0.472488
35.661090 664.542315 5.689577 -271.264362 -0.002145 0.880821 0.023464 0.472863
35.868330 668.791411 5.844675 -274.041608 -0.002017 0.880570 0.024233 0.473293
36.075840 673.093369 5.998426 -276.857453 -0.001113 0.880365 0.023212 0.473726
36.283280 677.733978 6.164821 -279.902790 -0.000853 0.880057 0.024382 0.474240
36.490550 682.113466 6.328201 -282.764654 -0.001326 0.879824 0.024727 0.474654
36.905210 690.987413 6.657964 -288.517499 -0.000906 0.879353 0.023649 0.475582
37.112590 695.305390 6.808008 -291.309782 -0.001469 0.879332 0.023517 0.475626
37.319950 699.689725 6.962767 -294.143886 -0.002186 0.879465 0.023247 0.475390
37.631050 706.337457 7.197390 -298.447600 -0.002364 0.879804 0.022875 0.474781
37.838400 710.783810 7.362578 -301.336499 -0.002142 0.880042 0.023769 0.474297
38.045630 715.314415 7.532481 -304.275411 -0.002174 0.880173 0.023435 0.474070
38.252870 719.612268 7.685720 -307.067354 -0.000883 0.880048 0.023590 0.474299
38.460100 723.986705 7.839791 -309.916769 0.000090 0.879731 0.024355 0.474847
38.563710 726.154541 7.913274 -311.320281 0.000333 0.879616 0.024422 0.475057
38.771060 730.701547 8.070618 -314.265573 -0.000126 0.879363 0.023473 0.475572
38.978300 735.066806 8.215947 -317.086850 -0.000395 0.879108 0.023220 0.476056
39.289260 741.843837 8.456769 -321.459471 0.000257 0.878627 0.025080 0.476850
39.496500 746.193996 8.610070 -324.249055 0.001034 0.878215 0.024330 0.477646
39.703850 750.707300 8.759769 -327.132796 0.001565 0.877856 0.023697 0.478336
39.911340 755.092934 8.895403 -329.931549 0.002171 0.877454 0.023443 0.479083
40.222330 761.935678 9.112969 -334.266874 0.000371 0.876900 0.022446 0.480148
40.429660 766.334848 9.246577 -337.058278 0.002206 0.876533 0.022378 0.480816
40.637020 770.828767 9.381789 -339.897106 0.001421 0.876418 0.023010 0.480999
40.947990 777.573783 9.591732 -344.142618 0.000496 0.876579 0.021274 0.480787
41.258960 784.321625 9.806320 -348.396075 0.002244 0.876010 0.024298 0.481676
41.569920 791.062572 10.012683 -352.629649 0.004361 0.875571 0.022128 0.482563
41.777290 795.311898 10.121994 -355.291682 0.004613 0.874995 0.022994 0.483564
41.984640 799.908885 10.252257 -358.148913 0.003907 0.874536 0.022771 0.484409
42.192000 804.352298 10.376997 -360.899147 0.003509 0.874048 0.022448 0.485308
42.399350 808.971886 10.501344 -363.736051 0.003231 0.873564 0.021725 0.486213
42.606580 813.390629 10.612235 -366.442944 0.003811 0.873287 0.022029 0.486692
42.813810 817.913116 10.732226 -369.198406 0.002352 0.873338 0.022211 0.486602
43.021170 822.405092 10.852874 -371.931250 0.001773 0.873535 0.020702 0.486318
43.228400 826.906208 10.968079 -374.688942 0.002256 0.873813 0.021008 0.485804
43.642870 835.873618 11.199223 -380.207796 0.002555 0.874389 0.021982 0.484721
43.850090 840.410717 11.311397 -383.003002 0.002944 0.874404 0.019824 0.484784
44.057450 845.046373 11.414276 -385.862523 0.003472 0.874198 0.019763 0.485154
44.264680 849.627430 11.521313 -388.683918 0.003580 0.873836 0.020463 0.485777
44.471930 854.309998 11.637085 -391.562985 0.004372 0.873269 0.021208 0.486756
44.679140 858.723966 11.743857 -394.259421 0.004496 0.872525 0.021710 0.488066
44.886500 863.316348 11.860045 -397.047431 0.004529 0.871862 0.022198 0.489227
45.093740 867.612441 11.971095 -399.630756 0.003484 0.871218 0.022598 0.490364
45.197350 869.733755 12.028590 -400.895124 0.003078 0.870977 0.021968 0.490822
45.404710 874.165170 12.147085 -403.534667 0.003634 0.870537 0.022042 0.491595
45.612070 879.029839 12.284680 -406.437726 0.003278 0.870427 0.022421 0.491776
45.923030 885.806393 12.487115 -410.465390 0.000966 0.870659 0.022320 0.491379
46.130280 890.542849 12.628533 -413.292126 0.000806 0.870534 0.021636 0.491632
46.337490 895.320199 12.772712 -416.136369 0.000371 0.870288 0.021344 0.492079
46.544720 900.023360 12.905336 -418.933722 0.001293 0.870058 0.021582 0.492475
47.270160 915.910911 13.402087 -428.339639 0.002428 0.868663 0.024764 0.494778
47.581030 922.710309 13.613858 -432.320487 0.002459 0.867460 0.026396 0.496801
47.995840 931.835714 13.916898 -437.590686 0.001123 0.866163 0.026186 0.499074
48.410450 941.005941 14.223439 -442.835256 0.001568 0.864853 0.026990 0.501296
48.928780 952.494844 14.645310 -449.300222 0.000393 0.863805 0.026814 0.503111
49.343220 961.606082 14.967577 -454.391084 0.001757 0.863371 0.026683 0.503861
49.757560 970.611592 15.283905 -459.400443 0.001957 0.863308 0.021844 0.504200
50.483000 986.297076 15.891534 -468.083496 -0.000914 0.862319 0.028782 0.505546
54.007650 1063.557914 19.370525 -509.725824 -0.001651 0.857409 0.030084 0.513753
55.458900 1095.560281 20.759338 -526.550452 -0.002139 0.854956 0.028788 0.517896
57.117000 1132.670828 22.348008 -545.365980 -0.000691 0.852181 0.029524 0.522413
57.324230 1138.037230 22.579824 -548.071493 -0.001711 0.851996 0.029981 0.522687
57.531360 1142.052939 22.723964 -550.088340 0.002374 0.851415 0.028967 0.523687
57.738590 1145.965884 22.848832 -552.042600 0.003463 0.850697 0.029963 0.524790
57.945800 1150.105926 23.001487 -554.066363 0.001033 0.850213 0.030582 0.525549
58.256810 1156.184413 23.276520 -557.019701 0.000497 0.849467 0.032315 0.526652
58.464000 1161.411472 23.506724 -559.570324 0.001277 0.848925 0.030727 0.527618
58.671360 1166.765477 23.742583 -562.201559 0.000877 0.848368 0.031540 0.528467
58.982460 1174.079505 24.073695 -565.782234 0.000164 0.847539 0.032285 0.529750
59.293570 1181.225618 24.386886 -569.213321 0.000060 0.846726 0.031340 0.531105
59.604650 1188.485489 24.706969 -572.680352 0.001076 0.845918 0.030121 0.532461
60.123100 1200.587600 25.180239 -578.371631 0.001698 0.844646 0.029621 0.534503
60.330460 1205.499412 25.372936 -580.654194 0.000777 0.844332 0.029717 0.534996
60.537830 1210.251440 25.555990 -582.861389 -0.000012 0.844364 0.028815 0.534994
60.745170 1214.680655 25.724732 -584.921703 0.000033 0.844482 0.029413 0.534776
60.952400 1218.750860 25.876764 -586.818146 0.000323 0.844545 0.029835 0.534653
61.159760 1222.954464 26.043372 -588.772211 0.001717 0.844686 0.029151 0.534465
61.366980 1227.609516 26.232892 -590.932513 0.001081 0.844781 0.030428 0.534245
61.574220 1232.399351 26.440386 -593.165480 0.001934 0.844692 0.029679 0.534425
61.784120 1236.955685 26.615850 -595.291980 0.003177 0.844310 0.029436 0.535036
61.988910 1241.503785 26.799482 -597.401554 0.001721 0.844025 0.031856 0.535355
62.196570 1246.007597 27.005772 -599.484000 0.000748 0.843896 0.032089 0.535546
62.403410 1250.631448 27.214229 -601.617744 0.000847 0.843745 0.030815 0.535858
62.611050 1255.444307 27.425510 -603.838251 0.001332 0.843295 0.030741 0.536569
63.024960 1265.194974 27.819822 -608.311324 0.002476 0.842328 0.030660 0.538087
63.128570 1267.163751 27.894123 -609.185527 0.002544 0.842126 0.030844 0.538392
63.335690 1271.946908 28.088677 -611.351708 0.001855 0.841690 0.031404 0.539043
63.542910 1276.763560 28.287606 -613.533630 0.002217 0.841172 0.031523 0.539844
63.750030 1281.649346 28.482580 -615.726756 0.003113 0.840254 0.030708 0.541314
63.957240 1286.599575 28.670013 -617.935917 0.004221 0.839315 0.029271 0.542841
64.164350 1291.512642 28.841468 -620.112002 0.004293 0.838459 0.029553 0.544146
64.578710 1301.320155 29.181606 -624.406943 0.003876 0.837708 0.026908 0.545442
64.682580 1303.714728 29.256439 -625.451183 0.004660 0.837518 0.027012 0.545722
64.889620 1308.620945 29.405925 -627.587112 0.004864 0.837102 0.027500 0.546333
65.096770 1313.593296 29.561741 -629.732942 0.004039 0.836726 0.027967 0.546892
65.304130 1318.660798 29.736266 -631.918736 0.003242 0.836334 0.028691 0.547460
65.511370 1323.640100 29.920176 -634.065579 0.003555 0.835853 0.029715 0.548136
65.719300 1328.642088 30.090543 -636.213562 0.005425 0.835536 0.025677 0.548809
65.926080 1333.573969 30.206895 -638.313868 0.007933 0.835124 0.022749 0.549533
66.133430 1338.605704 30.322248 -640.449037 0.006961 0.834688 0.024530 0.550132
66.548250 1348.628149 30.599516 -644.668558 0.005361 0.834048 0.026529 0.551028
66.651880 1351.131059 30.669030 -645.727962 0.005632 0.833892 0.025978 0.551287
66.859100 1356.259575 30.802052 -647.884775 0.006360 0.833600 0.024767 0.551776
67.066340 1361.273903 30.913908 -649.982370 0.006683 0.833213 0.024959 0.552349
67.584290 1373.760220 31.198281 -655.162627 0.007518 0.832399 0.024104 0.553602
67.895140 1380.956544 31.328681 -658.111638 0.007911 0.831939 0.023306 0.554321
68.102260 1385.843825 31.419706 -660.113143 0.008174 0.831540 0.024391 0.554869
68.309500 1390.749924 31.513148 -662.115610 0.008492 0.831161 0.023934 0.555452
68.412960 1393.182742 31.558062 -663.101301 0.008158 0.831005 0.023678 0.555700
68.620200 1398.176050 31.642401 -665.123748 0.008734 0.830779 0.021438 0.556121
68.723700 1400.682855 31.677271 -666.136945 0.009163 0.830657 0.020766 0.556322
68.827300 1403.062558 31.703993 -667.098630 0.009121 0.830490 0.021388 0.556548
68.930920 1405.447585 31.735985 -668.058226 0.009157 0.830346 0.022186 0.556730
69.138040 1410.500766 31.812818 -670.090555 0.008982 0.830064 0.021752 0.557171
69.241640 1413.053646 31.847207 -671.116126 0.009101 0.829918 0.020851 0.557421
69.345250 1415.574764 31.877957 -672.125754 0.009427 0.829859 0.020394 0.557520
69.552530 1420.553810 31.929065 -674.125090 0.009767 0.829524 0.020176 0.558021
69.759720 1425.556592 31.975562 -676.125055 0.009584 0.829139 0.021049 0.558563
69.863330 1427.996700 31.999143 -677.094466 0.009541 0.828960 0.020761 0.558842
70.174050 1435.431084 32.070034 -680.044298 0.009650 0.828497 0.020139 0.559547
70.277680 1438.192724 32.099136 -681.135581 0.009554 0.828382 0.020213 0.559717
70.692380 1448.393032 32.186865 -685.180391 0.011237 0.827584 0.019364 0.560895
71.107200 1458.466575 32.230080 -689.128338 0.011833 0.826596 0.017068 0.562413
71.314340 1463.528064 32.243053 -691.093227 0.011086 0.826121 0.017004 0.563127
71.729150 1473.540963 32.272971 -694.954280 0.011770 0.825087 0.017232 0.564620
71.936530 1478.457473 32.281665 -696.837983 0.012317 0.824549 0.017657 0.565380
72.351370 1488.438887 32.271722 -700.628524 0.014246 0.823509 0.016087 0.566896
72.558610 1493.466302 32.259245 -702.522864 0.014205 0.823050 0.015896 0.567568
72.766060 1498.454954 32.248466 -704.390732 0.014095 0.822761 0.015496 0.568002
73.180810 1508.090479 32.187517 -707.977346 0.014912 0.822090 0.013743 0.568997
73.284400 1510.459472 32.166507 -708.851064 0.014342 0.821922 0.014158 0.569243
73.388130 1512.900742 32.147327 -709.751607 0.014265 0.821767 0.013799 0.569477
73.595360 1517.850025 32.110590 -711.574999 0.014386 0.821325 0.013695 0.570115
73.802720 1522.827775 32.069469 -713.401320 0.014280 0.820954 0.013384 0.570659
73.906330 1525.371163 32.048403 -714.330574 0.014046 0.820738 0.013542 0.570971
74.113680 1530.281312 32.011498 -716.122606 0.013907 0.820320 0.014315 0.571556
74.321040 1535.173107 31.979278 -717.899411 0.014167 0.819892 0.014802 0.572151
74.528420 1540.064642 31.943725 -719.665744 0.014166 0.819517 0.014530 0.572696
74.632010 1542.579753 31.925098 -720.569707 0.014157 0.819308 0.014203 0.573002
74.839370 1547.509308 31.885342 -722.342040 0.014341 0.818934 0.014029 0.573538
75.253960 1557.212421 31.806182 -725.808668 0.013183 0.818627 0.014607 0.573989
75.357700 1559.630163 31.789892 -726.670943 0.012968 0.818674 0.015086 0.573914
75.461430 1562.041411 31.775733 -727.529695 0.012907 0.818662 0.015376 0.573924
75.668790 1566.824168 31.749595 -729.233635 0.012650 0.818569 0.014818 0.574077
75.876160 1571.556367 31.722460 -730.917413 0.012144 0.818424 0.015364 0.574281
76.083250 1576.327413 31.698267 -732.614856 0.013320 0.818113 0.014627 0.574717
76.290480 1581.120788 31.674780 -734.317878 0.013286 0.817671 0.015866 0.575314
76.497610 1585.776181 31.662060 -735.965712 0.013524 0.817270 0.016402 0.575862
76.601210 1588.116327 31.654144 -736.787674 0.013899 0.817112 0.016007 0.576088
76.808450 1592.849937 31.636555 -738.446189 0.013811 0.816737 0.015872 0.576626
77.326390 1604.748058 31.612417 -742.582121 0.013666 0.815791 0.015876 0.577967
77.533630 1609.469342 31.585606 -744.211597 0.014141 0.815310 0.015326 0.578649
77.844470 1616.305359 31.569088 -746.554026 0.011797 0.814749 0.017969 0.579415
78.051830 1620.991459 31.568764 -748.153245 0.012655 0.814351 0.016406 0.580003
78.259190 1625.571160 31.555383 -749.714766 0.013256 0.813843 0.016924 0.580686
78.466420 1630.319693 31.546808 -751.320484 0.011675 0.813750 0.017213 0.580843
78.777380 1637.099917 31.547555 -753.610452 0.010457 0.814426 0.017976 0.579894
79.088250 1643.816626 31.559931 -755.896763 0.010476 0.815087 0.016964 0.578995
79.295580 1648.366328 31.567194 -757.461172 0.010226 0.815446 0.017291 0.578485
80.331990 1671.042168 31.629849 -765.406581 0.008954 0.820271 0.018263 0.571613
80.954060 1684.440104 31.695355 -770.391644 0.008084 0.825155 0.018642 0.564541
81.161430 1688.949040 31.730435 -772.121969 0.007794 0.826428 0.019211 0.562661
81.368770 1693.278984 31.765937 -773.801671 0.007336 0.827621 0.018896 0.560922
81.576000 1697.635907 31.802272 -775.517131 0.008215 0.828498 0.019454 0.559593
81.886720 1704.044814 31.849494 -778.066659 0.010098 0.829060 0.019246 0.558737
82.093950 1708.298846 31.868102 -779.761668 0.009727 0.829473 0.018273 0.558164
82.508540 1716.566781 31.889402 -783.083361 0.010001 0.829828 0.018535 0.557621
82.819520 1722.464353 31.909907 -785.459944 0.009380 0.829289 0.018633 0.558431
83.026880 1726.552741 31.938906 -787.100965 0.008691 0.828300 0.021911 0.559789
83.337860 1732.791036 32.021360 -789.554473 0.008851 0.826605 0.020710 0.562331
83.648840 1739.052773 32.055241 -791.983114 0.012777 0.824079 0.020426 0.565963
83.960030 1745.279650 32.115924 -794.319867 0.010043 0.821702 0.022444 0.569387
84.167410 1749.458756 32.161134 -795.860822 0.011368 0.820612 0.022611 0.570925
84.478430 1755.605126 32.236967 -798.092062 0.009251 0.819506 0.022517 0.572554
84.685720 1759.675582 32.285166 -799.554346 0.008123 0.819302 0.020997 0.572921
84.893170 1763.728715 32.330181 -801.009559 0.007353 0.819166 0.021232 0.573116
85.204070 1769.836937 32.403464 -803.201855 0.007589 0.819138 0.021235 0.573154
85.411440 1773.796496 32.446128 -804.626063 0.008015 0.819049 0.021203 0.573276
85.618780 1777.766232 32.494142 -806.052180 0.007944 0.818662 0.022880 0.573764
85.826500 1781.784984 32.550877 -807.486744 0.008033 0.818308 0.023285 0.574252
86.137390 1787.813761 32.647256 -809.625565 0.007307 0.817369 0.024018 0.575567
86.448450 1793.813418 32.735037 -811.732873 0.009685 0.815895 0.022453 0.577682
86.759380 1800.013153 32.835351 -813.862954 0.006192 0.814579 0.023755 0.579533
86.966920 1804.506813 32.927963 -815.388435 0.005228 0.813670 0.024537 0.580785
87.278320 1810.737694 33.046102 -817.479529 0.004792 0.812497 0.024454 0.582432
87.900120 1822.322003 33.236928 -821.347464 0.008676 0.811940 0.028168 0.582997
88.211600 1827.948783 33.343529 -823.212165 0.006461 0.812552 0.025732 0.582284
88.522330 1833.690092 33.454649 -825.127892 0.004915 0.813188 0.025601 0.581417
88.833470 1839.349753 33.580205 -827.026180 0.002116 0.814200 0.026160 0.579991
89.144560 1844.743378 33.712191 -828.869024 0.003383 0.815226 0.028831 0.578415
89.455530 1850.102606 33.857115 -830.736589 0.007687 0.816143 0.031851 0.576920
89.766510 1855.517874 34.000408 -832.649429 0.011707 0.817185 0.034376 0.575230
90.388820 1865.727850 34.265376 -836.351245 0.018441 0.820825 0.039542 0.569511
90.699910 1870.573464 34.394240 -838.177059 0.019403 0.825066 0.041092 0.563206
90.907270 1873.756590 34.488198 -839.434034 0.019680 0.829204 0.041731 0.557039
91.218370 1878.363539 34.627980 -841.374921 0.018883 0.838902 0.040310 0.542459
91.425850 1881.349169 34.723443 -842.761932 0.020082 0.847175 0.041265 0.529329
91.633230 1884.201128 34.824606 -844.202294 0.021772 0.855742 0.043093 0.515145
91.840690 1886.936665 34.932909 -845.701894 0.022728 0.864887 0.044528 0.499470
92.048160 1889.580095 35.046725 -847.282040 0.023870 0.874573 0.044246 0.482281
92.255650 1892.167173 35.172458 -848.971708 0.024028 0.884705 0.046969 0.463156
92.670480 1897.092269 35.462230 -852.679233 0.023230 0.905607 0.046597 0.420909
92.877970 1899.419407 35.620112 -854.706959 0.022890 0.916121 0.048204 0.397335
93.292930 1903.641326 35.979586 -859.033028 0.022293 0.935841 0.050076 0.348133
93.500280 1905.575838 36.169954 -861.366440 0.022703 0.944847 0.049510 0.322952
93.707670 1907.372611 36.364264 -863.797425 0.022622 0.953363 0.050665 0.296683
93.915120 1909.018149 36.567303 -866.312387 0.022559 0.961502 0.050520 0.269170
94.122480 1910.515624 36.776591 -868.918445 0.023230 0.968846 0.050117 0.241426
94.329830 1911.857982 36.992970 -871.601930 0.022210 0.975325 0.051682 0.213487
94.537200 1913.041029 37.217022 -874.345622 0.021065 0.981071 0.050953 0.185633
94.951890 1914.938401 37.691685 -880.042235 0.021299 0.989745 0.051727 0.131438
95.159370 1915.655708 37.939160 -882.976479 0.020569 0.992991 0.051608 0.104323
95.574090 1916.618045 38.445485 -888.999302 0.020986 0.997128 0.050778 0.052122
95.781570 1916.858178 38.705047 -892.048876 0.020712 0.998115 0.051214 0.026738
96.196160 1916.861252 39.236996 -898.262971 0.019436 0.998356 0.047322 -0.025847
96.403410 1916.607593 39.499775 -901.441780 0.018134 0.997287 0.047633 -0.053118
96.610910 1916.147810 39.780478 -904.701301 0.017604 0.995392 0.048871 -0.080597
97.025580 1914.713536 40.334754 -911.106995 0.016880 0.989379 0.047221 -0.136432
97.233060 1913.679461 40.615895 -914.285567 0.015866 0.985053 0.047013 -0.164952
97.647900 1911.123817 41.160682 -920.431557 0.013614 0.973574 0.045938 -0.223289
97.855250 1909.567610 41.428020 -923.382800 0.013330 0.966515 0.046050 -0.252092
98.270110 1905.883923 41.963696 -929.049252 0.011835 0.949837 0.044214 -0.309378
98.477450 1903.780285 42.224939 -931.735861 0.011513 0.940160 0.044448 -0.337624
98.892150 1899.085830 42.729969 -936.744911 0.009635 0.918436 0.040923 -0.393330
99.099510 1896.493016 42.968567 -939.036022 0.009067 0.906688 0.040561 -0.419749
99.513970 1890.883407 43.433254 -943.279119 0.007546 0.882104 0.039383 -0.469346
99.721330 1887.887172 43.651910 -945.163940 0.007552 0.869838 0.038270 -0.491793
99.928690 1884.770464 43.861994 -946.908477 -0.007091 -0.857603 -0.036829 0.512943
100.343500 1878.160900 44.277722 -950.016722 -0.005713 -0.833249 -0.036422 0.551667
100.550800 1874.830005 44.465162 -951.301162 -0.006347 -0.822305 -0.035590 0.567897
100.965200 1867.907776 44.830334 -953.621518 -0.006790 -0.804610 -0.031793 0.592914
101.172400 1864.394258 44.997276 -954.635202 -0.006995 -0.797016 -0.030913 0.603126
101.587000 1857.227122 45.328056 -956.471042 -0.006773 -0.784485 -0.031426 0.619314
101.794300 1853.605555 45.493504 -957.284117 -0.007596 -0.780700 -0.030985 0.624091
102.208900 1846.428664 45.815749 -958.815756 -0.007301 -0.774360 -0.032106 0.631888
102.416200 1842.855681 45.973633 -959.522347 -0.007132 -0.772285 -0.032548 0.634401
102.623600 1839.276593 46.130451 -960.208367 -0.006843 -0.770798 -0.032019 0.636237
103.038300 1832.117279 46.434981 -961.539201 -0.006867 -0.768905 -0.031773 0.638536
103.245700 1828.568165 46.589729 -962.185048 -0.007495 -0.768163 -0.032429 0.639388
103.453000 1825.016895 46.749887 -962.823915 -0.007650 -0.767326 -0.032861 0.640369
103.660300 1821.461685 46.906673 -963.446637 -0.006828 -0.766516 -0.032605 0.641360
104.282300 1810.943629 47.356804 -965.286995 -0.004491 -0.763936 -0.031880 0.644489
104.489800 1807.534629 47.486076 -965.856814 -0.004417 -0.762607 -0.031202 0.646094
104.800900 1802.421457 47.678084 -966.671996 -0.003991 -0.757581 -0.032235 0.651932
105.008400 1799.088196 47.797709 -967.147628 -0.002944 -0.751920 -0.032499 0.658447
105.526900 1790.960175 48.067707 -968.004518 -0.001071 -0.729194 -0.033234 0.683499
105.630700 1789.372410 48.115146 -968.093819 0.000010 -0.723084 -0.032451 0.689998
106.045600 1783.185220 48.262357 -968.147476 0.001357 -0.693109 -0.030084 0.720203
106.253100 1780.157598 48.319259 -967.961629 0.002574 -0.674227 -0.028731 0.737961
106.460800 1777.175675 48.363802 -967.611035 0.003530 -0.653043 -0.026357 0.756854
106.668200 1774.224561 48.393281 -967.085240 0.003723 -0.630666 -0.022831 0.775710
106.875700 1771.318873 48.407643 -966.382971 0.003111 -0.606372 -0.020685 0.794906
107.290500 1765.693174 48.408482 -964.435242 0.005262 -0.550008 -0.018384 0.834941
107.394300 1764.337821 48.400438 -963.827823 0.006360 -0.535152 -0.017114 0.844559
107.498000 1763.003054 48.386410 -963.169813 0.006405 -0.520287 -0.016116 0.853816
107.601600 1761.687126 48.370360 -962.463743 0.006507 -0.505075 -0.015129 0.862918
107.809100 1759.140405 48.328793 -960.920229 0.007104 -0.473790 -0.014079 0.880497
107.912800 1757.909484 48.303325 -960.082477 0.007597 -0.457777 -0.014099 0.888923
108.120200 1755.556428 48.243718 -958.282710 0.010210 -0.425261 -0.012122 0.904932
108.223900 1754.430203 48.205997 -957.316364 0.011195 -0.409061 -0.010360 0.912379
108.327600 1753.344190 48.162594 -956.310177 0.011924 -0.392813 -0.008996 0.919497
108.431200 1752.291800 48.113322 -955.259475 0.012691 -0.376386 -0.007160 0.926348
108.534900 1751.272826 48.061163 -954.171196 0.013303 -0.359916 -0.006131 0.932870
108.638800 1750.297787 48.004611 -953.051260 0.014148 -0.343542 -0.004345 0.939021
108.742600 1749.361896 47.944001 -951.901781 0.015747 -0.327372 -0.002968 0.944760
109.053200 1746.795080 47.733430 -948.278239 0.017288 -0.281713 0.001830 0.959341
109.156900 1746.011551 47.660215 -947.009767 0.017194 -0.267244 0.003248 0.963470
109.364400 1744.559226 47.505914 -944.396911 0.019078 -0.238123 0.006683 0.971025
109.467900 1743.889952 47.423863 -943.051918 0.021021 -0.223276 0.008565 0.974491
109.571600 1743.253614 47.338407 -941.681002 0.021151 -0.208015 0.008169 0.977863
109.779100 1742.097080 47.169163 -938.864634 0.018839 -0.175220 0.006173 0.984330
109.882700 1741.592180 47.082616 -937.438947 0.022994 -0.157991 0.006837 0.987149
109.986400 1741.134065 46.987733 -935.997971 0.029258 -0.140834 0.006802 0.989577
110.090100 1740.724463 46.879721 -934.530729 0.031298 -0.124704 0.006948 0.991676
110.401400 1739.785027 46.560024 -929.961831 0.025000 -0.075177 0.011594 0.996789
110.608900 1739.417546 46.352455 -926.865753 0.029499 -0.041803 0.013081 0.998605
110.712500 1739.309712 46.236662 -925.290052 0.031719 -0.025020 0.013261 0.999096
111.023600 1739.316841 45.854511 -920.565760 0.033751 0.025115 0.012380 0.999038
111.231000 1739.577101 45.594566 -917.417576 0.034513 0.058026 0.010656 0.997661
111.334700 1739.791228 45.463381 -915.826248 0.034977 0.073613 0.010417 0.996619
111.438400 1740.057467 45.333003 -914.220334 0.034863 0.088405 0.010315 0.995421
111.542000 1740.379448 45.201750 -912.599573 0.034785 0.102519 0.010971 0.994062
111.645800 1740.740282 45.072786 -911.016326 0.033837 0.115841 0.011237 0.992628
112.060200 1742.606327 44.561214 -904.627737 0.035702 0.159855 0.014194 0.986392
112.268400 1743.749525 44.305707 -901.460106 0.035040 0.176000 0.016632 0.983626
112.681700 1746.383027 43.819305 -895.059875 0.035604 0.203198 0.018406 0.978317
112.785600 1747.107536 43.695904 -893.441757 0.035026 0.207168 0.019314 0.977487
113.199600 1750.126039 43.208433 -886.889659 0.033150 0.214910 0.018005 0.975905
