1 -0.000514973 -0.000730437 -0.00409965 0.000514877 1 -0.000131566 -0.010578 0.000730505 0.000131189 1 1.03469 
1 -0.000329958 -0.00089408 -0.0149851 0.00033115 0.999999 0.00133319 -0.0317829 0.000893639 -0.00133348 0.999999 3.11903 
0.999997 0.00224219 0.000373341 -0.0297341 -0.00224315 0.999994 0.00260749 -0.05065 -0.000367492 -0.00260832 0.999997 5.22201 
0.999989 0.00438574 0.00134193 -0.0364753 -0.00438935 0.999987 0.00269912 -0.0594235 -0.00133008 -0.00270498 0.999995 6.28087 
0.999968 0.0066803 0.0043458 -0.0407172 -0.00668256 0.999978 0.000505898 -0.0778942 -0.00434233 -0.000534923 0.99999 8.40902 
0.999959 0.0068394 0.00597233 -0.0397095 -0.00684702 0.999976 0.00125643 -0.0874629 -0.00596359 -0.00129727 0.999981 9.47993 
0.999952 0.0059737 0.00773093 -0.0352187 -0.00600489 0.999974 0.00401749 -0.0961666 -0.00770673 -0.00406372 0.999962 10.5582 
0.999929 0.00507672 0.0107927 -0.0207706 -0.00518066 0.99994 0.00962461 -0.105537 -0.0107432 -0.00967984 0.999895 12.7334 
0.999914 0.00395137 0.0125443 -0.0093095 -0.00407555 0.999943 0.00988869 -0.106288 -0.0125045 -0.00993895 0.999872 13.8285 
0.999872 0.00279431 0.0157554 0.0165576 -0.00290197 0.999973 0.00681513 -0.108257 -0.0157359 -0.00685998 0.999853 16.0358 
0.999852 0.00106307 0.0171525 0.0341582 -0.00116165 0.999983 0.00573865 -0.111024 -0.0171462 -0.00575773 0.999836 17.147 
0.999794 -0.00383336 0.0199183 0.0764087 0.00377137 0.999988 0.00314886 -0.122398 -0.0199301 -0.0030731 0.999797 19.3903 
0.99977 -0.0049467 0.0208849 0.0963624 0.00491264 0.999987 0.00168186 -0.130341 -0.0208929 -0.00157887 0.99978 20.5219 
0.999733 -0.00358776 0.0228467 0.136441 0.00357248 0.999993 0.000709419 -0.15004 -0.0228491 -0.00062761 0.999739 22.8019 
0.999716 -0.00174963 0.0237679 0.156141 0.00166318 0.999992 0.00365626 -0.159774 -0.0237741 -0.00361569 0.999711 23.9522 
0.999697 0.000732697 0.0245905 0.17568 -0.00087271 0.999983 0.0056835 -0.167174 -0.024586 -0.00570324 0.999681 25.1056 
0.999692 0.000778829 0.0248231 0.2241 -0.000800738 0.999999 0.000872688 -0.181785 -0.0248224 -0.000892295 0.999691 27.417 
0.999696 0.000177021 0.0246431 0.249077 -0.000140239 0.999999 -0.00149432 -0.193648 -0.0246433 0.00149041 0.999695 28.5779 
0.999713 -0.00204904 0.0238578 0.300415 0.00203322 0.999998 0.000687253 -0.221465 -0.0238592 -0.000638548 0.999715 30.9172 
0.99972 -0.0023242 0.0235271 0.324622 0.00224224 0.999991 0.00350918 -0.234115 -0.0235351 -0.00345544 0.999717 32.0929 
0.99974 -0.00360219 0.0225075 0.371487 0.00354457 0.99999 0.0025997 -0.253492 -0.0225166 -0.00251925 0.999743 34.4501 
0.999753 -0.00374715 0.0219061 0.391637 0.00370523 0.999991 0.00195383 -0.264047 -0.0219132 -0.00187218 0.999758 35.6264 
0.999775 -0.00435944 0.0207559 0.43012 0.00432629 0.999989 0.00164176 -0.289063 -0.0207628 -0.0015516 0.999783 37.9873 
0.999791 -0.00360115 0.0201192 0.447825 0.0035498 0.99999 0.00258746 -0.301964 -0.0201283 -0.0025155 0.999794 39.1739 
0.999824 -0.00242324 0.0186067 0.482134 0.00234923 0.999989 0.00399885 -0.32667 -0.0186162 -0.00395444 0.999819 41.5417 
0.99984 -0.00206916 0.0177414 0.499325 0.00198065 0.999986 0.00500475 -0.337147 -0.0177515 -0.00496881 0.99983 42.7243 
0.999853 -0.00239496 0.0169484 0.516237 0.00229777 0.999981 0.00575185 -0.344974 -0.0169619 -0.00571206 0.99984 43.9059 
0.999885 -0.00231831 0.0150127 0.544747 0.00224404 0.999985 0.00496174 -0.362921 -0.015024 -0.00492748 0.999875 46.2655 
0.999895 -0.00252435 0.0142526 0.558241 0.00246307 0.999988 0.0043158 -0.374115 -0.0142633 -0.00428024 0.999889 47.4776 
0.999905 -0.00277582 0.0135002 0.571577 0.00271634 0.999987 0.00442187 -0.386107 -0.0135123 -0.00438478 0.999899 48.6876 
0.999924 -0.00268009 0.0120244 0.595451 0.00263121 0.999988 0.00407887 -0.410687 -0.0120352 -0.00404692 0.999919 51.0648 
0.999937 -0.00121798 0.0112012 0.603578 0.00117692 0.999993 0.00367159 -0.423546 -0.0112056 -0.00365817 0.999931 52.2679 
0.999943 -0.000643946 0.0106753 0.610468 0.000577056 0.99998 0.00626772 -0.434103 -0.0106791 -0.0062612 0.999923 53.4698 
0.999954 -0.000869089 0.00960141 0.624307 0.000713918 0.999869 0.016153 -0.443527 -0.0096142 -0.0161453 0.999823 55.8359 
0.999963 -0.00116044 0.00848132 0.631449 0.0010297 0.999881 0.0154031 -0.443444 -0.00849818 -0.0153938 0.999845 57.0287 
0.999968 -0.00223508 0.007668 0.638527 0.00213156 0.999907 0.0134824 -0.443163 -0.00769742 -0.0134656 0.99988 58.218 
0.999978 -0.00215368 0.00627851 0.645121 0.00206595 0.999901 0.0139464 -0.445374 -0.00630792 -0.0139331 0.999883 60.5575 
0.999977 -0.00370877 0.00559639 0.650036 0.00362541 0.999883 0.0148311 -0.446602 -0.00565074 -0.0148105 0.999874 61.7392 
0.999977 -0.00466747 0.00492001 0.653594 0.00458726 0.999858 0.0161913 -0.446188 -0.00499488 -0.0161683 0.999857 62.9169 
0.999972 -0.00599408 0.00456002 0.659479 0.00591762 0.999845 0.0165993 -0.446928 -0.00465881 -0.0165719 0.999852 65.2 
0.999972 -0.00577352 0.00475471 0.660972 0.00571183 0.999901 0.0128865 -0.449402 -0.00482864 -0.012859 0.999906 66.3434 
0.999983 -0.00213631 0.00541028 0.659519 0.00208019 0.999944 0.0103582 -0.46118 -0.0054321 -0.0103468 0.999932 68.5628 
0.999982 -0.00147152 0.00582203 0.658838 0.00141089 0.999945 0.0104032 -0.470064 -0.00583701 -0.0103948 0.999929 69.6532 
0.999977 -0.00130338 0.00664652 0.660878 0.00123506 0.999946 0.0102737 -0.478948 -0.00665955 -0.0102653 0.999925 70.7273 
0.999964 -0.00112242 0.00844331 0.668897 0.00104087 0.999953 0.00965627 -0.497258 -0.00845375 -0.00964713 0.999918 72.8018 
0.999957 -0.000797919 0.00920347 0.674042 0.000707825 0.999952 0.00978818 -0.50679 -0.00921084 -0.00978125 0.99991 73.8222 
0.99995 -0.000521926 0.0099821 0.679515 0.000429926 0.999957 0.00921644 -0.517511 -0.00998648 -0.00921169 0.999908 74.8254 
0.999942 -0.000106398 0.0107624 0.685718 1.53243e-05 0.999964 0.00846192 -0.527904 -0.0107629 -0.00846126 0.999906 75.8137 
0.999927 -0.000934889 0.012046 0.676687 0.000847851 0.999974 0.0072285 -0.542663 -0.0120525 -0.00721776 0.999901 76.905 
0.999882 -0.00529885 0.0143948 0.696404 0.00520784 0.999966 0.0063525 -0.573421 -0.0144279 -0.00627679 0.999876 79.7549 
0.99987 -0.00613106 0.0149213 0.705798 0.00603372 0.99996 0.00656023 -0.592342 -0.0149609 -0.00646935 0.999867 80.8025 
0.999874 -0.00563201 0.0148712 0.723601 0.00553694 0.999964 0.00642588 -0.604422 -0.0149069 -0.00634272 0.999869 81.6699 
0.999876 -0.00511716 0.0149108 0.739257 0.00501591 0.999964 0.00681989 -0.61583 -0.0149452 -0.00674425 0.999866 82.5149 
0.999851 -0.00253507 0.0171007 0.76531 0.00238676 0.999959 0.00868779 -0.640889 -0.017122 -0.00864568 0.999816 83.9492 
0.999805 -0.00395672 0.0193576 0.811715 0.00369319 0.9999 0.0136305 -0.665845 -0.0194096 -0.0135563 0.99972 86.0172 
0.999851 -0.00976032 0.0142582 0.840747 0.00954573 0.999841 0.0150413 -0.671311 -0.0144027 -0.0149029 0.999785 87.4202 
0.999826 -0.0177364 -0.00586246 0.84481 0.0178255 0.999721 0.0154996 -0.67366 0.00558592 -0.0156014 0.999863 88.7319 
0.998817 -0.0216895 -0.0435131 0.791119 0.0224649 0.999596 0.0174106 -0.673876 0.0431179 -0.0183675 0.998901 89.9586 
0.994757 -0.0253341 -0.0990814 0.672425 0.0271132 0.999494 0.0166508 -0.675015 0.0986094 -0.0192499 0.99494 91.0976 
0.985357 -0.022372 -0.16903 0.491044 0.0253231 0.999562 0.0153232 -0.677547 0.168613 -0.0193792 0.985492 92.1582 
0.942497 0.000320871 -0.334213 -0.13585 0.00602273 0.999821 0.0179443 -0.683181 0.334159 -0.0189253 0.942327 94.0637 
0.903889 0.019181 -0.427337 -0.584353 -0.00985409 0.999663 0.0240267 -0.677722 0.427654 -0.0175065 0.903773 94.9722 
0.852393 0.0346089 -0.521755 -1.14256 -0.0211575 0.999273 0.0317184 -0.652076 0.522474 -0.0159975 0.852505 95.8342 
0.787598 0.0466269 -0.614422 -1.78315 -0.0271384 0.99879 0.0410082 -0.621333 0.615591 -0.0156236 0.787911 96.6222 
0.749039 0.0483222 -0.660761 -2.13381 -0.025846 0.998709 0.0437376 -0.598022 0.662022 -0.0156831 0.749321 97.0155 
0.707684 0.0488359 -0.704839 -2.58077 -0.0236023 0.998686 0.0454979 -0.558524 0.706135 -0.0155623 0.707906 97.2871 
0.618307 0.0483355 -0.784449 -3.44299 -0.0202638 0.998756 0.0455685 -0.50382 0.785675 -0.0122795 0.618517 97.8004 
0.56956 0.0510342 -0.820364 -3.83419 -0.0193109 0.998626 0.0487166 -0.489175 0.821723 -0.0119051 0.569763 98.0968 
0.467404 0.0563901 -0.882244 -4.67902 -0.0217043 0.998395 0.0523153 -0.455412 0.883777 -0.00530391 0.467877 98.5536 
0.417731 0.0565151 -0.906811 -5.15651 -0.0208311 0.998397 0.052627 -0.433477 0.908332 -0.00309407 0.418238 98.6762 
0.322931 0.0510755 -0.945043 -6.11142 -0.0161904 0.998695 0.0484427 -0.394744 0.946284 -0.000343089 0.323337 98.9084 
0.277509 0.0525845 -0.959283 -6.56632 -0.0222784 0.998585 0.048294 -0.374256 0.960465 0.00796927 0.278287 99.0155 
0.203113 0.0541668 -0.977656 -7.54815 -0.0212664 0.998477 0.0509022 -0.341231 0.978924 0.0104523 0.203956 99.1736 
0.174365 0.0517603 -0.98332 -8.05431 -0.0147701 0.998643 0.0499478 -0.339995 0.98457 0.00581455 0.174893 99.2443 
0.149844 0.0489376 -0.987498 -8.55921 -0.013337 0.998783 0.0474731 -0.326049 0.98862 0.00605671 0.150314 99.3345 
0.1155 0.0366926 -0.99263 -9.6063 -0.0148783 0.999269 0.0352068 -0.269433 0.993196 0.0107023 0.115961 99.4419 
0.104278 0.0358475 -0.993902 -10.1793 -0.0133917 0.99931 0.0346375 -0.25602 0.994458 0.00969809 0.104686 99.4858 
0.0957706 0.0385243 -0.994658 -10.6857 -0.0100148 0.999238 0.0377374 -0.2358 0.995353 0.00634715 0.0960834 99.5252 
0.0848342 0.0457799 -0.995343 -11.7752 -0.00975426 0.998934 0.0451137 -0.200201 0.996347 0.00588164 0.0851904 99.6013 
0.082033 0.0444662 -0.995637 -13.0167 -0.00606835 0.999008 0.0441168 -0.164663 0.996611 0.00242284 0.0822214 99.7015 
0.0823098 0.0406281 -0.995778 -15.6136 0.00657438 0.999125 0.0413081 -0.0784307 0.996585 -0.00994669 0.0819707 99.9057 
0.0818354 0.0412421 -0.995792 -16.9674 0.0111416 0.999043 0.0422924 -0.0381882 0.996584 -0.0145558 0.0812976 100.029 
0.0770845 0.0402922 -0.99621 -18.4164 0.0218291 0.998875 0.042089 0.0116717 0.996786 -0.0249907 0.0761183 100.165 
0.0506949 0.0411676 -0.997865 -21.3736 0.035943 0.998428 0.0430168 0.123844 0.998067 -0.038047 0.0491355 100.328 
0.0309524 0.0443347 -0.998537 -22.9306 0.0348555 0.99836 0.0454073 0.186956 0.998913 -0.03621 0.0293563 100.347 
0.00815086 0.0431111 -0.999037 -24.5618 0.0309181 0.998582 0.0433437 0.248529 0.999489 -0.0312416 0.00680638 100.357 
-0.0235056 0.0361897 -0.999068 -27.9363 0.0120322 0.999282 0.0359143 0.3445 0.999651 -0.0111768 -0.0239242 100.262 
-0.0116994 0.0395034 -0.999151 -31.3174 -0.00625913 0.999197 0.0395785 0.428051 0.999912 0.00671686 -0.0114428 100.152 
0.00641066 0.0385926 -0.999234 -32.9917 -0.0136916 0.999165 0.0385021 0.46923 0.999886 0.0134343 0.0069337 100.143 
0.0174213 0.0404557 -0.999029 -33.8224 -0.0163571 0.999059 0.0401716 0.489926 0.999714 0.0156414 0.0180666 100.155 
0.0412466 0.0452466 -0.998124 -35.4897 -0.0187939 0.998832 0.0445021 0.530769 0.998972 0.0169231 0.0420488 100.209 
0.0528639 0.0442823 -0.997619 -36.3045 -0.0180853 0.998895 0.0433806 0.544647 0.998438 0.015749 0.0536063 100.245 
0.0637708 0.0425535 -0.997057 -37.1622 -0.0166726 0.998996 0.04157 0.565698 0.997825 0.0139726 0.0644163 100.307 
0.075431 0.0417749 -0.996276 -37.9717 -0.0164298 0.999038 0.0406468 0.590594 0.997016 0.0133026 0.0760448 100.374 
0.0991162 0.0431848 -0.994138 -39.5956 -0.0153185 0.999006 0.0418689 0.63617 0.994958 0.0110788 0.0996791 100.521 
0.109519 0.0427007 -0.993067 -40.3939 -0.0138486 0.999045 0.0414304 0.659464 0.993888 0.00921522 0.110006 100.606 
0.122407 0.0403165 -0.991661 -42.0207 -0.0102935 0.999172 0.0393513 0.699261 0.992427 0.00539073 0.122721 100.805 
0.125999 0.0376006 -0.991317 -42.8386 -0.0101696 0.999278 0.03661 0.719848 0.991978 0.00546848 0.126291 100.902 
0.126411 0.0331478 -0.991424 -46.1472 -0.00744435 0.999445 0.0324668 0.798743 0.99195 0.00327635 0.126588 101.317 
0.121574 0.0374447 -0.991876 -47.837 -0.00700558 0.999296 0.0368662 0.83936 0.992558 0.00246669 0.121751 101.517 
0.117623 0.041107 -0.992207 -49.5667 -0.00891343 0.999146 0.0403378 0.8915 0.993018 0.00409933 0.117889 101.718 
0.128736 0.0415357 -0.990809 -53.0313 -0.0263361 0.998913 0.0384536 0.99225 0.991329 0.0211437 0.12969 102.108 
0.18547 0.0347057 -0.982037 -56.4051 -0.0421653 0.998737 0.0273325 1.0639 0.981745 0.0363386 0.186699 102.626 
0.205984 0.0371889 -0.977848 -57.3577 -0.0409418 0.99873 0.0293587 1.07895 0.977699 0.0339874 0.207245 102.828 
0.227276 0.0414257 -0.972949 -58.2328 -0.0385702 0.998694 0.033512 1.09507 0.973066 0.0299104 0.228576 103.031 
0.269855 0.0418112 -0.961993 -59.8554 -0.0350643 0.998821 0.0335758 1.12101 0.962262 0.024671 0.271003 103.464 
0.327835 0.0396945 -0.943901 -62.2187 -0.0257873 0.999121 0.0330602 1.16462 0.944383 0.0135023 0.32857 104.256 
0.343426 0.0375516 -0.938429 -62.9904 -0.0218298 0.99925 0.0319965 1.17585 0.938926 0.00949727 0.343988 104.552 
0.384708 0.0570273 -0.921275 -66.0076 -0.0212666 0.998372 0.0529191 1.26517 0.922793 -0.000766015 0.385295 105.772 
0.3881 0.0407861 -0.920715 -68.2254 -0.0175279 0.999166 0.036873 1.35459 0.921451 0.00182782 0.388491 106.713 
0.387124 0.0300328 -0.921538 -69.8147 -0.0163267 0.999536 0.0257162 1.39693 0.921883 0.00509032 0.387435 107.375 
0.394475 0.0425126 -0.917923 -72.2634 -0.0162817 0.999096 0.039275 1.45171 0.918762 -0.000547656 0.394811 108.405 
0.408656 0.0441041 -0.911622 -73.8971 -0.0174219 0.999027 0.0405229 1.49974 0.912522 -0.000677691 0.409026 109.121 
0.419243 0.0411918 -0.906939 -74.7142 -0.018956 0.99915 0.0366172 1.52571 0.907676 0.00184043 0.419667 109.495 
0.432692 0.0387318 -0.90071 -75.5317 -0.0174399 0.999249 0.0345911 1.55213 0.901373 0.000740989 0.433042 109.887 
0.446649 0.0371986 -0.893936 -76.3524 -0.0183686 0.999306 0.0324056 1.57404 0.894521 0.00194639 0.447022 110.294 
0.471809 0.0227495 -0.881407 -77.968 -0.0161559 0.999722 0.0171551 1.60442 0.881553 0.00614596 0.472046 111.145 
0.496521 0.0272156 -0.867598 -81.2603 -0.0140082 0.999629 0.0233404 1.64106 0.867912 0.000564465 0.496718 112.989 
0.497761 0.027214 -0.866887 -82.0916 -0.0123901 0.999629 0.0242668 1.65477 0.867226 -0.00133821 0.497913 113.465 
0.499137 0.0282965 -0.866061 -83.7405 -0.0126922 0.999598 0.0253447 1.67869 0.86643 -0.00165831 0.499296 114.407 
0.506834 0.0349342 -0.861335 -87.0415 -0.0250772 0.999353 0.0257758 1.71965 0.861679 0.00853587 0.507383 116.288 
0.541513 0.0470673 -0.839374 -90.2499 -0.0381359 0.998779 0.0314029 1.76707 0.839827 0.0150051 0.542647 118.239 
0.564307 0.0492268 -0.824096 -91.7915 -0.0416261 0.998648 0.0311497 1.7967 0.824515 0.0167258 0.565593 119.265 
0.60098 0.0465892 -0.797905 -94.0089 -0.0446567 0.998698 0.0246781 1.83141 0.798016 0.0208008 0.602278 120.867 
0.613208 0.0464109 -0.788557 -94.7301 -0.0456861 0.998685 0.0232511 1.84262 0.788599 0.0217684 0.614522 121.421 
0.647681 0.047856 -0.760407 -96.8115 -0.0448882 0.998689 0.0246184 1.8645 0.760588 0.0181885 0.64898 123.134 
0.657483 0.0463499 -0.752043 -97.4842 -0.0431825 0.998784 0.0238042 1.87172 0.752231 0.0168243 0.658684 123.722 
0.675361 0.0397741 -0.736414 -99.44 -0.0328287 0.999176 0.023859 1.89265 0.736756 0.00806204 0.67611 125.502 
0.678598 0.0363041 -0.733612 -100.702 -0.0282303 0.999329 0.0233404 1.90526 0.733968 0.00487139 0.679167 126.667 
0.676042 0.0327781 -0.736133 -101.923 -0.0221961 0.999463 0.0241192 1.91528 0.736529 3.36748e-05 0.676406 127.791 
0.658354 0.030321 -0.752098 -104.223 -0.0159315 0.999526 0.0263504 1.93322 0.75254 -0.00536585 0.658525 129.827 
0.649544 0.0323147 -0.759637 -105.299 -0.0171084 0.999465 0.0278879 1.94223 0.760132 -0.00511818 0.649749 130.734 
0.645528 0.0242132 -0.763353 -107.318 -0.0162662 0.999706 0.0179548 1.95673 0.763564 0.000826564 0.645732 132.418 
0.651469 0.017106 -0.758483 -108.294 -0.0113688 0.999854 0.0127848 1.96375 0.75859 0.000294135 0.651568 133.26 
0.659164 0.0289028 -0.751443 -109.267 -0.0128698 0.999548 0.0271564 1.97737 0.751889 -0.0082296 0.659239 134.11 
0.674326 0.0301284 -0.737819 -111.161 -0.0205399 0.999546 0.0220435 2.00975 0.738148 0.000290268 0.674638 135.806 
0.677852 0.03099 -0.734545 -112.125 -0.0254614 0.999501 0.0186721 2.02699 0.734757 0.00604559 0.678303 136.679 
0.678491 0.0341104 -0.733817 -114.109 -0.0252451 0.999414 0.0231145 2.0574 0.734175 0.0028423 0.678954 138.504 
0.670198 0.0430669 -0.740932 -115.151 -0.0247119 0.999056 0.0357177 2.08139 0.741771 -0.00562807 0.67063 139.44 
0.657022 0.0428242 -0.752654 -116.225 -0.0275187 0.999082 0.0328231 2.11491 0.753369 -0.000853492 0.657598 140.367 
0.643871 0.0509697 -0.763435 -117.351 -0.0379246 0.998678 0.0346904 2.15979 0.764194 0.00661683 0.644953 141.289 
0.629502 0.0582978 -0.774809 -119.718 -0.0713306 0.997306 0.0170855 2.22338 0.773718 0.0445122 0.631965 143.138 
0.62785 0.0582693 -0.77615 -120.328 -0.0708501 0.997332 0.0175618 2.23389 0.775103 0.0439642 0.630304 143.625 
0.624465 0.0602126 -0.778728 -122.88 -0.0678871 0.997435 0.0226845 2.28127 0.778097 0.0386999 0.626951 145.656 
0.627891 0.0589862 -0.776062 -124.199 -0.0678104 0.997478 0.0209518 2.30868 0.775341 0.0394697 0.630308 146.715 
0.629075 0.060288 -0.775003 -124.869 -0.066294 0.997517 0.0237863 2.32233 0.774513 0.0364147 0.631509 147.257 
0.634159 0.0655252 -0.770421 -127.633 -0.0726691 0.997043 0.0249833 2.38965 0.76978 0.0401424 0.637046 149.497 
0.638085 0.0851033 -0.765249 -130.478 -0.079025 0.995863 0.0448567 2.47449 0.7659 0.0318514 0.64217 151.835 
0.63848 0.0845562 -0.764979 -131.186 -0.0823163 0.995748 0.0413596 2.49922 0.765223 0.036563 0.642726 152.415 
0.638055 0.0833683 -0.765465 -131.896 -0.0869174 0.995566 0.0359789 2.52549 0.76507 0.0435757 0.642471 152.992 
0.636854 0.0828332 -0.766522 -132.604 -0.0917327 0.99529 0.0313399 2.54952 0.765508 0.0503561 0.641453 153.564 
0.635192 0.0844794 -0.76772 -133.316 -0.0919298 0.995203 0.033451 2.56824 0.766863 0.0493285 0.639912 154.146 
0.628268 0.072803 -0.774584 -135.431 -0.0749075 0.996647 0.032917 2.62559 0.774383 0.0373414 0.631614 155.888 
0.625019 0.067053 -0.777724 -136.134 -0.0673119 0.997222 0.0318821 2.64419 0.777702 0.0324232 0.627797 156.458 
0.622139 0.0619258 -0.780454 -137.556 -0.0601247 0.997702 0.0312351 2.6763 0.780595 0.027492 0.624433 157.598 
0.623836 0.0711718 -0.778308 -138.977 -0.0654854 0.997103 0.038691 2.71423 0.778807 0.026831 0.62669 158.713 
0.628865 0.0850362 -0.77285 -141.794 -0.0837147 0.995628 0.04143 2.81213 0.772994 0.038645 0.633235 160.941 
0.631201 0.0780349 -0.771683 -142.484 -0.0799571 0.996172 0.0353346 2.83095 0.771487 0.0393984 0.635025 161.503 
0.634331 0.0713987 -0.769757 -143.861 -0.0839988 0.996196 0.0231813 2.86532 0.768484 0.0499541 0.637916 162.62 
0.636332 0.07349 -0.767907 -146.586 -0.0740337 0.996675 0.0340348 2.92195 0.767854 0.0351936 0.639657 164.87 
0.635393 0.0675631 -0.769227 -147.92 -0.0768971 0.996749 0.0240287 2.9522 0.76835 0.0438837 0.638523 165.956 
0.636442 0.0778202 -0.767389 -150.514 -0.0774396 0.996317 0.0368102 2.99709 0.767427 0.0359986 0.640125 168.07 
0.6408 0.0600298 -0.765358 -151.712 -0.0751032 0.997058 0.0153223 3.01423 0.764026 0.0476623 0.643423 169.061 
0.656303 0.0763819 -0.750621 -153.965 -0.0681193 0.996798 0.0418726 3.03772 0.751416 0.0236507 0.659405 170.994 
0.662857 0.0623277 -0.746147 -154.962 -0.0633624 0.997624 0.0270447 3.05519 0.74606 0.0293509 0.665231 171.874 
0.66675 0.0509039 -0.743541 -155.885 -0.0574855 0.998205 0.0167901 3.06568 0.743061 0.0315481 0.668479 172.703 
0.631764 0.0365209 -0.7743 -157.605 -0.0264613 0.999323 0.0255442 3.07334 0.774709 0.00435109 0.632303 174.202 
0.580171 0.0260438 -0.814079 -158.485 -0.00910734 0.999634 0.0254895 3.08523 0.814444 -0.00737419 0.580195 174.848 
0.510361 0.0321927 -0.859357 -159.427 -0.00891999 0.999443 0.0321431 3.10499 0.859914 -0.00873913 0.510364 175.391 
0.471806 0.0346573 -0.881021 -159.912 -0.0119882 0.999387 0.0328936 3.11558 0.881621 -0.00495756 0.471932 175.618 
0.433732 0.0312443 -0.9005 -160.399 -0.0106081 0.999506 0.02957 3.12264 0.900979 -0.00327284 0.43385 175.826 
0.39457 0.0263514 -0.918488 -160.894 -0.00701049 0.999646 0.0256682 3.12905 0.918839 -0.00368885 0.394615 176.018 
0.354513 0.0212546 -0.934809 -161.396 -0.00584918 0.999772 0.0205135 3.13666 0.935033 -0.00180442 0.354557 176.185 
0.27314 0.023597 -0.961685 -162.446 -0.00610072 0.999721 0.0227976 3.16236 0.961955 -0.000359949 0.273208 176.452 
0.232806 0.0284831 -0.972106 -162.993 -0.00615486 0.999594 0.0278145 3.17274 0.972504 -0.0004922 0.232887 176.559 
0.163453 0.0430713 -0.985611 -164.12 -0.0139664 0.999047 0.0413423 3.19618 0.986452 0.00700794 0.163898 176.707 
0.133635 0.0455568 -0.989983 -164.694 -0.0167012 0.998905 0.0437129 3.21915 0.99089 0.0106923 0.13425 176.762 
0.0910972 0.0522915 -0.994468 -165.867 -0.0285083 0.998348 0.049884 3.25991 0.995434 0.0238063 0.0924374 176.833 
0.0645594 0.0504256 -0.996639 -167.669 -0.0517174 0.997549 0.0471216 3.33309 0.996573 0.0485015 0.0670091 176.902 
0.0634235 0.048645 -0.9968 -168.277 -0.0527215 0.99758 0.0453285 3.35682 0.996593 0.0496779 0.0658346 176.934 
0.0731319 0.0566446 -0.995712 -170.169 -0.0545954 0.997116 0.0527146 3.43434 0.995827 0.0505062 0.0760135 177.057 
0.097633 0.0326248 -0.994688 -172.74 -0.0558391 0.998068 0.0272548 3.51751 0.993655 0.0528815 0.0992661 177.282 
0.103715 0.0353987 -0.993977 -173.409 -0.0559882 0.99799 0.0296996 3.538 0.99303 0.0525706 0.105489 177.354 
0.123415 0.0509578 -0.991046 -175.455 -0.067467 0.996801 0.0428521 3.58774 0.990059 0.0615744 0.126458 177.575 
0.128341 0.0476568 -0.990584 -176.139 -0.0708258 0.996735 0.0387764 3.6101 0.989198 0.0651823 0.131298 177.656 
0.134368 0.0419617 -0.990043 -177.519 -0.0596966 0.997631 0.0341814 3.65006 0.989132 0.0545093 0.136555 177.851 
0.133947 0.0498289 -0.989735 -179.645 -0.0671701 0.996895 0.0410988 3.71091 0.988709 0.0609755 0.136878 178.123 
0.131781 0.0499566 -0.990019 -180.351 -0.064351 0.997054 0.0417459 3.73191 0.989188 0.0582075 0.134607 178.215 
0.128245 0.0574287 -0.990078 -183.241 -0.0687436 0.996436 0.0488931 3.82772 0.989357 0.0617913 0.131735 178.571 
0.125826 0.0489693 -0.990843 -186.13 -0.0638437 0.99711 0.0411716 3.93021 0.989996 0.0580786 0.128589 178.935 
0.126851 0.0479615 -0.990762 -186.864 -0.0694735 0.996807 0.0393592 3.95995 0.989486 0.063839 0.129778 179.017 
0.13246 0.0470333 -0.990072 -189.787 -0.0725283 0.996656 0.0376426 4.04936 0.988531 0.0668221 0.135428 179.388 
0.138208 0.041817 -0.98952 -191.281 -0.0739247 0.996757 0.0317976 4.09149 0.98764 0.0687553 0.140851 179.585 
0.141339 0.0409635 -0.989113 -192.037 -0.0717536 0.996939 0.0310344 4.10785 0.987357 0.0665861 0.143846 179.69 
0.145034 0.0489397 -0.988216 -195.124 -0.0627696 0.997219 0.0401732 4.18407 0.987434 0.0562034 0.147703 180.143 
0.145838 0.04997 -0.988046 -195.916 -0.0588298 0.997394 0.0417594 4.2069 0.987558 0.0520364 0.148398 180.261 
0.144438 0.0463687 -0.988427 -198.265 -0.0477584 0.998064 0.0398419 4.27819 0.988361 0.041451 0.146373 180.611 
0.142749 0.0455963 -0.988708 -199.053 -0.0453419 0.998191 0.0394872 4.29911 0.98872 0.0391931 0.144558 180.726 
0.140222 0.0467638 -0.989015 -199.841 -0.049376 0.997971 0.0401868 4.3223 0.988888 0.0431985 0.142247 180.83 
0.13668 0.0501155 -0.989347 -200.626 -0.0545327 0.997586 0.042999 4.34862 0.989113 0.0480746 0.139083 180.928 
0.130739 0.0336072 -0.990847 -202.975 -0.0515082 0.998306 0.0270639 4.40845 0.990078 0.0474984 0.132249 181.232 
0.127831 0.0450322 -0.990773 -204.553 -0.057617 0.997619 0.0379095 4.44923 0.990121 0.0522393 0.130121 181.422 
0.130146 0.0562735 -0.989897 -206.135 -0.0585758 0.997081 0.0489807 4.48825 0.989763 0.0516093 0.133062 181.619 
0.132625 0.0452749 -0.990132 -207.698 -0.0703865 0.996864 0.0361547 4.54413 0.988664 0.0648969 0.135396 181.803 
0.135706 0.0577865 -0.989062 -210.901 -0.0638063 0.996735 0.0494801 4.64206 0.988692 0.0563937 0.13895 182.233 
0.135081 0.0477369 -0.989684 -212.502 -0.0570399 0.997557 0.0403313 4.69568 0.989191 0.0510035 0.137474 182.456 
0.134288 0.0437371 -0.989977 -213.309 -0.0540587 0.997861 0.0367525 4.72274 0.989467 0.0485815 0.136365 182.567 
0.132882 0.0505627 -0.989841 -214.953 -0.0479267 0.997857 0.0445383 4.77195 0.989972 0.0415215 0.13502 182.791 
0.132296 0.0538155 -0.989748 -218.248 -0.0605884 0.997097 0.0461165 4.889 0.989357 0.0538662 0.135172 183.199 
0.133791 0.0527161 -0.989606 -219.071 -0.0646145 0.996923 0.0443702 4.91252 0.988901 0.0580066 0.136786 183.301 
0.135712 0.052657 -0.989348 -219.902 -0.0679373 0.996731 0.0437307 4.94344 0.988416 0.0612788 0.138846 183.405 
0.140071 0.0576119 -0.988464 -221.571 -0.0599546 0.996967 0.0496116 5.00136 0.988325 0.0523138 0.143101 183.64 
0.143419 0.0462997 -0.988578 -223.223 -0.0552229 0.997723 0.0387165 5.05609 0.98812 0.0490395 0.145649 183.878 
0.145624 0.0522167 -0.987961 -224.887 -0.0591974 0.997277 0.0439835 5.10855 0.987567 0.0520797 0.148319 184.112 
0.148154 0.0634297 -0.986928 -226.566 -0.0697693 0.996125 0.0535473 5.16431 0.9865 0.0609241 0.152005 184.337 
0.150347 0.050756 -0.98733 -229.038 -0.0735859 0.996486 0.0400213 5.25339 0.985891 0.0666365 0.153553 184.695 
0.14984 0.0476841 -0.98756 -230.681 -0.0654141 0.997126 0.0382208 5.30161 0.986544 0.0588733 0.152529 184.947 
0.148064 0.0517439 -0.987623 -231.505 -0.0638068 0.99705 0.0426719 5.32143 0.986917 0.0566989 0.150929 185.069 
0.143505 0.0445991 -0.988644 -233.127 -0.0649732 0.997253 0.0355564 5.36435 0.987514 0.0591328 0.146009 185.294 
0.139114 0.0474628 -0.989138 -234.748 -0.0651202 0.997127 0.0386875 5.41117 0.988133 0.0590309 0.141806 185.514 
0.133961 0.0435497 -0.990029 -237.132 -0.0639079 0.997334 0.0352237 5.46979 0.988924 0.0585521 0.136387 185.828 
0.12801 0.0541933 -0.990291 -240.3 -0.0649247 0.996822 0.0461583 5.54961 0.989646 0.0583857 0.131121 186.223 
0.123859 0.0506665 -0.991005 -241.831 -0.0560559 0.997458 0.0439904 5.59803 0.990715 0.0501031 0.126384 186.419 
0.122169 0.0487877 -0.991309 -242.582 -0.0565003 0.997513 0.0421299 5.61919 0.9909 0.0508623 0.124622 186.508 
0.119344 0.0525301 -0.991462 -244.064 -0.0578174 0.997272 0.0458784 5.66452 0.991168 0.0518485 0.122056 186.677 
0.119222 0.0594964 -0.991083 -244.791 -0.0580719 0.996912 0.0528606 5.68676 0.991168 0.051252 0.122309 186.761 
0.119884 0.0598003 -0.990985 -246.189 -0.0581722 0.996892 0.0531193 5.73185 0.991082 0.0512796 0.122991 186.922 
0.120369 0.0540817 -0.991255 -246.863 -0.0592409 0.997127 0.0472084 5.75648 0.99096 0.0530405 0.123227 187 
0.123257 0.0471804 -0.991253 -248.187 -0.0590686 0.997447 0.0401304 5.79721 0.990615 0.0536055 0.125729 187.159 
0.126748 0.0477937 -0.990783 -248.838 -0.0567287 0.997553 0.0408631 5.81315 0.990311 0.0510265 0.129149 187.245 
0.13162 0.0485893 -0.990109 -249.478 -0.056342 0.99755 0.0414647 5.82887 0.989698 0.0503271 0.134035 187.331 
0.138139 0.0485111 -0.989224 -250.103 -0.0570882 0.997529 0.0409464 5.8432 0.988766 0.0508167 0.140567 187.419 
0.179808 0.0486529 -0.982498 -252.462 -0.054181 0.99775 0.0394925 5.89847 0.982209 0.0461317 0.182039 187.819 
0.227084 0.0613641 -0.97194 -254.633 -0.0397662 0.997765 0.0537036 5.95366 0.973063 0.0264552 0.229016 188.322 
0.248163 0.0562449 -0.967084 -255.607 -0.0314057 0.998255 0.0499988 5.98154 0.968209 0.0179641 0.249496 188.587 
0.268048 0.0493209 -0.962142 -256.504 -0.0263777 0.99869 0.0438457 6.01178 0.963045 0.0136264 0.268997 188.849 
0.290895 0.0478663 -0.955557 -258.406 -0.013955 0.998854 0.0457869 6.05869 0.956653 1.5634e-05 0.29123 189.443 
0.235428 0.0399833 -0.971069 -260.082 -0.0126374 0.999195 0.0380776 6.10234 0.97181 0.00330724 0.235743 189.857 
0.194042 0.039997 -0.980177 -260.571 -0.00911906 0.999199 0.038968 6.11547 0.980951 0.00137687 0.194251 189.929 
0.139013 0.0420936 -0.989396 -261.053 -0.00950022 0.999107 0.041172 6.13482 0.990245 0.00367604 0.139289 189.956 
0.072267 0.0479288 -0.996233 -261.531 -0.0103634 0.998827 0.0473019 6.15598 0.997331 0.00690598 0.0726789 189.941 
-0.00311498 0.0555734 -0.99845 -262.002 -0.0120402 0.99838 0.055607 6.17511 0.999923 0.0121947 -0.00244082 189.885 
-0.0917581 0.0570489 -0.994146 -262.465 -0.0196287 0.99806 0.0590852 6.19329 0.995588 0.0249353 -0.0904603 189.771 
-0.298981 0.0515554 -0.952865 -263.428 -0.00797151 0.99837 0.0565187 6.23885 0.954226 0.0244938 -0.298083 189.405 
-0.355466 0.0507535 -0.93331 -263.682 0.00582791 0.998626 0.0520858 6.25527 0.934671 0.0130755 -0.355273 189.284 
-0.466603 0.0528026 -0.882889 -264.186 0.0160686 0.998558 0.0512281 6.28481 0.884321 0.00971643 -0.466779 188.953 
-0.576018 0.0425407 -0.816329 -264.663 0.0093774 0.998923 0.0454391 6.31103 0.817383 0.0185187 -0.575796 188.504 
-0.62873 0.0403712 -0.776575 -264.9 0.00749419 0.99892 0.0458626 6.32514 0.777587 0.0230154 -0.628353 188.241 
-0.726576 0.0442627 -0.685659 -265.367 0.0187501 0.998828 0.0446103 6.36141 0.68683 0.0195566 -0.726555 187.662 
-0.768028 0.0447096 -0.638853 -265.583 0.0179392 0.998671 0.0483245 6.37497 0.640165 0.0256541 -0.767809 187.324 
-0.803941 0.0422029 -0.593209 -265.787 0.0142819 0.998561 0.0516856 6.38589 0.594537 0.03308 -0.803387 186.957 
-0.836006 0.0363951 -0.547512 -265.977 0.0101207 0.998651 0.0509304 6.40151 0.548627 0.0370369 -0.835246 186.578 
-0.918398 0.00987669 -0.395535 -266.702 -0.00649302 0.999178 0.0400262 6.48705 0.395605 0.0393281 -0.917578 184.735 
-0.954668 0.0144775 -0.29732 -267.424 0.00352853 0.999297 0.0373291 6.57398 0.297652 0.0345878 -0.954048 182.477 
-0.969084 0.0169131 -0.246152 -267.746 0.00718498 0.999159 0.0403655 6.6309 0.246628 0.0373489 -0.96839 181.178 
-0.985216 0.00288672 -0.171292 -268.238 0.00011733 0.999869 0.0161756 6.71877 0.171316 0.0159164 -0.985088 178.353 
-0.991083 0.0125875 -0.132649 -268.571 0.00733979 0.999174 0.0399759 6.77112 0.133043 0.0386458 -0.990357 175.97 
-0.992165 0.0115784 -0.124399 -268.673 0.00691748 0.99926 0.0378346 6.79681 0.124745 0.0366776 -0.991511 175.126 
-0.993615 -0.000332002 -0.112822 -268.937 -0.00379698 0.999528 0.0304983 6.8794 0.112759 0.030732 -0.993147 172.546 
-0.99368 -0.00265565 -0.112219 -269.03 -0.00621742 0.999488 0.0314015 6.90441 0.112078 0.0319008 -0.993187 171.645 
-0.9934 0.00352177 -0.114647 -269.246 0.000367495 0.999621 0.0275226 6.94885 0.1147 0.0272988 -0.993025 169.798 
-0.993111 0.00164877 -0.117165 -269.349 -0.00141031 0.99966 0.0260215 6.97314 0.117168 0.0260075 -0.992772 168.872 
-0.99276 0.00225078 -0.12009 -269.465 -0.00136039 0.99955 0.0299801 6.99856 0.120103 0.0299264 -0.99231 167.891 
-0.991648 0.0123752 -0.128383 -269.846 0.00732572 0.999184 0.0397295 7.08101 0.128769 0.0384572 -0.990929 164.905 
-0.991225 0.0159296 -0.131219 -269.987 0.0111954 0.999262 0.0367379 7.11181 0.131707 0.0349465 -0.990673 163.903 
-0.990792 0.0175905 -0.134248 -270.124 0.0135904 0.999438 0.0306549 7.1335 0.134712 0.0285481 -0.990473 162.904 
-0.990409 0.0165692 -0.137172 -270.262 0.0133799 0.999619 0.02414 7.15627 0.13752 0.0220731 -0.990253 161.884 
-0.990142 0.0161928 -0.139126 -270.404 0.0129287 0.99962 0.0243339 7.18169 0.139467 0.0222953 -0.989976 160.855 
-0.989599 0.0269202 -0.141315 -270.802 0.0210143 0.998849 0.0431199 7.24774 0.142314 0.0397017 -0.989025 158.086 
-0.989694 0.0201709 -0.141769 -271.305 0.0163241 0.999468 0.0282456 7.33527 0.142263 0.0256403 -0.989497 154.4 
-0.989916 0.0189908 -0.140374 -271.562 0.0135735 0.999129 0.039449 7.37831 0.141 0.0371459 -0.989312 152.502 
-0.990027 0.0144925 -0.140132 -271.687 0.00902869 0.999177 0.0395482 7.40497 0.14059 0.0378886 -0.989343 151.536 
-0.990391 0.00654332 -0.138139 -271.941 7.33317e-05 0.998905 0.04679 7.47088 0.138294 0.0463303 -0.989307 149.567 
-0.990446 0.00644509 -0.137748 -272.07 -0.000825005 0.998612 0.0526561 7.50204 0.137896 0.0522667 -0.989067 148.578 
-0.990693 0.00434024 -0.136045 -272.197 -0.00257797 0.998714 0.050635 7.53721 0.13609 0.0505144 -0.989408 147.608 
-0.990829 0.004771 -0.13504 -272.32 -0.00147994 0.998933 0.0461514 7.57815 0.135116 0.045928 -0.989765 146.649 
-0.990975 0.00652309 -0.133886 -272.45 0.000341605 0.998935 0.0461409 7.61152 0.134044 0.0456788 -0.989922 145.677 
-0.990557 0.0112339 -0.136644 -272.957 0.00611215 0.999265 0.0378447 7.7131 0.136968 0.0366521 -0.989897 141.879 
-0.990353 0.00582386 -0.138443 -273.076 -0.000140035 0.999074 0.0430297 7.73748 0.138565 0.042634 -0.989435 140.926 
-0.990094 0.0064418 -0.140255 -273.207 0.000628893 0.99914 0.0414502 7.76305 0.140401 0.0409515 -0.989247 139.97 
-0.989218 -0.00294009 -0.146422 -273.46 -0.00848163 0.99927 0.0372363 7.81687 0.146206 0.0380767 -0.988521 138.069 
-0.988835 -0.00780002 -0.148812 -273.593 -0.0142458 0.999003 0.0422983 7.84371 0.148333 0.043946 -0.98796 137.095 
-0.988222 -0.00431866 -0.152965 -273.88 -0.0124807 0.998546 0.052439 7.91116 0.152516 0.0537305 -0.986839 135.176 
-0.988204 0.00116249 -0.15314 -274.028 -0.00636173 0.998796 0.0486338 7.9445 0.153012 0.0490343 -0.987007 134.236 
-0.988354 0.0098027 -0.151857 -274.182 0.00368479 0.999172 0.0405164 7.97742 0.152129 0.039485 -0.987572 133.302 
-0.988701 0.00870644 -0.149651 -274.323 0.00282206 0.999216 0.0394881 8.00831 0.149878 0.0386196 -0.98795 132.357 
-0.989588 0.00955876 -0.14361 -274.591 0.00219348 0.998678 0.0513577 8.06865 0.143911 0.0505079 -0.988301 130.458 
-0.990593 -0.00346731 -0.136796 -274.951 -0.0073767 0.999578 0.0280816 8.15621 0.136641 0.0288266 -0.990201 127.649 
-0.99089 -0.00187119 -0.134659 -275.077 -0.00586693 0.999554 0.0292822 8.1758 0.134545 0.0298055 -0.990459 126.701 
-0.991254 -0.00277512 -0.131942 -275.314 -0.00825792 0.999124 0.0410258 8.21512 0.131712 0.0417565 -0.990408 124.81 
-0.991306 -0.00698965 -0.131395 -275.544 -0.0118735 0.999266 0.0364224 8.26724 0.131044 0.0376658 -0.990661 122.929 
-0.990577 -0.00451246 -0.136885 -276.034 -0.010193 0.999114 0.0408263 8.35592 0.136579 0.0418369 -0.989745 119.155 
-0.990118 0.00252292 -0.140211 -276.421 -0.00129977 0.99963 0.0271657 8.42296 0.140227 0.0270795 -0.989749 116.367 
-0.989872 0.00373362 -0.141913 -276.55 -0.00118323 0.999402 0.0345468 8.44552 0.141957 0.0343648 -0.989276 115.426 
-0.989309 0.00748843 -0.145644 -276.949 0.00143112 0.999131 0.0416502 8.52503 0.14583 0.0409965 -0.98846 112.614 
-0.988296 0.00527853 -0.152458 -277.352 0.00118567 0.999637 0.0269243 8.58039 0.152545 0.0264284 -0.987943 109.835 
-0.987779 0.00710782 -0.155697 -277.497 0.00111667 0.999257 0.0385332 8.59861 0.155855 0.0378884 -0.987053 108.891 
-0.986714 0.0131167 -0.161936 -277.798 0.00537748 0.998826 0.0481378 8.65501 0.162378 0.0466275 -0.985626 107.02 
-0.986076 0.0137212 -0.165731 -277.952 0.0066639 0.99905 0.043064 8.68492 0.166164 0.0413599 -0.98523 106.098 
-0.984521 0.0092232 -0.175025 -278.261 0.00325159 0.999404 0.0343747 8.73552 0.175238 0.0332735 -0.983964 104.257 
-0.983362 0.0136546 -0.181145 -278.43 0.00729948 0.999336 0.0357033 8.75603 0.181512 0.033787 -0.982808 103.334 
-0.979739 0.0234364 -0.198902 -278.97 0.0148366 0.998894 0.0446173 8.83307 0.199728 0.0407623 -0.979003 100.588 
-0.9773 0.0323887 -0.209367 -279.357 0.0231312 0.99865 0.0465158 8.88909 0.210591 0.040617 -0.97673 98.7798 
-0.976188 0.0353078 -0.214034 -279.554 0.0262527 0.998642 0.0450032 8.92114 0.215332 0.0383126 -0.975789 97.8849 
-0.97495 0.0236794 -0.221161 -279.934 0.0145353 0.998974 0.0428826 8.97623 0.22195 0.0385938 -0.974294 96.0945 
-0.974346 0.0224845 -0.223928 -280.132 0.0139556 0.999118 0.0395978 9.00264 0.224621 0.0354569 -0.973801 95.2086 
-0.973879 0.0209872 -0.226094 -280.528 0.0118511 0.99906 0.0416902 9.05267 0.226756 0.0379217 -0.973213 93.4358 
-0.974002 0.0253933 -0.225114 -280.731 0.0159728 0.998923 0.0435707 9.0754 0.225977 0.0388423 -0.973358 92.5579 
-0.974268 0.0317221 -0.223151 -280.937 0.0227364 0.998828 0.0427223 9.10167 0.224245 0.0365493 -0.973847 91.6839 
-0.974708 0.037398 -0.22033 -281.138 0.0283201 0.99862 0.0442181 9.13 0.221679 0.03686 -0.974423 90.8118 
-0.976266 0.0398553 -0.212875 -281.514 0.0302255 0.998375 0.0483028 9.18113 0.214454 0.0407222 -0.975885 89.0754 
-0.977716 0.0408133 -0.205926 -281.873 0.0336068 0.998698 0.038374 9.23245 0.207224 0.0305983 -0.977815 87.3603 
-0.978084 0.0427739 -0.20377 -282.049 0.0367016 0.998765 0.0334879 9.25439 0.204951 0.0252753 -0.978446 86.5067 
-0.978377 0.0461884 -0.201604 -282.223 0.0396172 0.998548 0.0365109 9.27664 0.202998 0.0277344 -0.978786 85.6522 
-0.978104 0.0636749 -0.198134 -282.578 0.0542018 0.997129 0.0528788 9.32225 0.200932 0.0409818 -0.978748 83.9642 
-0.977588 0.0736764 -0.197213 -282.752 0.0634705 0.996321 0.0575888 9.35344 0.20073 0.0437809 -0.978668 83.142 
-0.9773 0.0771144 -0.197325 -282.919 0.0670693 0.996113 0.0571028 9.38274 0.200962 0.0425721 -0.978674 82.3288 
-0.976889 0.0731185 -0.200851 -283.237 0.0655157 0.99687 0.044252 9.4395 0.203458 0.0300704 -0.978622 80.7475 
-0.973547 0.0743638 -0.216049 -283.888 0.0638047 0.996421 0.0554539 9.54196 0.219399 0.040202 -0.974807 77.6675 
-0.970233 0.0761617 -0.229886 -284.231 0.0655835 0.996421 0.0533218 9.59885 0.233124 0.0366578 -0.971756 76.213 
-0.961082 0.0719817 -0.266719 -284.942 0.059293 0.996706 0.0553357 9.69553 0.269824 0.0373676 -0.962184 73.4928 
-0.956258 0.0653638 -0.285128 -285.302 0.0540128 0.99741 0.0475025 9.7285 0.287495 0.0300241 -0.957311 72.2609 
-0.947844 0.0565528 -0.313676 -286.002 0.0411864 0.997614 0.0554059 9.80185 0.316061 0.039597 -0.947912 70.0288 
-0.945069 0.0692049 -0.31946 -286.358 0.0520121 0.996717 0.0620505 9.83455 0.322706 0.0420262 -0.945566 69.0246 
-0.948135 0.0676888 -0.310577 -286.995 0.056755 0.997413 0.0441187 9.91252 0.312759 0.0242037 -0.949524 67.1085 
-0.953854 0.0833686 -0.288467 -287.307 0.0721861 0.996177 0.0492081 9.95398 0.291466 0.026114 -0.956225 66.1438 
-0.977308 0.0821728 -0.195233 -287.733 0.0736816 0.996009 0.0503765 10.0112 0.198593 0.0348484 -0.979462 64.1982 
-0.989035 0.079915 -0.124189 -287.836 0.0760538 0.99647 0.0355351 10.0414 0.126591 0.0257004 -0.991622 63.2295 
-0.996179 0.0799006 -0.0352702 -287.851 0.0790063 0.996533 0.0260619 10.0632 0.0372303 0.0231758 -0.999038 62.2374 
-0.996707 0.079932 0.0136677 -287.823 0.0802643 0.99644 0.0257923 10.0697 -0.0115574 0.0268044 -0.999574 61.732 
-0.989801 0.0777903 0.119345 -287.679 0.0813167 0.996376 0.0249609 10.0784 -0.116971 0.034411 -0.992539 60.7242 
-0.981661 0.0757791 0.174925 -287.563 0.0808922 0.996474 0.0222774 10.0808 -0.17262 0.036019 -0.98433 60.2287 
-0.954786 0.0693033 0.289103 -287.229 0.0779901 0.99678 0.0186222 10.0848 -0.286881 0.0403274 -0.957117 59.2598 
-0.935647 0.0685102 0.346223 -287.019 0.0792959 0.996705 0.0170659 10.0877 -0.343913 0.0434218 -0.937997 58.7819 
-0.912945 0.0675061 0.40246 -286.777 0.0808193 0.996598 0.0161686 10.0866 -0.4 0.0472876 -0.915295 58.3073 
-0.886734 0.0631728 0.457942 -286.5 0.0798377 0.996661 0.0171046 10.0834 -0.455333 0.0517283 -0.888817 57.8421 
-0.824008 0.0502857 0.564343 -285.84 0.0705775 0.997406 0.0141779 10.0806 -0.562166 0.0515126 -0.825419 56.9586 
-0.788127 0.0448459 0.613876 -285.464 0.0669018 0.997675 0.0130083 10.0811 -0.611866 0.0513216 -0.789295 56.5356 
-0.712602 0.0389883 0.700485 -284.608 0.0665758 0.997707 0.012196 10.0803 -0.698403 0.0553262 -0.713563 55.7039 
-0.67345 0.0393484 0.738185 -284.144 0.0660473 0.997791 0.00706876 10.0733 -0.736277 0.0535156 -0.674561 55.3156 
-0.635932 0.0409876 0.770656 -283.643 0.0634245 0.997986 -0.000741426 10.0634 -0.769134 0.048407 -0.637251 54.9391 
-0.568947 0.0484766 0.820944 -282.56 0.0535877 0.998325 -0.0218125 10.0506 -0.820626 0.0315823 -0.570592 54.226 
-0.526344 0.0366104 0.849483 -281.371 0.0395431 0.999046 -0.018555 10.0183 -0.849352 0.0238248 -0.52729 53.5296 
-0.513665 0.0297172 0.857476 -280.756 0.0363995 0.999255 -0.0128259 9.99916 -0.857218 0.0246235 -0.514364 53.1766 
-0.505339 0.0241909 0.862582 -280.136 0.0327409 0.999425 -0.00884753 9.98211 -0.8623 0.0237707 -0.50584 52.8284 
-0.500851 0.0204074 0.865293 -278.875 0.0251071 0.999644 -0.00904341 9.95661 -0.865169 0.0171956 -0.501185 52.1227 
-0.501306 0.0202559 0.865033 -278.26 0.0226945 0.99969 -0.0102572 9.94342 -0.864972 0.0144895 -0.50161 51.7727 
-0.504332 0.0206963 0.863262 -276.958 0.020885 0.999713 -0.0117664 9.91862 -0.863258 0.012095 -0.504619 51.0228 
-0.516551 0.022004 0.855973 -274.226 0.00639064 0.999741 -0.0218432 9.84655 -0.856232 -0.00581291 -0.516558 49.4366 
-0.519736 0.0219886 0.854044 -273.541 0.00706288 0.999745 -0.0214418 9.82627 -0.854298 -0.00511203 -0.519759 49.0216 
-0.530162 0.0198337 0.847665 -270.599 0.00869174 0.999801 -0.0179573 9.74315 -0.847852 -0.00215257 -0.530229 47.2125 
-0.530946 0.0223759 0.84711 -269.876 0.0106253 0.999749 -0.0197481 9.72266 -0.847339 -0.00148435 -0.53105 46.7597 
-0.532071 0.0204541 0.846452 -268.345 0.0110526 0.999791 -0.017212 9.67963 -0.846627 0.00019749 -0.532186 45.8088 
-0.541106 0.0227173 0.840648 -265.193 0.0120888 0.999742 -0.0192353 9.59523 -0.840868 -0.000245924 -0.541241 43.8218 
-0.561536 0.0159234 0.827299 -262.012 0.0103583 0.999872 -0.0122143 9.47863 -0.827387 0.00171063 -0.561629 41.7388 
-0.569825 0.0146071 0.821636 -261.232 0.00991872 0.999891 -0.0108973 9.45283 -0.821706 0.00194004 -0.569908 41.2029 
-0.578363 0.0172905 0.815596 -260.464 0.0110045 0.99985 -0.0133931 9.42808 -0.815705 0.00122914 -0.578466 40.6602 
-0.586648 0.0213362 0.809561 -259.702 0.014643 0.999769 -0.0157381 9.40492 -0.80971 0.00262163 -0.586824 40.1045 
-0.59502 0.0230945 0.803379 -258.949 0.0179941 0.999719 -0.0154114 9.37952 -0.80351 0.00528599 -0.595268 39.5419 
-0.603121 0.0228052 0.797324 -258.197 0.0196991 0.999712 -0.0136929 9.35232 -0.797407 0.00744814 -0.603396 38.9731 
-0.61817 0.0254301 0.785633 -256.735 0.030308 0.999504 -0.00850525 9.30693 -0.78546 0.0185533 -0.618634 37.8215 
-0.623923 0.0244555 0.781103 -256.02 0.0323214 0.999463 -0.00547463 9.28777 -0.780817 0.0218306 -0.624378 37.2466 
-0.62793 0.0280039 0.777766 -255.31 0.0376371 0.999276 -0.00559318 9.26922 -0.777359 0.0257608 -0.628529 36.665 
-0.629903 0.0406206 0.775611 -253.885 0.0539897 0.998506 -0.00844713 9.23796 -0.774795 0.0365541 -0.631154 35.478 
-0.624893 0.0396231 0.779704 -252.419 0.0593737 0.998231 -0.00314329 9.20651 -0.778449 0.0443297 -0.62614 34.2873 
-0.602338 0.0427976 0.797093 -249.385 0.0654191 0.997849 -0.00414148 9.15106 -0.795556 0.0496506 -0.603842 31.9371 
-0.594926 0.0490252 0.802284 -248.618 0.0691001 0.997562 -0.0097175 9.13089 -0.800804 0.0496567 -0.596864 31.3626 
-0.588243 0.0548948 0.806819 -247.848 0.0724176 0.997261 -0.0150533 9.11017 -0.805435 0.0495728 -0.590607 30.7952 
-0.582109 0.0586023 0.810996 -247.065 0.0764569 0.996925 -0.0171589 9.08941 -0.809508 0.0520179 -0.5848 30.2274 
-0.575019 0.0543464 0.816333 -246.27 0.0785617 0.996848 -0.0110257 9.06289 -0.814359 0.0577925 -0.577476 29.6614 
-0.567862 0.0528963 0.821422 -245.482 0.0854905 0.996326 -0.00505847 9.04152 -0.818672 0.0673513 -0.570298 29.1021 
-0.560989 0.0541162 0.826053 -244.696 0.0912474 0.995823 -0.00327021 9.02419 -0.822779 0.0735407 -0.563583 28.5518 
-0.540863 0.0621198 0.838814 -242.306 0.100361 0.994911 -0.00896797 8.96949 -0.835102 0.0793334 -0.544344 26.9635 
-0.534403 0.0663556 0.842621 -241.505 0.103359 0.994562 -0.0127692 8.94879 -0.838886 0.0802683 -0.538356 26.4456 
-0.517047 0.0584073 0.853962 -238.252 0.102394 0.994726 -0.00603857 8.85904 -0.849811 0.0843184 -0.5203 24.4334 
-0.514871 0.0569879 0.855371 -237.441 0.103294 0.994642 -0.0040909 8.84129 -0.851022 0.0862489 -0.517999 23.942 
-0.513886 0.0637831 0.855484 -234.195 0.0957852 0.995262 -0.0166668 8.7573 -0.852494 0.0733779 -0.517561 22.0005 
-0.514378 0.0659287 0.855025 -233.395 0.0995316 0.994892 -0.0168358 8.731 -0.851768 0.0764421 -0.518313 21.5118 
-0.516437 0.0660272 0.853776 -232.6 0.0962798 0.995178 -0.0187244 8.69767 -0.850895 0.0725314 -0.520304 21.0312 
-0.522767 0.067926 0.849765 -231.027 0.0874321 0.995836 -0.0258149 8.63574 -0.84798 0.0608016 -0.526529 20.079 
-0.525378 0.0634093 0.848503 -230.249 0.0854292 0.996111 -0.021544 8.60002 -0.84657 0.0611682 -0.528752 19.5993 
-0.529488 0.0546063 0.846558 -227.926 0.0862166 0.996223 -0.0103353 8.51461 -0.843925 0.067515 -0.532196 18.1446 
-0.526344 0.0591284 0.848213 -224.913 0.0854586 0.996206 -0.0164151 8.41945 -0.845966 0.0638472 -0.529401 16.2648 
-0.525871 0.0579396 0.848589 -224.173 0.0820775 0.996478 -0.0171737 8.39508 -0.846595 0.0606189 -0.528774 15.8133 
-0.523031 0.0524002 0.850701 -222.693 0.0854009 0.996307 -0.0088626 8.34334 -0.848024 0.0680152 -0.525575 14.8958 
-0.517106 0.0647485 0.853469 -219.853 0.0888924 0.995805 -0.0216881 8.25464 -0.851293 0.0646519 -0.520692 13.1579 
-0.514428 0.0625262 0.855251 -218.489 0.0907834 0.995705 -0.0181889 8.20444 -0.852714 0.0682857 -0.517895 12.3308 
-0.507213 0.0582018 0.859853 -215.898 0.0870654 0.996073 -0.0160639 8.10898 -0.857412 0.0667157 -0.510288 10.7934 
-0.505698 0.0552471 0.86094 -214.682 0.082777 0.99645 -0.0153215 8.06112 -0.85873 0.063518 -0.508476 10.0887 
-0.50392 0.0480726 0.862411 -213.533 0.0767159 0.996995 -0.0107483 8.01857 -0.860337 0.0607444 -0.506094 9.42805 
-0.501957 0.0420854 0.863868 -212.448 0.0773283 0.996999 -0.00363895 7.98302 -0.861429 0.0649749 -0.503705 8.8 
-0.502913 0.0517071 0.862789 -210.979 0.0784289 0.996821 -0.0140241 7.9336 -0.860772 0.0606147 -0.505369 7.94363 
-0.5332 0.0506553 0.844471 -208.248 0.0827564 0.996541 -0.00752471 7.8443 -0.841932 0.0658732 -0.535548 6.26593 
-0.556154 0.0384636 0.830189 -207.415 0.0793659 0.996821 0.00698435 7.82213 -0.827281 0.0697731 -0.557439 5.70015 
-0.589721 0.0427233 0.806476 -206.623 0.0796602 0.996807 0.00544388 7.79998 -0.803669 0.0674544 -0.591241 5.09776 
-0.621083 0.0492674 0.782195 -205.918 0.0740196 0.997249 -0.00403938 7.78845 -0.780242 0.055389 -0.623021 4.52679 
-0.649293 0.0533663 0.758664 -205.242 0.0712538 0.997416 -0.0091791 7.77663 -0.757194 0.0480978 -0.651417 3.9327 
-0.67352 0.0606277 0.736678 -204.531 0.067946 0.997489 -0.0199714 7.76174 -0.736039 0.0366033 -0.675948 3.27467 
-0.68728 0.0659826 0.72339 -203.835 0.0671152 0.997374 -0.0272085 7.73217 -0.723285 0.0298506 -0.689904 2.60596 
-0.68711 0.059855 0.724084 -202.945 0.0566435 0.997981 -0.0287451 7.71096 -0.724342 0.0212636 -0.689113 1.7892 
-0.679604 0.0590995 0.731194 -202.271 0.0604927 0.99787 -0.0244291 7.6869 -0.73108 0.0276298 -0.681732 1.16266 
-0.668534 0.0532363 0.741774 -201.508 0.0627124 0.997917 -0.015099 7.66094 -0.741033 0.0364243 -0.67048 0.478268 
-0.653141 0.0403019 0.756163 -200.659 0.0581485 0.998303 -0.0029813 7.64796 -0.755001 0.0420226 -0.654376 -0.233028 
-0.616579 0.0512757 0.785621 -198.823 0.0739044 0.99724 -0.00708516 7.62288 -0.783816 0.0536923 -0.618667 -1.72141 
-0.596005 0.0595648 0.800768 -197.811 0.079516 0.996721 -0.0149576 7.60496 -0.799034 0.054759 -0.598788 -2.47744 
-0.575681 0.0688954 0.814767 -196.747 0.0925725 0.995529 -0.0187724 7.57739 -0.812417 0.0646181 -0.579485 -3.25305 
-0.558269 0.0713515 0.826586 -195.629 0.0991461 0.994893 -0.0189175 7.54282 -0.823714 0.0713918 -0.562493 -4.02427 
-0.54511 0.0659075 0.83577 -194.449 0.105544 0.994369 -0.00957599 7.51327 -0.831694 0.0829903 -0.548996 -4.80721 
-0.537753 0.0618261 0.840833 -193.223 0.111601 0.993752 -0.00169617 7.48441 -0.835684 0.0929255 -0.541293 -5.61027 
-0.533125 0.0649067 0.843543 -190.672 0.109251 0.993986 -0.00743517 7.44235 -0.838953 0.0881942 -0.53701 -7.22373 
-0.532296 0.0610886 0.844351 -189.346 0.100246 0.994924 -0.00878525 7.41287 -0.840602 0.0799668 -0.535718 -8.05055 
-0.532003 0.0673852 0.844057 -188.017 0.0959806 0.995203 -0.0189561 7.3797 -0.841285 0.0709284 -0.535918 -8.87757 
-0.532269 0.0589766 0.844518 -185.234 0.099435 0.995021 -0.0068166 7.29762 -0.840715 0.0803464 -0.535483 -10.6415 
-0.532458 0.055728 0.84462 -184.531 0.0997315 0.995011 -0.00277884 7.28379 -0.84056 0.0827556 -0.535359 -11.0861 
-0.535026 0.0573139 0.842889 -181.681 0.0913376 0.995772 -0.00973269 7.21987 -0.839884 0.0717802 -0.537999 -12.8801 
-0.534035 0.0560469 0.843603 -179.546 0.0930494 0.995635 -0.00724356 7.16351 -0.840327 0.0746284 -0.536919 -14.2396 
-0.534019 0.0536941 0.843766 -178.831 0.0905441 0.995874 -0.00606844 7.14592 -0.84061 0.0731574 -0.536677 -14.6886 
-0.533785 0.0528901 0.843965 -178.128 0.0922075 0.995731 -0.00408237 7.13066 -0.840578 0.0756407 -0.536383 -15.1344 
-0.532979 0.0590661 0.844064 -176.755 0.0971898 0.995231 -0.00827456 7.09443 -0.840528 0.0776243 -0.536178 -16.0118 
-0.528838 0.0703802 0.845799 -174.699 0.104223 0.994399 -0.0175795 7.03191 -0.842299 0.0788552 -0.533211 -17.3218 
-0.528464 0.0616948 0.846711 -173.342 0.0981425 0.995109 -0.0112533 6.97577 -0.843264 0.0771514 -0.531934 -18.1612 
-0.523771 0.0635672 0.849484 -170.79 0.103693 0.994554 -0.0104886 6.88615 -0.845525 0.0825915 -0.52751 -19.7565 
-0.517557 0.0659046 0.853107 -169.61 0.107183 0.99417 -0.0117771 6.84308 -0.848909 0.0853432 -0.521603 -20.4856 
-0.508488 0.0620479 0.858831 -168.494 0.10233 0.994687 -0.0112767 6.80523 -0.854967 0.0821497 -0.512136 -21.1381 
-0.459224 0.0716021 0.88543 -165.974 0.100201 0.99456 -0.0284582 6.69863 -0.882651 0.0756525 -0.463901 -22.5105 
-0.415205 0.073944 0.906718 -164.981 0.0998777 0.994371 -0.0353562 6.65615 -0.904228 0.0758808 -0.420254 -22.9635 
-0.291285 0.0511666 0.955267 -162.982 0.077975 0.996516 -0.0295995 6.54935 -0.953453 0.0658651 -0.294259 -23.6064 
-0.222432 0.0457975 0.973872 -161.995 0.0689819 0.997132 -0.0311359 6.49937 -0.972505 0.0602539 -0.224953 -23.8048 
-0.0892326 0.0422877 0.995113 -159.955 0.043115 0.998326 -0.0385581 6.40118 -0.995077 0.0394637 -0.0909064 -23.9799 
-0.00896736 0.0213567 0.999732 -157.744 0.0281307 0.999382 -0.0210969 6.30989 -0.999564 0.027934 -0.0095626 -23.9849 
0.0116004 0.0185781 0.99976 -156.568 0.0169664 0.99968 -0.0187735 6.27152 -0.999789 0.0171801 0.0112815 -23.9458 
0.0231989 0.0219047 0.999491 -154.039 0.0280233 0.999353 -0.0225521 6.20623 -0.999338 0.0285322 0.0225701 -23.8931 
0.0243555 0.0316693 0.999202 -152.704 0.036867 0.99879 -0.0325549 6.16347 -0.999023 0.0376305 0.0231585 -23.868 
0.0204458 0.0230371 0.999526 -149.814 0.0410733 0.998871 -0.0238622 6.06102 -0.998947 0.0415417 0.0194765 -23.8044 
0.013681 0.0360157 0.999258 -148.292 0.0375751 0.998627 -0.0365074 6.00676 -0.9992 0.0380467 0.0123089 -23.7712 
-0.00278131 0.0361258 0.999343 -145.05 0.0537341 0.997909 -0.0359244 5.87037 -0.998551 0.0535989 -0.00471668 -23.7818 
-0.0107355 0.0303145 0.999483 -143.339 0.0583088 0.997859 -0.029639 5.80432 -0.998241 0.0579605 -0.0124801 -23.8048 
-0.0162069 0.0331889 0.999318 -141.587 0.0643516 0.997411 -0.0320819 5.74141 -0.997796 0.0637878 -0.0183007 -23.8358 
-0.016786 0.0538121 0.99841 -137.965 0.0786847 0.995525 -0.0523337 5.57096 -0.996758 0.0776811 -0.0209451 -23.9261 
-0.0181045 0.0336332 0.99927 -136.063 0.0687306 0.997112 -0.0323154 5.47133 -0.997471 0.0680954 -0.0203639 -23.9469 
-0.0163755 0.02394 0.999579 -135.11 0.0666784 0.997514 -0.0227982 5.43149 -0.99764 0.066277 -0.017931 -23.959 
-0.010904 0.0342867 0.999353 -133.232 0.0711873 0.996903 -0.0334259 5.35694 -0.997403 0.0707768 -0.0133111 -23.9859 
-0.00794822 0.0437425 0.999011 -132.293 0.0720654 0.99647 -0.0430579 5.31457 -0.997368 0.0716519 -0.0110725 -23.9962 
-0.00225061 0.0449481 0.998987 -130.39 0.073295 0.99631 -0.0446625 5.20783 -0.997308 0.0731202 -0.00553677 -24.0071 
0.00029571 0.041005 0.999159 -129.437 0.070868 0.996646 -0.0409228 5.15487 -0.997486 0.0708205 -0.00261122 -24.004 
0.00201698 0.0338628 0.999424 -128.482 0.0710871 0.996893 -0.0339205 5.10937 -0.997468 0.0711146 -0.000396493 -24.0009 
0.00597733 0.0387905 0.999229 -124.744 0.0673138 0.996965 -0.0391052 4.93848 -0.997714 0.0674957 0.00334806 -23.9755 
0.00611959 0.0356155 0.999347 -122.888 0.0688247 0.996981 -0.0359526 4.8428 -0.99761 0.0689998 0.00364989 -23.9638 
0.00611509 0.0284991 0.999575 -121.958 0.0687393 0.997217 -0.0288524 4.79979 -0.997616 0.0688865 0.00413906 -23.9593 
0.00576672 0.0267646 0.999625 -121.036 0.0700652 0.997174 -0.0271031 4.75622 -0.997526 0.0701952 0.00387516 -23.955 
0.00469568 0.0298765 0.999543 -120.125 0.0696259 0.997118 -0.0301312 4.71668 -0.997562 0.0697355 0.00260196 -23.9497 
0.00327537 0.035449 0.999366 -119.219 0.069867 0.996921 -0.0355913 4.67621 -0.997551 0.0699393 0.000788569 -23.9457 
0.00197957 0.0473848 0.998875 -117.419 0.0753888 0.996027 -0.0473991 4.57656 -0.997152 0.0753978 -0.00160058 -23.9509 
0.00138789 0.0488521 0.998805 -116.519 0.0763394 0.995886 -0.0488154 4.52757 -0.997081 0.0763159 -0.00234716 -23.9542 
-0.000467485 0.0360076 0.999351 -114.718 0.0839069 0.995829 -0.0358415 4.42473 -0.996473 0.0838357 -0.00348682 -23.9699 
-0.0018119 0.0359769 0.999351 -113.826 0.0830765 0.995903 -0.0357021 4.37846 -0.996542 0.0829579 -0.00479331 -23.9736 
-0.00158243 0.0405233 0.999177 -111.181 0.0905362 0.995081 -0.0402138 4.24352 -0.995892 0.0903981 -0.00524348 -23.9947 
0.000849977 0.0384564 0.99926 -109.426 0.0951538 0.994723 -0.0383627 4.15149 -0.995462 0.095116 -0.00281378 -24.0024 
0.00290048 0.0325481 0.999466 -108.549 0.097646 0.994685 -0.0326758 4.10653 -0.995217 0.0976886 -0.000293133 -24.0065 
0.00765703 0.032809 0.999432 -106.835 0.0965391 0.994769 -0.0333955 4.02185 -0.9953 0.09674 0.00444962 -23.999 
0.0165035 0.0264987 0.999513 -104.312 0.0900347 0.995548 -0.0278803 3.90186 -0.995802 0.0904509 0.0140443 -23.9514 
0.024097 0.0314394 0.999215 -101.902 0.0877975 0.995577 -0.0334422 3.78919 -0.995847 0.0885345 0.0212301 -23.8926 
0.0250782 0.0317407 0.999181 -101.128 0.0850997 0.9958 -0.0337692 3.74963 -0.996057 0.0858769 0.0222718 -23.8645 
0.0257272 0.0329167 0.999127 -100.373 0.0836092 0.995885 -0.0349628 3.70992 -0.996166 0.0844357 0.0228692 -23.8424 
0.0210153 0.0271532 0.99941 -97.5308 0.0768931 0.996626 -0.0286945 3.56268 -0.996818 0.0774507 0.0188565 -23.7619 
0.0100681 0.0245253 0.999649 -96.2298 0.0772563 0.996692 -0.0252308 3.5059 -0.99696 0.0774832 0.00814004 -23.7488 
-0.039429 0.0294243 0.998789 -93.8569 0.077375 0.996655 -0.0263069 3.39423 -0.996222 0.0762441 -0.0415738 -23.8013 
-0.0820674 0.0308896 0.996148 -92.7692 0.0833832 0.996228 -0.0240226 3.34647 -0.993133 0.0810905 -0.0843335 -23.8959 
-0.201224 0.0301223 0.979082 -90.6546 0.0826788 0.996483 -0.0136652 3.2749 -0.97605 0.0781995 -0.203007 -24.3957 
-0.319383 0.0389216 0.946826 -89.1456 0.07102 0.997329 -0.0170412 3.24067 -0.944961 0.0618009 -0.321294 -24.9897 
-0.36317 0.0402797 0.930852 -88.6513 0.0664367 0.997642 -0.0172496 3.23361 -0.929351 0.0555781 -0.36499 -25.3274 
-0.410417 0.0403815 0.911003 -88.1682 0.0598981 0.998055 -0.0172555 3.2288 -0.909929 0.0474854 -0.412038 -25.6861 
-0.459881 0.039729 0.887092 -87.6982 0.0509041 0.998535 -0.0183307 3.22472 -0.88652 0.0367266 -0.461229 -26.0692 
-0.509365 0.0399192 0.859624 -87.2448 0.0544324 0.998418 -0.0141108 3.22389 -0.858827 0.0396039 -0.510732 -26.4941 
-0.609411 0.0337968 0.792134 -86.4043 0.0539204 0.998545 -0.00112098 3.22013 -0.791019 0.042029 -0.610347 -27.2904 
-0.656577 0.0333082 0.753524 -86.0363 0.0570348 0.998357 0.00556614 3.21725 -0.7521 0.0466316 -0.657397 -27.5442 
-0.700193 0.0355499 0.713068 -85.6943 0.0607103 0.998107 0.00985367 3.21747 -0.711367 0.05019 -0.701026 -27.8221 
-0.777714 0.0422927 0.627194 -85.0533 0.0594527 0.998211 0.00640974 3.21327 -0.625801 0.0422734 -0.778836 -28.5483 
-0.812625 0.0421582 0.581261 -84.7463 0.0512001 0.998688 -0.000854073 3.21376 -0.580534 0.0290666 -0.813717 -28.9922 
-0.843509 0.0484428 0.534927 -84.4692 0.0534429 0.998552 -0.00615626 3.21946 -0.53445 0.0233952 -0.844876 -29.469 
-0.896764 0.0630101 0.438 -84.0032 0.0690405 0.997612 -0.00216102 3.22037 -0.43709 0.0283018 -0.898973 -30.5074 
-0.91909 0.0628701 0.388999 -83.7978 0.0699792 0.99754 0.00411767 3.21735 -0.387783 0.0310064 -0.921229 -31.0566 
-0.953623 0.0654908 0.293793 -83.4541 0.0720267 0.997337 0.0114702 3.22246 -0.29226 0.0320992 -0.9558 -32.2163 
-0.966452 0.0667303 0.248026 -83.3196 0.0727943 0.997229 0.0153486 3.22767 -0.246315 0.0328885 -0.968632 -32.827 
-0.977243 0.0630458 0.202535 -83.2012 0.06801 0.997529 0.0176385 3.23347 -0.200922 0.0310115 -0.979116 -33.4537 
-0.989782 0.0739576 0.12191 -83.0557 0.0758617 0.997057 0.0110455 3.24559 -0.120735 0.020181 -0.99248 -34.7467 
-0.992737 0.0792613 0.0905053 -83.0151 0.0800549 0.996777 0.00516575 3.25237 -0.0898041 0.0123736 -0.995883 -35.4019 
-0.99481 0.0800678 0.0627791 -82.9772 0.0805145 0.996743 0.00461314 3.26208 -0.0622053 0.00964383 -0.998017 -36.0258 
-0.996603 0.0822714 -0.00384265 -82.9524 0.0820616 0.995872 0.0387861 3.30631 0.00701778 0.038339 -0.99924 -38.8824 
-0.995184 0.0964788 -0.0173658 -82.9969 0.0958115 0.994754 0.0358518 3.34944 0.0207336 0.0340153 -0.999206 -40.3308 
-0.994654 0.100784 -0.0224982 -83.0323 0.100109 0.994543 0.029372 3.38643 0.0253357 0.0269627 -0.999315 -41.8066 
-0.993623 0.110533 -0.0222606 -83.1158 0.109843 0.993491 0.0301661 3.45934 0.0254501 0.0275285 -0.999297 -44.9035 
-0.992292 0.121905 -0.0222888 -83.1605 0.121567 0.992456 0.0159137 3.49335 0.0240606 0.0130815 -0.999625 -46.4391 
-0.989938 0.140222 -0.0190063 -83.2201 0.139993 0.990069 0.0128886 3.50761 0.0206248 0.0100981 -0.999736 -48.0493 
-0.990672 0.136087 -0.00703613 -83.2586 0.135738 0.990052 0.0370469 3.56034 0.0120077 0.0357463 -0.999289 -51.4599 
-0.992386 0.123094 -0.00426892 -83.2401 0.122813 0.99156 0.0415511 3.60952 0.00934759 0.0407105 -0.999127 -53.1809 
-0.992817 0.119548 -0.004795 -83.2357 0.119381 0.992495 0.0265007 3.65517 0.00792711 0.0257379 -0.999637 -54.9229 
-0.994016 0.108991 -0.0072627 -83.2343 0.108713 0.993575 0.0314718 3.71978 0.0106462 0.0304939 -0.999478 -58.5958 
-0.994662 0.102781 -0.0090921 -83.2331 0.102325 0.993895 0.0412494 3.77232 0.0132763 0.0400988 -0.999108 -60.4744 
-0.994789 0.101269 -0.0118273 -83.2462 0.100796 0.994278 0.0353839 3.82601 0.0153429 0.0340074 -0.999304 -62.392 
-0.994537 0.104131 -0.00730887 -83.2821 0.103738 0.993723 0.0418699 3.92014 0.0116229 0.0408829 -0.999096 -66.3896 
-0.994624 0.103408 -0.00544162 -83.2878 0.103134 0.993959 0.0375315 3.98118 0.0092898 0.0367685 -0.999281 -68.4069 
-0.994524 0.104496 -0.00190405 -83.2978 0.104366 0.993922 0.0350263 4.07337 0.00555258 0.0346358 -0.999385 -72.4848 
-0.995008 0.0997972 -0.000567558 -83.2875 0.0996925 0.994194 0.0404973 4.12486 0.00460578 0.0402385 -0.999179 -74.5572 
-0.994951 0.100357 3.04371e-05 -83.2833 0.100268 0.994061 0.0423069 4.18378 0.00421554 0.0420964 -0.999105 -76.6311 
-0.99463 0.103499 0.000124121 -83.2851 0.103448 0.994091 0.0328781 4.23684 0.00327948 0.0327144 -0.999459 -78.6394 
-0.994631 0.10348 0.00120134 -83.2829 0.103464 0.994088 0.0329431 4.25783 0.00221472 0.0328905 -0.999457 -79.644 
-0.994646 0.103189 0.00564974 -83.2613 0.10332 0.9941 0.0330129 4.32533 -0.00220985 0.0334199 -0.999439 -83.6905 
-0.99501 0.0996362 0.00519679 -83.2334 0.099759 0.994362 0.0359475 4.39459 -0.00158581 0.0362866 -0.99934 -86.7432 
-0.995327 0.0964773 0.00392166 -83.2224 0.0965539 0.9948 0.0324195 4.41746 -0.00077352 0.0326466 -0.999467 -87.7461 
-0.995566 0.0940357 0.00253829 -83.2138 0.094069 0.995076 0.0312304 4.43708 0.000410974 0.0313306 -0.999509 -88.7511 
-0.995792 0.0916283 0.0017347 -83.2061 0.0916338 0.995204 0.0342282 4.45647 0.00140989 0.0342431 -0.999413 -89.7402 
-0.995968 0.0897021 0.000835242 -83.1992 0.0896746 0.99533 0.0357412 4.47799 0.00237472 0.035672 -0.999361 -90.744 
-0.996329 0.0856078 1.06417e-05 -83.1848 0.0855619 0.995792 0.0328393 4.54362 0.0028007 0.0327196 -0.999461 -93.6959 
-0.996516 0.0834069 -0.000110051 -83.1797 0.083366 0.996066 0.0300365 4.56342 0.00261487 0.0299227 -0.999549 -94.6795 
-0.997025 0.077075 -8.15541e-05 -83.1611 0.0770081 0.996203 0.040611 4.64932 0.00321133 0.0404839 -0.999175 -98.6455 
-0.996699 0.0811779 0.000784654 -83.1623 0.081144 0.995895 0.040113 4.6772 0.00247485 0.0400442 -0.999195 -99.6258 
-0.996193 0.0870884 0.00394439 -83.163 0.0871745 0.995523 0.0365318 4.72508 -0.000745234 0.0367366 -0.999325 -101.558 
-0.996358 0.0843581 0.012444 -83.1272 0.0848268 0.995432 0.0438052 4.79675 -0.00869183 0.0447012 -0.998963 -104.485 
-0.996664 0.0800995 0.0156507 -83.1032 0.0807951 0.99545 0.0505128 4.82373 -0.0115334 0.0516088 -0.998601 -105.457 
-0.996655 0.0795232 0.0188576 -83.0803 0.080384 0.995488 0.0504098 4.85648 -0.0147637 0.051757 -0.998551 -106.42 
-0.996408 0.0818851 0.0215788 -83.0597 0.0828034 0.995513 0.045799 4.88665 -0.0177317 0.0474213 -0.998718 -107.377 
-0.995616 0.0895538 0.0269828 -83.0161 0.0903489 0.995463 0.0298499 4.93641 -0.0241872 0.032157 -0.99919 -109.282 
-0.995242 0.0924879 0.0306627 -82.9892 0.0934234 0.995155 0.0306236 4.95805 -0.0276818 0.0333425 -0.999061 -110.246 
-0.994982 0.093584 0.0354042 -82.9574 0.0947594 0.994949 0.0331189 4.97334 -0.032126 0.0363076 -0.998824 -111.195 
-0.994896 0.0924974 0.0403158 -82.9173 0.0936759 0.995198 0.0283903 4.98727 -0.0374962 0.0320221 -0.998784 -112.122 
-0.994609 0.0935179 0.0448083 -82.877 0.0946061 0.995253 0.0228099 5.00365 -0.0424625 0.0269261 -0.998735 -113.03 
-0.994212 0.0848988 0.0658345 -82.6401 0.0873148 0.995575 0.0347278 5.06139 -0.0625948 0.0402751 -0.997226 -116.835 
-0.994769 0.0721417 0.0723221 -82.4833 0.074772 0.996609 0.0343427 5.0992 -0.0695994 0.0395707 -0.99679 -118.72 
-0.99627 0.0461157 0.0729376 -82.223 0.048438 0.998364 0.0303961 5.14912 -0.0714165 0.0338156 -0.996873 -121.529 
-0.996535 0.0433677 0.0709673 -82.1456 0.0454468 0.998576 0.0279476 5.16766 -0.0696542 0.031076 -0.997087 -122.467 
-0.997355 0.0422981 0.0591022 -81.9483 0.0443233 0.998459 0.0333845 5.21648 -0.0575991 0.0359158 -0.997694 -125.309 
-0.997728 0.0410189 0.0534362 -81.8938 0.0430869 0.998343 0.0381407 5.24161 -0.0517832 0.0403565 -0.997843 -126.264 
-0.998147 0.0384456 0.0471629 -81.8403 0.0404942 0.998242 0.0432773 5.26865 -0.0454162 0.045107 -0.997949 -127.228 
-0.998671 0.0309787 0.0411824 -81.7866 0.0328723 0.998394 0.0461296 5.29666 -0.0396872 0.0474221 -0.998086 -128.171 
-0.999047 0.0261507 0.0349446 -81.7408 0.0275874 0.998767 0.0412829 5.32311 -0.0338219 0.0422075 -0.998536 -129.095 
-0.999459 0.0275158 0.0180398 -81.6578 0.0280831 0.999094 0.0319852 5.39159 -0.0171434 0.0324745 -0.999326 -131.921 
-0.999172 0.0404121 0.00460495 -81.6293 0.0405457 0.998597 0.034051 5.48318 -0.00322242 0.0342095 -0.999409 -135.776 
-0.999224 0.0393923 0.000756965 -81.6221 0.0393935 0.998548 0.0367469 5.50325 0.000691679 0.0367482 -0.999324 -136.727 
-0.999385 0.0349278 -0.00300642 -81.6148 0.0348026 0.998791 0.0347294 5.52133 0.00421581 0.0346034 -0.999392 -137.651 
-0.999464 0.0320264 -0.00685484 -81.6113 0.0317603 0.99885 0.035927 5.56993 0.00799756 0.03569 -0.999331 -139.57 
-0.999508 0.0297862 -0.00981906 -81.6233 0.0294487 0.999025 0.0328838 5.66943 0.010789 0.0325785 -0.999411 -143.435 
-0.999042 0.0424775 -0.0105161 -81.663 0.0420374 0.998353 0.0390326 5.75882 0.0121568 0.0385531 -0.999183 -147.278 
-0.999008 0.0433 -0.0104296 -81.6714 0.0428604 0.998311 0.0392147 5.78634 0.01211 0.0387288 -0.999176 -148.226 
-0.998978 0.0439313 -0.0106458 -81.6783 0.0434294 0.998109 0.0435073 5.81042 0.012537 0.0430005 -0.998996 -149.169 
-0.998922 0.0449804 -0.01143 -81.6858 0.044404 0.997932 0.0464765 5.83461 0.0134969 0.0459189 -0.998854 -150.097 
-0.998809 0.0471907 -0.0123968 -81.6953 0.0466183 0.997987 0.0429886 5.85675 0.0144005 0.0423594 -0.998999 -150.99 
-0.998639 0.0504391 -0.0132752 -81.7069 0.049873 0.997955 0.039984 5.88211 0.0152648 0.0392675 -0.999112 -151.874 
-0.998134 0.0581834 -0.0185029 -81.7533 0.0574472 0.997621 0.0381039 5.93988 0.0206759 0.0369699 -0.999102 -154.471 
-0.998476 0.0485056 -0.0263238 -81.7728 0.0474063 0.998038 0.0408891 5.97838 0.0282555 0.0395789 -0.998817 -156.148 
-0.997914 0.0422836 -0.0487749 -81.8772 0.0405063 0.998499 0.0368693 6.04985 0.0502606 0.0348168 -0.998129 -159.351 
-0.997009 0.0507781 -0.0582675 -81.9695 0.0476996 0.997451 0.0530612 6.087 0.0608134 0.0501231 -0.99689 -160.871 
-0.996512 0.0532757 -0.0642354 -82.0606 0.0500364 0.997443 0.0510246 6.12674 0.0667895 0.0476325 -0.996629 -162.293 
-0.996207 0.0568065 -0.0659089 -82.1494 0.0540503 0.997617 0.0428762 6.17133 0.0681875 0.0391512 -0.996904 -163.627 
-0.995856 0.0619584 -0.0665796 -82.2399 0.0598039 0.997635 0.0338813 6.1933 0.0685213 0.0297592 -0.997206 -164.914 
-0.995961 0.0703698 -0.0557692 -82.3978 0.0682669 0.996914 0.0387582 6.24733 0.0583245 0.0347945 -0.997691 -167.464 
-0.996243 0.0764309 -0.0407251 -82.455 0.074744 0.996341 0.0414496 6.27425 0.0437441 0.0382499 -0.99831 -168.722 
-0.996811 0.0787713 0.0127536 -82.4525 0.0791456 0.996345 0.0321274 6.33229 -0.0101763 0.0330343 -0.999402 -171.203 
-0.996965 0.0655268 0.0420397 -82.3692 0.0669186 0.997226 0.0326011 6.35746 -0.0397868 0.0353153 -0.998584 -172.492 
-0.995848 0.0603709 0.0681364 -82.2614 0.0624175 0.997648 0.0283167 6.38728 -0.0662667 0.0324521 -0.997274 -173.823 
-0.995517 0.0547743 0.0771102 -82.1953 0.0569082 0.998047 0.025751 6.4024 -0.0755492 0.0300237 -0.99669 -174.505 
-0.995484 0.0465563 0.0827296 -82.1196 0.0485731 0.998565 0.0225333 6.41332 -0.0815618 0.02645 -0.996317 -175.194 
-0.995496 0.0400479 0.085927 -82.0434 0.0418883 0.998928 0.0197218 6.42215 -0.085045 0.0232323 -0.996106 -175.889 
-0.996157 0.033124 0.081077 -81.8366 0.0358599 0.998827 0.032524 6.47007 -0.0799046 0.0353064 -0.996177 -178.112 
-0.99698 0.0371734 0.0681842 -81.7273 0.0395458 0.998647 0.033781 6.50528 -0.0668362 0.0363754 -0.997101 -179.641 
-0.997471 0.0404513 0.0584356 -81.6849 0.0420519 0.998766 0.0264251 6.52833 -0.0572945 0.0288156 -0.997941 -180.408 
-0.99813 0.0373067 0.048421 -81.6412 0.038458 0.998994 0.0230658 6.5506 -0.0475118 0.0248849 -0.998561 -181.189 
-0.998988 0.0357898 0.0272409 -81.5825 0.0366668 0.998802 0.0324064 6.58656 -0.0260485 0.0333724 -0.999103 -182.842 
-0.999446 0.033176 0.0027286 -81.561 0.0332435 0.998989 0.0302792 6.6293 -0.0017213 0.0303531 -0.999538 -184.53 
-0.999102 0.0386768 -0.017302 -81.5835 0.0383882 0.999123 0.0167129 6.66872 0.0179332 0.0160337 -0.999711 -186.271 
-0.998273 0.0474596 -0.0346317 -81.6687 0.046444 0.998483 0.0295639 6.71533 0.0359823 0.0279044 -0.998963 -189.009 
-0.997962 0.0499355 -0.0397202 -81.7062 0.048619 0.998257 0.0334479 6.73743 0.0413212 0.0314485 -0.998651 -189.945 
-0.997757 0.0509373 -0.0434237 -81.745 0.0495338 0.998234 0.0328065 6.76233 0.0450181 0.030582 -0.998518 -190.889 
-0.997629 0.0525579 -0.0444271 -81.7859 0.051216 0.998212 0.0308211 6.78977 0.0459676 0.0284726 -0.998537 -191.843 
-0.997408 0.0574053 -0.0433719 -81.8314 0.0560209 0.997901 0.0324894 6.82047 0.045146 0.0299754 -0.998531 -192.818 
-0.997416 0.0589067 -0.0411201 -81.8715 0.0574404 0.997701 0.0359744 6.84684 0.0431446 0.0335195 -0.998506 -193.796 
-0.997594 0.0574557 -0.0387858 -81.9016 0.0560505 0.997764 0.036394 6.87507 0.0407902 0.0341325 -0.998585 -194.792 
-0.99772 0.0613588 -0.0281175 -81.9911 0.060245 0.997426 0.0388824 6.96125 0.0304309 0.0370998 -0.998848 -197.829 
-0.997469 0.0681485 -0.0202857 -82.041 0.067449 0.997164 0.0333738 7.01003 0.0225025 0.0319211 -0.999237 -199.861 
-0.997542 0.0692992 -0.0103439 -82.0793 0.068896 0.997001 0.0352528 7.06798 0.0127559 0.0344535 -0.999325 -202.918 
-0.997806 0.065734 -0.00790589 -82.0803 0.0653433 0.996965 0.0423188 7.09158 0.0106637 0.0417093 -0.999073 -203.94 
-0.997956 0.0635944 -0.00636886 -82.0803 0.0632736 0.997117 0.0418894 7.11917 0.00901443 0.0414008 -0.999102 -204.954 
-0.998009 0.0628948 -0.00472908 -82.0814 0.0626656 0.997283 0.0387169 7.14868 0.00715132 0.0383434 -0.999239 -205.952 
-0.998092 0.0616721 -0.00311585 -82.0808 0.0615103 0.997387 0.0378779 7.17627 0.00544372 0.037614 -0.999278 -206.934 
-0.998336 0.057664 7.84518e-05 -82.0661 0.05764 0.997879 0.030247 7.23939 0.00166588 0.0302012 -0.999542 -209.919 
-0.998317 0.0579849 -0.000230795 -82.0607 0.0579438 0.997745 0.0338755 7.27452 0.00219454 0.0338051 -0.999426 -211.868 
-0.998173 0.0604111 -0.000952647 -82.0547 0.0603194 0.997314 0.041559 7.38343 0.00346071 0.0414256 -0.999136 -215.83 
-0.998394 0.056513 -0.00408097 -82.0439 0.056384 0.998049 0.0268028 7.46318 0.00558772 0.0265296 -0.999632 -219.718 
-0.997968 0.0635572 -0.00454778 -82.0552 0.0633483 0.997315 0.0367333 7.49475 0.00687024 0.0363705 -0.999315 -221.645 
-0.997725 0.0672652 -0.0045892 -82.0631 0.0670203 0.996902 0.0411766 7.51388 0.00734473 0.0407754 -0.999141 -222.592 
-0.997741 0.0669684 -0.00521313 -82.067 0.0667142 0.997003 0.0391603 7.53345 0.00782 0.038724 -0.999219 -223.519 
-0.997843 0.0653704 -0.0060079 -82.0671 0.0651228 0.997268 0.0348688 7.55242 0.00827087 0.0344023 -0.999374 -224.43 
-0.9982 0.0597836 -0.00476286 -82.0604 0.0596026 0.997714 0.0318384 7.56979 0.00665538 0.0314972 -0.999482 -225.32 
-0.998284 0.058536 -0.00174063 -82.0535 0.0584501 0.997774 0.0321103 7.58335 0.00361636 0.0319535 -0.999483 -226.195 
-0.998098 0.0600576 0.0139078 -82.0217 0.0605099 0.997562 0.0347787 7.62262 -0.0117852 0.0355541 -0.999298 -228.749 
-0.997699 0.0616549 0.0282134 -81.9769 0.062786 0.997179 0.0411367 7.65618 -0.0255975 0.0428135 -0.998755 -230.394 
-0.997423 0.0579279 0.0423338 -81.9025 0.0597096 0.997327 0.042109 7.69111 -0.0397813 0.0445282 -0.998216 -231.969 
-0.996871 0.0570228 0.0547455 -81.816 0.0589942 0.997641 0.0350965 7.72331 -0.0526151 0.0382164 -0.997883 -233.492 
-0.994602 0.0539797 0.0886137 -81.5771 0.0566738 0.997995 0.0281718 7.76126 -0.0869154 0.0330418 -0.995668 -236.364 
-0.993143 0.0489634 0.106162 -81.4227 0.0525853 0.998117 0.031588 7.77351 -0.104415 0.036954 -0.993847 -237.693 
-0.993493 0.0193246 0.112239 -81.0861 0.0240368 0.998879 0.0407826 7.80994 -0.111325 0.0432151 -0.992844 -240.077 
-0.996364 0.0122857 0.0843046 -80.9826 0.0158494 0.999003 0.0417339 7.82686 -0.0837078 0.0429183 -0.995566 -241.132 
-0.999495 0.00347121 0.0315823 -80.9453 0.0047187 0.999208 0.0395114 7.84906 -0.0314202 0.0396404 -0.99872 -242.122 
-0.998735 0.00138945 -0.0502739 -81.0098 -0.00082432 0.999032 0.0439866 7.87221 0.0502863 0.0439724 -0.997766 -243.055 
-0.98755 0.00343357 -0.157268 -81.1853 -0.00357072 0.999015 0.0442331 7.88804 0.157265 0.0442439 -0.986565 -243.917 
-0.976053 0.00110218 -0.21753 -81.3065 -0.00847947 0.999034 0.0431091 7.90089 0.217368 0.0439213 -0.975101 -244.329 
-0.938281 0.0182687 -0.345392 -81.6534 0.00352291 0.999057 0.0432725 7.92903 0.345857 0.0393849 -0.93746 -245.097 
-0.911134 0.0254935 -0.411322 -81.8654 0.00828268 0.999016 0.0435711 7.9424 0.412028 0.0362923 -0.910448 -245.452 
-0.878244 0.0294361 -0.477306 -82.0966 0.0102927 0.999036 0.0426733 7.95472 0.478102 0.0325648 -0.8777 -245.792 
-0.799711 0.0370273 -0.599242 -82.6241 0.00913869 0.998732 0.0495158 7.97737 0.600316 0.034122 -0.799035 -246.42 
-0.707749 0.0518175 -0.704561 -83.2526 0.0117812 0.998033 0.0615666 8.00803 0.706366 0.0352732 -0.706968 -246.952 
-0.657191 0.0588909 -0.75142 -83.5915 0.0128158 0.997672 0.0669817 8.02927 0.753615 0.0343897 -0.656416 -247.182 
-0.604675 0.0625519 -0.794012 -83.9404 0.0133338 0.997567 0.0684336 8.05039 0.79636 0.0307929 -0.604038 -247.386 
-0.492048 0.0662206 -0.868046 -84.6689 0.0130441 0.997552 0.0687062 8.08589 0.87047 0.0224839 -0.491707 -247.717 
-0.434496 0.0689261 -0.898033 -85.0525 0.0068441 0.997291 0.073233 8.10924 0.900648 0.0256732 -0.433791 -247.856 
-0.375997 0.0700637 -0.923968 -85.4475 -0.00322462 0.997032 0.0769163 8.13609 0.926615 0.0318997 -0.374655 -247.981 
-0.259457 0.0648116 -0.963578 -86.2725 -0.00920556 0.997534 0.0695743 8.18931 0.965711 0.0269218 -0.25822 -248.138 
-0.20728 0.0661344 -0.976044 -86.7094 -0.00140426 0.997691 0.0678994 8.20726 0.978281 0.0154448 -0.206708 -248.175 
-0.0803204 0.0538979 -0.995311 -88.1178 -0.0186395 0.998281 0.055563 8.28863 0.996595 0.0230149 -0.0791777 -248.28 
-0.000903451 0.05309 -0.998589 -89.6505 -0.0152809 0.998472 0.0530976 8.36186 0.999883 0.0153073 -9.08101e-05 -248.265 
0.0202386 0.0516216 -0.998462 -90.7381 -0.0101425 0.998625 0.0514244 8.41488 0.999744 0.00908615 0.0207343 -248.228 
0.0129527 0.0573398 -0.998271 -93.1659 -0.0108205 0.998304 0.0572013 8.531 0.999858 0.0100608 0.0135512 -248.2 
0.00237709 0.0565434 -0.998397 -95.8139 -0.00906345 0.99836 0.0565198 8.66921 0.999956 0.00891458 0.00288567 -248.198 
-0.00292464 0.0464029 -0.998919 -97.2216 -0.00985687 0.998873 0.0464296 8.73297 0.999947 0.009982 -0.00246396 -248.212 
-0.0114565 0.0559485 -0.998368 -100.254 -0.0173829 0.998271 0.0561426 8.86626 0.999783 0.0179978 -0.0104641 -248.27 
-0.0148871 0.0564973 -0.998292 -101.86 -0.0178928 0.998227 0.0567605 8.94702 0.999729 0.0187073 -0.0138498 -248.301 
-0.0175177 0.0614651 -0.997955 -103.557 -0.015342 0.997975 0.0617356 9.03866 0.999729 0.0163921 -0.0165393 -248.336 
-0.0180982 0.0406797 -0.999008 -107.091 -0.0174323 0.999007 0.0409954 9.21076 0.999684 0.0181569 -0.0173711 -248.417 
-0.016562 0.0377283 -0.999151 -108 -0.0195492 0.999085 0.0380499 9.24827 0.999672 0.0201628 -0.0158093 -248.439 
-0.0141006 0.0423557 -0.999003 -108.936 -0.02289 0.998827 0.0426713 9.28145 0.999639 0.0234689 -0.0131145 -248.459 
-0.0114196 0.0503599 -0.998666 -109.892 -0.026483 0.998365 0.0506475 9.31465 0.999584 0.027026 -0.0100672 -248.477 
-0.00825173 0.0562104 -0.998385 -110.853 -0.0258216 0.998074 0.0564063 9.35526 0.999633 0.0262454 -0.00678439 -248.485 
-0.00324429 0.0573689 -0.998348 -112.789 -0.0211212 0.998126 0.0574248 9.44208 0.999772 0.0212726 -0.00202651 -248.484 
-0.00155472 0.0546144 -0.998506 -113.75 -0.0162486 0.998374 0.0546324 9.48948 0.999867 0.0163092 -0.000664785 -248.484 
-0.00146353 0.0546532 -0.998504 -114.735 -0.015277 0.998388 0.0546692 9.5345 0.999882 0.0153341 -0.000626235 -248.489 
-0.00198271 0.0551474 -0.998476 -115.727 -0.0187339 0.998301 0.0551749 9.58124 0.999823 0.0188148 -0.000946218 -248.502 
-0.00264356 0.0552609 -0.998468 -116.642 -0.0216358 0.998235 0.0553052 9.62371 0.999762 0.0217489 -0.00144329 -248.52 
-0.00484341 0.0532133 -0.998571 -120.53 -0.0287471 0.998163 0.0533309 9.79955 0.999575 0.0289643 -0.00330478 -248.568 
-0.00654481 0.0499348 -0.998731 -122.387 -0.0287152 0.998331 0.050103 9.87662 0.999566 0.0290067 -0.0051 -248.596 
-0.00368318 0.0644834 -0.997912 -128.186 -0.0254644 0.997589 0.0645566 10.1348 0.999669 0.025649 -0.00203227 -248.647 
-0.00163151 0.0605931 -0.998161 -129.092 -0.0244075 0.997863 0.0606149 10.1789 0.999701 0.0244615 -0.000149097 -248.661 
0.00305736 0.060999 -0.998133 -132.93 -0.0143761 0.998037 0.0609491 10.3561 0.999892 0.0141629 0.00392829 -248.655 
0.00167699 0.0552047 -0.998474 -134.814 -0.0158941 0.99835 0.0551712 10.4378 0.999872 0.0157774 0.00255166 -248.664 
-0.000415662 0.0411755 -0.999152 -136.7 -0.0242309 0.998858 0.0411734 10.5067 0.999706 0.0242275 0.000582532 -248.686 
-0.00160449 0.0560454 -0.998427 -139.507 -0.025341 0.998105 0.0560681 10.5982 0.999678 0.0253911 -0.000181202 -248.712 
-0.0014655 0.0643095 -0.997929 -140.353 -0.0224937 0.997675 0.0643262 10.6295 0.999746 0.0225414 -1.55362e-05 -248.719 
-0.00247345 0.059946 -0.998199 -142.178 -0.0148139 0.99809 0.0599762 10.7126 0.999887 0.0149356 -0.00158069 -248.722 
-0.00411447 0.0500519 -0.998738 -143.993 -0.017765 0.998585 0.0501174 10.7859 0.999834 0.0179488 -0.00321948 -248.742 
-0.00537907 0.0454894 -0.99895 -144.901 -0.019278 0.998774 0.0455852 10.8197 0.9998 0.019503 -0.00449554 -248.754 
-0.00614065 0.0422903 -0.999086 -145.814 -0.0209689 0.99888 0.0424104 10.8494 0.999761 0.0212101 -0.00524699 -248.769 
-0.0106913 0.0446578 -0.998945 -147.525 -0.0268525 0.998629 0.0449311 10.9036 0.999582 0.0273046 -0.00947747 -248.81 
-0.0209877 0.0575777 -0.99812 -149.324 -0.0245051 0.998011 0.0580866 10.9685 0.999479 0.0256781 -0.019535 -248.853 
-0.0370071 0.0636446 -0.997286 -151.115 -0.0185832 0.997753 0.064364 11.052 0.999142 0.0209147 -0.0357413 -248.918 
-0.0471049 0.0648783 -0.996781 -152.017 -0.0162473 0.997707 0.0657064 11.0973 0.998758 0.0192901 -0.0459428 -248.964 
-0.057854 0.0629163 -0.996341 -152.919 -0.0197054 0.997746 0.0641493 11.1404 0.998131 0.0233446 -0.0564838 -249.03 
-0.0686214 0.0582684 -0.99594 -153.791 -0.0212585 0.997981 0.0598525 11.1845 0.997416 0.0252793 -0.0672441 -249.102 
-0.0793788 0.0541068 -0.995375 -154.64 -0.0220047 0.998187 0.0560145 11.2243 0.996602 0.0263493 -0.0780443 -249.18 
-0.108761 0.0642571 -0.991989 -157.24 -0.0258711 0.997388 0.0674432 11.3492 0.993731 0.032999 -0.106814 -249.472 
-0.125818 0.0548961 -0.990533 -158.919 -0.0271372 0.997904 0.0587515 11.4364 0.991682 0.0342723 -0.124065 -249.697 
-0.133105 0.0522144 -0.989726 -159.756 -0.0264492 0.998068 0.0562116 11.4772 0.990749 0.0336595 -0.131467 -249.817 
-0.147957 0.0619119 -0.987054 -161.457 -0.0245439 0.997501 0.0662463 11.5609 0.988689 0.0340278 -0.146067 -250.08 
-0.184955 0.0548785 -0.981213 -164.825 -0.0200819 0.99802 0.0596039 11.7459 0.982542 0.0307286 -0.183487 -250.687 
-0.204474 0.0678079 -0.976521 -166.503 -0.0126162 0.997332 0.0718947 11.8359 0.978791 0.0270206 -0.203073 -251.037 
-0.216437 0.0731842 -0.97355 -167.341 -0.00703894 0.997044 0.0765152 11.8848 0.976271 0.0234135 -0.215282 -251.225 
-0.22859 0.07047 -0.970969 -168.176 -0.00188634 0.997343 0.0728283 11.9358 0.973521 0.0184794 -0.22785 -251.421 
-0.239218 0.0638814 -0.968862 -168.992 0.00334875 0.997882 0.064968 11.98 0.97096 0.012297 -0.238926 -251.622 
-0.257891 0.0547138 -0.964624 -170.598 0.00871381 0.998486 0.0543049 12.0644 0.966135 0.00559921 -0.257978 -252.047 
-0.26638 0.0549859 -0.962298 -171.391 0.00485927 0.998435 0.0557057 12.0986 0.963856 0.0101628 -0.266231 -252.28 
-0.280785 0.0675686 -0.957389 -172.983 0.00848894 0.997655 0.0679207 12.1816 0.959733 0.0109439 -0.2807 -252.748 
-0.2874 0.0740907 -0.954941 -173.779 0.00876509 0.997165 0.0747289 12.2248 0.95777 0.013107 -0.287235 -252.993 
-0.294592 0.0728618 -0.952841 -174.55 0.0039446 0.997173 0.0750322 12.2675 0.955615 0.0183453 -0.294046 -253.244 
-0.301868 0.0662987 -0.951042 -175.323 0.00462405 0.997669 0.0680814 12.314 0.953339 0.0161539 -0.301471 -253.497 
-0.309419 0.0612047 -0.948954 -176.107 0.00852703 0.998065 0.0615918 12.3616 0.950888 0.0109659 -0.309342 -253.754 
-0.338155 0.0647291 -0.938862 -179.181 0.00996963 0.997822 0.0652033 12.5253 0.941038 0.0126887 -0.338064 -254.846 
-0.345064 0.057923 -0.93679 -179.936 0.00990904 0.998263 0.058074 12.5665 0.938527 0.0107565 -0.345038 -255.131 
-0.360761 0.0521008 -0.931202 -181.433 0.010329 0.9986 0.0518702 12.6417 0.932601 0.00909437 -0.360794 -255.719 
-0.369979 0.0541901 -0.927458 -182.181 0.00851431 0.998453 0.0549418 12.6725 0.929001 0.0124306 -0.369868 -256.028 
-0.379025 0.05419 -0.923798 -182.922 0.00708678 0.998425 0.05566 12.7046 0.925359 0.0145498 -0.378812 -256.342 
-0.396722 0.0517688 -0.916478 -184.384 0.00422249 0.998501 0.0545741 12.7708 0.917929 0.0177809 -0.396345 -256.988 
-0.405262 0.052949 -0.912666 -185.113 0.00420579 0.998419 0.0560564 12.8061 0.914191 0.0188791 -0.404844 -257.319 
-0.413766 0.0535463 -0.908807 -185.834 0.00292391 0.998342 0.0574905 12.8405 0.910378 0.0211303 -0.413237 -257.658 
-0.422177 0.0530919 -0.904957 -186.544 0.00200627 0.998336 0.0576342 12.8727 0.906511 0.0225163 -0.421581 -257.999 
-0.43099 0.0488022 -0.901036 -187.222 0.00170619 0.998579 0.0532692 12.903 0.902355 0.0214212 -0.430461 -258.334 
-0.43972 0.0435532 -0.897078 -187.902 0.00236626 0.998876 0.0473356 12.9341 0.898132 0.0186917 -0.439329 -258.673 
-0.471915 0.0642105 -0.879303 -190.595 0.0105117 0.997683 0.0672136 13.0456 0.881581 0.0224761 -0.471497 -260.092 
-0.488117 0.0680543 -0.870121 -191.886 0.0137341 0.997431 0.070307 13.1108 0.87267 0.0223677 -0.487797 -260.816 
-0.517411 0.057678 -0.853791 -194.281 0.0115255 0.998105 0.0604425 13.2312 0.85566 0.0214333 -0.517095 -262.254 
-0.527292 0.0563686 -0.847813 -195.38 0.00546618 0.998001 0.0629546 13.2746 0.849667 0.0285611 -0.526546 -262.943 
-0.528505 0.0466693 -0.847646 -197.368 -0.00219929 0.998409 0.0563412 13.3703 0.848927 0.0316408 -0.527561 -264.213 
-0.517419 0.0441339 -0.854593 -198.258 -0.0060791 0.998454 0.055244 13.4137 0.85571 0.0337795 -0.516351 -264.763 
-0.49668 0.0551394 -0.866181 -199.095 -0.00818624 0.997638 0.0682018 13.458 0.867895 0.0409652 -0.495055 -265.247 
-0.471151 0.0674749 -0.879468 -199.86 -0.00389772 0.996901 0.0785727 13.493 0.882044 0.0404476 -0.469428 -265.64 
-0.404574 0.0580602 -0.91266 -201.243 0.00232942 0.998045 0.0624595 13.5618 0.914502 0.0231435 -0.403919 -266.247 
-0.354732 0.0495777 -0.933653 -201.93 -0.00856372 0.998379 0.0562684 13.602 0.934929 0.0279557 -0.353732 -266.503 
-0.290261 0.0526433 -0.955498 -202.634 -0.0112545 0.998229 0.0584164 13.6442 0.956881 0.0277097 -0.289154 -266.687 
-0.215928 0.0588047 -0.974637 -203.339 -0.00706654 0.998065 0.0617838 13.6729 0.976384 0.0202282 -0.215095 -266.799 
-0.0490338 0.0503634 -0.997527 -204.726 -0.0261819 0.99832 0.0516905 13.7148 0.998454 0.0286517 -0.0476328 -266.871 
0.0473607 0.0451438 -0.997857 -205.451 -0.0310699 0.998561 0.043701 13.7452 0.998395 0.0289336 0.0486952 -266.796 
0.0982031 0.0428165 -0.994245 -205.825 -0.0299895 0.998748 0.0400483 13.7613 0.994714 0.025884 0.0993642 -266.723 
0.149793 0.0443794 -0.987721 -206.208 -0.0324918 0.998674 0.039944 13.7752 0.988183 0.0261095 0.151036 -266.635 
0.201412 0.049578 -0.978251 -206.6 -0.0381015 0.998359 0.0427523 13.7877 0.978765 0.028662 0.202971 -266.529 
0.305083 0.0605003 -0.950402 -207.395 -0.0515548 0.997566 0.0469533 13.8097 0.950929 0.0346731 0.30746 -266.247 
0.357761 0.0639592 -0.93162 -207.791 -0.0563287 0.997313 0.0468379 13.8209 0.932113 0.0357202 0.360402 -266.065 
0.464441 0.0683527 -0.882962 -208.603 -0.0649269 0.996962 0.043026 13.8425 0.883221 0.0373449 0.467468 -265.605 
0.516454 0.0696044 -0.853482 -209.013 -0.0702942 0.996773 0.0387543 13.8572 0.853425 0.03998 0.51968 -265.326 
0.566896 0.0708498 -0.820737 -209.434 -0.0755029 0.99657 0.0338775 13.8736 0.820322 0.0427629 0.570301 -265.006 
0.653043 0.0716723 -0.753922 -210.279 -0.0787595 0.996541 0.0265161 13.9045 0.753215 0.0420623 0.656429 -264.24 
0.686709 0.0707599 -0.72348 -210.687 -0.0772216 0.996721 0.0241874 13.9168 0.722819 0.0392585 0.689921 -263.82 
0.714002 0.0703235 -0.696603 -211.098 -0.0764534 0.996824 0.0222684 13.9295 0.695957 0.0373579 0.717111 -263.385 
0.76653 0.0688695 -0.638506 -212.432 -0.0748906 0.997036 0.0176343 13.9683 0.637827 0.0343009 0.769415 -261.818 
0.80219 0.0661702 -0.593391 -214.282 -0.0730631 0.99725 0.0124333 14.0088 0.592582 0.0333811 0.804818 -259.406 
0.811224 0.0666195 -0.580928 -215.263 -0.0702981 0.997394 0.0162127 14.0286 0.580494 0.0276859 0.813794 -258.047 
0.814774 0.0646061 -0.576168 -216.286 -0.0681786 0.997554 0.0154432 14.0485 0.575756 0.0266996 0.817185 -256.619 
0.819621 0.0662407 -0.569064 -218.452 -0.0702599 0.997417 0.0149071 14.0886 0.568582 0.0277642 0.822158 -253.567 
0.822778 0.0629722 -0.564864 -220.713 -0.0653618 0.997733 0.0160237 14.131 0.564593 0.0237366 0.825028 -250.318 
0.821947 0.0589713 -0.566503 -221.867 -0.0626185 0.997952 0.0130298 14.1428 0.566111 0.0247637 0.823957 -248.663 
0.819826 0.0569322 -0.569776 -223.025 -0.0599294 0.998111 0.0135018 14.146 0.569468 0.0230772 0.821689 -247.013 
0.815945 0.0568129 -0.575331 -225.374 -0.0572315 0.998209 0.0174046 14.1561 0.57529 0.0187258 0.817735 -243.705 
0.813905 0.0568141 -0.578214 -226.532 -0.0565393 0.998229 0.0184981 14.1681 0.578241 0.0176361 0.815676 -242.113 
0.810902 0.0543504 -0.582652 -228.845 -0.0560882 0.998312 0.0150632 14.1776 0.582488 0.0204651 0.812582 -238.932 
0.810391 0.0592183 -0.58289 -231.157 -0.0604416 0.998021 0.0173614 14.1904 0.582764 0.0211613 0.812366 -235.78 
0.811432 0.0600572 -0.581354 -232.891 -0.0614905 0.997958 0.0172687 14.2011 0.581204 0.0217354 0.813468 -233.412 
0.812445 0.0585312 -0.580093 -234.042 -0.0593749 0.998081 0.0175491 14.2084 0.580007 0.0201853 0.814361 -231.829 
0.812873 0.0570223 -0.579643 -234.611 -0.0585716 0.998154 0.0160544 14.2104 0.579489 0.0209005 0.814712 -231.044 
0.813002 0.056437 -0.579519 -235.181 -0.0585709 0.99817 0.0150391 14.2138 0.579308 0.0217162 0.81482 -230.261 
0.812792 0.058085 -0.579651 -235.743 -0.0590302 0.998107 0.0172445 14.2192 0.579555 0.0202007 0.814683 -229.491 
0.812265 0.061638 -0.580023 -236.304 -0.0600163 0.997955 0.022004 14.2249 0.580193 0.0169377 0.814303 -228.729 
0.809279 0.0638957 -0.583939 -237.988 -0.0605793 0.997844 0.0252294 14.2559 0.584292 0.014957 0.811405 -226.441 
0.805666 0.0623035 -0.589084 -239.116 -0.0624414 0.997845 0.0201369 14.277 0.589069 0.0205596 0.807821 -224.933 
0.803212 0.0617877 -0.59248 -240.277 -0.0612124 0.997902 0.0210835 14.3019 0.592539 0.0193326 0.805309 -223.395 
0.800646 0.057209 -0.596401 -242.652 -0.0585189 0.998138 0.0171859 14.3424 0.596274 0.0211409 0.802503 -220.228 
0.800721 0.0588153 -0.596143 -243.265 -0.0619448 0.997963 0.0152565 14.3524 0.595826 0.0247118 0.802733 -219.427 
0.801169 0.0610054 -0.59532 -243.882 -0.0657098 0.997743 0.0138127 14.3631 0.594819 0.0280521 0.80337 -218.622 
0.801699 0.0647569 -0.59421 -244.504 -0.0690033 0.997494 0.0156086 14.3705 0.593732 0.0284891 0.804158 -217.807 
0.802258 0.0671773 -0.593185 -245.125 -0.07008 0.997376 0.018171 14.3772 0.592849 0.0269926 0.804861 -216.987 
0.802718 0.0670164 -0.592582 -245.746 -0.0680924 0.997467 0.0205671 14.3874 0.592459 0.0238408 0.805248 -216.158 
0.803127 0.0658259 -0.59216 -246.366 -0.0653354 0.997614 0.0222848 14.3975 0.592214 0.0207915 0.805512 -215.327 
0.803521 0.063713 -0.591857 -246.991 -0.0623786 0.997794 0.0227251 14.4086 0.592 0.0186591 0.805722 -214.49 
0.803707 0.0619262 -0.591795 -247.615 -0.0606148 0.997916 0.0221034 14.4193 0.59193 0.0181068 0.805786 -213.656 
0.803509 0.0612374 -0.592134 -248.236 -0.060541 0.997944 0.0210531 14.4291 0.592206 0.018932 0.805564 -212.833 
0.802771 0.0611028 -0.593148 -248.861 -0.0605202 0.997948 0.0208946 14.4388 0.593208 0.0191238 0.804822 -212.007 
0.801739 0.0602749 -0.594628 -249.487 -0.0598972 0.997996 0.020403 14.4472 0.594666 0.0192587 0.803742 -211.182 
0.800721 0.0605114 -0.595974 -250.105 -0.0607249 0.997959 0.0197395 14.454 0.595952 0.0203846 0.802761 -210.375 
0.799838 0.0604314 -0.597166 -250.732 -0.061159 0.997946 0.0190734 14.4615 0.597092 0.0212664 0.801891 -209.56 
0.796867 0.0578648 -0.601377 -252.545 -0.0616432 0.997995 0.0143461 14.4723 0.601001 0.0256389 0.798837 -207.197 
0.796159 0.0580241 -0.602298 -253.147 -0.0629005 0.997935 0.0129927 14.4741 0.601809 0.0275406 0.798165 -206.421 
0.795521 0.0594529 -0.603002 -253.743 -0.064098 0.997848 0.0138203 14.4753 0.602526 0.0276569 0.79762 -205.656 
0.795665 0.0601303 -0.602745 -254.324 -0.063529 0.997857 0.0156843 14.4874 0.602396 0.0258123 0.79778 -204.939 
0.796449 0.0640845 -0.601301 -256.028 -0.0647413 0.99769 0.0205776 14.5023 0.601231 0.02254 0.798758 -202.752 
0.798706 0.0653335 -0.598163 -257.125 -0.0631451 0.9977 0.0246568 14.5246 0.598398 0.0180775 0.800995 -201.355 
0.807604 0.0639641 -0.586246 -259.119 -0.061316 0.99782 0.024402 14.5518 0.586529 0.0162391 0.809766 -198.709 
0.81651 0.0609255 -0.574108 -259.986 -0.0591502 0.998011 0.0217861 14.5658 0.574293 0.01617 0.81849 -197.515 
0.829448 0.0617996 -0.555154 -260.666 -0.0594296 0.997983 0.0223021 14.5694 0.555413 0.0144942 0.831448 -196.542 
0.848214 0.0646934 -0.525688 -261.248 -0.0643359 0.997748 0.018979 14.5678 0.525731 0.0177223 0.850466 -195.642 
0.874797 0.0645461 -0.480171 -261.817 -0.0670166 0.997679 0.0120174 14.5711 0.479832 0.0216666 0.877093 -194.607 
0.945141 0.0591394 -0.321264 -262.649 -0.0635238 0.997975 -0.00317292 14.5262 0.320426 0.0234068 0.946984 -192.501 
0.962305 0.0591122 -0.265471 -262.785 -0.0623253 0.998049 -0.00368819 14.5106 0.264735 0.0200947 0.964112 -191.946 
0.976797 0.0596413 -0.205697 -262.865 -0.0615824 0.998097 -0.00304136 14.5121 0.205124 0.0156381 0.978611 -191.509 
0.996152 0.058646 -0.0651221 -262.966 -0.0591484 0.998232 -0.0058118 14.4783 0.0646662 0.0096413 0.99786 -190.53 
0.998332 0.0567803 0.0104359 -262.978 -0.0566727 0.998339 -0.01034 14.4621 -0.0110057 0.00973134 0.999892 -190.085 
0.985643 0.0529986 0.160311 -262.834 -0.0506318 0.99854 -0.0188158 14.4253 -0.161074 0.0104288 0.986887 -189.149 
0.970818 0.0504738 0.234445 -262.724 -0.0465878 0.99867 -0.0220876 14.4047 -0.235248 0.0105208 0.971878 -188.73 
0.9505 0.0468875 0.307167 -262.575 -0.0412063 0.998839 -0.0249585 14.3822 -0.307981 0.0110658 0.951328 -188.327 
0.89897 0.0420767 0.435985 -262.014 -0.0331141 0.999055 -0.0281394 14.3374 -0.436757 0.0108592 0.899514 -187.601 
0.83579 0.0365656 0.54783 -261.319 -0.0259906 0.999296 -0.0270469 14.2937 -0.548434 0.00836708 0.836152 -186.816 
0.766299 0.0343261 0.641566 -260.561 -0.0225864 0.999394 -0.0264935 14.2655 -0.642087 0.00581133 0.76661 -186.002 
0.69864 0.0344513 0.714644 -259.668 -0.0219742 0.999402 -0.0266968 14.2265 -0.715136 0.00294775 0.698979 -185.278 
0.666836 0.0339142 0.744433 -259.22 -0.0210834 0.999423 -0.0266451 14.2146 -0.744907 0.0020727 0.667166 -184.889 
0.579517 0.0364192 0.814146 -257.786 -0.0289401 0.999291 -0.0241015 14.1454 -0.814446 -0.0095943 0.58016 -183.82 
0.485152 0.0407584 0.87348 -256.193 -0.0340366 0.999036 -0.0277124 14.07 -0.873767 -0.0162856 0.486071 -182.814 
0.455436 0.0417747 0.889288 -255.653 -0.0341811 0.998982 -0.0294223 14.0375 -0.889612 -0.0169969 0.4564 -182.534 
0.399262 0.0415247 0.915896 -254.429 -0.0280493 0.999059 -0.0330678 13.9831 -0.916408 -0.0124876 0.400051 -181.978 
0.372638 0.0405992 0.927088 -253.829 -0.0242735 0.999127 -0.0339973 13.9541 -0.927659 -0.00983492 0.373299 -181.724 
0.318805 0.0400433 0.946974 -252.418 -0.0164037 0.999191 -0.0367289 13.8747 -0.947678 -0.00382451 0.319204 -181.23 
0.296147 0.0382218 0.954377 -251.701 -0.00862118 0.999265 -0.0373443 13.8395 -0.955104 0.00283154 0.296258 -181.036 
0.273437 0.0359445 0.961218 -251.001 0.00326303 0.999261 -0.0382953 13.8188 -0.961884 0.0136078 0.273118 -180.843 
0.252262 0.0316303 0.967142 -250.302 0.011171 0.999304 -0.0355959 13.7963 -0.967594 0.0197834 0.251733 -180.652 
0.199483 0.0270846 0.979527 -247.891 0.0171186 0.999369 -0.0311195 13.7105 -0.979752 0.022976 0.198894 -180.153 
0.165078 0.0334416 0.985713 -246.185 0.0135443 0.999254 -0.0361693 13.647 -0.986188 0.0193216 0.164502 -179.837 
0.149427 0.0310089 0.988286 -245.473 0.0100431 0.999409 -0.0328764 13.6008 -0.988722 0.0148381 0.149027 -179.727 
0.12203 0.0276166 0.992142 -243.736 0.0177779 0.999392 -0.030005 13.5182 -0.992367 0.0212997 0.121465 -179.528 
0.109918 0.032118 0.993422 -242.779 0.0260661 0.999041 -0.0351837 13.4866 -0.993599 0.0297619 0.108975 -179.432 
0.0891099 0.0446691 0.99502 -240.822 0.0319922 0.99835 -0.0476837 13.4144 -0.995508 0.036082 0.0875338 -179.24 
0.0818878 0.0468213 0.995541 -239.905 0.0337078 0.998194 -0.0497187 13.375 -0.996071 0.0376288 0.0801617 -179.17 
0.0754158 0.0416895 0.99628 -238.015 0.033836 0.998443 -0.0443413 13.2686 -0.996578 0.0370542 0.0738878 -179.026 
0.0662575 0.0407321 0.996971 -235.028 0.034059 0.998492 -0.0430578 13.1125 -0.997221 0.0368087 0.0647703 -178.825 
0.0595617 0.0415184 0.997361 -232.764 0.0357542 0.998405 -0.043697 12.989 -0.997584 0.0382625 0.0579822 -178.683 
0.055635 0.0430413 0.997523 -231.935 0.03391 0.998413 -0.044971 12.961 -0.997875 0.0363279 0.0540872 -178.62 
0.0502812 0.0418313 0.997859 -230.074 0.0311129 0.998572 -0.0434289 12.865 -0.99825 0.03323 0.0489079 -178.513 
0.041541 0.041673 0.998267 -227.192 0.0256329 0.998756 -0.0427601 12.7064 -0.998808 0.0273648 0.0404211 -178.391 
0.0330459 0.0387346 0.998703 -222.951 0.0209472 0.999002 -0.0394394 12.4827 -0.999234 0.0222233 0.0322016 -178.239 
0.0316633 0.0390226 0.998737 -221.742 0.0198669 0.999016 -0.0396634 12.4194 -0.999301 0.0210977 0.0308569 -178.203 
0.0282156 0.0393345 0.998828 -220.541 0.0196223 0.999011 -0.039896 12.3666 -0.999409 0.020725 0.0274159 -178.152 
0.0225968 0.0390848 0.99898 -218.328 0.0169311 0.999077 -0.0394716 12.2449 -0.999601 0.0178057 0.0219142 -178.084 
0.0198372 0.0392937 0.999031 -217.227 0.0178145 0.999055 -0.0396484 12.185 -0.999645 0.0185837 0.0191184 -178.059 
