-0.997743 0.0579607 -0.0339117 -2.94327 0.0572825 0.998145 0.0206393 -1.48098 0.0350451 0.0186501 -0.999212 177.643 
-0.998525 0.0539253 -0.00635649 -2.99017 0.053783 0.998337 0.02077 -1.42669 0.00746595 0.0203975 -0.999764 173.459 
-0.998514 0.0544358 -0.00269696 -2.99035 0.0543586 0.99825 0.0232743 -1.41898 0.0039592 0.0230931 -0.999725 172.722 
-0.998571 0.0533952 0.00199089 -2.9786 0.0534263 0.998325 0.02219 -1.39964 -0.000802719 0.0222646 -0.999752 171.229 
-0.998406 0.0563124 0.00383196 -2.97685 0.056382 0.998178 0.021483 -1.38783 -0.00261522 0.0216648 -0.999762 170.471 
-0.9983 0.0578305 0.00728092 -2.96449 0.0579776 0.998077 0.0219343 -1.3692 -0.00599845 0.0223192 -0.999733 168.925 
-0.998637 0.0508219 0.0118859 -2.92325 0.0509987 0.998585 0.0150749 -1.34381 -0.011103 0.0156605 -0.999816 166.552 
-0.998598 0.0509637 0.0143374 -2.89197 0.0512033 0.998546 0.0168707 -1.33264 -0.0134568 0.0175812 -0.999755 164.927 
-0.998604 0.0503883 0.0158618 -2.87541 0.0506764 0.998547 0.0183169 -1.32618 -0.0149158 0.0190952 -0.999706 164.106 
-0.998567 0.0507975 0.0168325 -2.85843 0.051105 0.998524 0.0183708 -1.32017 -0.0158745 0.0192047 -0.99969 163.28 
-0.998444 0.0522974 0.0193557 -2.8229 0.0526228 0.998475 0.0167059 -1.30651 -0.0184525 0.0176985 -0.999673 161.617 
-0.998434 0.0522318 0.0200336 -2.80327 0.0526012 0.998446 0.0183772 -1.29874 -0.0190426 0.0194022 -0.99963 160.777 
-0.998554 0.0500926 0.0195177 -2.76001 0.0505847 0.998392 0.0255905 -1.28185 -0.0182044 0.0265408 -0.999482 159.074 
-0.998514 0.0514087 0.0180997 -2.7438 0.0519113 0.998245 0.028489 -1.26788 -0.0166034 0.0293862 -0.99943 158.216 
-0.998549 0.0513494 0.0161974 -2.73036 0.0518087 0.998226 0.0293417 -1.25416 -0.014662 0.0301383 -0.999438 157.356 
-0.998662 0.0500286 0.0130699 -2.7011 0.0503055 0.998496 0.0217926 -1.22666 -0.01196 0.0224209 -0.999677 155.623 
-0.998642 0.050863 0.0112921 -2.69091 0.0510703 0.998516 0.0188999 -1.21482 -0.010314 0.0194509 -0.999758 154.751 
-0.998396 0.0556018 0.0106758 -2.67224 0.0558533 0.998128 0.0249087 -1.19378 -0.00927089 0.025465 -0.999633 152.978 
-0.998153 0.0596867 0.0112958 -2.66695 0.0599861 0.997797 0.0283381 -1.18379 -0.00957949 0.0289633 -0.999535 152.086 
-0.997515 0.0692178 0.0131561 -2.65703 0.0695147 0.997301 0.0236408 -1.15509 -0.0114842 0.0244965 -0.999634 150.305 
-0.997525 0.0689238 0.0139024 -2.64257 0.0691898 0.99741 0.0196513 -1.14403 -0.0125119 0.0205646 -0.99971 149.41 
-0.997564 0.0677758 0.0164843 -2.60944 0.0681024 0.997475 0.0201271 -1.12577 -0.0150786 0.0212007 -0.999662 147.598 
-0.997741 0.0648989 0.017367 -2.58989 0.0652883 0.997604 0.0228854 -1.11879 -0.0158402 0.0239676 -0.999587 146.685 
-0.997754 0.0640834 0.0195102 -2.53151 0.0646462 0.997465 0.02973 -1.08554 -0.0175555 0.0309245 -0.999368 143.94 
-0.998089 0.0585461 0.0197605 -2.50561 0.0591586 0.997736 0.0319818 -1.07079 -0.0178434 0.0330897 -0.999293 143.027 
-0.998234 0.0562132 0.0192022 -2.44341 0.0567313 0.998008 0.0275925 -1.02722 -0.0176129 0.0286332 -0.999435 140.312 
-0.99819 0.0567621 0.0198489 -2.42633 0.0572988 0.997975 0.0276095 -1.01564 -0.0182416 0.0286969 -0.999422 139.41 
-0.998047 0.0588966 0.0208016 -2.4114 0.0594813 0.997817 0.0287085 -1.00282 -0.0190653 0.0298897 -0.999371 138.509 
-0.998056 0.0585642 0.021296 -2.39111 0.0591834 0.997805 0.0297084 -0.991037 -0.0195094 0.030911 -0.999332 137.609 
-0.998269 0.0545406 0.0220022 -2.31922 0.0549977 0.998271 0.0207322 -0.961425 -0.0208334 0.0219064 -0.999543 134.946 
-0.998185 0.0560793 0.021957 -2.30036 0.0566091 0.998101 0.0243002 -0.954751 -0.0205526 0.0254991 -0.999464 134.058 
-0.998058 0.0582758 0.0219864 -2.28379 0.0588696 0.99789 0.0274014 -0.946252 -0.0203431 0.0286425 -0.999383 133.175 
-0.997939 0.0603171 0.0219038 -2.26733 0.0609212 0.997748 0.0280498 -0.936689 -0.0201626 0.0293263 -0.999367 132.297 
-0.997749 0.0634593 0.0216644 -2.25314 0.0640308 0.997588 0.0267951 -0.926735 -0.0199117 0.028122 -0.999406 131.425 
-0.997065 0.0723025 0.0251762 -2.18147 0.0731745 0.996682 0.0356324 -0.877957 -0.0225163 0.0373701 -0.999048 127.949 
-0.997331 0.0676345 0.0275152 -2.10269 0.0683507 0.997323 0.0259803 -0.833507 -0.0256843 0.0277917 -0.999284 125.398 
-0.997447 0.0658187 0.027697 -2.07602 0.0664134 0.997568 0.0211275 -0.823245 -0.0262391 0.022913 -0.999393 124.566 
-0.997725 0.0611153 0.0284722 -2.04621 0.0617508 0.997849 0.0219993 -0.817211 -0.0270665 0.0237074 -0.999352 123.739 
-0.997854 0.0586231 0.0291656 -2.01793 0.0593366 0.997944 0.0242299 -0.813895 -0.0276852 0.0259085 -0.999281 122.922 
-0.997964 0.0562514 0.0300475 -1.99017 0.0570311 0.99804 0.0257526 -0.810719 -0.02854 0.0274138 -0.999217 122.119 
-0.998017 0.053126 0.0337566 -1.90411 0.0540388 0.998181 0.0267289 -0.791575 -0.0322752 0.0285001 -0.999073 119.798 
-0.997912 0.0534914 0.0362024 -1.84828 0.0545214 0.998117 0.0280877 -0.777819 -0.0346318 0.0300028 -0.99895 118.308 
-0.998183 0.0436069 0.0415735 -1.71293 0.0449608 0.998469 0.0322075 -0.743422 -0.0401054 0.0340181 -0.998616 115.479 
-0.998099 0.0439662 0.0432011 -1.6521 0.044817 0.998816 0.0189262 -0.731557 -0.0423178 0.0208264 -0.998887 114.177 
-0.998202 0.0406119 0.0440832 -1.58513 0.041577 0.99891 0.0212003 -0.723247 -0.0431742 0.0229951 -0.998803 112.93 
-0.997491 0.0551986 0.0443231 -1.48969 0.0557056 0.998394 0.0102848 -0.726239 -0.0436842 0.012728 -0.998964 110.67 
-0.998168 0.0479665 0.0368743 -1.43828 0.048493 0.998732 0.0135205 -0.727887 -0.036179 0.0152839 -0.999228 109.627 
-0.998189 0.0538429 0.026836 -1.42343 0.0544245 0.998288 0.0214332 -0.727468 -0.025636 0.0228549 -0.99941 108.632 
-0.998459 0.0549475 0.00781483 -1.42385 0.055133 0.998142 0.0259232 -0.726369 -0.0063759 0.0263141 -0.999633 107.688 
-0.998662 0.0449176 -0.0256241 -1.44103 0.0441986 0.998631 0.0279668 -0.717166 0.0268453 0.0267969 -0.99928 106.798 
-0.98938 0.0523313 -0.135604 -1.6633 0.0474513 0.998113 0.0389753 -0.690078 0.137388 0.0321268 -0.989996 105.159 
-0.975486 0.0520704 -0.213813 -1.85989 0.043662 0.998083 0.0438651 -0.670216 0.215687 0.0334543 -0.975889 104.398 
-0.909409 0.0489985 -0.413007 -2.46106 0.0321628 0.998347 0.0476224 -0.63323 0.414658 0.0300248 -0.909482 103.033 
-0.881914 0.0484079 -0.468918 -2.65859 0.0289973 0.998401 0.0485317 -0.619712 0.470517 0.0292034 -0.881907 102.732 
-0.849513 0.0483564 -0.525347 -2.87529 0.0263216 0.998435 0.0493392 -0.606239 0.52691 0.0280863 -0.849457 102.447 
-0.772477 0.0504744 -0.633034 -3.35516 0.0230455 0.998408 0.0514853 -0.587635 0.634625 0.0251826 -0.77241 101.931 
-0.729713 0.0520833 -0.681768 -3.62771 0.0199994 0.998294 0.0548584 -0.576141 0.683462 0.0263959 -0.729509 101.692 
-0.636229 0.0536772 -0.76963 -4.20248 0.0111808 0.998113 0.0603697 -0.545532 0.771419 0.0298039 -0.635629 101.28 
-0.586975 0.0549143 -0.807741 -4.50964 0.0105161 0.99813 0.060216 -0.529267 0.809537 0.026851 -0.586454 101.108 
-0.489452 0.0554509 -0.870265 -5.14815 0.00642504 0.998178 0.0599877 -0.501977 0.872006 0.0237696 -0.488917 100.815 
-0.440066 0.0528204 -0.89641 -5.4741 -0.00115209 0.998234 0.0593859 -0.488571 0.897965 0.0271665 -0.439229 100.686 
-0.349245 0.0532654 -0.935516 -6.14787 -0.00142785 0.998352 0.0573761 -0.458752 0.937031 0.0213741 -0.348593 100.491 
-0.238086 0.0595935 -0.969414 -7.21568 0.00693077 0.998195 0.0596605 -0.402949 0.971219 0.00748555 -0.238069 100.294 
-0.152474 0.0468379 -0.987197 -8.33645 -0.0134573 0.998685 0.0494615 -0.374015 0.988216 0.0208266 -0.151643 100.118 
-0.128036 0.0451126 -0.990743 -8.72203 -0.00746932 0.998893 0.0464489 -0.357886 0.991741 0.0133473 -0.127557 100.093 
-0.0696726 0.0309354 -0.99709 -9.96021 -0.00462463 0.999498 0.0313333 -0.292192 0.997559 0.00679424 -0.0694946 100.026 
-0.0538458 0.0355706 -0.997916 -10.4074 -0.00761758 0.999322 0.0360318 -0.285792 0.99852 0.00954186 -0.0535383 100.007 
-0.0255412 0.0413075 -0.99882 -11.3406 -0.00680399 0.999116 0.0414937 -0.263484 0.999651 0.00785576 -0.0252376 99.9931 
0.0103834 0.0402778 -0.999135 -13.3756 0.00186848 0.999186 0.0402993 -0.194573 0.999944 -0.00228531 0.0102997 100.023 
0.0298527 0.0382863 -0.998821 -15.6888 0.00651399 0.999237 0.0384969 -0.115657 0.999533 -0.00765555 0.0295805 100.09 
0.0332581 0.0388489 -0.998691 -16.3151 0.00718194 0.999209 0.0391082 -0.0948181 0.999421 -0.0084732 0.0329528 100.111 
0.0339855 0.0394552 -0.998643 -18.9791 0.0190364 0.999014 0.0401177 -0.00350279 0.999241 -0.020374 0.0332009 100.218 
0.0263253 0.0399166 -0.998856 -20.4035 0.0224306 0.998927 0.0405107 0.0467267 0.999402 -0.0234714 0.0254017 100.254 
0.0188243 0.0430816 -0.998894 -21.8929 0.0243999 0.998754 0.0435354 0.100194 0.999525 -0.0251925 0.0177496 100.278 
0.0030914 0.0419784 -0.999114 -25.0164 0.0168078 0.998975 0.0420246 0.211769 0.999854 -0.0169228 0.00238267 100.274 
0.00173713 0.0343225 -0.999409 -26.6021 0.00860909 0.999373 0.0343363 0.262318 0.999961 -0.00866365 0.00144056 100.255 
0.0011506 0.0390318 -0.999237 -29.8181 0.00191926 0.999236 0.039034 0.33918 0.999997 -0.00196271 0.00107481 100.237 
0.00452846 0.0380071 -0.999267 -32.9879 -0.00865613 0.999242 0.0379669 0.417604 0.999952 0.00847785 0.00485402 100.214 
0.00850034 0.0396325 -0.999178 -33.7763 -0.0113884 0.999153 0.0395346 0.437407 0.999899 0.0110429 0.00894449 100.213 
0.0135844 0.0423597 -0.99901 -34.5673 -0.0136415 0.999017 0.0421746 0.457862 0.999815 0.0130551 0.0141489 100.217 
0.0200228 0.0446967 -0.9988 -35.3567 -0.0163614 0.998881 0.0443724 0.478549 0.999666 0.0154533 0.0207317 100.227 
0.0276393 0.0446921 -0.998618 -36.1279 -0.0174211 0.99887 0.0442212 0.498655 0.999466 0.0161748 0.0283867 100.244 
0.0365631 0.043942 -0.998365 -36.9069 -0.0182367 0.998896 0.0432975 0.520238 0.999165 0.0166238 0.0373241 100.271 
0.0676753 0.045643 -0.996663 -39.2154 -0.01964 0.99882 0.0444082 0.587187 0.997514 0.0165692 0.0684919 100.401 
0.0790821 0.0465106 -0.995782 -39.9728 -0.0189284 0.998801 0.0451484 0.609713 0.996688 0.0152782 0.0798676 100.463 
0.101261 0.0457168 -0.993809 -41.4655 -0.0201024 0.998834 0.0438996 0.650474 0.994657 0.0155327 0.102062 100.607 
0.131037 0.0431911 -0.990436 -43.6771 -0.0209932 0.998947 0.0407848 0.712126 0.991155 0.0154481 0.131806 100.889 
0.150518 0.042433 -0.987696 -45.0966 -0.0205415 0.998997 0.0397881 0.746526 0.988394 0.0142999 0.151238 101.085 
0.176358 0.0467222 -0.983217 -47.8488 -0.0118948 0.998901 0.0453339 0.819088 0.984254 0.00370017 0.17672 101.554 
0.180981 0.0487524 -0.982277 -49.1426 -0.00939247 0.998811 0.0478425 0.861306 0.983442 0.000567428 0.181224 101.783 
0.17299 0.0451021 -0.98389 -51.5608 -0.00592658 0.998981 0.0447518 0.929526 0.984906 -0.00191049 0.173081 102.209 
0.153821 0.044651 -0.987089 -52.6615 -0.00621039 0.999002 0.0442221 0.957832 0.988079 -0.000672075 0.153945 102.368 
0.122934 0.043051 -0.991481 -53.688 -0.00539455 0.999073 0.0427117 0.981576 0.9924 9.78611e-05 0.123052 102.478 
0.0153938 0.0369265 -0.999199 -55.6819 -0.00615056 0.999302 0.0368356 1.02599 0.999863 0.00557859 0.0156102 102.534 
-0.0228045 0.0394767 -0.99896 -56.1775 -0.00466843 0.999205 0.039593 1.03881 0.999729 0.00556647 -0.0226021 102.506 
-0.160036 0.0514084 -0.985772 -57.6134 -0.00449506 0.998595 0.0528069 1.07874 0.987101 0.0128821 -0.15958 102.272 
-0.212288 0.053234 -0.975756 -58.0707 -0.00435827 0.998454 0.0554205 1.09524 0.977197 0.0160177 -0.211728 102.143 
-0.268189 0.053691 -0.961869 -58.5176 -0.000845397 0.998432 0.0559676 1.11302 0.963366 0.0158231 -0.267723 101.994 
-0.327438 0.0530861 -0.94338 -58.9512 0.00593135 0.998516 0.05413 1.13064 0.944854 0.0121287 -0.327267 101.822 
-0.449646 0.0465489 -0.891993 -59.7437 0.0176375 0.998909 0.0432374 1.15833 0.893033 0.003709 -0.449977 101.38 
-0.568391 0.0397827 -0.821796 -60.4407 0.0195489 0.999201 0.0348498 1.18677 0.822526 0.00374309 -0.568714 100.824 
-0.675463 0.0412183 -0.736241 -61.0713 0.0274905 0.99915 0.0307161 1.20736 0.736882 0.000507947 -0.676022 100.181 
-0.723882 0.0451988 -0.688442 -61.3555 0.0301492 0.998971 0.0338849 1.21585 0.689265 0.00377271 -0.7245 99.8273 
-0.808741 0.0536978 -0.585709 -61.8502 0.0358328 0.998472 0.0420624 1.23645 0.587073 0.01303 -0.809429 99.0605 
-0.843262 0.0577905 -0.534387 -62.0635 0.0389201 0.998158 0.0465284 1.2476 0.536092 0.0184372 -0.843958 98.653 
-0.872359 0.0578069 -0.485436 -62.2541 0.0386884 0.998033 0.0493227 1.25591 0.487333 0.0242463 -0.87288 98.2302 
-0.9141 0.0508489 -0.402289 -62.5815 0.0332232 0.998162 0.0506752 1.27856 0.404126 0.0329568 -0.914109 97.3419 
-0.928577 0.0467071 -0.368188 -62.7206 0.0313447 0.998375 0.0475987 1.29502 0.369813 0.0326583 -0.928532 96.8955 
-0.947173 0.0503673 -0.316743 -63.0115 0.0382007 0.998278 0.0445089 1.32964 0.318439 0.0300579 -0.947467 95.9594 
-0.955953 0.0492689 -0.289357 -63.2842 0.0384001 0.998332 0.0431232 1.3579 0.290999 0.0301124 -0.956249 94.9846 
-0.961913 0.0303402 -0.271666 -63.6723 0.0209319 0.999079 0.0374636 1.41256 0.272553 0.0303502 -0.961662 93.4381 
-0.962092 0.0289866 -0.271179 -63.8109 0.0202441 0.999183 0.0349815 1.42397 0.271971 0.0281657 -0.961893 92.913 
-0.95764 0.0259949 -0.286791 -64.4621 0.0206789 0.999554 0.02155 1.48232 0.287223 0.0147067 -0.957751 90.6788 
-0.952391 0.0341853 -0.302957 -65.2317 0.0226586 0.998882 0.0414821 1.53911 0.304037 0.0326425 -0.952101 88.2272 
-0.950991 0.0420239 -0.306351 -65.8599 0.0337539 0.99891 0.0322455 1.59823 0.307372 0.0203246 -0.951372 86.3059 
-0.951222 0.0392529 -0.306 -66.0637 0.0329979 0.999128 0.0255895 1.6162 0.306737 0.014244 -0.951688 85.6585 
-0.952064 0.0361556 -0.303754 -66.2703 0.0310209 0.999283 0.0217142 1.63531 0.304321 0.0112506 -0.952503 84.9876 
-0.952841 0.0381185 -0.301068 -66.4836 0.0317979 0.99916 0.0258682 1.65359 0.301801 0.015075 -0.953252 84.2951 
-0.95409 0.0428905 -0.296433 -66.9244 0.0327459 0.998698 0.0391055 1.68275 0.297725 0.0276032 -0.954253 82.8711 
-0.957677 0.0334598 -0.285893 -67.7897 0.0275121 0.999314 0.0247964 1.76273 0.286526 0.0158815 -0.957941 79.9088 
-0.959578 0.0398522 -0.278606 -68.2374 0.0333635 0.999051 0.027995 1.7938 0.279457 0.0175681 -0.959997 78.3695 
-0.960319 0.0446569 -0.275304 -68.686 0.0370082 0.998773 0.0329175 1.82858 0.276436 0.0214228 -0.960793 76.7934 
-0.960612 0.0380115 -0.275283 -69.5832 0.0307819 0.99906 0.0305368 1.90602 0.276185 0.0208603 -0.960878 73.5625 
-0.959998 0.0234755 -0.279021 -70.0197 0.0157956 0.999433 0.0297413 1.94159 0.279561 0.0241443 -0.959824 71.9141 
-0.95738 0.0282646 -0.287446 -70.9896 0.0204593 0.999337 0.0301223 2.00753 0.288107 0.0229575 -0.957323 68.5961 
-0.956642 0.0354439 -0.289101 -71.4912 0.0283057 0.999183 0.0288363 2.03268 0.289887 0.0194028 -0.956864 66.95 
-0.955468 0.0288197 -0.293685 -72.4575 0.0192382 0.999186 0.0354625 2.10038 0.294468 0.0282333 -0.955244 63.6568 
-0.955165 0.0334683 -0.294177 -72.9612 0.0312422 0.999437 0.0122647 2.12519 0.294422 0.00252405 -0.955672 62.0536 
-0.956439 0.0444561 -0.288527 -73.9551 0.0308781 0.998198 0.0514439 2.18963 0.290294 0.0402938 -0.956089 58.7478 
-0.957261 0.0344854 -0.287161 -74.4196 0.0277686 0.999238 0.0274317 2.24227 0.287888 0.0182853 -0.957489 57.1543 
-0.958514 0.038923 -0.282375 -74.8941 0.0322601 0.999081 0.0282088 2.25973 0.283213 0.0179291 -0.958889 55.5556 
-0.962648 0.0270966 -0.269396 -75.7554 0.0213408 0.999478 0.0242721 2.30627 0.269913 0.0176164 -0.962724 52.3762 
-0.963545 0.0284303 -0.266031 -76.1831 0.0209554 0.999303 0.0308948 2.32628 0.266724 0.0241938 -0.963469 50.7853 
-0.964513 0.0313231 -0.262171 -76.6048 0.0249058 0.999304 0.0277659 2.34764 0.262858 0.020251 -0.964622 49.2196 
-0.967119 0.0382809 -0.251428 -77.0166 0.0337403 0.999181 0.0223471 2.37176 0.252077 0.0131291 -0.967618 47.669 
-0.972337 0.0405577 -0.230036 -77.7602 0.0305644 0.998435 0.0468418 2.43673 0.231576 0.0385151 -0.972054 44.5195 
-0.975053 0.0361523 -0.219008 -78.0952 0.0299922 0.999057 0.0313882 2.47582 0.219936 0.0240366 -0.975218 42.9899 
-0.977651 0.039733 -0.206445 -78.423 0.0350765 0.999042 0.0261688 2.51286 0.207287 0.0183426 -0.978108 41.4321 
-0.981219 0.02796 -0.190862 -78.7042 0.0231682 0.999359 0.0272921 2.53151 0.191503 0.0223576 -0.981237 39.8236 
-0.987316 0.0244281 -0.156876 -79.2257 0.0204186 0.999424 0.0271199 2.56982 0.157448 0.0235728 -0.987246 36.5658 
-0.988666 0.0212063 -0.148627 -79.3366 0.0165565 0.999336 0.0324525 2.58188 0.149216 0.0296239 -0.988361 35.737 
-0.991157 0.0228898 -0.130702 -79.6547 0.0184419 0.999212 0.0351403 2.63053 0.131403 0.0324192 -0.990799 33.2877 
-0.992691 0.0104819 -0.120229 -79.9193 0.00811402 0.999764 0.0201672 2.66854 0.120412 0.0190442 -0.992541 30.8553 
-0.993422 0.00766492 -0.114252 -80.0913 0.00352811 0.999332 0.0363661 2.69696 0.114454 0.0357238 -0.992786 29.201 
-0.994339 0.0100386 -0.105777 -80.2588 0.0058239 0.99918 0.0400789 2.72852 0.106092 0.039236 -0.993582 27.5622 
-0.995324 0.0230156 -0.093807 -80.424 0.020769 0.999475 0.0248556 2.76849 0.0943299 0.0227911 -0.99528 25.9691 
-0.997201 0.0365124 -0.0652499 -80.6638 0.0340537 0.998682 0.0384033 2.83398 0.0665661 0.0360738 -0.99713 22.7007 
-0.997641 0.0435866 -0.05304 -80.7535 0.0419885 0.998641 0.0308811 2.86151 0.0543139 0.0285812 -0.998115 21.05 
-0.998438 0.0488807 -0.0270422 -80.8679 0.0478994 0.99821 0.0358197 2.91613 0.0287446 0.0344685 -0.998992 17.7147 
-0.998777 0.044298 -0.021946 -80.8711 0.0433183 0.998124 0.0432682 2.92782 0.0238215 0.0422646 -0.998822 16.8698 
-0.998955 0.0423536 -0.0171576 -80.8835 0.0418394 0.998695 0.0292927 2.96482 0.0183758 0.0285442 -0.999424 15.2094 
-0.999201 0.0387978 -0.00963175 -80.8946 0.0384952 0.998813 0.0298283 3.00909 0.0107776 0.0294337 -0.999509 11.8495 
-0.999263 0.0375567 -0.00794066 -80.8895 0.0372609 0.998707 0.0345917 3.03428 0.00922954 0.0342704 -0.99937 10.1727 
-0.998309 0.0581151 -0.00154875 -80.9186 0.0580876 0.998212 0.0141093 3.06753 0.00236594 0.0139954 -0.999899 6.80159 
-0.998616 0.0525543 0.00218713 -80.8918 0.0525857 0.998447 0.018377 3.09135 -0.00121795 0.0184665 -0.999829 3.41371 
-0.999054 0.0433755 0.00316906 -80.8659 0.0434328 0.998834 0.0210618 3.10193 -0.0022518 0.0211795 -0.999773 1.72007 
-0.999202 0.0397273 0.00409923 -80.8553 0.0398154 0.998912 0.0242893 3.10612 -0.00312983 0.0244331 -0.999697 0.874422 
-0.99933 0.0363446 0.00431497 -80.845 0.0364486 0.998966 0.0271676 3.1147 -0.00332311 0.0273067 -0.999622 0.0299416 
-0.999362 0.035332 0.00529403 -80.8305 0.0354454 0.999104 0.0231239 3.12496 -0.00447228 0.0232968 -0.999719 -1.62089 
-0.999438 0.0329736 0.00602296 -80.8195 0.0330758 0.999295 0.0177441 3.13176 -0.00543362 0.0179334 -0.999824 -2.42332 
-0.999336 0.0344085 0.0119995 -80.7891 0.0348259 0.998726 0.0365068 3.15659 -0.0107281 0.0369004 -0.999261 -4.80938 
-0.999088 0.0407672 0.012706 -80.7865 0.041227 0.998415 0.0383191 3.165 -0.0111237 0.038808 -0.999185 -5.58003 
-0.99911 0.0403241 0.0124079 -80.7639 0.0406415 0.998823 0.0264923 3.18986 -0.011325 0.026973 -0.999572 -7.05525 
-0.999108 0.0406466 0.0114212 -80.7537 0.0408771 0.998949 0.0207345 3.19238 -0.0105664 0.0211829 -0.99972 -7.7515 
-0.998998 0.0433786 0.011002 -80.7501 0.0435658 0.998899 0.0173852 3.19071 -0.0102357 0.0178471 -0.999788 -8.43645 
-0.998816 0.0485221 0.00356483 -80.7484 0.0485611 0.99875 0.0118133 3.19684 -0.00298717 0.0119724 -0.999924 -9.77503 
-0.999182 0.0357582 -0.018879 -80.7548 0.0351764 0.998922 0.0302995 3.20618 0.0199421 0.0296106 -0.999363 -12.413 
-0.998782 0.0358552 -0.0338985 -80.7953 0.0353889 0.999272 0.014256 3.21556 0.034385 0.013039 -0.999324 -13.6595 
-0.99716 0.0454432 -0.0600498 -80.9357 0.0441234 0.998758 0.0231266 3.22362 0.0610262 0.0204113 -0.997927 -16.1832 
-0.996358 0.0500063 -0.0690634 -81.0272 0.0482986 0.99849 0.0261797 3.23108 0.0702682 0.0227486 -0.997269 -17.4186 
-0.996609 0.0451591 -0.0687788 -81.1849 0.0428848 0.998495 0.0341922 3.27413 0.0702194 0.0311267 -0.997046 -19.921 
-0.997149 0.0313117 -0.0686578 -81.2396 0.0299675 0.99934 0.0205208 3.29147 0.069255 0.0184048 -0.997429 -21.1767 
-0.997236 0.0383588 -0.0636269 -81.3223 0.0379672 0.999252 0.0073516 3.30399 0.0638613 0.00491554 -0.997947 -22.442 
-0.99803 0.043382 -0.0453277 -81.4394 0.041184 0.997981 0.0483477 3.33753 0.0473336 0.0463856 -0.997802 -25.0669 
-0.998362 0.0403082 -0.0405944 -81.4785 0.0386845 0.99845 0.0400186 3.37119 0.0421446 0.0383826 -0.998374 -26.3795 
-0.997384 0.0647944 -0.032034 -81.5933 0.0636649 0.997354 0.0351056 3.44137 0.0342239 0.0329743 -0.99887 -29.0798 
-0.997079 0.0705096 -0.029346 -81.6373 0.0694742 0.996972 0.0349225 3.46323 0.0317195 0.0327817 -0.998959 -30.4457 
-0.995825 0.0876323 -0.0255651 -81.7262 0.0866804 0.995577 0.0362282 3.51973 0.0286268 0.0338609 -0.999016 -33.2128 
-0.995658 0.0898999 -0.0241303 -81.7664 0.0889835 0.995357 0.0366916 3.5438 0.0273168 0.0343851 -0.999035 -34.6152 
-0.995704 0.0888386 -0.0260837 -81.8316 0.0884405 0.995952 0.0160416 3.58162 0.0274032 0.0136658 -0.999531 -37.2854 
-0.995305 0.0937319 -0.0241245 -81.8735 0.0929892 0.995207 0.0302582 3.58792 0.0268451 0.0278728 -0.999251 -38.5759 
-0.994702 0.101744 -0.0147299 -81.9293 0.101089 0.994076 0.0399291 3.6248 0.0187052 0.0382285 -0.999094 -40.9431 
-0.99401 0.109223 0.00365719 -81.9352 0.109285 0.993478 0.0325238 3.63919 -8.09848e-05 0.0327286 -0.999464 -42.0081 
-0.99016 0.112464 0.0832757 -81.8047 0.114729 0.993132 0.02292 3.65909 -0.0801261 0.0322486 -0.996263 -44.0088 
-0.982912 0.114855 0.143848 -81.6548 0.118895 0.99271 0.0197831 3.65486 -0.140527 0.0365478 -0.989402 -44.9647 
-0.969728 0.107766 0.219119 -81.4195 0.111712 0.993725 0.00566014 3.6384 -0.217134 0.029967 -0.975682 -45.8592 
-0.91223 0.0748369 0.402786 -80.6873 0.0744765 0.997085 -0.0165823 3.58957 -0.402853 0.0148712 -0.915144 -47.4739 
-0.889605 0.0624172 0.452445 -80.4493 0.0604458 0.997994 -0.0188289 3.56872 -0.452713 0.0105982 -0.891593 -47.8322 
-0.832877 0.046267 0.551521 -79.9334 0.0417776 0.998912 -0.0207084 3.53928 -0.551879 0.00579362 -0.833904 -48.5183 
-0.763328 0.027269 0.645436 -79.3328 0.0299418 0.999528 -0.0068182 3.51237 -0.645317 0.014121 -0.763784 -49.1324 
-0.725556 0.0154226 0.68799 -79.0025 0.0231883 0.999729 0.00204352 3.50153 -0.687772 0.017436 -0.725717 -49.4091 
-0.686056 0.00659615 0.727519 -78.6616 0.0172509 0.999825 0.00720265 3.49279 -0.727344 0.0174918 -0.68605 -49.6599 
-0.600591 1.77227e-05 0.799556 -77.9587 0.0138296 0.999851 0.010366 3.47504 -0.799437 0.0172833 -0.600502 -50.1002 
-0.553859 0.00300386 0.832605 -77.6126 0.0182502 0.999797 0.00853321 3.46858 -0.83241 0.0199214 -0.553802 -50.2892 
-0.45301 0.017385 0.891336 -76.8728 0.0300941 0.999538 -0.00420044 3.46435 -0.890997 0.0249211 -0.453324 -50.619 
-0.302087 0.0229644 0.953004 -75.5618 0.024644 0.999564 -0.0162746 3.44057 -0.952962 0.0185695 -0.302521 -50.976 
-0.213958 0.0213599 0.976609 -74.6727 0.0232061 0.99959 -0.0167785 3.39824 -0.976567 0.0190734 -0.214366 -51.1464 
-0.0852647 0.0266541 0.996002 -72.7816 0.016 0.99955 -0.0253794 3.3285 -0.99623 0.013772 -0.0856528 -51.2904 
-0.0195533 0.0301147 0.999355 -70.5149 0.00368335 0.999542 -0.0300482 3.22973 -0.999802 0.00309343 -0.0196552 -51.2972 
-0.00613761 0.0294151 0.999548 -67.2365 0.00375127 0.999561 -0.0293924 3.09261 -0.999974 0.00356918 -0.00624526 -51.2938 
-0.00916126 0.0337825 0.999387 -64.2852 0.0100475 0.999382 -0.0336902 2.96973 -0.999908 0.00973274 -0.00949502 -51.3029 
-0.0111474 0.0332091 0.999386 -62.6611 0.00960509 0.999406 -0.0331026 2.89373 -0.999892 0.00923018 -0.0114597 -51.3026 
-0.0137376 0.0334601 0.999346 -61.1945 0.0149218 0.999336 -0.0332547 2.86949 -0.999794 0.0144552 -0.0142278 -51.3265 
-0.0183069 0.0279252 0.999442 -57.7987 0.0228317 0.999361 -0.0275047 2.77182 -0.999572 0.0223155 -0.0189328 -51.3913 
-0.0199227 0.0238344 0.999517 -56.4901 0.0255192 0.999402 -0.023323 2.74878 -0.999476 0.0250423 -0.020519 -51.4174 
-0.0152693 0.027798 0.999497 -53.1524 0.0335793 0.999064 -0.027273 2.61909 -0.999319 0.033146 -0.0161884 -51.3991 
-0.0150632 0.0232983 0.999615 -52.0674 0.0343433 0.999151 -0.0227699 2.56645 -0.999297 0.0339871 -0.0158505 -51.396 
-0.0137351 0.0193763 0.999718 -51.1132 0.0369018 0.999141 -0.0188581 2.52775 -0.999224 0.0366324 -0.0144384 -51.3882 
-0.0114721 0.0207043 0.99972 -50.2689 0.0407263 0.998966 -0.0202214 2.50549 -0.999104 0.0404829 -0.0123034 -51.3758 
-0.00455901 0.0278394 0.999602 -47.7223 0.0392538 0.998847 -0.0276393 2.41701 -0.999219 0.0391122 -0.00564656 -51.3557 
-0.000150249 0.0359624 0.999353 -44.5033 0.0280968 0.998959 -0.035944 2.28649 -0.999605 0.0280733 -0.00116052 -51.3266 
0.00157282 0.0373707 0.9993 -44.0728 0.0241841 0.999008 -0.0373978 2.26525 -0.999706 0.024226 0.000667487 -51.3531 
-0.00143425 0.0368781 0.999319 -41.9603 0.0239482 0.999034 -0.0368333 2.15474 -0.999712 0.0238791 -0.00231603 -51.3815 
-0.00281217 0.0359943 0.999348 -41.3928 0.0267576 0.998997 -0.0359063 2.13093 -0.999638 0.0266392 -0.00377247 -51.3865 
-0.00376873 0.0341761 0.999409 -40.8046 0.032738 0.998884 -0.0340347 2.10622 -0.999457 0.0325904 -0.00488339 -51.3984 
-0.00858732 0.0366129 0.999293 -38.6359 0.0383411 0.998607 -0.0362583 2.00378 -0.999228 0.0380026 -0.00997914 -51.4262 
-0.0135624 0.0360365 0.999258 -37.9131 0.0451778 0.998352 -0.0353907 1.99605 -0.998887 0.0446643 -0.0151681 -51.3941 
-0.0120987 0.0285336 0.99952 -36.389 0.0445446 0.998616 -0.0279686 1.92097 -0.998934 0.0441848 -0.013353 -51.4241 
-0.00118595 0.034316 0.99941 -33.3434 0.0383474 0.998677 -0.0342453 1.78102 -0.999264 0.0382842 -0.00250031 -51.4352 
0.00897384 0.036913 0.999278 -31.8724 0.0346312 0.998707 -0.0372029 1.70488 -0.99936 0.03494 0.0076839 -51.4281 
0.0270197 0.0308677 0.999158 -28.8597 0.0212957 0.999279 -0.0314473 1.55133 -0.999408 0.0221275 0.0263429 -51.3447 
0.0325461 0.032696 0.998935 -27.4099 0.011717 0.999384 -0.0330924 1.47824 -0.999402 0.0127816 0.0321429 -51.2879 
0.035317 0.033344 0.99882 -25.9985 0.00181153 0.999439 -0.0334287 1.40682 -0.999375 0.00298999 0.0352368 -51.2245 
0.0365913 0.0331205 0.998781 -24.629 -0.00435704 0.999446 -0.032983 1.33291 -0.999321 -0.00314484 0.0367154 -51.1653 
0.0362326 0.0327789 0.998806 -23.3067 -0.00965756 0.999427 -0.032449 1.27285 -0.999297 -0.00847031 0.0365284 -51.1 
0.03321 0.0305699 0.998981 -22.0349 -0.011318 0.99948 -0.0302089 1.21465 -0.999384 -0.0103032 0.0335387 -51.0484 
0.028187 0.0310778 0.999119 -20.8192 -0.013804 0.999433 -0.0306981 1.15955 -0.999507 -0.0129266 0.0286001 -51.0042 
0.0234345 0.0330315 0.99918 -19.6607 -0.0110346 0.999402 -0.0327801 1.10808 -0.999664 -0.0102574 0.023785 -50.9766 
0.0183168 0.03278 0.999295 -18.5604 -0.00872705 0.99943 -0.0326244 1.05821 -0.999794 -0.00812332 0.0185924 -50.9581 
-0.00216919 0.0306214 0.999529 -16.0467 -0.0066494 0.999509 -0.0306352 0.93499 -0.999976 -0.00671272 -0.00196451 -50.9425 
-0.0147967 0.0270103 0.999526 -14.7469 -0.00413538 0.999625 -0.0270742 0.878106 -0.999882 -0.00453403 -0.0146794 -50.9654 
-0.0299855 0.0245961 0.999248 -13.5947 -0.00147117 0.999695 -0.0246513 0.828558 -0.999549 -0.00220925 -0.0299401 -51.0045 
-0.0657332 0.0277473 0.997451 -11.4929 0.00674036 0.999603 -0.0273629 0.735621 -0.997814 0.00492452 -0.0658941 -51.1436 
-0.0802308 0.0369528 0.996091 -10.6998 0.0134398 0.999262 -0.0359879 0.686297 -0.996686 0.0104999 -0.0806682 -51.1811 
-0.0930331 0.0580979 0.993967 -9.86383 0.0161831 0.998252 -0.0568337 0.636258 -0.995531 0.0107981 -0.0938107 -51.2233 
-0.127443 0.0622613 0.98989 -9.22657 0.0179471 0.998009 -0.0604614 0.59934 -0.991683 0.0100603 -0.128307 -51.3172 
-0.176925 0.0575617 0.98254 -8.58466 0.0205254 0.998287 -0.0547883 0.558236 -0.98401 0.0104736 -0.177803 -51.4547 
-0.249007 0.0537464 0.967009 -7.861 0.026318 0.998466 -0.0487178 0.510412 -0.968144 0.0133187 -0.250039 -51.6735 
-0.310842 0.0545987 0.948892 -7.35055 0.0363172 0.998302 -0.0455448 0.481334 -0.949768 0.0203039 -0.312297 -51.8849 
-0.470343 0.0405087 0.881553 -6.24216 0.0447398 0.998756 -0.0220239 0.414112 -0.881349 0.0290817 -0.471571 -52.4486 
-0.606676 0.0356952 0.794147 -5.43084 0.0491616 0.998764 -0.0073361 0.369858 -0.793427 0.0345909 -0.607681 -53.0695 
-0.652376 0.038134 0.756936 -5.17643 0.0532548 0.998571 -0.00440897 0.345871 -0.756022 0.0374342 -0.653474 -53.2902 
-0.69735 0.0409292 0.715561 -4.9286 0.0544984 0.998506 -0.00400187 0.328073 -0.714656 0.0362062 -0.698538 -53.5313 
-0.783557 0.0455767 0.619646 -4.46551 0.0532572 0.998562 -0.00610216 0.31811 -0.619033 0.0282192 -0.784857 -54.1368 
-0.823458 0.0446845 0.565614 -4.24546 0.0518022 0.998651 -0.00347819 0.306964 -0.565007 0.0264359 -0.824663 -54.458 
-0.859046 0.0443173 0.509977 -4.04478 0.0530679 0.998587 0.00261395 0.295711 -0.509141 0.0293089 -0.860184 -54.8111 
-0.914731 0.0513837 0.400783 -3.70613 0.0614356 0.998036 0.0122618 0.295253 -0.399366 0.0358386 -0.916091 -55.7369 
-0.936315 0.0542857 0.34694 -3.55374 0.0635854 0.997857 0.0154685 0.29599 -0.345357 0.0365437 -0.93776 -56.2426 
-0.953708 0.0571589 0.295253 -3.41789 0.0649562 0.997749 0.0166602 0.302568 -0.293636 0.0350674 -0.955274 -56.7744 
-0.978012 0.0580442 0.200309 -3.21178 0.0626446 0.997896 0.0166999 0.327107 -0.198918 0.028881 -0.97959 -57.8526 
-0.985633 0.0580873 0.158599 -3.12755 0.0619434 0.99789 0.0194753 0.333133 -0.157133 0.0290197 -0.987151 -58.4247 
-0.990874 0.058098 0.121624 -3.08284 0.0613136 0.997857 0.0228619 0.33478 -0.120035 0.0301104 -0.992313 -58.7407 
-0.99749 0.065739 0.0263007 -3.00594 0.0665439 0.997302 0.0309993 0.387683 -0.0241919 0.0326717 -0.999173 -61.1138 
-0.997816 0.0658571 0.00509422 -3.02384 0.0659853 0.997324 0.0314686 0.425394 -0.00300815 0.031736 -0.999492 -62.4216 
-0.997644 0.0668552 -0.0154175 -3.08818 0.066376 0.997351 0.0297401 0.503749 0.017365 0.0286467 -0.999439 -65.2667 
-0.997826 0.0629655 -0.0194394 -3.09263 0.0623016 0.99751 0.0330517 0.547457 0.0214721 0.0317688 -0.999265 -66.6188 
-0.997644 0.0667396 -0.0158592 -3.15589 0.066224 0.997321 0.0310761 0.635221 0.0178907 0.0299527 -0.999391 -69.8671 
-0.997892 0.0633524 -0.0140741 -3.17142 0.0630436 0.997781 0.0213962 0.672739 0.0153984 0.0204638 -0.999672 -71.5763 
-0.997965 0.0623722 -0.0132359 -3.18787 0.0619736 0.997667 0.0286416 0.708656 0.0149915 0.0277631 -0.999502 -73.3811 
-0.997275 0.0729449 -0.0110195 -3.24364 0.0725322 0.996783 0.0340922 0.812108 0.0134709 0.0332 -0.999358 -77.0661 
-0.997074 0.0759405 -0.00873909 -3.265 0.075729 0.996877 0.0224113 0.858314 0.0104137 0.0216839 -0.999711 -78.8974 
-0.99735 0.0725007 -0.00613363 -3.28204 0.0722867 0.996935 0.0299059 0.902888 0.00828303 0.0293833 -0.999534 -81.6525 
-0.997281 0.0734824 -0.00563133 -3.29023 0.0731933 0.996483 0.0407959 0.94839 0.00860931 0.0402728 -0.999152 -83.5266 
-0.997124 0.0755934 -0.0054973 -3.2969 0.0753235 0.996397 0.0389697 0.976753 0.00842335 0.0384435 -0.999225 -84.4883 
-0.996951 0.0778564 -0.00526879 -3.30392 0.0776252 0.996365 0.0350844 1.00652 0.00798119 0.0345685 -0.99937 -85.4634 
-0.996718 0.0808473 -0.00411483 -3.31767 0.0806888 0.996289 0.0299587 1.0568 0.00652164 0.0295284 -0.999543 -87.4436 
-0.996735 0.0806694 -0.00349322 -3.32289 0.0805275 0.996292 0.0302806 1.0765 0.00592299 0.0299004 -0.999535 -88.4517 
-0.996636 0.0819505 0.000291775 -3.32894 0.0819065 0.995971 0.0365062 1.12047 0.0027011 0.0364073 -0.999333 -90.4841 
-0.996536 0.0831376 0.00181092 -3.33 0.0831505 0.995938 0.0345548 1.14121 0.00106924 0.0345857 -0.999401 -91.5047 
-0.996447 0.0841105 0.00428138 -3.32567 0.0841902 0.996152 0.024351 1.18398 -0.00221673 0.0246249 -0.999694 -93.5411 
-0.9965 0.0834134 0.00549943 -3.32063 0.0835194 0.996236 0.023196 1.19721 -0.00354387 0.0235742 -0.999716 -94.5733 
-0.996676 0.0811634 0.00705438 -3.31296 0.081315 0.996379 0.0248322 1.20909 -0.00501337 0.0253233 -0.999667 -95.6118 
-0.996799 0.0795037 0.00847382 -3.30394 0.0797154 0.996408 0.0285657 1.22208 -0.0061723 0.0291498 -0.999556 -96.6527 
-0.997072 0.0755657 0.0117537 -3.27859 0.075954 0.99642 0.0371338 1.25792 -0.00890554 0.0379178 -0.999241 -98.6944 
-0.997255 0.0729819 0.0125086 -3.2641 0.0734074 0.996584 0.0378342 1.27728 -0.00970461 0.0386486 -0.999206 -99.7088 
-0.997277 0.0727715 0.0119797 -3.22307 0.0731167 0.996827 0.0314702 1.34052 -0.00965154 0.0322604 -0.999433 -102.731 
-0.997205 0.0737684 0.0118111 -3.21336 0.074072 0.996867 0.0277436 1.35703 -0.00972746 0.0285409 -0.999545 -103.738 
-0.997315 0.0723434 0.0113722 -3.19076 0.0726388 0.996961 0.0281559 1.38429 -0.00930077 0.0289064 -0.999539 -105.733 
-0.997509 0.0696795 0.0109433 -3.17803 0.0699911 0.997057 0.0312833 1.39684 -0.00873126 0.0319713 -0.999451 -106.727 
-0.997658 0.0676081 0.0103645 -3.16648 0.067915 0.99715 0.0328513 1.41134 -0.00811394 0.0334782 -0.999407 -107.719 
-0.997827 0.0650658 0.0103719 -3.13301 0.0654187 0.997119 0.0384011 1.45656 -0.0078434 0.0389962 -0.999209 -109.725 
-0.997886 0.0641469 0.0104041 -3.11216 0.0645455 0.996942 0.0440514 1.48513 -0.00754656 0.0446298 -0.998975 -110.746 
-0.998038 0.0616783 0.0107726 -3.10526 0.0621041 0.99705 0.0451127 1.51681 -0.00795834 0.0456932 -0.998924 -112.009 
-0.998207 0.0593063 0.00811482 -3.08402 0.0595857 0.997415 0.0401636 1.52989 -0.00571189 0.0405751 -0.99916 -112.792 
-0.998647 0.0517891 0.00467051 -3.0405 0.0519139 0.998122 0.0325292 1.58458 -0.00297708 0.0327277 -0.99946 -115.52 
-0.998841 0.0478652 0.0051461 -3.01944 0.0480127 0.99827 0.0339418 1.63172 -0.00351257 0.0341495 -0.999411 -118.284 
-0.998834 0.0479216 0.00586612 -3.01774 0.0480975 0.998235 0.0348309 1.64036 -0.00418661 0.0350724 -0.999376 -119.095 
-0.998807 0.0485054 0.00569723 -3.00853 0.0486765 0.998194 0.035208 1.65481 -0.00397916 0.0354433 -0.999364 -120.009 
-0.998837 0.0479724 0.00491334 -2.99757 0.048114 0.998244 0.0345524 1.66912 -0.00324715 0.0347486 -0.999391 -120.916 
-0.998798 0.04888 0.0036067 -2.99073 0.0489761 0.998194 0.0347796 1.68555 -0.00190016 0.0349144 -0.999388 -121.835 
-0.998801 0.0488966 0.00227217 -2.98578 0.0489457 0.998214 0.0342551 1.70663 -0.000593157 0.0343252 -0.999411 -122.702 
-0.998753 0.0499326 -0.000385065 -2.96756 0.0498919 0.998197 0.0333837 1.79757 0.00205131 0.0333229 -0.999443 -126.583 
-0.998833 0.0482746 -0.00140425 -2.95816 0.0482157 0.998437 0.0282785 1.81775 0.00276719 0.0281778 -0.999599 -127.489 
-0.998679 0.051349 -0.00185764 -2.95588 0.0512792 0.99831 0.0273357 1.8587 0.00325816 0.0272044 -0.999625 -129.729 
-0.998726 0.050458 -0.000219268 -2.95141 0.0504248 0.99821 0.0321575 1.88484 0.00184148 0.0321054 -0.999483 -130.891 
-0.998791 0.0491533 0.00110966 -2.94469 0.0491621 0.998185 0.0347894 1.91455 0.000602367 0.0348019 -0.999394 -132.049 
-0.998775 0.0494239 0.00230227 -2.93863 0.049475 0.998107 0.0365363 1.94875 -0.000492148 0.0366054 -0.99933 -133.24 
-0.998595 0.0528436 0.00390428 -2.92268 0.0529509 0.997932 0.0364335 2.02894 -0.00197093 0.0365891 -0.999328 -136.433 
-0.998444 0.0555895 0.00436186 -2.92678 0.0557057 0.997871 0.033908 2.0634 -0.00246765 0.0340982 -0.999415 -137.676 
-0.998219 0.0594256 0.00519944 -2.93077 0.0595647 0.997685 0.0328117 2.09769 -0.00323755 0.0330629 -0.999448 -138.903 
-0.998179 0.0600885 0.00535033 -2.92447 0.0602363 0.997604 0.0340398 2.10802 -0.0032921 0.0343001 -0.999406 -139.784 
-0.997665 0.0679584 0.00678425 -2.91002 0.0681835 0.996797 0.0417944 2.1638 -0.00392224 0.0421594 -0.999103 -142.649 
-0.997547 0.069658 0.00688983 -2.90559 0.0698736 0.996804 0.0387329 2.17691 -0.00416975 0.0391194 -0.999226 -143.49 
-0.997263 0.0736049 0.00699568 -2.89402 0.0737975 0.996722 0.0331478 2.21178 -0.00453291 0.0335734 -0.999426 -145.306 
-0.996746 0.079854 0.010969 -2.86196 0.0802464 0.995896 0.0418553 2.27862 -0.00758165 0.0425993 -0.999063 -148.998 
-0.996474 0.0828977 0.0129772 -2.84349 0.0833736 0.995638 0.0418815 2.3133 -0.00944871 0.0428158 -0.999038 -150.724 
-0.996526 0.0816694 0.0163174 -2.7838 0.0822405 0.995884 0.0380902 2.38619 -0.0131394 0.0392998 -0.999141 -154.191 
-0.996763 0.078524 0.0172208 -2.74805 0.0791631 0.996049 0.040253 2.41285 -0.0139919 0.041486 -0.999041 -155.808 
-0.997024 0.0751227 0.0172867 -2.71167 0.0757226 0.996437 0.0371516 2.43845 -0.0144342 0.03835 -0.99916 -157.373 
-0.997043 0.075291 0.015406 -2.68886 0.0758113 0.996452 0.0365564 2.46743 -0.0125989 0.0376162 -0.999213 -158.957 
-0.997093 0.0749141 0.0138814 -2.67501 0.0753824 0.996467 0.0370162 2.48231 -0.0110593 0.037955 -0.999218 -159.804 
-0.996821 0.0789358 0.0108434 -2.66295 0.0793004 0.996095 0.0387982 2.51421 -0.00773849 0.0395347 -0.999188 -161.399 
-0.996562 0.08249 0.00766615 -2.65541 0.0827402 0.995689 0.041915 2.54655 -0.00417553 0.0424053 -0.999092 -162.914 
-0.996701 0.0810367 0.00452223 -2.63818 0.0811589 0.995648 0.04581 2.57987 -0.00079026 0.0460259 -0.99894 -164.335 
-0.99673 0.0807854 0.0017263 -2.63709 0.0807848 0.995803 0.0430046 2.61149 0.00175509 0.0430034 -0.999073 -165.63 
-0.996749 0.0805402 -0.00193759 -2.63401 0.0803836 0.995843 0.0428466 2.67621 0.00538041 0.0425516 -0.99908 -168.453 
-0.996937 0.077658 0.00930028 -2.61288 0.0779559 0.996242 0.037733 2.70875 -0.00633507 0.0383424 -0.999245 -169.874 
-0.993642 0.0727952 0.0858837 -2.44981 0.0754365 0.99676 0.0279172 2.73861 -0.0835732 0.0342184 -0.995914 -171.987 
-0.987365 0.0702426 0.142041 -2.30522 0.0752412 0.99671 0.0301247 2.74937 -0.139458 0.0404314 -0.989402 -172.806 
-0.951418 0.06282 0.301426 -1.81925 0.0738549 0.996947 0.0253417 2.75541 -0.298914 0.0463723 -0.953153 -174.302 
-0.917929 0.0585183 0.392406 -1.48213 0.0749904 0.996825 0.0267665 2.76485 -0.389593 0.0539964 -0.919403 -174.993 
-0.871977 0.0464035 0.487342 -1.06351 0.0680416 0.997323 0.0267808 2.76715 -0.484795 0.0565118 -0.8728 -175.653 
-0.732517 0.0354392 0.679826 0.0602286 0.0730159 0.996973 0.0267031 2.78258 -0.676822 0.0691985 -0.732887 -176.908 
-0.687979 0.0349682 0.724888 0.405858 0.0786639 0.996547 0.0265858 2.78683 -0.721455 0.075313 -0.688354 -177.206 
-0.588077 0.0386448 0.807881 1.18736 0.090238 0.995757 0.0180548 2.80236 -0.803755 0.0835192 -0.589069 -177.742 
-0.531718 0.043072 0.845825 1.61439 0.0964972 0.995283 0.00997904 2.80947 -0.841406 0.0869259 -0.533366 -177.977 
-0.411168 0.045473 0.910425 2.54086 0.092451 0.995685 -0.00797864 2.79448 -0.906859 0.0808891 -0.413598 -178.341 
-0.34632 0.0490976 0.936831 3.03012 0.0937121 0.995445 -0.0175268 2.78761 -0.933424 0.0817225 -0.349343 -178.486 
-0.280554 0.0532347 0.958361 3.54223 0.102863 0.994378 -0.0251228 2.78234 -0.954311 0.091532 -0.284452 -178.616 
-0.157884 0.0381625 0.98672 4.65042 0.091744 0.995498 -0.0238221 2.74497 -0.983187 0.0867646 -0.160674 -178.75 
-0.0602998 0.0256503 0.997851 5.74462 0.0666388 0.997543 -0.0216154 2.69342 -0.995953 0.0651921 -0.0618609 -178.729 
0.0282607 0.011501 0.999534 7.41757 0.0537052 0.998472 -0.0130073 2.64642 -0.998157 0.0540478 0.0275999 -178.618 
0.0600283 0.0381976 0.997466 9.98712 0.0419169 0.99829 -0.0407517 2.56355 -0.997316 0.0442569 0.0583245 -178.396 
0.0542592 0.0328102 0.997988 13.5557 0.0481019 0.998214 -0.0354329 2.40013 -0.997368 0.0499276 0.052584 -178.172 
0.0523471 0.0335339 0.998066 14.266 0.0441916 0.998379 -0.0358622 2.36889 -0.997651 0.0459834 0.0507804 -178.125 
0.0485438 0.0356793 0.998184 14.9963 0.0400035 0.99849 -0.0376357 2.33542 -0.99802 0.0417578 0.0470433 -178.079 
0.0388105 0.0366837 0.998573 16.4854 0.0348702 0.998668 -0.0380424 2.269 -0.998638 0.0362969 0.0374796 -178.005 
0.0338697 0.0338675 0.998852 17.2295 0.0336064 0.998822 -0.035006 2.23821 -0.998861 0.0347535 0.0326917 -177.973 
0.0289091 0.0303518 0.999121 18.0245 0.030833 0.999036 -0.0312414 2.20477 -0.999106 0.0317091 0.0279454 -177.941 
0.0152328 0.0325084 0.999355 21.3307 0.0335226 0.998893 -0.0330043 2.08283 -0.999322 0.0340037 0.0141262 -177.862 
0.00597284 0.0179747 0.999821 23.9645 0.0361727 0.99918 -0.0181792 1.99217 -0.999328 0.0362748 0.00531776 -177.831 
0.00073284 0.0177143 0.999843 25.8086 0.0348167 0.999236 -0.0177291 1.94077 -0.999393 0.0348242 0.000115526 -177.82 
-0.000693342 0.0217186 0.999764 26.7273 0.0326222 0.999232 -0.0216844 1.91615 -0.999468 0.0325995 -0.00140132 -177.815 
-0.00105657 0.0249125 0.999689 27.6547 0.0333265 0.999135 -0.0248635 1.88808 -0.999444 0.0332899 -0.0018859 -177.814 
-0.000671394 0.0250917 0.999685 28.5884 0.0335077 0.999124 -0.0250552 1.8578 -0.999438 0.0334803 -0.00151157 -177.814 
-0.000284352 0.0219875 0.999758 30.2764 0.0271233 0.999391 -0.0219717 1.82914 -0.999632 0.0271105 -0.000880553 -177.811 
0.00129972 0.0210518 0.999778 31.1492 0.0250699 0.999463 -0.0210778 1.80679 -0.999685 0.0250917 0.000771253 -177.814 
0.00309576 0.0203763 0.999788 31.9983 0.0201486 0.999588 -0.0204346 1.79745 -0.999792 0.0202075 0.00268393 -177.819 
0.00594965 0.0195846 0.99979 33.7697 0.0137162 0.999713 -0.0196647 1.75481 -0.999888 0.0138303 0.00567931 -177.809 
0.0104455 0.0220902 0.999701 36.4372 0.00927839 0.999711 -0.0221873 1.67976 -0.999902 0.00950738 0.0102375 -177.784 
0.0177978 0.0213844 0.999613 38.181 0.00631689 0.999749 -0.0214998 1.64031 -0.999822 0.00669709 0.0176582 -177.761 
0.0308048 0.0179883 0.999364 41.8317 -0.00511752 0.999828 -0.0178389 1.52898 -0.999512 -0.00456474 0.0308916 -177.617 
0.0349559 0.024762 0.999082 43.7251 0.000969921 0.999692 -0.024811 1.44624 -0.999388 0.00183632 0.0349211 -177.519 
0.0346768 0.0230403 0.999133 47.3077 -0.00146934 0.999734 -0.0230032 1.32459 -0.999397 -0.000670389 0.0347014 -177.362 
0.0280975 0.0243314 0.999309 49.1007 -0.00576446 0.999691 -0.0241786 1.26603 -0.999589 -0.00508112 0.0282291 -177.29 
0.00876958 0.0179196 0.999801 52.6739 -0.00716254 0.999815 -0.017857 1.13886 -0.999936 -0.00700451 0.00889631 -177.216 
-0.00142038 0.0186573 0.999825 54.4261 -0.00626188 0.999806 -0.0186658 1.08009 -0.999979 -0.00628729 -0.00130328 -177.213 
-0.0117995 0.0219688 0.999689 56.0162 -0.00984821 0.999708 -0.0220854 1.04319 -0.999882 -0.0101057 -0.0115797 -177.219 
-0.02197 0.0219958 0.999517 57.6109 -0.0120507 0.999679 -0.0222643 1.00163 -0.999686 -0.012534 -0.0216979 -177.245 
-0.0388641 0.0157452 0.99912 61.0907 -0.00997012 0.99982 -0.016144 0.884581 -0.999195 -0.0105888 -0.0387001 -177.344 
-0.0436889 0.0175164 0.998892 62.7611 -0.00574684 0.999825 -0.0177841 0.830298 -0.999029 -0.00651744 -0.0435806 -177.416 
-0.0450484 0.0203056 0.998778 64.3768 0.0001652 0.999794 -0.0203188 0.77618 -0.998985 -0.00075033 -0.0450424 -177.479 
-0.0453218 0.0231411 0.998704 65.8889 0.00512702 0.999724 -0.0229321 0.714317 -0.998959 0.00408105 -0.045428 -177.55 
-0.0422357 0.0244435 0.998809 67.3097 0.00987306 0.999662 -0.0240469 0.658658 -0.999059 0.00884565 -0.0424628 -177.616 
-0.0346634 0.0204489 0.99919 68.6115 0.0143104 0.999698 -0.0199628 0.60253 -0.999297 0.0136068 -0.0349455 -177.664 
-0.0243191 0.0193891 0.999516 69.892 0.0179211 0.99966 -0.0189559 0.549099 -0.999544 0.0174515 -0.0246583 -177.685 
-0.0114419 0.0234982 0.999658 71.13 0.0194917 0.999539 -0.0232723 0.500212 -0.999745 0.0192188 -0.0118947 -177.688 
0.0109828 0.0220794 0.999696 72.8726 0.0180766 0.999588 -0.0222756 0.435151 -0.999776 0.0183157 0.0105792 -177.656 
0.0246732 0.0285131 0.999289 73.986 0.0151108 0.999468 -0.0288913 0.392988 -0.999581 0.0158129 0.0242293 -177.609 
0.0373931 0.0347422 0.998697 75.0826 0.0150559 0.999262 -0.0353256 0.350123 -0.999187 0.0163572 0.0368424 -177.552 
0.0479139 0.0378911 0.998133 76.2745 0.0132233 0.999169 -0.0385652 0.281545 -0.998764 0.0150464 0.047373 -177.484 
0.0570113 0.038836 0.997618 77.493 0.0125399 0.999136 -0.0396118 0.209027 -0.998295 0.0147683 0.0564751 -177.405 
0.0647657 0.0395052 0.997118 78.7375 0.0128948 0.9991 -0.0404212 0.134337 -0.997817 0.0154756 0.064198 -177.319 
0.0705346 0.042466 0.996605 79.8704 0.00524399 0.999064 -0.0429419 0.0840173 -0.997496 0.00825507 0.0702459 -177.214 
0.0728073 0.0378655 0.996627 82.3432 0.00637012 0.999241 -0.0384302 -0.031782 -0.997326 0.00914664 0.0725108 -177.015 
0.0717524 0.0201992 0.997218 83.7387 0.000578384 0.999794 -0.020293 -0.0835601 -0.997422 0.00203285 0.0717259 -176.9 
0.0671922 0.00701788 0.997715 85.1398 -0.00419911 0.999968 -0.00675094 -0.113553 -0.997731 -0.0037359 0.0672196 -176.776 
0.0521109 0.0256932 0.998311 88.1624 -0.0117033 0.999616 -0.0251159 -0.182626 -0.998573 -0.0103748 0.0523916 -176.59 
0.044106 0.00272394 0.999023 89.8672 -0.0102674 0.999945 -0.00227315 -0.244025 -0.998974 -0.0101571 0.0441315 -176.499 
0.036905 0.0300009 0.998868 91.5266 -0.0110924 0.9995 -0.02961 -0.277408 -0.999257 -0.0099871 0.0372194 -176.419 
0.0160371 0.0212302 0.999646 95.0561 -0.0278706 0.999396 -0.0207778 -0.398866 -0.999483 -0.0275275 0.0166191 -176.275 
0.00139721 0.0450112 0.998986 96.8307 -0.026646 0.998633 -0.0449581 -0.460488 -0.999644 -0.0265562 0.00259467 -176.246 
-0.0254247 0.0259182 0.999341 100.559 -0.0073554 0.999632 -0.0261129 -0.640508 -0.99965 -0.00801447 -0.0252247 -176.298 
-0.034774 0.0290078 0.998974 102.441 -0.00383027 0.999567 -0.0291584 -0.704617 -0.999388 -0.00484029 -0.0346478 -176.34 
-0.0369543 0.0294842 0.998882 106.326 0.000630622 0.999565 -0.0294811 -0.861601 -0.999317 -0.000459537 -0.0369568 -176.478 
-0.0328367 0.0220742 0.999217 108.25 -0.000975818 0.999755 -0.0221182 -0.935746 -0.99946 -0.00170134 -0.0328072 -176.527 
-0.0204282 0.0394375 0.999013 112.071 0.0116572 0.999163 -0.039205 -1.095 -0.999723 0.0108448 -0.0208708 -176.607 
-0.0130324 0.0276454 0.999533 113.958 0.0145665 0.999517 -0.0274551 -1.1838 -0.999809 0.0142019 -0.0134288 -176.645 
-0.010006 0.0261101 0.999609 114.854 0.0122212 0.999588 -0.0259873 -1.22059 -0.999875 0.0119564 -0.0103209 -176.658 
-0.0080241 0.0295817 0.99953 115.806 0.00773988 0.999534 -0.0295196 -1.26989 -0.999938 0.00749937 -0.00824932 -176.654 
-0.00553955 0.0332385 0.999432 116.797 0.00341135 0.999442 -0.03322 -1.3129 -0.999979 0.00322538 -0.00564985 -176.635 
-0.000867722 0.0364119 0.999336 118.752 0.00335717 0.999331 -0.0364088 -1.40599 -0.999994 0.00332335 -0.000989383 -176.615 
0.00152369 0.0339112 0.999424 119.729 0.00508202 0.999412 -0.0339186 -1.45113 -0.999986 0.00513077 0.00135046 -176.6 
0.00429353 0.0288401 0.999575 120.614 0.00978648 0.999535 -0.028881 -1.48392 -0.999943 0.00990632 0.00400929 -176.603 
0.00776093 0.0213352 0.999742 121.512 0.011426 0.999705 -0.0214231 -1.51244 -0.999905 0.0115893 0.00751486 -176.6 
0.0205716 0.0324135 0.999263 125.205 0.00687477 0.999446 -0.032561 -1.64157 -0.999765 0.00753953 0.0203373 -176.516 
0.024482 0.0262675 0.999355 127.026 0.0109535 0.999588 -0.0265419 -1.7128 -0.99964 0.0115962 0.0241842 -176.473 
0.0273139 0.0195003 0.999437 128.842 0.0143737 0.999699 -0.0198982 -1.7775 -0.999524 0.0149091 0.0270254 -176.421 
0.0274387 0.0168754 0.999481 131.546 0.0116387 0.999784 -0.0172001 -1.86607 -0.999556 0.0121046 0.0272364 -176.328 
0.0265499 0.0185545 0.999475 132.371 0.00851487 0.999787 -0.0187865 -1.89125 -0.999611 0.00900919 0.0263863 -176.297 
0.0253033 0.0205171 0.999469 133.373 0.00489341 0.999775 -0.0206472 -1.93317 -0.999668 0.00541326 0.0251972 -176.258 
0.0229388 0.0265419 0.999384 135.211 0.00709128 0.999618 -0.0267108 -2.0095 -0.999712 0.00769963 0.0227419 -176.208 
0.0194606 0.015938 0.999684 137.912 0.0108746 0.99981 -0.0161518 -2.11513 -0.999751 0.0111854 0.0192836 -176.147 
0.0168655 0.0130687 0.999772 139.689 0.0111555 0.99985 -0.0132579 -2.17654 -0.999796 0.0113766 0.0167172 -176.114 
0.0141232 0.0126326 0.99982 143 0.00808649 0.999886 -0.0127477 -2.2824 -0.999868 0.00826507 0.0140195 -176.031 
0.0136753 0.014736 0.999798 144.577 0.0144421 0.999784 -0.0149333 -2.33353 -0.999802 0.0146434 0.0134596 -176.008 
0.0135112 0.0254692 0.999584 146.083 0.0177797 0.999511 -0.0257076 -2.38411 -0.999751 0.0181197 0.0130518 -175.994 
0.0162915 0.0102593 0.999815 148.183 0.0264898 0.999592 -0.0106886 -2.46521 -0.999516 0.0266591 0.0160131 -175.987 
0.0196461 0.0226296 0.999551 149.467 0.0225559 0.999479 -0.0230713 -2.51349 -0.999553 0.022999 0.0191254 -175.965 
0.0233617 0.0298769 0.999281 150.671 0.0165537 0.999405 -0.0302676 -2.55699 -0.99959 0.0172489 0.0228532 -175.935 
0.0313289 0.0226259 0.999253 151.829 0.0120639 0.999662 -0.0230134 -2.60691 -0.999436 0.0127758 0.0310454 -175.9 
0.0448676 0.0193895 0.998805 152.947 0.0123017 0.999725 -0.0199599 -2.65397 -0.998917 0.0131825 0.0446167 -175.856 
0.0733714 0.0212111 0.997079 154.038 0.0155132 0.999629 -0.0224069 -2.69443 -0.997184 0.0171119 0.0730151 -175.769 
0.184987 0.0235983 0.982458 156.093 0.0129185 0.999567 -0.0264417 -2.78051 -0.982656 0.0175833 0.184602 -175.416 
0.269105 0.0225122 0.962848 157.068 0.0121425 0.999568 -0.0267644 -2.82552 -0.963034 0.0188938 0.268716 -175.119 
0.367972 0.0205367 0.92961 157.99 0.0115474 0.999578 -0.0266532 -2.87153 -0.929765 0.0205422 0.367579 -174.729 
0.471848 0.0183274 0.88149 158.854 0.00819591 0.99965 -0.0251712 -2.90944 -0.881642 0.0191016 0.471532 -174.24 
0.576316 0.0172809 0.817044 159.662 -0.000503845 0.999784 -0.0207905 -2.9447 -0.817227 0.0115702 0.5762 -173.639 
0.679293 0.0168969 0.733673 160.378 -0.00668231 0.999836 -0.0168397 -2.98002 -0.733837 0.00653646 0.679294 -172.906 
0.72764 0.0163938 0.685763 160.707 -0.00816418 0.999851 -0.0152397 -2.99365 -0.685911 0.00549029 0.727665 -172.496 
0.814696 0.0194441 0.579563 161.29 -0.0172006 0.999808 -0.0093642 -3.00694 -0.579634 -0.00233985 0.814874 -171.582 
0.852276 0.0213065 0.522658 161.542 -0.0211934 0.999756 -0.00619652 -3.01331 -0.522663 -0.00579577 0.85252 -171.081 
0.915584 0.0160471 0.401805 161.976 -0.0185529 0.999825 0.00234541 -3.03045 -0.401698 -0.00960207 0.915722 -170.01 
0.939403 0.0135816 0.342545 162.15 -0.0167213 0.999841 0.00621397 -3.03313 -0.342406 -0.0115652 0.939481 -169.444 
0.95779 0.0132173 0.287165 162.289 -0.0162652 0.999834 0.00823087 -3.03053 -0.287009 -0.0125543 0.957846 -168.868 
0.981165 0.0215405 0.191969 162.479 -0.023852 0.999668 0.00973811 -3.02669 -0.191696 -0.0141335 0.981353 -167.656 
0.987577 0.026275 0.154924 162.536 -0.0281298 0.999556 0.00979222 -3.02757 -0.154598 -0.0140286 0.987878 -167.106 
0.997051 0.027811 0.0715254 162.731 -0.0286606 0.99953 0.0108782 -3.01862 -0.0711893 -0.012896 0.997379 -164.478 
0.998907 0.0201988 0.0421566 162.798 -0.020047 0.999791 -0.00401993 -3.01383 -0.042229 0.00317043 0.999103 -163.117 
0.99967 0.0247461 -0.00685794 162.796 -0.0247773 0.999683 -0.00450924 -3.04388 0.00674418 0.00467767 0.999966 -160.26 
0.999181 0.0325449 -0.0240266 162.705 -0.0326343 0.999462 -0.00333949 -3.07857 0.023905 0.00412085 0.999706 -157.092 
0.998872 0.0333659 -0.0337806 162.649 -0.0333163 0.999443 0.00203057 -3.0915 0.0338296 -0.000902838 0.999427 -155.483 
0.997855 0.0420707 -0.0501589 162.454 -0.0421256 0.999112 -3.72965e-05 -3.10722 0.0501128 0.00215019 0.998741 -151.946 
0.99775 0.0458707 -0.0489012 162.291 -0.0461645 0.998922 -0.00489682 -3.12937 0.0486239 0.0071433 0.998792 -149.126 
0.997781 0.0474244 -0.0467369 162.241 -0.0475775 0.998865 -0.00216735 -3.14091 0.0465811 0.00438616 0.998905 -148.14 
0.997767 0.0502098 -0.0440401 162.194 -0.0502925 0.998734 -0.000769915 -3.15349 0.0439457 0.00298308 0.999029 -147.154 
0.997803 0.0517017 -0.0414336 162.151 -0.0517933 0.998657 -0.00113967 -3.16229 0.041319 0.00328315 0.999141 -146.178 
0.997833 0.0534058 -0.038431 162.113 -0.0534492 0.998571 -0.000100388 -3.17012 0.0383707 0.00215428 0.999261 -145.192 
0.997975 0.0561592 -0.0298692 162.01 -0.0559163 0.998396 0.00890785 -3.19192 0.0303215 -0.00721963 0.999514 -142.318 
0.998057 0.0572909 -0.0244805 161.954 -0.0568218 0.998195 0.0194447 -3.19413 0.0255503 -0.0180159 0.999511 -140.38 
0.997891 0.0616925 -0.0201986 161.904 -0.0614207 0.998016 0.0138123 -3.18811 0.0210107 -0.0125426 0.999701 -138.513 
0.998213 0.0584441 -0.0124555 161.829 -0.0583082 0.998238 0.0110153 -3.18744 0.0130774 -0.0102694 0.999862 -134.652 
0.998216 0.0587747 -0.0105263 161.822 -0.0586744 0.998231 0.00959309 -3.18859 0.0110715 -0.00895835 0.999899 -133.732 
0.997702 0.0674123 -0.00676081 161.788 -0.0673635 0.997702 0.00720555 -3.19577 0.00723102 -0.00673356 0.999951 -131.844 
0.997232 0.0743364 -0.00155977 161.764 -0.0743217 0.997202 0.00801469 -3.20003 0.00215118 -0.00787658 0.999967 -129.874 
0.997886 0.0645621 0.00745782 161.78 -0.064623 0.997876 0.00822666 -3.21133 -0.00691085 -0.00869121 0.999938 -126.064 
0.997969 0.0626681 0.0113945 161.804 -0.0628872 0.99782 0.0200086 -3.21073 -0.0101157 -0.0206845 0.999735 -122.191 
0.997518 0.0695708 0.0108899 161.803 -0.0697346 0.997446 0.0154595 -3.20617 -0.00978658 -0.0161805 0.999821 -121.237 
0.997506 0.0703264 0.00602269 161.811 -0.0703418 0.99752 0.00236869 -3.21785 -0.00584118 -0.00278643 0.999979 -118.363 
0.997613 0.0688261 0.00562266 161.814 -0.0688572 0.997611 0.00553546 -3.23607 -0.00522824 -0.0059094 0.999969 -116.492 
0.997447 0.0703902 0.0120452 161.826 -0.0704379 0.99751 0.0035887 -3.26151 -0.0117626 -0.00442798 0.999921 -113.712 
0.997478 0.0693229 0.0152397 161.844 -0.0694259 0.997567 0.00633611 -3.26766 -0.0147634 -0.00737816 0.999864 -112.799 
0.997434 0.0676723 0.0233559 161.904 -0.0677262 0.997703 0.00152108 -3.30194 -0.0231993 -0.00309898 0.999726 -109.133 
0.997598 0.0649161 0.0241572 161.962 -0.065011 0.99788 0.00316287 -3.32636 -0.0239007 -0.00472576 0.999703 -106.427 
0.998693 0.0499673 0.0107933 162.028 -0.0499929 0.998747 0.00211632 -3.36506 -0.0106741 -0.00265315 0.99994 -102.774 
0.998473 0.0548455 0.00664705 162.028 -0.0548466 0.998495 -1.27754e-05 -3.37248 -0.00663774 -0.000351812 0.999978 -101.857 
0.998181 0.0602726 0.00129651 162.004 -0.0602802 0.998157 0.00692198 -3.39455 -0.000876915 -0.00698754 0.999975 -99.076 
0.998125 0.0611782 0.00166068 162.002 -0.0611929 0.998065 0.0110686 -3.40076 -0.00098031 -0.0111495 0.999937 -98.1289 
0.998574 0.0533695 -0.00136043 162.008 -0.0533734 0.99857 -0.00296693 -3.41438 0.00120014 0.00303531 0.999995 -96.2644 
0.998711 0.0507189 -0.00192993 162.011 -0.0507308 0.99869 -0.00669349 -3.42351 0.00158792 0.00678277 0.999976 -95.3375 
0.998595 0.0529765 -0.000875133 162.008 -0.0529773 0.998595 -0.000894556 -3.43628 0.000826513 0.000939662 0.999999 -94.3862 
0.998555 0.0536856 0.00254255 161.999 -0.0537085 0.998506 0.0100154 -3.45411 -0.00200107 -0.0101375 0.999947 -91.522 
0.998632 0.0520096 0.00535389 162.005 -0.052038 0.998631 0.00531422 -3.4568 -0.00507017 -0.00558556 0.999972 -90.5644 
0.998696 0.0503716 0.00834203 162.017 -0.050404 0.998722 0.00371502 -3.46143 -0.00814424 -0.00413065 0.999958 -89.606 
0.998837 0.0460053 0.0144157 162.05 -0.046164 0.998875 0.010876 -3.47093 -0.0138991 -0.0115288 0.999837 -87.6589 
0.998805 0.0457925 0.0170638 162.066 -0.0460134 0.998859 0.0127862 -3.47344 -0.0164589 -0.0135561 0.999773 -86.6888 
0.998611 0.0495293 0.0179497 162.092 -0.049713 0.998714 0.00993577 -3.47176 -0.0174346 -0.0108143 0.99979 -84.7452 
0.998897 0.0444774 0.0150672 162.123 -0.0446267 0.998956 0.00972702 -3.47766 -0.0146189 -0.0103887 0.999839 -82.7917 
0.998848 0.0463842 0.0123014 162.129 -0.0465081 0.998868 0.00998161 -3.47861 -0.0118245 -0.0105422 0.999875 -81.8166 
0.998804 0.048079 0.00889284 162.133 -0.0482031 0.998735 0.0143104 -3.47855 -0.00819356 -0.014722 0.999858 -80.8424 
0.998841 0.0478787 0.00485388 162.135 -0.0479446 0.998745 0.0145044 -3.47866 -0.00415334 -0.0147203 0.999883 -78.9281 
0.998827 0.0482555 0.00402083 162.139 -0.0482857 0.998803 0.00776625 -3.47972 -0.00364125 -0.00795129 0.999962 -77.9778 
0.998833 0.0482327 0.00239619 162.144 -0.0482392 0.998832 0.00273357 -3.48334 -0.00226154 -0.00284597 0.999993 -77.0333 
0.998343 0.0573597 -0.00463952 162.099 -0.0572987 0.998281 0.0123564 -3.49793 0.0053403 -0.0120701 0.999913 -73.1774 
0.99868 0.0498234 -0.0124897 162.068 -0.0500354 0.998598 -0.0172829 -3.52538 0.0116111 0.017885 0.999773 -70.2874 
0.998821 0.0463679 -0.0143907 162.057 -0.0466025 0.998779 -0.0164211 -3.54705 0.0136117 0.0170723 0.999762 -69.3062 
0.998795 0.0467432 -0.0149812 162.02 -0.0466484 0.998889 0.00661068 -3.58141 0.0152736 -0.00590386 0.999866 -67.3329 
0.998775 0.0474286 -0.0141367 162.001 -0.0472355 0.99879 0.0136927 -3.58683 0.014769 -0.0130082 0.999806 -66.3484 
0.998768 0.0481531 -0.0119535 161.967 -0.0480647 0.998816 0.007572 -3.59352 0.0123039 -0.00698813 0.9999 -64.4091 
0.998939 0.0448665 -0.010356 161.959 -0.0448358 0.998989 0.00317607 -3.59973 0.010488 -0.00270838 0.999941 -63.4449 
0.999061 0.0424836 -0.00847896 161.953 -0.0424857 0.999097 -7.11613e-05 -3.61311 0.00846829 0.000431329 0.999964 -62.4828 
0.999184 0.0398726 -0.00640963 161.947 -0.0398923 0.9992 -0.00297298 -3.62542 0.00628596 0.00322625 0.999975 -61.5215 
0.999332 0.0364416 -0.00287986 161.941 -0.0364428 0.999336 -0.000348194 -3.65658 0.00286526 0.000452912 0.999996 -59.6312 
0.999288 0.0376674 0.00227368 161.933 -0.0376729 0.999287 0.00242451 -3.69578 -0.00218074 -0.00250844 0.999994 -56.8234 
0.9993 0.0369114 0.00608676 161.932 -0.0369402 0.999306 0.00468695 -3.72902 -0.00590954 -0.00490852 0.99997 -54.0566 
0.999551 0.0288681 0.00801518 161.947 -0.0289512 0.999526 0.0104497 -3.74514 -0.00770972 -0.010677 0.999913 -52.2434 
0.999645 0.0254841 0.0077659 161.96 -0.0255813 0.999592 0.01268 -3.75179 -0.0074396 -0.0128742 0.999889 -51.3426 
0.999607 0.0269059 0.00784554 161.964 -0.0269912 0.999575 0.01098 -3.76126 -0.00754679 -0.0111875 0.999909 -50.4628 
0.999648 0.0252247 0.00820956 161.985 -0.0252524 0.999676 0.00328531 -3.785 -0.00812402 -0.00349147 0.999961 -47.8961 
0.999245 0.0343952 0.01808 161.996 -0.0343109 0.999399 -0.00495443 -3.82439 -0.0182395 0.00433035 0.999824 -45.45 
0.998573 0.0418008 0.0332374 162.064 -0.0420038 0.999103 0.0054309 -3.87109 -0.0329805 -0.00681925 0.999433 -42.3456 
0.998328 0.04156 0.0401623 162.116 -0.0418412 0.999105 0.00618808 -3.89111 -0.0398692 -0.00785818 0.999174 -40.9048 
0.998118 0.0363327 0.0494054 162.235 -0.036702 0.999305 0.00658722 -3.92624 -0.0491317 -0.0083881 0.998757 -38.2709 
0.998286 0.0328573 0.0484312 162.296 -0.0331175 0.999441 0.00458026 -3.94339 -0.0482537 -0.00617633 0.998816 -37.0615 
0.999329 0.0260401 0.0257615 162.367 -0.0261703 0.999646 0.00472656 -3.97622 -0.0256293 -0.00539757 0.999657 -34.9224 
0.999689 0.0248992 0.00154796 162.363 -0.0249073 0.999675 0.00542098 -3.98853 -0.00141248 -0.00545785 0.999984 -33.9795 
0.999099 0.020671 -0.0370658 162.325 -0.0205751 0.999784 0.00296725 -4.00387 0.0371191 -0.00220194 0.999308 -33.0991 
0.995271 0.0222234 -0.0945627 162.22 -0.0220142 0.999752 0.00325503 -4.01241 0.0946116 -0.00115791 0.995514 -32.2427 
0.984431 0.0223246 -0.17435 162.045 -0.0213774 0.999745 0.00730906 -4.01455 0.174469 -0.0034681 0.984657 -31.4181 
0.963909 0.0303855 -0.264491 161.783 -0.0283346 0.999532 0.0115668 -4.01575 0.264718 -0.00365509 0.964319 -30.644 
0.933542 0.0399933 -0.356231 161.446 -0.0379156 0.999199 0.0128161 -4.01485 0.356458 0.00154234 0.93431 -29.9289 
0.9146 0.0401978 -0.402357 161.253 -0.0382262 0.999185 0.0129323 -4.01004 0.402549 0.00355271 0.915392 -29.5731 
0.893081 0.0390699 -0.448195 161.043 -0.0365705 0.99923 0.0142335 -4.00413 0.448406 0.00367911 0.893822 -29.2104 
0.840865 0.0421426 -0.539602 160.55 -0.0357681 0.999111 0.0222924 -3.99183 0.540062 0.000555629 0.841625 -28.5005 
0.809691 0.0432458 -0.585261 160.265 -0.0329572 0.999058 0.0282267 -3.98308 0.585931 -0.0035663 0.810353 -28.1461 
0.775145 0.0428742 -0.630327 159.953 -0.0279053 0.999044 0.0336375 -3.97183 0.631167 -0.00848449 0.775601 -27.7948 
0.695631 0.0419015 -0.717176 159.232 -0.0234815 0.99909 0.0355964 -3.94594 0.718016 -0.00792156 0.695982 -27.1388 
0.65094 0.0422713 -0.757951 158.821 -0.0230239 0.999088 0.0359464 -3.93019 0.75878 -0.005948 0.65132 -26.8298 
0.556819 0.0371471 -0.829803 157.926 -0.0194698 0.999309 0.0316705 -3.89581 0.830406 -0.0014787 0.557157 -26.2677 
0.509269 0.0330191 -0.859974 157.439 -0.0161023 0.999454 0.0288389 -3.88028 0.860457 -0.000839202 0.509522 -26.0106 
0.46043 0.0329722 -0.887084 156.924 -0.0138786 0.999455 0.0299454 -3.86742 0.887588 -0.00147623 0.460636 -25.7754 
0.359643 0.040981 -0.93219 155.791 -0.0169394 0.999157 0.0373898 -3.82927 0.932936 0.00234373 0.360034 -25.3793 
0.30911 0.044478 -0.949986 155.216 -0.0215503 0.998977 0.0397596 -3.80649 0.950782 0.0081824 0.309752 -25.231 
0.220999 0.0546262 -0.973743 153.956 -0.0233067 0.998441 0.0507221 -3.75955 0.974996 0.0114852 0.221927 -24.9784 
0.132816 0.0435016 -0.990186 152.04 -0.0269953 0.998824 0.0402602 -3.6871 0.990773 0.0213831 0.133834 -24.7327 
0.0819011 0.0497109 -0.9954 149.214 -0.0249512 0.998545 0.047815 -3.58511 0.996328 0.0209203 0.0830222 -24.4955 
0.0729503 0.0473414 -0.996211 147.772 -0.0202761 0.998737 0.0459766 -3.53632 0.997129 0.0168452 0.0738181 -24.3879 
0.0661655 0.0302294 -0.997351 146.304 -0.0183468 0.999409 0.0290747 -3.49105 0.99764 0.0163745 0.066681 -24.2906 
0.0574443 0.0459248 -0.997292 143.219 -0.0107039 0.998912 0.0453829 -3.40762 0.998291 0.00806795 0.0578734 -24.0992 
0.052649 0.0422211 -0.99772 141.64 -0.0049652 0.999105 0.0420177 -3.35202 0.998601 0.00274169 0.0528115 -24.0099 
0.0490129 0.0401729 -0.99799 139.995 -0.00244707 0.999193 0.0401011 -3.29828 0.998795 0.000476682 0.0490716 -23.9292 
0.0438816 0.0429432 -0.998113 136.524 -0.00226719 0.999077 0.042885 -3.19039 0.999034 0.000381053 0.0439385 -23.786 
0.04082 0.0474555 -0.998039 134.759 -0.000158383 0.998872 0.0474886 -3.13254 0.999167 -0.00178041 0.0407815 -23.713 
0.025114 0.048917 -0.998487 131.202 0.00951458 0.998745 0.049169 -3.00498 0.999639 -0.010735 0.0246171 -23.5913 
0.0152198 0.0501856 -0.998624 129.611 0.0115207 0.998665 0.0503632 -2.95132 0.999818 -0.0122713 0.0146213 -23.5548 
-0.00586426 0.0488772 -0.998788 126.044 0.00530932 0.998792 0.0488462 -2.81026 0.999969 -0.00501644 -0.00611668 -23.5719 
-0.015546 0.0447854 -0.998876 124.403 0.00467129 0.998989 0.0447178 -2.7511 0.999868 -0.00397086 -0.0157394 -23.5957 
-0.0225858 0.0523769 -0.998372 120.83 -0.00760889 0.998589 0.0525604 -2.62512 0.999716 0.00878362 -0.0221554 -23.7068 
-0.0215329 0.0519574 -0.998417 119.089 -0.0149331 0.998521 0.0522848 -2.55912 0.999657 0.0160353 -0.0207251 -23.7586 
-0.0192145 0.0485602 -0.998635 117.368 -0.0248741 0.998487 0.0490316 -2.50086 0.999506 0.0257823 -0.0179775 -23.8136 
-0.0121046 0.0438855 -0.998963 114.048 -0.0297154 0.998579 0.0442287 -2.40478 0.999485 0.03022 -0.0107833 -23.8801 
-0.00692711 0.0459529 -0.99892 112.447 -0.0340061 0.998355 0.0461627 -2.36569 0.999398 0.0342891 -0.00535303 -23.8995 
0.0105906 0.0440856 -0.998972 109.444 -0.0403888 0.998231 0.0436247 -2.28505 0.999128 0.0398853 0.0123524 -23.9023 
0.0232824 0.0416071 -0.998863 108.077 -0.0385677 0.998427 0.04069 -2.25063 0.998985 0.0375765 0.0248505 -23.8719 
0.0347127 0.0414431 -0.998538 106.797 -0.0330325 0.998641 0.0402991 -2.22865 0.998851 0.0315853 0.0360345 -23.8193 
0.0583074 0.0338944 -0.997723 104.374 -0.029421 0.999048 0.03222 -2.18643 0.997865 0.0274753 0.0592491 -23.6849 
0.0683522 0.0330036 -0.997115 103.179 -0.0333082 0.998971 0.0307818 -2.15993 0.997105 0.0311081 0.0693811 -23.6073 
0.0731073 0.04489 -0.996313 101.992 -0.0297059 0.998641 0.0428151 -2.13508 0.996882 0.0264663 0.0743414 -23.5125 
0.0736572 0.053497 -0.995848 100.808 -0.028376 0.998268 0.0515282 -2.10957 0.99688 0.0244627 0.0750477 -23.4237 
0.0557339 0.0594534 -0.996674 98.4788 -0.0170007 0.998137 0.05859 -2.0244 0.998301 0.0136787 0.0566409 -23.2655 
0.0283824 0.0444615 -0.998608 97.3618 -0.00336563 0.999009 0.0443837 -1.974 0.999591 0.00210123 0.028504 -23.2092 
-0.0643078 0.0396317 -0.997143 95.0679 0.00875292 0.999195 0.0391487 -1.91019 0.997892 -0.00621035 -0.0646029 -23.3012 
-0.128961 0.0425305 -0.990737 93.9447 0.0120142 0.999074 0.0413245 -1.87861 0.991577 -0.00657371 -0.129352 -23.4534 
-0.204955 0.0498504 -0.977501 92.8469 0.0094197 0.998756 0.0489593 -1.84431 0.978726 0.000826715 -0.20517 -23.7073 
-0.293371 0.0542922 -0.954456 91.7894 0.011483 0.998514 0.0532689 -1.80446 0.95593 0.0046675 -0.293559 -24.0577 
-0.339782 0.0543708 -0.938931 91.287 0.0140801 0.99851 0.0527255 -1.78524 0.940399 0.00469491 -0.340041 -24.2638 
-0.388378 0.0541933 -0.919905 90.7983 0.0172042 0.998522 0.0515613 -1.76584 0.92134 0.00419908 -0.388736 -24.4961 
-0.437589 0.0524344 -0.897645 90.3269 0.0193489 0.998616 0.0489002 -1.74544 0.898967 0.00402973 -0.437998 -24.7533 
-0.485739 0.0479153 -0.87279 89.8752 0.0235556 0.998851 0.0417264 -1.72887 0.873787 -0.000290972 -0.486309 -25.0332 
-0.579047 0.0402094 -0.814302 89.0404 0.0276592 0.999177 0.02967 -1.70001 0.814825 -0.00534264 -0.579683 -25.6622 
-0.622896 0.0405915 -0.781251 88.6408 0.032337 0.999135 0.0261297 -1.68677 0.781636 -0.00898727 -0.62367 -26.0168 
-0.702592 0.0544619 -0.709506 87.8653 0.0479346 0.998424 0.0291719 -1.66944 0.709976 -0.0135139 -0.704096 -26.8002 
-0.738331 0.0587369 -0.671876 87.5246 0.0509121 0.998212 0.0313181 -1.66238 0.672515 -0.0110835 -0.740001 -27.2093 
-0.802449 0.0605677 -0.593638 86.8994 0.0559838 0.998089 0.0261569 -1.65055 0.594088 -0.0122446 -0.804307 -28.1069 
-0.830836 0.0602833 -0.553243 86.6325 0.0577496 0.998088 0.0220294 -1.64508 0.553513 -0.0136467 -0.832728 -28.5507 
-0.856121 0.0594222 -0.513348 86.3915 0.0574013 0.998155 0.0198114 -1.64113 0.513578 -0.0125058 -0.857952 -29.0162 
-0.899697 0.0511797 -0.433504 85.9764 0.0481077 0.998679 0.0180614 -1.63494 0.433856 -0.00460514 -0.900971 -30.007 
-0.917053 0.0475957 -0.395914 85.8234 0.0440584 0.998866 0.0180286 -1.63184 0.396323 -0.000910115 -0.918111 -30.4546 
-0.940956 0.0359538 -0.336615 85.5161 0.0306889 0.999309 0.0209502 -1.63024 0.337136 0.00938286 -0.941409 -31.4943 
-0.953415 0.0158904 -0.301243 85.2551 0.00961039 0.999705 0.0223176 -1.62999 0.301508 0.0183829 -0.953286 -32.5523 
-0.960005 0.0105425 -0.279783 84.6975 0.00568491 0.999819 0.0181679 -1.61583 0.279924 0.0158507 -0.959891 -34.6456 
-0.958199 0.0109501 -0.285893 84.4089 0.00684586 0.999859 0.0153515 -1.61222 0.286021 0.0127526 -0.958138 -35.6747 
-0.933352 0.0186711 -0.358476 83.7052 0.0116961 0.999698 0.0216164 -1.60183 0.358772 0.0159829 -0.933289 -37.6377 
-0.904578 0.0292199 -0.425307 83.2718 0.0132937 0.999096 0.0403669 -1.59393 0.426102 0.0308611 -0.904149 -38.5204 
-0.862029 0.058287 -0.503496 82.7434 0.0435613 0.99821 0.0409767 -1.58915 0.504983 0.0133902 -0.863026 -39.2552 
-0.803434 0.0442327 -0.593748 82.2242 0.0349271 0.999021 0.0271627 -1.58581 0.594368 0.00108554 -0.804192 -39.9143 
-0.767661 0.0305332 -0.640128 81.9545 0.0194433 0.999514 0.0243584 -1.57299 0.640561 0.0062528 -0.767882 -40.2339 
-0.684288 0.035654 -0.72834 81.2896 0.0137175 0.999257 0.0360282 -1.53813 0.729083 0.0146626 -0.684269 -40.7906 
-0.639188 0.0479503 -0.767554 80.9234 0.0223831 0.998791 0.0437562 -1.52871 0.768725 0.0107882 -0.639489 -41.0102 
-0.542976 0.0518353 -0.838147 80.1856 0.0242312 0.998645 0.0460636 -1.51114 0.839398 0.00470213 -0.543497 -41.3956 
-0.493139 0.0500139 -0.868512 79.8095 0.0235662 0.998748 0.0441327 -1.50064 0.869631 0.00129601 -0.4937 -41.5541 
-0.401306 0.0459417 -0.914791 79.0861 0.0181708 0.998944 0.0421967 -1.47739 0.915764 0.00031132 -0.401717 -41.8098 
-0.275491 0.0461571 -0.960195 77.9432 0.0026087 0.998879 0.0472682 -1.4298 0.9613 0.0105171 -0.275303 -42.11 
-0.134192 0.0521309 -0.989583 76.1414 0.006233 0.99864 0.0517628 -1.37705 0.990936 0.000778088 -0.134335 -42.3171 
-0.0917777 0.0439889 -0.994807 75.1685 0.00398419 0.999032 0.0438081 -1.3339 0.995772 5.71027e-05 -0.0918641 -42.3891 
-0.0302536 0.0319102 -0.999033 73.172 -0.000298766 0.99949 0.0319338 -1.26852 0.999542 0.00126459 -0.0302287 -42.4698 
-0.00732969 0.0392086 -0.999204 70.7713 0.00853581 0.999197 0.0391457 -1.19753 0.999937 -0.00824209 -0.00765848 -42.4702 
-0.00196265 0.0427331 -0.999085 68.1782 0.00580604 0.99907 0.0427211 -1.10714 0.999981 -0.00571688 -0.00220893 -42.4872 
0.00312153 0.0383171 -0.999261 66.7898 0.00550433 0.99925 0.0383338 -1.05997 0.99998 -0.00561992 0.00290827 -42.4849 
0.0082019 0.035066 -0.999351 65.2572 0.0036514 0.999377 0.0350969 -1.01121 0.99996 -0.0039369 0.00806876 -42.4788 
0.0170443 0.0387969 -0.999102 62.0217 0.00153664 0.999245 0.0388286 -0.918911 0.999854 -0.00219706 0.0169718 -42.4451 
0.0228844 0.0404136 -0.998921 60.5075 0.00194924 0.999179 0.0404687 -0.874047 0.999736 -0.00287324 0.0227868 -42.4156 
0.0307133 0.0390129 -0.998767 57.2377 0.00579101 0.999214 0.0392085 -0.775775 0.999511 -0.00698809 0.0304632 -42.3278 
0.0323482 0.0371833 -0.998785 56.4035 0.00515955 0.999288 0.0373691 -0.752284 0.999463 -0.0063621 0.0321333 -42.3038 
0.0338721 0.0339188 -0.99885 55.5717 0.00445931 0.999409 0.034089 -0.728408 0.999416 -0.00560885 0.0337008 -42.2773 
0.0356504 0.0318831 -0.998856 54.7322 0.00242782 0.999485 0.0319898 -0.707955 0.999361 -0.00356549 0.0355546 -42.2528 
0.0389963 0.0329205 -0.998697 52.2421 0.00224329 0.999452 0.033033 -0.652678 0.999237 -0.00352853 0.038901 -42.1696 
0.0294538 0.0396449 -0.99878 48.7132 0.0127895 0.999116 0.0400354 -0.563106 0.999484 -0.0139531 0.0289208 -42.0513 
0.026248 0.0385394 -0.998912 47.8238 0.0136948 0.999149 0.0389084 -0.539936 0.999562 -0.0147012 0.0256979 -42.03 
0.0229757 0.0362227 -0.99908 46.9321 0.0130245 0.999248 0.0365283 -0.517514 0.999651 -0.0138518 0.0224866 -42.0135 
0.0201626 0.0340354 -0.999217 46.0576 0.012361 0.999336 0.0342889 -0.496644 0.99972 -0.0130427 0.0197284 -42.0004 
0.0182263 0.0338036 -0.999262 45.1745 0.0122062 0.999346 0.0340291 -0.476579 0.999759 -0.0128175 0.0178018 -41.9878 
0.013896 0.0372125 -0.999211 42.5182 0.00663364 0.999282 0.0373074 -0.420316 0.999881 -0.00714683 0.0136391 -41.9627 
0.0105105 0.0502697 -0.99868 40.7846 0.00976314 0.998683 0.0503726 -0.372769 0.999897 -0.0102797 0.0100058 -41.9468 
0.00557772 0.0276068 -0.999603 37.4264 0.0110978 0.999556 0.0276674 -0.286288 0.999923 -0.0112477 0.00526887 -41.936 
0.0060493 0.0343439 -0.999392 36.5913 0.0131971 0.99932 0.0344214 -0.268229 0.999895 -0.0133973 0.00559195 -41.9297 
0.00729773 0.0417046 -0.999103 34.1023 0.0135376 0.999034 0.0418006 -0.210312 0.999882 -0.0138305 0.0067261 -41.924 
0.0068487 0.0374112 -0.999276 33.2921 0.0161506 0.999165 0.0375178 -0.186883 0.999846 -0.0163958 0.00623877 -41.9172 
0.0061193 0.0375118 -0.999277 32.4851 0.018259 0.999125 0.0376179 -0.164303 0.999815 -0.018476 0.00542902 -41.9117 
0.00476199 0.0410101 -0.999147 31.6865 0.0174401 0.999003 0.0410873 -0.144225 0.999837 -0.0176209 0.00404202 -41.9117 
0.00099722 0.0390545 -0.999237 29.3146 0.0160334 0.999108 0.0390655 -0.083859 0.999871 -0.0160601 0.000370155 -41.9178 
-0.00117674 0.0372006 -0.999307 27.7465 0.0176718 0.999153 0.037174 -0.0451737 0.999843 -0.0176158 -0.00183315 -41.9234 
-0.00336615 0.0409969 -0.999154 26.1817 0.0183778 0.998993 0.0409284 -0.0082381 0.999825 -0.0182245 -0.0041162 -41.9328 
-0.00603498 0.0425461 -0.999076 24.657 0.0188673 0.998921 0.0424255 0.0304287 0.999804 -0.0185938 -0.0068312 -41.9464 
-0.00850271 0.0426028 -0.999056 23.2004 0.0162054 0.998967 0.0424611 0.0676898 0.999833 -0.0158291 -0.00918433 -41.967 
-0.0106522 0.0422817 -0.999049 21.799 0.0104525 0.999056 0.0421705 0.102349 0.999889 -0.00999339 -0.0110841 -41.9977 
-0.0118696 0.0400027 -0.999129 20.4363 0.00355821 0.999195 0.0399631 0.133964 0.999923 -0.00308077 -0.0120024 -42.0323 
-0.0108635 0.0387369 -0.99919 19.0842 -0.000352562 0.999249 0.038743 0.165622 0.999941 0.000773161 -0.0108417 -42.0598 
-0.00933043 0.0403278 -0.999143 17.7385 -0.0048817 0.999173 0.0403746 0.201336 0.999945 0.00525422 -0.00912584 -42.0859 
-0.00231145 0.0427643 -0.999083 15.1244 -0.000885421 0.999085 0.0427664 0.266952 0.999997 0.000983461 -0.00227147 -42.1037 
0.00234784 0.0382326 -0.999266 13.902 -0.00161576 0.999268 0.0382289 0.298248 0.999996 0.00152482 0.0024079 -42.1068 
0.00940652 0.0385374 -0.999213 12.7473 -0.00338464 0.999253 0.0385071 0.322248 0.99995 0.00301976 0.00952992 -42.1022 
0.0330593 0.0431036 -0.998523 10.6889 -0.00812176 0.999048 0.0428574 0.365141 0.99942 0.00669293 0.0333779 -42.0607 
0.058149 0.0434371 -0.997362 9.32825 -0.00696923 0.999046 0.0431041 0.396583 0.998284 0.00444439 0.0583963 -41.9796 
0.0863504 0.0433765 -0.99532 8.11653 -0.00672424 0.999054 0.0429559 0.427173 0.996242 0.00298351 0.0865604 -41.8701 
0.117573 0.0477014 -0.991918 7.04803 -0.00831314 0.998858 0.0470498 0.45526 0.993029 0.00271416 0.117835 -41.7372 
0.153295 0.0432686 -0.987233 6.14521 0.00646068 0.998976 0.0447864 0.476757 0.988159 -0.0132437 0.152858 -41.5604 
0.19009 0.0486355 -0.980561 5.3999 0.00232696 0.998747 0.0499886 0.499834 0.981764 -0.011784 0.189738 -41.4009 
0.242855 0.0436909 -0.969078 4.705 0.000139555 0.998984 0.0450742 0.520163 0.970063 -0.0110817 0.242602 -41.2021 
0.355138 0.0364885 -0.934102 3.51159 0.00149298 0.999215 0.0395996 0.548536 0.934813 -0.0154579 0.354804 -40.7184 
0.411735 0.026176 -0.910927 3.02683 -0.00389904 0.999629 0.0269625 0.565063 0.911295 -0.00754967 0.411684 -40.472 
0.528467 0.0230062 -0.848642 2.20062 -0.00724336 0.999719 0.0225912 0.58214 0.848923 -0.0057917 0.528485 -39.9233 
0.597717 0.0223759 -0.801395 1.73098 -0.00967287 0.999739 0.0206994 0.592273 0.801649 -0.00462061 0.597777 -39.5302 
0.779968 0.0274723 -0.625216 0.529973 -0.0268277 0.999585 0.0104541 0.604873 0.625244 0.00861927 0.780382 -38.1406 
0.81437 0.0252807 -0.579795 0.316495 -0.0256888 0.999642 0.00750526 0.606941 0.579777 0.00878216 0.814728 -37.7796 
0.847024 0.0221919 -0.531092 0.119977 -0.0243921 0.999698 0.00287066 0.609402 0.530995 0.0105229 0.847309 -37.3954 
0.90489 0.0220483 -0.425074 -0.235177 -0.0268515 0.999625 -0.00531113 0.601614 0.424798 0.0162199 0.905143 -36.5487 
0.928612 0.0236635 -0.370297 -0.388244 -0.0281239 0.999582 -0.00665037 0.595022 0.369985 0.0165898 0.928889 -36.0881 
0.948183 0.0213858 -0.317004 -0.516039 -0.0253333 0.999644 -0.00833568 0.590626 0.316713 0.0159345 0.948387 -35.5933 
0.975738 0.0126687 -0.218574 -0.702643 -0.0152162 0.999834 -0.00997548 0.58071 0.218412 0.0130593 0.975769 -34.5505 
0.985011 0.0139456 -0.17193 -0.778909 -0.0155791 0.999845 -0.00815562 0.572835 0.171789 0.0107119 0.985075 -34.0025 
0.997668 0.0148787 -0.066605 -0.91652 -0.0151641 0.999878 -0.00378213 0.552702 0.0665406 0.00478332 0.997772 -32.1944 
0.999625 0.0127326 -0.0242571 -0.944046 -0.012877 0.9999 -0.00580389 0.542786 0.0241808 0.00611407 0.999689 -30.8638 
0.999318 0.0117665 0.0349985 -0.884919 -0.0116634 0.999927 -0.00314763 0.52003 -0.035033 0.00273728 0.999382 -27.9212 
0.998811 0.00701875 0.0482408 -0.803691 -0.00693352 0.999974 -0.00193385 0.50769 -0.0482531 0.00159707 0.998834 -26.3105 
0.998535 0.00592341 0.0537894 -0.717135 -0.0058692 0.999982 -0.00116568 0.499404 -0.0537953 0.000848272 0.998552 -24.6512 
0.998459 0.00323571 0.0554081 -0.621425 -0.00319408 0.999995 -0.000839912 0.490372 -0.0554106 0.000661639 0.998463 -22.9342 
0.998699 -0.00165522 0.0509741 -0.439091 0.0018376 0.999992 -0.00353119 0.468731 -0.0509678 0.00362027 0.998694 -19.3265 
0.998851 -0.00398375 0.0477601 -0.350029 0.00434473 0.999963 -0.00745669 0.450358 -0.0477287 0.00765562 0.998831 -17.416 
0.998959 -0.00685308 0.0451027 -0.304767 0.00720252 0.999945 -0.0075896 0.440182 -0.0450482 0.00790655 0.998954 -16.4345 
0.999111 -0.00760963 0.0414656 -0.266099 0.00792594 0.999941 -0.00746924 0.42642 -0.0414063 0.00779125 0.999112 -15.4342 
0.999283 -0.00624529 0.0373463 -0.233253 0.00655518 0.999945 -0.00818122 0.411887 -0.0372931 0.00842016 0.999269 -14.4178 
0.999567 -0.00217457 0.0293476 -0.187344 0.00239987 0.999968 -0.00764375 0.383568 -0.02933 0.00771087 0.99954 -12.3627 
0.999837 -0.000457356 0.0180531 -0.127691 0.000561378 0.999983 -0.00575735 0.326071 -0.0180502 0.00576655 0.99982 -8.36575 
0.999876 -0.0020686 0.0156062 -0.112983 0.00213695 0.999988 -0.00436417 0.311477 -0.015597 0.00439698 0.999869 -7.33337 
0.999911 -0.0029566 0.0129981 -0.101245 0.00301305 0.999986 -0.00432549 0.297425 -0.0129852 0.00436427 0.999906 -6.28215 
0.999961 -0.00182068 0.00858428 -0.090134 0.00186231 0.999987 -0.0048438 0.268047 -0.00857535 0.0048596 0.999951 -4.16315 
0.999974 -0.000266205 0.00715284 -0.0899964 0.000299235 0.999989 -0.00461705 0.253166 -0.00715154 0.00461907 0.999964 -3.09063 
0.999984 0.000887211 0.0056554 -0.0873603 -0.000865641 0.999992 -0.00381533 0.222008 -0.00565874 0.00381038 0.999977 -0.940552 
0.999988 0.00035476 0.00492056 -0.0852494 -0.000335489 0.999992 -0.00391665 0.206849 -0.00492191 0.00391495 0.99998 0.141232 
0.999992 -0.00019266 0.0040129 -0.0844988 0.000208917 0.999992 -0.00405103 0.1917 -0.00401209 0.00405183 0.999984 1.22678 
0.999993 -7.6166e-05 0.00376881 -0.0886107 8.61192e-05 0.999997 -0.00264084 0.161084 -0.0037686 0.00264115 0.999989 3.41575 
0.999991 0.000942328 0.00412035 -0.0925965 -0.000933821 0.999997 -0.00206602 0.146451 -0.00412228 0.00206215 0.999989 4.51551 
0.999986 0.00249977 0.00473226 -0.0958205 -0.00249318 0.999996 -0.00139689 0.133021 -0.00473573 0.00138507 0.999988 5.62073 
0.999957 0.00596694 0.00711407 -0.099009 -0.00595005 0.999979 -0.00239317 0.105927 -0.00712821 0.00235074 0.999972 7.82943 
0.999939 0.00697306 0.0085455 -0.0961118 -0.00694352 0.99997 -0.00348112 0.0922664 -0.00856952 0.00342157 0.999957 8.93628 
0.999925 0.00710717 0.00997321 -0.0909079 -0.00707999 0.999971 -0.00275787 0.0788375 -0.00999253 0.00268705 0.999946 10.053 
0.999896 0.00599827 0.0131389 -0.0748228 -0.00604678 0.999975 0.00365539 0.0548925 -0.0131166 -0.00373445 0.999907 12.3065 
0.999879 0.00544608 0.0145392 -0.0614354 -0.00552802 0.999969 0.00560154 0.0473632 -0.0145082 -0.00568124 0.999879 13.4421 
0.999861 0.0042601 0.0161087 -0.0464871 -0.00435518 0.999973 0.00587185 0.0422154 -0.0160833 -0.00594119 0.999853 14.5824 
0.999836 0.00455063 0.0175352 -0.0319488 -0.00462832 0.99998 0.00439219 0.0371076 -0.0175148 -0.00447263 0.999837 15.7313 
0.999812 0.00322511 0.0191248 -0.0151073 -0.00327837 0.999991 0.00275401 0.03225 -0.0191157 -0.00281619 0.999813 16.8887 
0.99979 0.0014899 0.0204361 0.00422018 -0.00152438 0.999997 0.00167176 0.0243573 -0.0204336 -0.00170256 0.99979 18.0549 
0.999726 -0.00345457 0.0231542 0.0533415 0.00347767 0.999993 -0.000957167 0.00376159 -0.0231507 0.00103743 0.999731 20.3868 
0.999703 -0.00457969 0.0239478 0.080413 0.00464067 0.999986 -0.00249144 -0.00795518 -0.0239361 0.00260184 0.99971 21.5618 
0.999688 -0.00431316 0.0245981 0.105025 0.00441957 0.999981 -0.00427293 -0.0227644 -0.0245792 0.00438031 0.999688 22.7443 
0.999646 -0.00125963 0.0265868 0.152329 0.00127494 0.999999 -0.000558863 -0.0523452 -0.026586 0.000592562 0.999646 25.1275 
0.999627 0.00116252 0.0272899 0.175305 -0.0012034 0.999998 0.00148152 -0.0654526 -0.0272881 -0.00151381 0.999626 26.3257 
0.999619 0.0016156 0.0275453 0.201389 -0.00160303 0.999999 -0.000478499 -0.0775187 -0.027546 0.000434161 0.99962 27.5255 
0.999631 0.000581706 0.0271419 0.255921 -0.000427398 0.999984 -0.00569066 -0.106626 -0.0271448 0.00567697 0.999615 29.9352 
0.999645 -0.000490671 0.0266359 0.284956 0.000660205 0.99998 -0.00635644 -0.125687 -0.0266322 0.00637177 0.999625 31.1441 
0.999658 -0.0015486 0.0261233 0.312382 0.00164225 0.999992 -0.00356383 -0.144701 -0.0261176 0.00360551 0.999652 32.3552 
0.999679 -0.00286879 0.0251614 0.363636 0.002892 0.999995 -0.000886309 -0.17854 -0.0251587 0.000958791 0.999683 34.7876 
0.999697 -0.00327479 0.0244083 0.389284 0.0033163 0.999993 -0.00166026 -0.193429 -0.0244027 0.0017407 0.999701 36.009 
0.999723 -0.00427126 0.023145 0.435161 0.00433197 0.999987 -0.00257338 -0.227703 -0.0231337 0.00267293 0.999729 38.4519 
0.99974 -0.00424452 0.022382 0.456312 0.00430412 0.999987 -0.00261548 -0.245271 -0.0223706 0.00271113 0.999746 39.6406 
0.999774 -0.00315946 0.0210116 0.491535 0.00318139 0.999994 -0.00101059 -0.282078 -0.0210083 0.00107721 0.999779 42.0558 
0.999799 -0.002489 0.0198877 0.509302 0.00249424 0.999997 -0.00023904 -0.298791 -0.0198871 0.000288597 0.999802 43.2427 
0.999819 -0.00217691 0.0188817 0.525267 0.00216303 0.999997 0.000755243 -0.314602 -0.0188833 -0.000714265 0.999821 44.4296 
0.999837 -0.00246912 0.0178956 0.539706 0.00244327 0.999996 0.00146612 -0.329164 -0.0178992 -0.00142216 0.999839 45.6026 
0.999857 -0.0024074 0.016741 0.553593 0.00238088 0.999996 0.00160424 -0.342689 -0.0167448 -0.00156415 0.999859 46.7875 
0.999895 -0.0029739 0.0141924 0.593201 0.00297111 0.999996 0.00021722 -0.389769 -0.014193 -0.000175029 0.999899 50.3921 
0.999903 -0.00378095 0.0133921 0.604704 0.00377466 0.999993 0.000495274 -0.406753 -0.0133938 -0.000444676 0.99991 51.5642 
0.999919 -0.00300759 0.0123654 0.613511 0.00300964 0.999995 -0.000147324 -0.423368 -0.0123649 0.000184527 0.999924 52.7355 
0.99994 -0.000867706 0.010894 0.625837 0.000845217 0.999998 0.00206886 -0.45411 -0.0108957 -0.00205953 0.999939 55.1054 
0.999946 -0.00011728 0.0103471 0.632584 3.65416e-05 0.99997 0.00780281 -0.46601 -0.0103477 -0.00780201 0.999916 56.276 
0.999963 -0.00148822 0.0084357 0.647555 0.00139369 0.999936 0.0112001 -0.476293 -0.00845183 -0.0111879 0.999902 58.6377 
0.999969 -0.00259244 0.00740126 0.653361 0.00252352 0.999954 0.0093062 -0.479018 -0.00742504 -0.00928724 0.999929 59.7944 
0.999976 -0.00248149 0.00645862 0.656365 0.00242523 0.999959 0.00870438 -0.484427 -0.00647995 -0.0086885 0.999941 60.9503 
0.999979 -0.00436427 0.00485305 0.659421 0.00431225 0.999934 0.0106785 -0.496348 -0.00489933 -0.0106573 0.999931 63.2929 
0.999978 -0.00530552 0.00399906 0.661467 0.00525704 0.999914 0.0120388 -0.500025 -0.00406259 -0.0120175 0.99992 64.444 
0.999969 -0.00703943 0.00365503 0.663156 0.00699428 0.999901 0.012223 -0.50458 -0.00374071 -0.0121971 0.999919 65.5867 
0.999972 -0.00673916 0.00330466 0.661766 0.00669772 0.999901 0.012396 -0.508267 -0.00338788 -0.0123735 0.999918 66.7171 
0.999974 -0.00577272 0.00422815 0.657892 0.00573479 0.999944 0.00893067 -0.512556 -0.00427947 -0.0089062 0.999951 67.4909 
0.999981 -0.00469641 0.00392413 0.664898 0.00466869 0.999964 0.00704343 -0.496594 -0.00395707 -0.00702498 0.999967 68.3478 
0.999993 -0.00347823 0.00119346 0.675698 0.0034693 0.999967 0.00740266 -0.476359 -0.00121917 -0.00739847 0.999972 69.0883 
0.999988 -0.00161913 0.00454093 0.667816 0.00158824 0.999976 0.00679649 -0.511657 -0.00455183 -0.0067892 0.999967 72.3588 
0.999982 -0.00161235 0.00574813 0.669826 0.00157383 0.999976 0.00669967 -0.523968 -0.00575879 -0.0066905 0.999961 73.397 
0.999975 -0.000814543 0.00707748 0.671356 0.000766237 0.999976 0.00682531 -0.535604 -0.00708287 -0.00681972 0.999952 74.4155 
0.999965 -0.000208113 0.00841498 0.674664 0.000155538 0.99998 0.00624801 -0.548548 -0.00841612 -0.00624648 0.999945 75.4206 
0.99998 -0.00152358 0.00608974 0.693173 0.00148565 0.999979 0.00622912 -0.529593 -0.00609911 -0.00621995 0.999962 76.022 
0.999976 -0.00164749 0.00670813 0.710691 0.00160934 0.999983 0.00568796 -0.536556 -0.00671739 -0.00567703 0.999961 76.8755 
0.99994 -0.00314314 0.0105196 0.742206 0.00308233 0.999978 0.00579109 -0.576992 -0.0105376 -0.00575831 0.999928 79.6427 
0.999907 -0.00324291 0.0132121 0.761959 0.00314018 0.999965 0.00778843 -0.594313 -0.0132369 -0.00774622 0.999882 81.2667 
0.999877 -0.00396449 0.0152036 0.763969 0.0038255 0.999951 0.00915995 -0.605819 -0.0152391 -0.00910066 0.999842 82.1142 
0.999811 -0.000773705 0.0194198 0.783176 0.00056296 0.999941 0.0108552 -0.634322 -0.0194271 -0.0108422 0.999752 83.6044 
0.999768 -0.00164853 0.0214629 0.802277 0.00136076 0.999909 0.0134153 -0.645906 -0.0214831 -0.013383 0.99968 85.3386 
0.999763 -0.00587011 0.020965 0.83112 0.0055364 0.999858 0.0159404 -0.662044 -0.0210556 -0.0158205 0.999653 86.8019 
0.999867 -0.013136 0.00968305 0.848898 0.0129846 0.999795 0.0155389 -0.672187 -0.00988519 -0.0154111 0.999832 88.178 
0.999613 -0.0196676 -0.0196826 0.826635 0.01999 0.999667 0.0163196 -0.681576 0.019355 -0.0167067 0.999673 89.4606 
0.997595 -0.0223788 -0.0656003 0.739006 0.0235596 0.999573 0.0172826 -0.692355 0.0651855 -0.0187865 0.997696 90.6539 
0.991241 -0.0242449 -0.129821 0.567494 0.0265517 0.999518 0.0160682 -0.698251 0.129369 -0.0193744 0.991407 91.7406 
0.957237 -0.00561049 -0.289251 -0.013032 0.010947 0.999798 0.0168348 -0.700208 0.289099 -0.0192814 0.957105 93.6854 
0.924645 0.0122555 -0.380633 -0.43606 -0.00421097 0.99975 0.0219603 -0.697422 0.380807 -0.0187026 0.924465 94.5341 
0.879537 0.0309275 -0.474824 -0.927994 -0.0186058 0.999358 0.0306285 -0.694069 0.475467 -0.0181045 0.879547 95.3227 
0.822366 0.0459081 -0.567103 -1.51419 -0.0273277 0.998776 0.0412244 -0.680429 0.568302 -0.0184039 0.822614 96.0523 
0.788601 0.0511071 -0.612778 -1.83159 -0.0283101 0.998501 0.0468443 -0.678792 0.614253 -0.0195937 0.788866 96.3609 
0.750772 0.0534253 -0.658398 -2.30433 -0.0267739 0.998366 0.0504814 -0.657557 0.660019 -0.0202721 0.750975 96.656 
0.66753 0.051291 -0.742814 -2.97173 -0.0183726 0.998455 0.0524324 -0.640228 0.744356 -0.0213528 0.667441 97.3273 
0.57045 0.0521168 -0.819677 -3.587 -0.0162203 0.998505 0.0521987 -0.567014 0.821172 -0.0164814 0.570443 98.0775 
0.521025 0.0542662 -0.851815 -4.05481 -0.0155226 0.998414 0.054111 -0.542681 0.8534 -0.0149708 0.521041 98.2511 
0.470007 0.0567256 -0.880838 -4.53575 -0.0168462 0.998327 0.0553029 -0.519445 0.882502 -0.011154 0.470176 98.3954 
0.366989 0.0543866 -0.928634 -5.44035 -0.00857706 0.998445 0.0550855 -0.482913 0.930186 -0.0122508 0.366885 98.7644 
0.318238 0.0495812 -0.946713 -5.8775 -0.00945451 0.998748 0.0491283 -0.427858 0.947964 -0.00668378 0.318309 98.9413 
0.235511 0.0524448 -0.970456 -6.89324 -0.0152269 0.99862 0.0502715 -0.377409 0.971753 0.00293752 0.235984 99.1144 
0.200494 0.0511773 -0.978357 -7.39395 -0.0178459 0.99866 0.0485821 -0.343509 0.979532 0.00771925 0.201138 99.1952 
0.148335 0.0452947 -0.987899 -8.42445 -0.0137276 0.998949 0.0437401 -0.307083 0.988842 0.00707326 0.148801 99.3361 
0.130271 0.040598 -0.990647 -8.94454 -0.0138405 0.999138 0.039126 -0.292095 0.991382 0.00861408 0.130721 99.3602 
0.11561 0.0347872 -0.992685 -9.4464 -0.0144436 0.99934 0.0333383 -0.279031 0.99319 0.0104838 0.116036 99.3989 
0.088483 0.0393026 -0.995302 -11.0748 -0.00495174 0.999226 0.0390174 -0.224491 0.996065 0.0014761 0.0886092 99.5539 
0.0819995 0.0425039 -0.995726 -12.2905 -0.00442375 0.999096 0.0422835 -0.195758 0.996623 0.000937613 0.0821134 99.6518 
0.081624 0.0414445 -0.995801 -13.4311 0.00121517 0.99913 0.0416827 -0.149985 0.996662 -0.00461237 0.0815027 99.7483 
0.0815392 0.040627 -0.995842 -15.9267 0.0085359 0.999104 0.041459 -0.0586526 0.996634 -0.0118809 0.0811194 99.9724 
0.0816665 0.0403942 -0.995841 -16.5461 0.0120582 0.999065 0.0415138 -0.0313795 0.996587 -0.0153983 0.0811031 100.015 
0.0791016 0.0394103 -0.996087 -17.8936 0.0216727 0.998914 0.0412432 0.0177048 0.996631 -0.0248503 0.0781616 100.117 
0.0523131 0.0404159 -0.997813 -20.8614 0.0349275 0.998495 0.0422747 0.125454 0.99802 -0.0370626 0.0508228 100.294 
0.0293925 0.0438923 -0.998604 -22.4918 0.0333964 0.998435 0.0448678 0.182406 0.99901 -0.0346685 0.0278806 100.363 
0.00810063 0.0429016 -0.999046 -24.0916 0.0308923 0.998592 0.0431325 0.24556 0.99949 -0.0312122 0.0067639 100.36 
-0.0216754 0.0360872 -0.999114 -27.5655 0.0134771 0.999268 0.0358004 0.342692 0.999674 -0.0126892 -0.0221459 100.255 
-0.0111702 0.0401719 -0.99913 -31.0355 -0.00218728 0.999189 0.0401987 0.422791 0.999935 0.00263441 -0.0110733 100.155 
-0.00330604 0.0391335 -0.999229 -31.8831 -0.00533388 0.999219 0.0391508 0.443962 0.99998 0.0054592 -0.00309472 100.143 
0.00647285 0.0385846 -0.999234 -32.7287 -0.00819215 0.999224 0.0385311 0.465606 0.999945 0.00793647 0.00678392 100.139 
0.0268646 0.0429155 -0.998717 -34.3644 -0.0112973 0.999027 0.042625 0.514084 0.999575 0.0101378 0.0273233 100.169 
0.0382613 0.0445589 -0.998274 -35.1853 -0.0119364 0.998954 0.0441317 0.537316 0.999196 0.0102273 0.0387531 100.199 
0.0501564 0.043513 -0.997793 -36.0181 -0.0119059 0.999006 0.0429674 0.566626 0.99867 0.00972455 0.0506246 100.249 
0.0631032 0.0420978 -0.997119 -36.8028 -0.0117751 0.999072 0.041435 0.592885 0.997938 0.00912652 0.0635403 100.295 
0.0877569 0.0419729 -0.995257 -38.4627 -0.00930453 0.999103 0.0413146 0.639979 0.996098 0.00563476 0.0880687 100.43 
0.0993497 0.0428365 -0.99413 -39.2918 -0.00865041 0.999072 0.042185 0.662468 0.995015 0.00440856 0.0996281 100.508 
0.118165 0.0415433 -0.992125 -40.8489 -0.00744065 0.999133 0.0409505 0.710575 0.992966 0.00254313 0.118372 100.683 
0.124259 0.0397817 -0.991452 -41.6754 -0.00585984 0.999208 0.0393585 0.735977 0.992233 0.000919121 0.124393 100.798 
0.127842 0.0368718 -0.991109 -42.4534 -0.00665441 0.999318 0.0363189 0.749154 0.991772 0.00195218 0.128 100.889 
0.128624 0.0326197 -0.991157 -45.8849 -0.00473448 0.999468 0.0322788 0.832211 0.991682 0.000540783 0.12871 101.337 
0.12359 0.0365486 -0.99166 -47.6087 -0.00411364 0.999332 0.0363187 0.868396 0.992325 -0.000409308 0.123658 101.536 
0.120429 0.0403513 -0.991902 -51.1753 -0.0129029 0.999153 0.0390797 0.958203 0.992638 0.00809208 0.120848 101.942 
0.130458 0.0406266 -0.990621 -52.9831 -0.0242227 0.998992 0.03778 1.00019 0.991158 0.0190668 0.131311 102.151 
0.152952 0.0383903 -0.987488 -54.709 -0.0353455 0.998818 0.0333561 1.03599 0.987601 0.0298014 0.154128 102.386 
0.226297 0.0421354 -0.973147 -58.0175 -0.0394834 0.99864 0.0340577 1.09023 0.973258 0.030716 0.227653 103.041 
0.26772 0.0428455 -0.962544 -59.6286 -0.0367346 0.998738 0.0342393 1.11586 0.962796 0.0261921 0.268956 103.48 
0.287335 0.0399315 -0.956998 -60.4442 -0.0319273 0.998975 0.032097 1.13463 0.957298 0.0213317 0.288315 103.74 
0.342669 0.0382408 -0.938678 -62.8685 -0.0214766 0.999229 0.0328675 1.18051 0.939211 0.00889691 0.343226 104.588 
0.358177 0.03734 -0.932907 -63.6657 -0.0213031 0.999267 0.031817 1.20013 0.933411 0.00847771 0.358709 104.889 
0.374227 0.0396426 -0.92649 -64.588 -0.0175454 0.99921 0.0356673 1.22646 0.927171 0.00290796 0.374626 105.259 
0.384141 0.0482291 -0.922014 -65.3819 -0.0163081 0.998833 0.0454529 1.25255 0.923131 -0.00242402 0.384479 105.593 
