0.817228 0.061902 -0.572981 -228.476 -0.0536961 0.998068 0.0312411 13.7247 0.573808 0.00523574 0.818973 -239.849 
0.815417 0.0576258 -0.575999 -229.49 -0.0518778 0.998304 0.026434 13.7517 0.576545 0.00832684 0.817023 -238.423 
0.814675 0.0577958 -0.577031 -229.998 -0.0526769 0.998283 0.0256173 13.7642 0.577521 0.0095265 0.81632 -237.713 
0.813823 0.0638011 -0.5776 -231.532 -0.0556212 0.997943 0.031863 13.8016 0.578445 0.0061959 0.815698 -235.582 
0.813703 0.0646948 -0.577669 -232.546 -0.0579594 0.997865 0.0301123 13.8306 0.578384 0.00897896 0.815715 -234.177 
0.813775 0.0650403 -0.577529 -233.053 -0.0588485 0.997832 0.0294529 13.8454 0.578193 0.0100187 0.815838 -233.474 
0.81411 0.0653098 -0.577026 -233.558 -0.0589465 0.997817 0.0297703 13.8589 0.57771 0.00977732 0.816183 -232.77 
0.815226 0.0646738 -0.575521 -234.563 -0.0578413 0.997869 0.0302027 13.8876 0.576247 0.00866684 0.817229 -231.362 
0.815754 0.0639665 -0.574851 -235.059 -0.0568516 0.997921 0.0303671 13.9013 0.575598 0.0079091 0.817694 -230.662 
0.816206 0.0621828 -0.574404 -236.048 -0.0564667 0.998017 0.0278045 13.9264 0.574994 0.00974049 0.818099 -229.273 
0.815981 0.0639325 -0.574532 -236.544 -0.0570417 0.99792 0.0300324 13.9415 0.575257 0.00826644 0.817931 -228.577 
0.814001 0.070657 -0.57655 -238.034 -0.0595104 0.997496 0.0382249 13.9933 0.577807 0.00319564 0.816167 -226.505 
0.812514 0.0699909 -0.578724 -238.527 -0.0588486 0.997543 0.0380209 14.0135 0.579963 0.00316458 0.814637 -225.82 
0.810516 0.0701171 -0.581505 -239.025 -0.0607392 0.997518 0.0356196 14.0337 0.582559 0.00644989 0.812763 -225.137 
0.80894 0.0684294 -0.583895 -239.527 -0.0606459 0.997617 0.0328954 14.0538 0.584755 0.00880038 0.811162 -224.452 
0.807547 0.0681781 -0.58585 -240.034 -0.0601964 0.997637 0.0331238 14.0769 0.586724 0.00851707 0.809742 -223.761 
0.806507 0.0681823 -0.587281 -240.548 -0.0596793 0.997643 0.0338677 14.0972 0.588205 0.00773394 0.808675 -223.066 
0.805483 0.065474 -0.588991 -241.064 -0.0584125 0.99781 0.0310367 14.1178 0.589733 0.0094049 0.807544 -222.368 
0.804295 0.0610197 -0.59109 -242.11 -0.0547012 0.998093 0.0286039 14.1612 0.591708 0.00932732 0.806099 -220.949 
0.804076 0.0635449 -0.59112 -242.647 -0.056841 0.997934 0.0299585 14.1783 0.591803 0.009511 0.806027 -220.229 
0.804506 0.0677005 -0.590074 -243.733 -0.0644595 0.997567 0.0265691 14.2168 0.590437 0.0166609 0.806912 -218.777 
0.805042 0.0715882 -0.588883 -244.282 -0.0678912 0.997288 0.0284247 14.2335 0.589321 0.0170969 0.807718 -218.043 
0.805532 0.0740624 -0.587905 -244.831 -0.0690754 0.997131 0.0309699 14.2504 0.588512 0.0156625 0.808337 -217.3 
0.806014 0.0739918 -0.587253 -245.382 -0.067218 0.99718 0.0333833 14.2707 0.588067 0.0125666 0.808715 -216.551 
0.80682 0.0706704 -0.586555 -246.479 -0.0615758 0.997472 0.0354803 14.312 0.58758 0.00749135 0.809132 -215.05 
0.807014 0.0690506 -0.586482 -247.026 -0.0600166 0.997588 0.0348686 14.332 0.587475 0.00705921 0.809211 -214.301 
0.806016 0.0683612 -0.587932 -248.122 -0.0600238 0.997628 0.0337094 14.3698 0.588842 0.00811965 0.808207 -212.814 
0.805006 0.0677455 -0.589387 -248.668 -0.0596315 0.997667 0.0332273 14.3868 0.590263 0.00839784 0.807167 -212.077 
0.803964 0.0682721 -0.590746 -249.215 -0.060765 0.99762 0.0325972 14.4032 0.591566 0.00968976 0.806199 -211.343 
0.801929 0.067628 -0.59358 -250.308 -0.0608353 0.997651 0.0314761 14.4356 0.594315 0.010869 0.804159 -209.882 
0.801071 0.0663192 -0.594884 -250.851 -0.0605218 0.997724 0.02973 14.4501 0.595502 0.0121876 0.803262 -209.159 
0.798676 0.0667978 -0.598042 -251.983 -0.0642851 0.997604 0.0255748 14.4674 0.598317 0.0180192 0.801057 -207.659 
0.797398 0.0696486 -0.59942 -252.574 -0.0674092 0.997381 0.0262157 14.4692 0.599676 0.0195021 0.800005 -206.881 
0.795975 0.075455 -0.600608 -253.704 -0.0720394 0.996957 0.0297762 14.4827 0.601028 0.0195664 0.798989 -205.402 
0.796417 0.0795794 -0.599489 -255.333 -0.0739656 0.99668 0.0340417 14.5138 0.600207 0.0172302 0.799659 -203.265 
0.79661 0.082641 -0.598818 -255.889 -0.0764386 0.99643 0.0358277 14.519 0.599641 0.0172321 0.800083 -202.53 
0.804183 0.0840671 -0.588407 -257.834 -0.0785008 0.996298 0.0350555 14.5623 0.589176 0.0179994 0.807804 -199.937 
0.811832 0.0837647 -0.577851 -258.728 -0.080142 0.996275 0.0318264 14.5719 0.578365 0.0204725 0.815521 -198.701 
0.824642 0.0789556 -0.560117 -259.64 -0.0753005 0.99672 0.0296378 14.5853 0.56062 0.0177365 0.827883 -197.354 
0.843279 0.0762523 -0.53204 -260.46 -0.0751685 0.996888 0.0237333 14.5874 0.532194 0.0199789 0.846386 -196.069 
0.870055 0.0722369 -0.487634 -261.062 -0.074308 0.997121 0.0151279 14.5781 0.487322 0.023073 0.872917 -195.017 
0.885962 0.0709217 -0.458302 -261.296 -0.0738042 0.997205 0.0116425 14.5755 0.457847 0.0235098 0.88872 -194.553 
0.922084 0.0677639 -0.38101 -261.682 -0.0720418 0.997397 0.00304172 14.5592 0.380225 0.0246439 0.924566 -193.59 
0.940847 0.0655356 -0.332434 -261.822 -0.0699057 0.997553 -0.00118911 14.5506 0.331543 0.0243578 0.943126 -193.127 
0.958302 0.0647684 -0.278321 -261.931 -0.0679907 0.997684 -0.00193038 14.5413 0.277552 0.0207731 0.960486 -192.661 
0.974108 0.0653627 -0.21643 -262.03 -0.0674195 0.997722 -0.00212537 14.513 0.215798 0.0166619 0.976296 -192.071 
0.986298 0.0652294 -0.151528 -262.045 -0.0664233 0.997788 -0.00282553 14.499 0.151008 0.0128518 0.988449 -191.507 
0.998032 0.0621216 -0.00854398 -261.998 -0.0622113 0.998006 -0.0106631 14.4677 0.00786453 0.0111737 0.999907 -190.457 
0.996141 0.0602796 0.0637875 -261.903 -0.0593953 0.998112 -0.0156723 14.4521 -0.0646118 0.0118231 0.99784 -189.905 
0.97663 0.0558575 0.207542 -261.638 -0.0520712 0.998363 -0.0236662 14.4166 -0.208525 0.0123062 0.97794 -188.882 
0.959508 0.0520767 0.276824 -261.437 -0.0464175 0.998558 -0.0269616 14.3967 -0.277829 0.0130204 0.960542 -188.362 
0.907657 0.04605 0.417179 -261.095 -0.0361834 0.998848 -0.0315328 14.3511 -0.418151 0.013526 0.908277 -187.324 
0.841878 0.0384974 0.538294 -260.613 -0.0266601 0.999201 -0.0297647 14.301 -0.539009 0.0107072 0.842232 -186.417 
0.771685 0.0331173 0.635142 -259.97 -0.0214653 0.999431 -0.0260319 14.2274 -0.635642 0.00645497 0.771957 -185.612 
0.701021 0.0325561 0.712397 -259.278 -0.0203019 0.999464 -0.0256971 14.1786 -0.712851 0.0035512 0.701306 -184.813 
0.669388 0.0301695 0.7423 -258.867 -0.0182048 0.999541 -0.024208 14.1486 -0.74269 0.00269114 0.66963 -184.47 
0.581583 0.0310849 0.812893 -257.472 -0.0248959 0.999482 -0.0204084 14.0824 -0.813106 -0.00836851 0.582056 -183.425 
0.549679 0.0329716 0.834725 -256.967 -0.0284442 0.99938 -0.0207445 14.0605 -0.834891 -0.0123403 0.550276 -183.096 
0.488007 0.0372278 0.872045 -255.822 -0.0322701 0.999176 -0.0245963 14.0239 -0.872243 -0.0161378 0.488807 -182.515 
0.456661 0.0393799 0.888769 -255.189 -0.0327487 0.999087 -0.0274412 14.0102 -0.889038 -0.0165747 0.457534 -182.212 
0.398928 0.0396484 0.916125 -253.901 -0.0265953 0.999145 -0.0316604 13.966 -0.916597 -0.0117344 0.399641 -181.684 
0.372483 0.039727 0.927188 -253.251 -0.0224282 0.999177 -0.0338013 13.9568 -0.927768 -0.00820474 0.373067 -181.457 
0.346672 0.0405974 0.937107 -252.578 -0.0189801 0.999162 -0.0362643 13.944 -0.937794 -0.00521462 0.347152 -181.239 
0.296036 0.0409486 0.954299 -251.173 -0.00689799 0.999146 -0.0407332 13.8848 -0.955152 0.00547572 0.296065 -180.798 
0.272372 0.0388539 0.961407 -250.389 0.00139806 0.999167 -0.040776 13.8416 -0.962191 0.0124504 0.272091 -180.619 
0.250856 0.0345562 0.967408 -249.591 0.00708486 0.99927 -0.0375315 13.7985 -0.967999 0.0162689 0.250428 -180.449 
0.17786 0.033258 0.983494 -246.331 0.0185486 0.999138 -0.0371414 13.6484 -0.983881 0.0248484 0.17709 -179.788 
0.141825 0.0344184 0.989293 -244.566 0.0163981 0.999177 -0.0371131 13.5781 -0.989756 0.0214861 0.141144 -179.52 
0.123038 0.0332418 0.991845 -243.56 0.0203059 0.999145 -0.0360054 13.5503 -0.992194 0.0245703 0.122258 -179.383 
0.110201 0.0323666 0.993382 -242.671 0.0222931 0.999138 -0.0350272 13.5081 -0.993659 0.0260056 0.109385 -179.291 
0.0921966 0.0407023 0.994909 -240.902 0.0314285 0.998547 -0.0437636 13.42 -0.995245 0.0353034 0.0907835 -179.151 
0.0857556 0.0441797 0.995336 -240.044 0.0348989 0.99827 -0.0473168 13.3677 -0.995705 0.0387939 0.0840655 -179.096 
0.0740878 0.042806 0.996333 -238.101 0.0357836 0.998321 -0.0455523 13.2591 -0.99661 0.0390273 0.0724317 -178.943 
0.0693887 0.0406293 0.996762 -236.991 0.0361645 0.998411 -0.0432141 13.2076 -0.996934 0.039046 0.0678091 -178.862 
0.0660924 0.040241 0.997002 -236.112 0.0390033 0.998319 -0.0428797 13.167 -0.997051 0.0417204 0.0644117 -178.805 
0.0604225 0.0400284 0.99737 -234.192 0.0363903 0.998443 -0.042276 13.0772 -0.997509 0.038849 0.0588718 -178.681 
0.0582686 0.0397198 0.99751 -233.289 0.0377503 0.998406 -0.0419606 13.0349 -0.997587 0.0401013 0.0566763 -178.629 
0.0523381 0.0419616 0.997747 -231.324 0.0344568 0.998446 -0.0437985 12.937 -0.998035 0.0366716 0.0508109 -178.515 
0.0491579 0.0414452 0.997931 -230.428 0.0337532 0.998499 -0.0431315 12.9 -0.998221 0.0358036 0.0476852 -178.46 
0.0458205 0.0396214 0.998164 -229.114 0.032582 0.998622 -0.0411352 12.8293 -0.998418 0.034407 0.0444664 -178.38 
0.0382583 0.0391013 0.998503 -227.082 0.0295985 0.998751 -0.0402451 12.7224 -0.998829 0.0310938 0.0370531 -178.282 
0.0335512 0.0375243 0.998732 -226.109 0.0273286 0.998887 -0.0384482 12.6707 -0.999063 0.028584 0.0324884 -178.237 
0.0273624 0.0371366 0.998936 -224.05 0.025691 0.998953 -0.037841 12.5684 -0.999295 0.026699 0.0263797 -178.163 
0.0256132 0.0376513 0.998963 -223.059 0.0233444 0.998995 -0.0382511 12.5127 -0.999399 0.0242999 0.0247085 -178.143 
0.0237946 0.0361816 0.999062 -222.061 0.0201612 0.999124 -0.0366641 12.4558 -0.999514 0.0210147 0.0230443 -178.124 
0.0210037 0.0358261 0.999137 -220.965 0.0186426 0.99917 -0.0362192 12.4011 -0.999606 0.0193873 0.0203184 -178.096 
0.0150609 0.0383728 0.99915 -218.782 0.0160649 0.999125 -0.038614 12.2946 -0.999758 0.0166328 0.0144313 -178.047 
0.0123556 0.0370934 0.999235 -217.685 0.0144319 0.999201 -0.0372706 12.2373 -0.99982 0.0148813 0.0118104 -178.026 
0.00770167 0.0374695 0.999268 -215.506 0.0156647 0.999171 -0.0375866 12.1275 -0.999848 0.0159428 0.00710833 -178.001 
0.00578636 0.0354634 0.999354 -214.414 0.0153719 0.99925 -0.0355487 12.073 -0.999865 0.0155677 0.00523688 -177.989 
0.00214884 0.0327682 0.999461 -212.265 0.0128388 0.99938 -0.0327932 11.967 -0.999915 0.0129024 0.0017268 -177.969 
0.000492872 0.0318096 0.999494 -211.183 0.0122651 0.999419 -0.0318132 11.9164 -0.999925 0.0122746 0.000102437 -177.963 
-0.00377201 0.0266016 0.999639 -207.989 0.0147994 0.999538 -0.0265431 11.7732 -0.999883 0.014694 -0.00416396 -177.959 
-0.00515955 0.0258393 0.999653 -206.926 0.0156213 0.999546 -0.0257559 11.7284 -0.999865 0.015483 -0.00556085 -177.962 
-0.00856967 0.0304018 0.999501 -203.764 0.0153636 0.999424 -0.0302677 11.5937 -0.999845 0.0150966 -0.00903181 -177.973 
-0.00869807 0.0300225 0.999511 -202.715 0.0164141 0.999419 -0.0298769 11.5471 -0.999827 0.0161462 -0.00918581 -177.98 
-0.008576 0.0279984 0.999571 -201.666 0.0176748 0.999456 -0.0278435 11.5013 -0.999807 0.0174285 -0.0090662 -177.99 
-0.00852632 0.0254863 0.999639 -199.619 0.0199513 0.99948 -0.025312 11.4146 -0.999765 0.0197283 -0.00903038 -178.003 
-0.00846011 0.0254695 0.99964 -198.588 0.0190151 0.999499 -0.025305 11.3714 -0.999783 0.0187942 -0.00894018 -178.008 
-0.00878175 0.0260997 0.999621 -195.511 0.0169128 0.99952 -0.0259485 11.2451 -0.999818 0.0166785 -0.00921896 -178.018 
-0.00897241 0.0263607 0.999612 -194.497 0.0167395 0.999516 -0.026208 11.2037 -0.99982 0.0164979 -0.00940933 -178.022 
-0.009487 0.0264319 0.999606 -192.495 0.0191051 0.999473 -0.026247 11.1196 -0.999772 0.0188485 -0.00998699 -178.036 
-0.0100488 0.0266777 0.999594 -191.489 0.0191928 0.999465 -0.0264813 11.0787 -0.999765 0.0189189 -0.0105554 -178.044 
-0.0151211 0.0314745 0.99939 -188.513 0.018706 0.999338 -0.0311899 10.9491 -0.999711 0.018223 -0.0156998 -178.07 
-0.0227828 0.0346638 0.999139 -185.625 0.0215626 0.999183 -0.0341737 10.8085 -0.999508 0.0207654 -0.0235117 -178.124 
-0.0255643 0.0331142 0.999125 -184.689 0.0239594 0.999184 -0.0325032 10.7597 -0.999386 0.0231075 -0.0263368 -178.149 
-0.0314711 0.0305491 0.999038 -182.869 0.0262787 0.999213 -0.0297266 10.669 -0.999159 0.0253179 -0.0322491 -178.205 
-0.0454991 0.0307787 0.99849 -179.417 0.0300452 0.999115 -0.0294289 10.5003 -0.998512 0.0286608 -0.0463836 -178.345 
-0.0448863 0.0334364 0.998432 -177.802 0.0366695 0.998821 -0.0318009 10.4174 -0.998319 0.0351846 -0.0460595 -178.427 
-0.0241399 0.028767 0.999295 -174.767 0.0463822 0.998542 -0.0276249 10.2679 -0.998632 0.0456826 -0.0254389 -178.541 
-0.00119618 0.0302403 0.999542 -173.367 0.0487184 0.998358 -0.0301462 10.2003 -0.998812 0.04866 -0.00266748 -178.55 
0.0282738 0.0278153 0.999213 -172.043 0.0496687 0.998339 -0.0291964 10.1369 -0.998365 0.0504551 0.0268453 -178.516 
0.0700537 0.0222628 0.997295 -170.812 0.0514069 0.998342 -0.0258972 10.0744 -0.996218 0.053082 0.0687931 -178.428 
0.138435 0.0184484 0.9902 -169.704 0.0545845 0.998165 -0.0262279 10.018 -0.988866 0.0576804 0.137173 -178.27 
0.232285 0.0166494 0.972505 -168.718 0.0510994 0.998264 -0.0292956 9.96332 -0.971305 0.0564993 0.23103 -178.013 
0.287246 0.0160904 0.957722 -168.257 0.0469751 0.998419 -0.0308632 9.93703 -0.956704 0.0538544 0.286036 -177.844 
0.407476 0.0145269 0.9131 -167.388 0.0415591 0.998543 -0.0344322 9.88539 -0.91227 0.0519779 0.406278 -177.424 
0.47043 0.0108208 0.882371 -166.973 0.0421734 0.998507 -0.0347294 9.86176 -0.881429 0.0535504 0.469271 -177.172 
0.594434 0.00619246 0.804121 -166.215 0.0348827 0.998831 -0.0334784 9.8108 -0.803387 0.0479506 0.593523 -176.569 
0.652354 0.00915554 0.757859 -165.884 0.0270491 0.999009 -0.0353523 9.78789 -0.757431 0.0435617 0.65146 -176.219 
0.755391 0.00590117 0.655248 -165.309 0.0195442 0.999312 -0.031531 9.74525 -0.654983 0.0366245 0.754756 -175.465 
0.800301 0.00390251 0.599585 -165.059 0.0144646 0.999562 -0.0258125 9.72967 -0.599423 0.0293305 0.799894 -175.053 
0.840642 0.00510614 0.541567 -164.84 0.00641296 0.999792 -0.0193809 9.71593 -0.541553 0.0197655 0.840434 -174.617 
0.903797 0.011158 0.427815 -164.478 -0.00670019 0.999906 -0.0119242 9.67952 -0.427908 0.00791064 0.903788 -173.689 
0.926892 0.0133111 0.375092 -164.325 -0.00949699 0.999883 -0.0120154 9.66312 -0.375208 0.00757478 0.92691 -173.204 
0.959285 0.021915 0.281588 -164.084 -0.0178809 0.999697 -0.0168879 9.64375 -0.281873 0.0111653 0.959387 -172.207 
0.969511 0.0285732 0.243375 -163.988 -0.024332 0.999495 -0.0204157 9.63708 -0.243836 0.0138714 0.969717 -171.676 
0.976596 0.0388591 0.21154 -163.907 -0.0354299 0.999172 -0.0199783 9.62905 -0.212142 0.0120159 0.977165 -171.104 
0.991574 0.0369836 0.124152 -163.602 -0.0364131 0.999313 -0.00686208 9.57653 -0.124321 0.00228349 0.992239 -168.709 
0.994255 0.045618 0.0968344 -163.506 -0.0447796 0.998938 -0.0108147 9.5595 -0.0972249 0.00641634 0.995242 -167.432 
0.995213 0.0435793 0.0874765 -163.458 -0.0426316 0.99901 -0.0126746 9.54946 -0.0879422 0.00888467 0.996086 -166.807 
0.996063 0.0391659 0.0795317 -163.404 -0.0382565 0.999184 -0.0129271 9.53922 -0.0799731 0.00983362 0.996749 -166.132 
0.996949 0.0370486 0.0687052 -163.266 -0.0361113 0.999238 -0.0148341 9.49897 -0.0692024 0.0123078 0.997527 -164.003 
0.997817 0.0292379 0.0592074 -163.177 -0.0282208 0.999441 -0.0179426 9.47239 -0.0596989 0.0162325 0.998084 -162.527 
0.999066 0.0253996 0.0349526 -163.058 -0.0247609 0.999521 -0.0185855 9.40256 -0.0354079 0.0177027 0.999216 -159.318 
0.999284 0.0268267 0.0266952 -163.025 -0.0262343 0.999407 -0.0222974 9.36283 -0.0272775 0.0215811 0.999395 -157.621 
0.999603 0.0191523 0.0206731 -162.991 -0.0187196 0.999606 -0.0209226 9.32141 -0.0210657 0.0205273 0.999567 -155.859 
0.999793 0.0178131 0.0098601 -162.956 -0.0176945 0.999772 -0.0119811 9.24686 -0.0100713 0.0118042 0.99988 -152.118 
0.999657 0.0249275 0.00809075 -162.969 -0.0248579 0.999654 -0.00859553 9.23343 -0.00830222 0.00839146 0.99993 -151.11 
0.999483 0.0313248 0.0071908 -162.981 -0.0312939 0.999501 -0.00437142 9.2205 -0.00732414 0.00414413 0.999965 -150.053 
0.99933 0.0358624 0.00724719 -162.99 -0.0358354 0.99935 -0.00381542 9.20506 -0.00737932 0.00355315 0.999966 -148.991 
0.99939 0.0341216 0.00747603 -162.981 -0.0340148 0.999324 -0.0139778 9.17843 -0.00794792 0.013715 0.999874 -146.979 
0.999509 0.0304334 0.00748878 -162.974 -0.0303293 0.999447 -0.0136358 9.15695 -0.00789962 0.013402 0.999879 -146.029 
0.999336 0.0354416 0.00850374 -162.968 -0.0353437 0.99931 -0.0113989 9.0672 -0.00890187 0.0110908 0.999899 -141.849 
0.999341 0.0354207 0.00793338 -162.965 -0.0353248 0.999305 -0.0119145 9.04288 -0.00834989 0.0116264 0.999898 -140.775 
0.999451 0.0324005 0.00697032 -162.959 -0.0322904 0.99936 -0.0153716 9.02088 -0.00746391 0.0151381 0.999858 -139.703 
0.99957 0.0288742 0.0051674 -162.952 -0.0287813 0.999437 -0.0172191 8.99522 -0.00566168 0.017063 0.999838 -138.626 
0.999615 0.027705 0.00115231 -162.947 -0.0276783 0.999438 -0.0189186 8.9349 -0.0016758 0.0188794 0.99982 -136.511 
0.999538 0.0303793 0.000353927 -162.954 -0.030371 0.999433 -0.0145076 8.90558 -0.000794458 0.0144902 0.999895 -135.515 
0.999469 0.032577 0.000513331 -162.963 -0.0325693 0.999408 -0.0111048 8.87552 -0.000874787 0.0110822 0.999938 -134.454 
0.999424 0.0339341 0.000910578 -162.975 -0.0339131 0.999273 -0.0174002 8.82128 -0.00150038 0.0173593 0.999848 -132.335 
0.999686 0.0247221 0.00416556 -162.967 -0.0247003 0.999681 -0.00519992 8.71486 -0.00429279 0.00509539 0.999978 -128.101 
0.999642 0.0262925 0.00501901 -162.969 -0.0262446 0.999611 -0.00939563 8.69688 -0.0052641 0.00926054 0.999943 -127.066 
0.999364 0.0346953 0.00819557 -162.981 -0.0346249 0.999364 -0.00857706 8.6249 -0.00848794 0.00828784 0.99993 -123.984 
0.999351 0.0347973 0.00927249 -162.967 -0.0346891 0.999331 -0.0115842 8.56711 -0.00966939 0.011255 0.99989 -120.756 
0.999439 0.0317374 0.0107426 -162.95 -0.0316478 0.999464 -0.00841252 8.52514 -0.0110038 0.00806782 0.999907 -118.648 
0.999521 0.0288266 0.0112343 -162.937 -0.0287846 0.999578 -0.00387897 8.50449 -0.0113414 0.00355374 0.999929 -117.606 
0.9997 0.0215785 0.0115857 -162.911 -0.0215113 0.999751 -0.00589152 8.4766 -0.01171 0.00564053 0.999916 -115.455 
0.999864 0.0120463 0.0112548 -162.864 -0.0119617 0.9999 -0.00754747 8.41117 -0.0113446 0.00741182 0.999908 -111.095 
0.999892 0.0100348 0.0107304 -162.853 -0.00990717 0.99988 -0.0118852 8.39219 -0.0108484 0.0117776 0.999872 -109.992 
0.999887 0.010971 0.0102295 -162.846 -0.010828 0.999844 -0.0139294 8.36962 -0.0103807 0.013817 0.999851 -108.876 
0.999851 0.0140898 0.00996095 -162.843 -0.0139691 0.999829 -0.0120866 8.3469 -0.0101295 0.0119457 0.999877 -107.753 
0.999862 0.0132849 0.0099682 -162.836 -0.0132033 0.999879 -0.00819992 8.32608 -0.0100759 0.00806718 0.999917 -106.612 
0.999836 0.0150104 0.0101079 -162.827 -0.0149643 0.999877 -0.00462152 8.3081 -0.0101761 0.00446951 0.999938 -105.468 
0.999838 0.0142441 0.0110441 -162.815 -0.0142342 0.999898 -0.000974244 8.29361 -0.0110568 0.000816882 0.999939 -104.335 
0.999838 0.0134993 0.0118638 -162.802 -0.013512 0.999908 0.000995062 8.27957 -0.0118493 -0.00115521 0.999929 -103.224 
0.999828 0.0124141 0.0137755 -162.766 -0.0123233 0.999902 -0.0066538 8.23161 -0.0138568 0.00648289 0.999883 -99.7977 
0.999831 0.0129527 0.0130559 -162.742 -0.0128373 0.999878 -0.0088864 8.18959 -0.0131694 0.00871729 0.999875 -97.4949 
0.99985 0.0125498 0.0119624 -162.731 -0.012394 0.999839 -0.0130075 8.16702 -0.0121237 0.0128573 0.999844 -96.3451 
0.999872 0.0116576 0.0109652 -162.719 -0.0114995 0.999831 -0.0143757 8.13987 -0.011131 0.0142478 0.999837 -95.1941 
0.999881 0.0114899 0.0102739 -162.709 -0.0113628 0.999859 -0.0123494 8.10979 -0.0104143 0.0122312 0.999871 -94.0368 
0.999887 0.0119992 0.00904207 -162.702 -0.0119258 0.999896 -0.00813391 8.08296 -0.00913873 0.00802515 0.999926 -92.8806 
0.999905 0.0116548 0.00735048 -162.694 -0.0116237 0.999923 -0.00426351 8.0597 -0.00739961 0.00417766 0.999964 -91.7281 
0.999874 0.0147081 0.00598702 -162.693 -0.0146731 0.999875 -0.00583757 8.03588 -0.00607214 0.00574898 0.999965 -90.5897 
0.999859 0.0160395 0.00495953 -162.694 -0.0159648 0.999764 -0.0147495 8.00938 -0.00519493 0.0146683 0.999879 -89.4722 
0.999806 0.0193982 0.00333212 -162.697 -0.0193134 0.999529 -0.0238411 7.97956 -0.00379303 0.0237721 0.99971 -88.3833 
0.999849 0.0173457 0.000526285 -162.708 -0.0173382 0.999779 -0.0118596 7.87415 -0.000731881 0.0118487 0.99993 -85.2228 
0.999833 0.0182597 0.000170842 -162.712 -0.0182584 0.999816 -0.00582505 7.85079 -0.000277174 0.00582096 0.999983 -84.1706 
0.999819 0.0190066 0.000875254 -162.722 -0.0190027 0.99981 -0.00425474 7.81119 -0.000955956 0.00423734 0.999991 -82.0696 
0.999833 0.0179036 0.0035656 -162.731 -0.0178702 0.999798 -0.00917655 7.74911 -0.00372917 0.00911131 0.999952 -78.8653 
0.999772 0.0209287 0.00412794 -162.735 -0.020835 0.99955 -0.0215696 7.69461 -0.00457751 0.0214787 0.999759 -76.7332 
0.9997 0.0239648 0.00515182 -162.739 -0.0238779 0.999582 -0.0163251 7.65968 -0.00554089 0.0161972 0.999853 -75.6643 
0.999503 0.0308706 0.0063837 -162.748 -0.0308187 0.999492 -0.00808049 7.63202 -0.0066299 0.00787973 0.999947 -74.5871 
0.999429 0.0328174 0.00803954 -162.751 -0.0328291 0.99946 0.00133534 7.61316 -0.00799138 -0.00159851 0.999967 -73.5034 
0.999394 0.0331608 0.0105407 -162.742 -0.0332386 0.999421 0.00729031 7.5895 -0.0102928 -0.00763625 0.999918 -71.3451 
0.999604 0.0262155 0.0102575 -162.726 -0.0261892 0.999653 -0.00269424 7.57484 -0.0103245 0.00242454 0.999944 -70.3198 
0.99982 0.0164327 0.00944156 -162.696 -0.0161825 0.999531 -0.0259865 7.52537 -0.00986416 0.025829 0.999618 -68.2811 
0.999844 0.0150597 0.00919361 -162.686 -0.0148859 0.999715 -0.0186872 7.48983 -0.00947241 0.0185475 0.999783 -67.2529 
0.999815 0.0164742 0.00991625 -162.67 -0.0165031 0.99986 0.00283505 7.44302 -0.00986815 -0.00299817 0.999947 -65.2021 
0.999672 0.0238321 0.00935709 -162.658 -0.0239403 0.999646 0.0116266 7.42192 -0.00907669 -0.0118468 0.999889 -62.1615 
0.999597 0.0269417 0.00897783 -162.655 -0.0269773 0.999629 0.00387023 7.41582 -0.00887022 -0.00411087 0.999952 -61.1658 
0.999555 0.0261044 0.0144264 -162.625 -0.0258525 0.999515 -0.0173826 7.33059 -0.0148732 0.0170019 0.999745 -57.1869 
0.999548 0.0253735 0.0161285 -162.612 -0.0251752 0.999606 -0.0123787 7.30374 -0.0164363 0.0119671 0.999793 -56.1966 
0.99943 0.028907 0.0174364 -162.594 -0.0290329 0.999554 0.00700732 7.2635 -0.017226 -0.00750955 0.999823 -54.2223 
0.999278 0.0338545 0.0172306 -162.59 -0.034042 0.999363 0.0107059 7.25529 -0.0168572 -0.0112847 0.999794 -53.2497 
0.999069 0.0398154 0.0166134 -162.589 -0.0399423 0.999175 0.00737894 7.24647 -0.0163059 -0.00803565 0.999835 -52.2957 
0.998958 0.0429739 0.015354 -162.586 -0.0429741 0.999076 -0.000315544 7.2357 -0.0153534 -0.000344609 0.999882 -51.3555 
0.999131 0.039602 0.0129625 -162.575 -0.039479 0.999174 -0.00961441 7.21864 -0.0133326 0.00909432 0.99987 -50.4313 
0.999418 0.0329413 0.00884542 -162.556 -0.0328021 0.999342 -0.0154472 7.16781 -0.00934845 0.015148 0.999842 -48.6359 
0.9997 0.0241136 0.00421911 -162.539 -0.024085 0.999687 -0.00671813 7.09296 -0.00437979 0.0066145 0.999969 -46.0544 
0.999717 0.0236341 0.0026436 -162.538 -0.0235966 0.999632 -0.0134151 7.07281 -0.00295968 0.0133489 0.999907 -45.2406 
0.999567 0.0293883 -0.00175615 -162.561 -0.0294143 0.999417 -0.0173245 6.96752 0.00124598 0.0173686 0.999848 -42.1021 
0.99912 0.0417554 -0.00406671 -162.593 -0.041796 0.999071 -0.0104699 6.9229 0.00362576 0.0106307 0.999937 -40.6196 
0.999014 0.0436573 -0.00811203 -162.616 -0.0436505 0.999046 0.00101116 6.88516 0.00814844 -0.000656071 0.999967 -39.2093 
0.998844 0.0442761 -0.0187219 -162.669 -0.0444066 0.998992 -0.0066127 6.82898 0.0184103 0.00743643 0.999803 -36.6855 
0.998445 0.0524512 -0.0188905 -162.71 -0.0524031 0.998621 0.00303435 6.80556 0.0190236 -0.00203971 0.999817 -35.5396 
0.997854 0.0647687 0.00962268 -162.752 -0.064735 0.997895 -0.00377353 6.75712 -0.00984684 0.00314251 0.999947 -33.0082 
0.996646 0.0686229 0.0445737 -162.72 -0.0684308 0.997639 -0.00582338 6.73815 -0.044868 0.00275364 0.998989 -32.103 
0.993699 0.0574359 0.0962432 -162.614 -0.0569545 0.998347 -0.00774392 6.71799 -0.0965289 0.00221365 0.995328 -31.2707 
0.968947 0.0465671 0.242842 -162.24 -0.0433918 0.998888 -0.018411 6.65236 -0.24343 0.00730189 0.969891 -29.7338 
0.945492 0.0332685 0.323942 -161.944 -0.0265836 0.999333 -0.0250408 6.62392 -0.324559 0.0150643 0.945746 -29.0246 
0.930345 0.0299 0.365463 -161.779 -0.0216295 0.999409 -0.0267043 6.60845 -0.366046 0.0169394 0.930443 -28.6815 
0.894604 0.0231123 0.446262 -161.405 -0.0135206 0.999604 -0.0246662 6.5725 -0.446656 0.0160328 0.894562 -28.0177 
0.871881 0.020138 0.489303 -161.186 -0.00992107 0.999675 -0.023465 6.5605 -0.489617 0.0156043 0.871798 -27.6975 
0.844945 0.0178491 0.534555 -160.948 -0.00568073 0.999686 -0.0244007 6.54945 -0.534823 0.0175806 0.844781 -27.383 
0.78206 0.0137978 0.62305 -160.403 8.20757e-06 0.999755 -0.0221505 6.51374 -0.623203 0.0173282 0.781868 -26.7682 
0.745676 0.0141131 0.666159 -160.097 -2.09516e-05 0.999776 -0.0211577 6.49527 -0.666308 0.0157628 0.74551 -26.4694 
0.706158 0.0142007 0.707912 -159.768 0.00100353 0.999778 -0.0210565 6.47798 -0.708054 0.0155796 0.705986 -26.1824 
0.619202 0.0227428 0.784902 -159.047 -5.37365e-05 0.999582 -0.0289208 6.4501 -0.785232 0.0178657 0.618944 -25.6522 
0.574051 0.0274173 0.81836 -158.652 0.00112833 0.999412 -0.0342745 6.43222 -0.818819 0.0205987 0.573683 -25.4112 
0.481049 0.0333493 0.876059 -157.795 0.00438813 0.999172 -0.0404455 6.38879 -0.876683 0.0233005 0.480504 -24.9752 
0.433874 0.0334811 0.900351 -157.334 0.00453247 0.999216 -0.0393417 6.36439 -0.900962 0.0211501 0.433382 -24.7794 
0.387753 0.0319489 0.92121 -156.846 0.00520983 0.999307 -0.0368504 6.34256 -0.921749 0.0190882 0.387318 -24.6001 
0.298261 0.0278194 0.954079 -155.805 0.0133382 0.999356 -0.0333094 6.30357 -0.954391 0.0226606 0.297698 -24.3079 
0.216034 0.0289643 0.975956 -154.727 0.0128413 0.999389 -0.0325022 6.24838 -0.976301 0.0195541 0.21553 -24.0842 
0.122095 0.0396571 0.991726 -152.977 0.0263472 0.99872 -0.0431805 6.18041 -0.992169 0.0314013 0.120894 -23.8765 
0.0773887 0.0378895 0.996281 -151.686 0.0373954 0.998464 -0.0408773 6.12087 -0.996299 0.0404197 0.075853 -23.796 
0.023175 0.0336363 0.999165 -148.866 0.0480114 0.998243 -0.0347189 6.00597 -0.998578 0.048776 0.0215194 -23.7233 
0.00748131 0.0323736 0.999448 -147.324 0.0472894 0.998346 -0.0326919 5.94758 -0.998853 0.0475079 0.00593801 -23.7095 
-0.00719118 0.0413696 0.999118 -145.696 0.0554777 0.997622 -0.0409083 5.88601 -0.998434 0.0551346 -0.00946917 -23.7328 
-0.0207 0.0520239 0.998431 -142.199 0.0654236 0.996575 -0.0505708 5.71446 -0.997643 0.0642742 -0.0240327 -23.8238 
-0.021187 0.0354987 0.999145 -140.319 0.0601948 0.997602 -0.0341674 5.6274 -0.997962 0.0594194 -0.0232731 -23.8572 
-0.0210163 0.0290539 0.999357 -139.354 0.0569379 0.99799 -0.0278168 5.58788 -0.998156 0.0563167 -0.0226284 -23.8726 
-0.0215505 0.0306949 0.999296 -138.375 0.0566549 0.99796 -0.029432 5.55082 -0.998161 0.0559807 -0.0232455 -23.8912 
-0.0205908 0.0458022 0.998738 -136.401 0.0612516 0.997131 -0.0444657 5.46992 -0.99791 0.0602587 -0.0233372 -23.9387 
-0.0205866 0.0469242 0.998686 -135.401 0.0643588 0.996888 -0.045513 5.41686 -0.997714 0.0633373 -0.0235425 -23.961 
-0.020052 0.0430993 0.99887 -134.401 0.0660453 0.996945 -0.0416905 5.36441 -0.997615 0.0651346 -0.0228373 -23.9848 
-0.0163791 0.0353582 0.99924 -132.433 0.0669193 0.997172 -0.0341881 5.26794 -0.997624 0.0663085 -0.018699 -24.0193 
-0.0127278 0.0290585 0.999497 -131.425 0.0677461 0.997306 -0.0281322 5.22553 -0.997621 0.067354 -0.0146621 -24.0361 
0.000444659 0.040074 0.999197 -127.41 0.0642619 0.99713 -0.0400198 5.0451 -0.997933 0.0642281 -0.00213185 -24.0466 
0.00589143 0.0289177 0.999564 -125.415 0.0665324 0.997356 -0.0292459 4.94824 -0.997767 0.0666757 0.00395189 -24.0432 
0.00917886 0.0271577 0.999589 -123.439 0.0662639 0.997417 -0.0277072 4.85992 -0.99776 0.066491 0.00735558 -24.0261 
0.00971821 0.0478631 0.998807 -119.558 0.0690554 0.996437 -0.0484214 4.66625 -0.997565 0.0694436 0.00637838 -23.9898 
0.00744859 0.034692 0.99937 -117.612 0.0750448 0.99656 -0.0351537 4.55745 -0.997152 0.0752594 0.00481951 -23.987 
0.00428654 0.0360112 0.999342 -114.752 0.078244 0.996275 -0.0362363 4.4186 -0.996925 0.0783479 0.00145291 -23.9815 
0.00349534 0.0378105 0.999279 -111.871 0.0832692 0.995803 -0.0379702 4.27162 -0.996521 0.0833418 0.000332221 -23.9763 
0.00623772 0.0294173 0.999548 -109.991 0.0860308 0.995845 -0.0298452 4.17971 -0.996273 0.0861781 0.00368102 -23.9772 
0.00741812 0.0307213 0.9995 -109.086 0.0853862 0.995858 -0.0312431 4.13859 -0.99632 0.0855753 0.00476421 -23.9717 
0.00877903 0.0302903 0.999503 -108.192 0.0851663 0.995887 -0.0309288 4.10257 -0.996328 0.0853954 0.00616321 -23.966 
0.00977719 0.026479 0.999602 -107.257 0.0830672 0.996173 -0.0272006 4.06189 -0.996496 0.0833001 0.00754024 -23.9449 
0.0129264 0.0295146 0.999481 -102.073 0.0789472 0.996414 -0.030445 3.831 -0.996795 0.0792997 0.01055 -23.8672 
0.0106846 0.024741 0.999637 -99.7661 0.0757639 0.9968 -0.0254806 3.71703 -0.997069 0.0760086 0.00877595 -23.8355 
0.00477291 0.0216626 0.999754 -98.3662 0.076823 0.996803 -0.0219654 3.65197 -0.997033 0.0769089 0.00309347 -23.8287 
-0.011874 0.0186281 0.999756 -95.931 0.0788427 0.996731 -0.0176353 3.54437 -0.996816 0.0786141 -0.0133039 -23.8531 
-0.0231082 0.0248379 0.999424 -94.9033 0.0797174 0.996554 -0.0229234 3.50249 -0.99655 0.0791418 -0.0250085 -23.884 
-0.0730047 0.0270632 0.996964 -93.0316 0.0761128 0.996868 -0.021487 3.41956 -0.994423 0.074313 -0.0748359 -23.9918 
-0.116283 0.0270059 0.992849 -92.1323 0.0760491 0.996938 -0.0182102 3.3809 -0.9903 0.0733878 -0.11798 -24.1035 
-0.173112 0.0300589 0.984443 -91.2599 0.0791211 0.996728 -0.0165208 3.3404 -0.981719 0.0750303 -0.174924 -24.135 
-0.321388 0.0348265 0.946307 -89.5824 0.0685327 0.997558 -0.0134373 3.27592 -0.944464 0.0605344 -0.32299 -24.4987 
-0.488624 0.0407269 0.871543 -88.069 0.0552031 0.998352 -0.0157034 3.2237 -0.870746 0.0404389 -0.490067 -25.1611 
-0.529446 0.0399889 0.8474 -87.7084 0.0583615 0.998239 -0.0106434 3.20653 -0.846334 0.0438204 -0.530848 -25.2901 
-0.569493 0.0397465 0.821034 -87.3549 0.0629182 0.998008 -0.00467194 3.19109 -0.819584 0.0489973 -0.57086 -25.4459 
-0.610101 0.0356897 0.791519 -87.0013 0.0613668 0.998113 0.00229635 3.17616 -0.789944 0.049974 -0.61114 -25.6189 
-0.650022 0.0319869 0.759242 -86.6559 0.0597382 0.998173 0.00909158 3.16056 -0.757564 0.0512655 -0.650745 -25.8158 
-0.726732 0.0296272 0.686282 -85.9816 0.0553157 0.998349 0.0154767 3.15129 -0.68469 0.0492096 -0.727171 -26.6661 
-0.763645 0.0282949 0.645016 -85.6637 0.0501439 0.998621 0.0155597 3.14878 -0.643686 0.0442257 -0.764011 -27.1756 
-0.827631 0.0321802 0.56035 -85.1185 0.0430374 0.999054 0.00619125 3.15452 -0.559621 0.02924 -0.828233 -28.0126 
-0.855181 0.0403043 0.516761 -84.8866 0.0495814 0.998761 0.00415403 3.16016 -0.515953 0.0291742 -0.85612 -28.4674 
-0.879255 0.0514857 0.47356 -84.6835 0.0606575 0.99815 0.00410282 3.16562 -0.472473 0.0323324 -0.880752 -28.9383 
-0.917763 0.0585513 0.392788 -84.3164 0.0679025 0.997642 0.0099422 3.16796 -0.39128 0.0357959 -0.919575 -29.9022 
-0.933629 0.0543848 0.354089 -84.1463 0.0633097 0.9979 0.013661 3.16746 -0.352602 0.0351716 -0.935112 -30.3943 
-0.947596 0.0541227 0.314855 -83.9929 0.0626097 0.997895 0.0168965 3.17104 -0.313277 0.035724 -0.94899 -30.8999 
-0.982794 0.0579614 0.175374 -83.5925 0.0627875 0.997782 0.0220916 3.19389 -0.173704 0.0327228 -0.984254 -33.0109 
-0.991233 0.0658478 0.114546 -83.4896 0.0680201 0.997569 0.0151558 3.20328 -0.11327 0.0228144 -0.993302 -34.0829 
-0.997029 0.0732533 0.0238295 -83.4337 0.0737161 0.997095 0.0191623 3.23536 -0.0223566 0.020862 -0.999532 -36.3066 
-0.996989 0.0774469 0.00383385 -83.438 0.0775304 0.99647 0.0322025 3.2475 -0.00132633 0.0324028 -0.999474 -37.4333 
-0.995334 0.0943502 0.0201975 -83.4475 0.0949568 0.994982 0.0315414 3.3138 -0.0171202 0.0333122 -0.999298 -40.7926 
-0.993514 0.0990296 0.0558785 -83.3797 0.100635 0.994566 0.0266811 3.33258 -0.0529327 0.0321314 -0.998081 -41.9165 
-0.989262 0.0997112 0.106859 -83.248 0.103121 0.994306 0.0268627 3.3476 -0.103572 0.0375937 -0.993911 -43.0371 
-0.962546 0.0850192 0.257444 -82.7135 0.0914931 0.995718 0.0132499 3.33739 -0.255215 0.036308 -0.966202 -45.1433 
-0.949441 0.0791591 0.303801 -82.5127 0.085556 0.996303 0.00778132 3.33642 -0.302061 0.0333799 -0.952704 -45.6443 
-0.933159 0.0686722 0.352844 -82.2812 0.0739291 0.997262 0.00142648 3.33271 -0.35178 0.0274165 -0.935681 -46.124 
-0.912922 0.0555463 0.404337 -82.0204 0.0595875 0.99822 -0.00259355 3.32348 -0.403761 0.0217257 -0.914606 -46.5826 
-0.88816 0.0409764 0.457704 -81.7309 0.0445552 0.999002 -0.00297876 3.3108 -0.45737 0.0177475 -0.889099 -47.0242 
-0.826797 0.0236252 0.562004 -81.1052 0.0264501 0.999645 -0.00311022 3.28953 -0.561878 0.0122935 -0.827129 -47.8604 
-0.747076 0.0118851 0.664632 -80.3711 0.024875 0.99964 0.0100847 3.28104 -0.664273 0.0240668 -0.747103 -48.6212 
-0.703028 0.00488628 0.711145 -79.9687 0.0238212 0.999577 0.0166813 3.28087 -0.710763 0.0286678 -0.702847 -48.9542 
-0.656408 -0.00422949 0.754394 -79.539 0.0160869 0.999678 0.0196021 3.27499 -0.754234 0.0250029 -0.656129 -49.2504 
-0.551523 -7.81518e-05 0.83416 -78.6475 0.0176373 0.999775 0.011755 3.26892 -0.833973 0.0211955 -0.551398 -49.766 
-0.49414 0.010559 0.869318 -78.1932 0.0291643 0.999565 0.00443667 3.27069 -0.868893 0.0275454 -0.494233 -49.9941 
-0.37639 0.0163489 0.926317 -77.1903 0.0375231 0.999293 -0.00239017 3.26594 -0.925701 0.0338587 -0.376737 -50.3637 
-0.321116 0.0126441 0.946955 -76.6458 0.0335103 0.999436 -0.00198134 3.2552 -0.946447 0.0310965 -0.321359 -50.4936 
-0.272727 0.00818725 0.962057 -76.2152 0.0283675 0.999597 -0.000465015 3.22216 -0.961673 0.0271644 -0.272849 -50.5842 
-0.181222 0.0121268 0.983367 -74.9999 0.0271132 0.999605 -0.00733045 3.21487 -0.983068 0.0253338 -0.181479 -50.75 
-0.112478 0.0189501 0.993473 -74.098 0.0223777 0.999613 -0.0165337 3.22198 -0.993402 0.020372 -0.112859 -50.8573 
-0.0680541 0.0243603 0.997384 -72.902 0.0106291 0.999663 -0.0236907 3.20975 -0.997625 0.00898907 -0.06829 -50.9126 
-0.0233079 0.0317648 0.999224 -69.4362 0.00569356 0.999483 -0.0316403 3.11501 -0.999712 0.00495167 -0.0234767 -50.9954 
-0.025544 0.0337903 0.999102 -66.321 0.00992909 0.999388 -0.0335461 3.02245 -0.999624 0.00906327 -0.0258638 -51.0859 
-0.0270982 0.0389829 0.998872 -64.6621 0.0137851 0.999159 -0.0386201 2.98283 -0.999538 0.012723 -0.0276128 -51.1571 
-0.0292965 0.0372536 0.998876 -60.8414 0.0208774 0.99911 -0.03665 2.81987 -0.999353 0.0197802 -0.0300482 -51.2572 
-0.0278742 0.0373582 0.998913 -58.4624 0.0243942 0.999029 -0.0366818 2.69592 -0.999314 0.0233452 -0.0287584 -51.3268 
-0.0140131 0.0335906 0.999337 -54.9561 0.0251337 0.999132 -0.0332313 2.55392 -0.999586 0.0246514 -0.0148452 -51.4652 
-0.00101883 0.0315886 0.9995 -51.4896 0.0275278 0.999123 -0.0315486 2.42282 -0.999621 0.0274819 -0.0018875 -51.501 
0.0040711 0.0268229 0.999632 -50.8065 0.0274 0.999262 -0.0269245 2.41981 -0.999616 0.0274995 0.00333315 -51.5526 
0.00709965 0.026224 0.999631 -49.9089 0.0296799 0.99921 -0.0264238 2.39493 -0.999534 0.0298566 0.00631572 -51.5713 
0.0096984 0.030508 0.999487 -46.9202 0.0251035 0.999212 -0.0307432 2.28717 -0.999638 0.0253887 0.0089249 -51.5622 
0.00733705 0.0302 0.999517 -45.963 0.0215894 0.999306 -0.0303521 2.25789 -0.99974 0.0218016 0.00667996 -51.5319 
0.00498959 0.0324489 0.999461 -43.7551 0.0159244 0.999344 -0.0325246 2.15118 -0.999861 0.0160781 0.00446958 -51.5145 
0.00508786 0.0331277 0.999438 -42.813 0.0136266 0.999356 -0.0331944 2.1113 -0.999894 0.0137878 0.00463317 -51.5192 
0.00484696 0.0334995 0.999427 -41.9384 0.0136487 0.999343 -0.0335629 2.06594 -0.999895 0.0138036 0.00438656 -51.5179 
0.00259989 0.0352194 0.999376 -40.9183 0.0150519 0.999265 -0.0352547 2.00161 -0.999883 0.0151341 0.00206786 -51.5137 
0.00420391 0.0340679 0.999411 -39.2619 0.0272724 0.999044 -0.0341701 1.91448 -0.999619 0.0274 0.00327078 -51.5527 
0.0107844 0.0340199 0.999363 -36.6461 0.0350412 0.998794 -0.0343787 1.78168 -0.999328 0.0353896 0.00957931 -51.5733 
0.0145554 0.0289886 0.999474 -35.6086 0.0333868 0.999008 -0.0294613 1.74343 -0.999337 0.033798 0.0135732 -51.5535 
0.0229008 0.0269112 0.999375 -33.6635 0.0263213 0.999275 -0.0275117 1.66099 -0.999391 0.0269349 0.0221758 -51.5219 
0.0269473 0.0310626 0.999154 -33.1893 0.024992 0.999184 -0.0317375 1.66727 -0.999324 0.0258261 0.026149 -51.509 
0.032191 0.0350899 0.998866 -32.4517 0.0199678 0.999161 -0.0357438 1.61794 -0.999282 0.0210958 0.0314634 -51.5152 
0.0342336 0.0295814 0.998976 -29.4921 0.0129865 0.999464 -0.0300409 1.47151 -0.999329 0.0140016 0.0338311 -51.3867 
0.0341334 0.0273554 0.999043 -28.4792 0.00916669 0.999575 -0.0276831 1.42524 -0.999375 0.0101028 0.0338682 -51.3362 
0.0337695 0.0273365 0.999056 -27.4843 0.00601718 0.999602 -0.0275548 1.38162 -0.999412 0.00694201 0.0335916 -51.2863 
0.033601 0.0288557 0.999019 -26.5035 0.000580318 0.999582 -0.0288915 1.33918 -0.999435 0.00155053 0.0335703 -51.2359 
0.0328301 0.0283695 0.999058 -25.5407 -0.00146587 0.999597 -0.0283366 1.29781 -0.99946 -0.0005342 0.0328585 -51.1896 
0.0317655 0.0286157 0.999086 -23.7257 -0.00741523 0.999569 -0.0283938 1.2131 -0.999468 -0.00650651 0.0319641 -51.1037 
0.0300267 0.0246684 0.999245 -20.3654 -0.0106441 0.999647 -0.0243584 1.05949 -0.999492 -0.00990469 0.0302787 -50.9695 
0.0297655 0.025946 0.99922 -17.416 -0.00855714 0.999633 -0.0257018 0.918684 -0.99952 -0.00778543 0.0299766 -50.859 
0.0170948 0.0201249 0.999651 -14.3037 -0.0104676 0.999746 -0.0199478 0.768016 -0.999799 -0.0101229 0.0173011 -50.7612 
-0.00255703 0.0177224 0.99984 -12.7827 -0.00818214 0.999809 -0.0177428 0.693991 -0.999963 -0.0082262 -0.00241153 -50.7528 
-0.0292683 0.0230337 0.999306 -11.5538 -0.00367869 0.999725 -0.0231511 0.633002 -0.999565 -0.00435373 -0.0291755 -50.7883 
-0.0578714 0.0299572 0.997874 -10.5651 0.000217312 0.99955 -0.0299949 0.579321 -0.998324 -0.001519 -0.0578518 -50.8497 
-0.08916 0.0383275 0.99528 -9.7824 0.00652419 0.99926 -0.0378963 0.528086 -0.995996 0.00311456 -0.0893441 -50.9347 
-0.124608 0.0464351 0.991119 -9.1197 0.00907897 0.998916 -0.045659 0.492072 -0.992165 0.00330886 -0.124894 -51.0726 
-0.178295 0.0516144 0.982622 -8.49551 0.0112668 0.998665 -0.0504127 0.457039 -0.983913 0.00208268 -0.178639 -51.2138 
-0.24009 0.043269 0.969786 -7.88917 0.018952 0.999025 -0.0398816 0.415551 -0.970566 0.00880419 -0.240676 -51.4052 
-0.347023 0.0583223 0.936041 -7.05178 0.0298563 0.998246 -0.0511293 0.367869 -0.937381 0.0102037 -0.348156 -51.7627 
-0.41491 0.0538939 0.908265 -6.55522 0.0412438 0.998332 -0.0403975 0.34786 -0.908927 0.0206989 -0.416441 -52.0933 
-0.577584 0.0358794 0.815542 -5.46085 0.0403188 0.999068 -0.015399 0.318411 -0.815335 0.0239875 -0.578493 -52.9331 
-0.706227 0.0396517 0.706874 -4.68534 0.0498719 0.998736 -0.00619738 0.298593 -0.706227 0.0308764 -0.707312 -53.8396 
-0.748842 0.0442243 0.661271 -4.44801 0.051573 0.998634 -0.00838364 0.309745 -0.660739 0.0278257 -0.7501 -54.2234 
-0.828926 0.0452724 0.557524 -3.99275 0.0491936 0.998758 -0.00796079 0.324727 -0.557191 0.0208277 -0.830123 -55.0307 
-0.863683 0.0459492 0.501936 -3.79181 0.051289 0.998679 -0.00316985 0.338535 -0.501419 0.0230061 -0.864899 -55.509 
-0.894232 0.0484151 0.444977 -3.62728 0.0552353 0.998471 0.00236439 0.338177 -0.444182 0.0266927 -0.895539 -55.9357 
-0.942001 0.0542498 0.331198 -3.33903 0.0614049 0.99805 0.0111699 0.340777 -0.329946 0.0308592 -0.943495 -56.913 
-0.959748 0.0550615 0.275414 -3.23274 0.0604644 0.998108 0.0111587 0.353368 -0.274278 0.0273622 -0.961261 -57.4239 
-0.973829 0.054718 0.220595 -3.14654 0.0587603 0.998202 0.0117994 0.36727 -0.219553 0.0244528 -0.975294 -57.9636 
-0.991189 0.0528952 0.121436 -3.02695 0.0556409 0.998264 0.0193291 0.3859 -0.120203 0.0259156 -0.992411 -59.1838 
-0.997051 0.0600214 0.0478222 -2.98153 0.0612633 0.99781 0.0249405 0.415366 -0.0462205 0.0277967 -0.998544 -60.5596 
-0.997326 0.0726496 -0.00793004 -2.99086 0.0723859 0.996937 0.0296015 0.465852 0.0100563 0.0289484 -0.99953 -62.7079 
-0.997127 0.0729147 -0.0205345 -2.981 0.0723113 0.996968 0.028736 0.51089 0.0225675 0.0271686 -0.999376 -64.1226 
-0.997203 0.0708648 -0.0237641 -3.03052 0.0701304 0.997074 0.0304302 0.577751 0.025851 0.0286785 -0.999254 -66.637 
-0.997256 0.0712806 -0.0199718 -3.08106 0.0705679 0.996915 0.0343699 0.654314 0.0223601 0.0328662 -0.99921 -69.4084 
-0.997347 0.071138 -0.0154674 -3.10302 0.0707684 0.997222 0.0232583 0.70847 0.017079 0.022102 -0.99961 -71.3396 
-0.997626 0.0674907 -0.013663 -3.10568 0.0672463 0.997581 0.017619 0.731386 0.0148191 0.0166584 -0.999751 -72.3377 
-0.997836 0.0646541 -0.0119949 -3.10592 0.0644343 0.997762 0.017884 0.753242 0.0131243 0.0170724 -0.999768 -73.3659 
-0.997974 0.0626554 -0.0110641 -3.1067 0.0623466 0.997707 0.0263411 0.775275 0.0126892 0.0255979 -0.999592 -74.4104 
-0.997917 0.0636503 -0.0105068 -3.11229 0.063241 0.997366 0.0355308 0.802358 0.0127406 0.0347923 -0.999313 -75.4746 
-0.997373 0.0719554 -0.00832057 -3.14838 0.0718048 0.997271 0.0171693 0.916358 0.00953329 0.0165267 -0.999818 -79.6723 
-0.997696 0.0674697 -0.00716538 -3.14975 0.0672706 0.997419 0.0251131 0.949003 0.00884126 0.0245732 -0.999659 -81.8967 
-0.997818 0.06574 -0.0061156 -3.15002 0.065492 0.997259 0.0344408 0.972552 0.00836297 0.0339652 -0.999388 -83.0368 
-0.997875 0.0649046 -0.00569011 -3.14973 0.0646357 0.997151 0.0388812 1.0041 0.00819746 0.0384308 -0.999228 -84.1865 
-0.997766 0.0666187 -0.00501084 -3.15304 0.0664333 0.997313 0.0308838 1.07105 0.00705481 0.0304819 -0.99951 -86.4922 
-0.997711 0.0674666 -0.00458829 -3.15277 0.0673243 0.997387 0.0261862 1.09892 0.00634299 0.0258173 -0.999647 -87.6587 
-0.997648 0.0684844 -0.00273738 -3.15156 0.0683853 0.99729 0.0271311 1.14217 0.00458802 0.0268801 -0.999628 -90.0077 
-0.997697 0.0678135 -0.00116235 -3.14328 0.0677431 0.997203 0.031584 1.16402 0.00330091 0.0314325 -0.9995 -91.1985 
-0.997471 0.0710672 0.000570561 -3.13852 0.0710591 0.997156 0.0251084 1.21116 0.00121545 0.0250855 -0.999685 -93.5766 
-0.997437 0.0715391 0.00135084 -3.1286 0.0715516 0.9972 0.0217601 1.22846 0.000209645 0.021801 -0.999762 -94.7748 
-0.997631 0.0687256 0.00308206 -3.10878 0.0687791 0.997357 0.0234283 1.25365 -0.00146378 0.0235848 -0.999721 -97.1747 
-0.99774 0.0671008 0.0035745 -3.09524 0.0671745 0.997352 0.0278552 1.27014 -0.00169594 0.0280323 -0.999606 -98.3829 
-0.997919 0.0643854 0.00334624 -3.08138 0.0644594 0.997412 0.0318631 1.29123 -0.00128607 0.0320125 -0.999487 -99.5923 
-0.997914 0.0645551 0.0011225 -3.06105 0.0645578 0.997397 0.0321306 1.34254 0.000954612 0.032136 -0.999483 -102.02 
-0.997916 0.0645221 0.000125834 -3.05365 0.0645 0.997519 0.0281926 1.36497 0.00169353 0.028142 -0.999603 -103.222 
-0.997803 0.066247 -0.000913622 -3.04934 0.0662077 0.997533 0.0233258 1.38404 0.00245663 0.023214 -0.999728 -104.426 
-0.997796 0.0662998 -0.00283683 -3.04518 0.0662163 0.997534 0.0232577 1.41221 0.00437182 0.0230186 -0.999725 -106.852 
-0.997907 0.0645887 -0.00305697 -3.03952 0.0644836 0.997557 0.0268846 1.42735 0.00478594 0.0266312 -0.999634 -108.067 
-0.998073 0.0619462 -0.00366789 -3.0334 0.0618116 0.997651 0.029517 1.44525 0.00548773 0.0292334 -0.999558 -108.963 
-0.998399 0.0563842 -0.0044133 -3.03104 0.056175 0.997688 0.0382444 1.49541 0.00655948 0.0379352 -0.999259 -111.395 
-0.998669 0.0512208 -0.00612202 -3.01478 0.0509646 0.998034 0.0364844 1.50957 0.00797875 0.0361239 -0.999315 -112.019 
-0.998974 0.0447369 -0.00700088 -3.00397 0.044543 0.998675 0.0257655 1.55552 0.00814427 0.0254272 -0.999644 -114.173 
-0.999131 0.0413082 -0.00552355 -2.99742 0.0411739 0.998898 0.022549 1.5747 0.00644892 0.022302 -0.99973 -115.211 
-0.999261 0.0383773 -0.00216592 -2.99704 0.0383099 0.998942 0.0254371 1.61385 0.00313983 0.0253353 -0.999674 -117.836 
-0.999255 0.0385992 0.000116158 -2.99664 0.0385873 0.998861 0.0280574 1.62707 0.000966967 0.0280409 -0.999606 -118.956 
-0.999229 0.0392612 0.000677653 -2.98613 0.0392636 0.998763 0.0304982 1.65849 0.000520582 0.0305013 -0.999535 -120.333 
-0.999154 0.0411106 0.000639815 -2.97677 0.0411102 0.998653 0.0316695 1.68782 0.000663001 0.0316691 -0.999498 -121.547 
-0.999146 0.0412609 0.00214994 -2.96769 0.0413085 0.99864 0.0318191 1.7388 -0.000834129 0.0318808 -0.999491 -123.908 
-0.99925 0.0384859 0.00422571 -2.97249 0.0386045 0.998711 0.0329444 1.76459 -0.00295237 0.0330828 -0.999448 -124.816 
-0.999235 0.0387549 0.0053354 -2.96674 0.0389151 0.998657 0.0341969 1.78824 -0.00400294 0.0343783 -0.999401 -126.089 
-0.999364 0.0350269 0.00667927 -2.93797 0.0351978 0.999003 0.0274589 1.82577 -0.00571081 0.0276765 -0.999601 -128.227 
-0.999338 0.0355665 0.00771131 -2.92654 0.0357778 0.998931 0.0292601 1.8399 -0.00666239 0.0295166 -0.999542 -129.207 
-0.999369 0.0349898 0.00607087 -2.91533 0.0351742 0.998818 0.0335338 1.84925 -0.00489036 0.0337262 -0.999419 -130.272 
-0.999301 0.0371584 0.00416328 -2.90722 0.0372866 0.998627 0.0367871 1.86446 -0.00279062 0.0369166 -0.999314 -131.327 
-0.99928 0.0378788 0.00233945 -2.89915 0.0379415 0.998508 0.0392698 1.8845 -0.000848459 0.0393303 -0.999226 -132.398 
-0.999011 0.0444658 0.000508837 -2.88656 0.0444556 0.998371 0.0357771 1.96196 0.00108285 0.0357643 -0.99936 -135.882 
-0.998718 0.0506204 -1.97298e-05 -2.88656 0.0505867 0.998068 0.0360838 2.00337 0.00184627 0.0360365 -0.999349 -138.158 
-0.998637 0.0521918 0.000513417 -2.87634 0.0521714 0.997858 0.0394554 2.01756 0.00154693 0.0394284 -0.999221 -139.141 
-0.998535 0.0540853 0.00145401 -2.86603 0.0540979 0.997617 0.0428117 2.03381 0.00086494 0.0428277 -0.999082 -140.123 
-0.998286 0.058459 0.00282361 -2.86309 0.0585257 0.997437 0.0411508 2.07211 -0.000410742 0.0412455 -0.999149 -141.45 
-0.997915 0.0643684 0.0046933 -2.85323 0.064495 0.997282 0.0356115 2.1347 -0.0023883 0.03584 -0.999355 -143.928 
-0.997762 0.0665811 0.00615773 -2.84529 0.0667645 0.997079 0.0371033 2.16514 -0.00366936 0.0374314 -0.999292 -145.202 
-0.997583 0.0690831 0.00745875 -2.83547 0.0693282 0.996785 0.0401771 2.19724 -0.0046592 0.0405971 -0.999165 -146.485 
-0.996892 0.0780341 0.0108355 -2.79984 0.0784387 0.995946 0.0440303 2.31399 -0.00735574 0.0447433 -0.998971 -151.043 
-0.997126 0.074941 0.0111093 -2.75318 0.075317 0.996414 0.0385531 2.39368 -0.00818022 0.039279 -0.999195 -154.32 
-0.997243 0.0735002 0.0102328 -2.73715 0.0738523 0.996473 0.039848 2.42427 -0.00726783 0.0404939 -0.999153 -155.483 
-0.997511 0.0700427 0.00815169 -2.72819 0.0703158 0.99671 0.0403047 2.44709 -0.00530182 0.0407776 -0.999154 -156.393 
-0.997523 0.0700737 0.0060606 -2.71247 0.0702568 0.996774 0.0388062 2.47348 -0.00332176 0.0391358 -0.999228 -157.438 
-0.997366 0.0725213 -0.00148775 -2.70143 0.0724004 0.996541 0.0408025 2.53145 0.00444166 0.0405873 -0.999166 -160.262 
-0.997163 0.0750639 -0.0056405 -2.70986 0.0747526 0.996268 0.0431438 2.57012 0.00885799 0.0425997 -0.999053 -162.037 
-0.996936 0.0776578 -0.00941709 -2.72639 0.0771165 0.995849 0.0483418 2.61298 0.0131321 0.0474674 -0.998786 -163.718 
-0.996956 0.0767883 -0.0134906 -2.75313 0.0760796 0.995997 0.0469181 2.64954 0.0170393 0.045749 -0.998808 -165.301 
-0.997007 0.0752081 -0.0179314 -2.77094 0.07448 0.996487 0.0383013 2.68051 0.0207489 0.0368511 -0.999105 -166.809 
-0.997158 0.0727084 -0.019741 -2.81774 0.0718316 0.996533 0.0419846 2.72979 0.0227252 0.0404473 -0.998923 -169.614 
-0.997508 0.0697882 -0.0104107 -2.82559 0.0693695 0.996932 0.0362576 2.74943 0.0129091 0.0354451 -0.999288 -170.705 
-0.998075 0.0619365 0.00330624 -2.80454 0.0620152 0.997435 0.0357301 2.75993 -0.00108476 0.0358664 -0.999356 -171.82 
-0.997691 0.0606804 0.0304933 -2.7592 0.061777 0.997426 0.0364068 2.76707 -0.0282056 0.0382065 -0.998872 -172.861 
-0.994862 0.0638859 0.0785327 -2.67205 0.0666933 0.997206 0.0336577 2.77179 -0.076163 0.0387224 -0.996343 -173.831 
-0.985024 0.0636764 0.160228 -2.49497 0.0698887 0.996994 0.0334339 2.77712 -0.157617 0.0441314 -0.986514 -174.754 
-0.961082 0.0625954 0.26908 -2.21824 0.0743516 0.996662 0.033713 2.78274 -0.266071 0.0524075 -0.962528 -175.62 
-0.91716 0.0559483 0.394572 -1.8331 0.0763481 0.996425 0.036179 2.77845 -0.391137 0.0633067 -0.918153 -176.426 
-0.887805 0.0488264 0.457622 -1.59545 0.0748014 0.996443 0.0388011 2.77602 -0.4541 0.0686786 -0.8883 -176.809 
-0.815546 0.0390465 0.577373 -1.03452 0.0746315 0.996486 0.0380276 2.77598 -0.57386 0.0741035 -0.815594 -177.533 
-0.770441 0.0388347 0.636328 -0.717385 0.0798504 0.996161 0.0358847 2.77413 -0.632491 0.078458 -0.770584 -177.864 
-0.663584 0.0308236 0.747467 0.0271295 0.0788424 0.996468 0.0289027 2.77979 -0.743936 0.0781115 -0.66367 -178.448 
-0.60306 0.0239066 0.797338 0.449358 0.0755713 0.996767 0.0272716 2.77863 -0.794108 0.0767023 -0.602917 -178.699 
-0.537221 0.0247817 0.843078 0.893727 0.0843368 0.996137 0.0244598 2.77689 -0.839215 0.0842427 -0.537235 -178.935 
-0.391746 0.0353437 0.919394 1.85106 0.0975081 0.995229 0.00328841 2.75651 -0.914892 0.0909367 -0.393323 -179.312 
-0.240042 0.0450137 0.969718 2.87777 0.0936373 0.99534 -0.0230243 2.72798 -0.966236 0.085275 -0.243138 -179.518 
-0.169165 0.0480361 0.984416 3.42145 0.0930304 0.99513 -0.0325722 2.71725 -0.981187 0.0860706 -0.17281 -179.571 
-0.101793 0.041683 0.993932 3.84179 0.079002 0.996305 -0.0336916 2.67702 -0.991664 0.075093 -0.10471 -179.703 
0.00314753 0.0237807 0.999712 4.83819 0.0637144 0.997681 -0.023933 2.61853 -0.997963 0.0637714 0.00162506 -179.708 
0.0944541 0.0247665 0.995221 6.55378 0.0446256 0.99858 -0.0290854 2.554 -0.994529 0.0471596 0.0932148 -179.545 
0.121141 0.0189689 0.992454 9.04588 0.0346633 0.999127 -0.0233275 2.47059 -0.99203 0.0372277 0.120378 -179.237 
0.117997 0.0332686 0.992457 12.6972 0.0428267 0.998338 -0.0385576 2.34185 -0.99209 0.0470533 0.116376 -178.827 
0.115339 0.0324738 0.992795 13.4138 0.0384223 0.998572 -0.0371265 2.31712 -0.992583 0.0424276 0.113927 -178.759 
0.110193 0.0326124 0.993375 14.1134 0.0291115 0.998927 -0.0360239 2.29651 -0.993484 0.0328882 0.109125 -178.699 
0.0932723 0.0351533 0.99502 15.7468 0.018325 0.999147 -0.0370169 2.23098 -0.995472 0.0216864 0.0925485 -178.527 
0.0835676 0.0325172 0.995971 16.561 0.0149725 0.999314 -0.0338826 2.20335 -0.99639 0.0177437 0.0830234 -178.456 
0.0735809 0.0284081 0.996885 17.4254 0.00988093 0.999524 -0.0292127 2.17377 -0.99724 0.0119996 0.0732652 -178.386 
0.0378411 0.0265929 0.99893 21.0188 0.0102984 0.999582 -0.0270004 2.05999 -0.999231 0.0113091 0.0375514 -178.197 
0.0270414 0.0148827 0.999524 24.9878 0.0158273 0.999757 -0.0153143 1.95747 -0.999509 0.0162338 0.0267993 -178.08 
0.0254819 0.0178387 0.999516 25.9784 0.0118673 0.999765 -0.0181457 1.93394 -0.999605 0.0123239 0.0252642 -178.041 
0.0227105 0.0235793 0.999464 28.0217 0.00961704 0.99967 -0.0238027 1.87892 -0.999696 0.0101525 0.0224763 -177.978 
0.0208323 0.0241987 0.99949 29.0903 0.00924985 0.99966 -0.0243956 1.84482 -0.99974 0.00975335 0.0206014 -177.948 
0.0187925 0.0235891 0.999545 30.0559 0.00518475 0.999706 -0.0236904 1.82962 -0.99981 0.0056276 0.0186647 -177.935 
0.0163457 0.0234683 0.999591 31.2207 0.00654311 0.999701 -0.0235779 1.78467 -0.999845 0.00692583 0.0161873 -177.903 
0.011755 0.0204291 0.999722 33.4554 0.00550894 0.999775 -0.020495 1.69404 -0.999916 0.00574833 0.0116398 -177.845 
0.00964729 0.0217421 0.999717 36.6633 0.00648891 0.999741 -0.0218053 1.58543 -0.999932 0.00669743 0.00950371 -177.808 
0.0103719 0.0188065 0.999769 38.7818 0.00182799 0.999821 -0.0188264 1.53554 -0.999945 0.00202283 0.0103357 -177.802 
0.01521 0.0214382 0.999654 43.1342 -0.00204747 0.999769 -0.0214095 1.42167 -0.999882 -0.00172112 0.0152504 -177.749 
0.0171048 0.0233997 0.99958 44.2468 -0.000757647 0.999726 -0.0233901 1.38392 -0.999853 -0.000357247 0.0171178 -177.729 
0.0185193 0.0200198 0.999628 45.284 -0.00155144 0.999799 -0.0199945 1.36553 -0.999827 -0.00118057 0.0185466 -177.698 
0.0200469 0.018418 0.999629 46.3654 2.81572e-05 0.99983 -0.0184222 1.32316 -0.999799 0.000397456 0.020043 -177.674 
0.0211954 0.0207912 0.999559 47.3037 -0.00210418 0.999782 -0.0207512 1.30679 -0.999773 -0.00166342 0.0212345 -177.638 
0.0200158 0.0186333 0.999626 50.4676 -0.0109078 0.999771 -0.0184176 1.20952 -0.99974 -0.0105351 0.0202144 -177.529 
0.0090223 0.0180976 0.999796 54.7798 -0.00981637 0.99979 -0.0180089 1.07064 -0.999911 -0.00965188 0.00919806 -177.442 
0.00563037 0.0208811 0.999766 55.9759 -0.00852258 0.999747 -0.0208327 1.01146 -0.999948 -0.00840329 0.00580691 -177.427 
0.00129457 0.022211 0.999752 56.8876 -0.00926686 0.999711 -0.0221981 0.985582 -0.999956 -0.00923583 0.00150002 -177.434 
-0.010383 0.0132804 0.999858 60.0069 -0.0104931 0.999855 -0.0133893 0.8727 -0.999891 -0.0106306 -0.0102422 -177.434 
-0.0178046 0.0119352 0.99977 62.0463 -0.00705137 0.999902 -0.0120623 0.803386 -0.999817 -0.00726452 -0.0177187 -177.458 
-0.0239031 0.0184349 0.999544 63.9992 -0.00171617 0.999828 -0.0184812 0.738331 -0.999713 -0.00215714 -0.0238674 -177.508 
-0.0279877 0.0227721 0.999349 67.6872 0.00852071 0.99971 -0.0225417 0.590484 -0.999572 0.00788427 -0.0281736 -177.601 
-0.0259683 0.0239805 0.999375 69.3613 0.0134937 0.99963 -0.0236359 0.518419 -0.999572 0.0128715 -0.0262823 -177.655 
0.00806209 0.0204135 0.999759 72.8214 0.0236654 0.999508 -0.0205992 0.389675 -0.999687 0.0238258 0.00757503 -177.689 
0.0339133 0.0296868 0.998984 74.4847 0.0220169 0.999294 -0.0304434 0.334376 -0.999182 0.023027 0.0332358 -177.6 
0.0575669 0.0378157 0.997625 76.194 0.015655 0.999125 -0.0387759 0.255132 -0.998219 0.01785 0.0569245 -177.497 
0.0753264 0.0412358 0.996306 79.6473 0.000517891 0.999143 -0.0413924 0.0957852 -0.997159 0.00363392 0.0752405 -177.201 
0.0740433 0.0427634 0.996338 80.5988 -0.00183876 0.999084 -0.0427446 0.0406665 -0.997253 0.00133293 0.0740542 -177.122 
0.0721054 0.042821 0.996477 81.5007 0.000522091 0.999076 -0.0429704 -0.00540183 -0.997397 0.00361865 0.0720164 -177.052 
0.0683843 0.0292558 0.99723 83.3243 0.000652998 0.999568 -0.0293692 -0.0783351 -0.997659 0.00265958 0.0683357 -176.911 
0.0648106 0.0144426 0.997793 84.3268 -0.00295093 0.999894 -0.0142813 -0.114821 -0.997893 -0.00201884 0.0648463 -176.846 
0.0589656 0.00892155 0.99822 85.3258 -0.00464286 0.999952 -0.00866277 -0.143765 -0.998249 -0.00412379 0.0590042 -176.759 
0.0532738 0.0168261 0.998438 86.2594 -0.0121464 0.999795 -0.0162008 -0.163404 -0.998506 -0.0112644 0.0534673 -176.709 
0.0298834 0.0127007 0.999473 90.2402 -0.00789439 0.999891 -0.01247 -0.247599 -0.999522 -0.00751759 0.0299804 -176.541 
0.0220563 0.0321699 0.999239 92.2662 -0.00877928 0.99945 -0.0319829 -0.296989 -0.999718 -0.00806718 0.0223266 -176.48 
0.00095984 0.0419794 0.999118 96.6897 -0.0202707 0.998914 -0.0419514 -0.451624 -0.999794 -0.0202126 0.00180975 -176.387 
-0.00862098 0.0424856 0.99906 98.9579 -0.00686893 0.999071 -0.0425453 -0.561621 -0.999939 -0.00722926 -0.00832114 -176.409 
-0.0294264 0.026917 0.999204 103.601 -0.00467073 0.999623 -0.0270658 -0.741573 -0.999556 -0.00546346 -0.0292896 -176.494 
-0.0344839 0.0208636 0.999187 108.246 0.00146229 0.999782 -0.0208256 -0.931488 -0.999404 0.000742957 -0.0345069 -176.623 
-0.0328984 0.0232175 0.999189 109.398 0.00376481 0.999726 -0.023106 -0.974255 -0.999452 0.0030016 -0.0329768 -176.654 
-0.0278491 0.0318215 0.999106 110.631 0.0104737 0.999448 -0.0315405 -1.02042 -0.999557 0.00958591 -0.028167 -176.698 
-0.0171116 0.0340329 0.999274 112.833 0.0256955 0.999105 -0.0335872 -1.12114 -0.999523 0.0251021 -0.0179708 -176.753 
-0.0105225 0.027744 0.99956 114.041 0.0280623 0.999229 -0.0274394 -1.17766 -0.999551 0.0277612 -0.0112929 -176.755 
-0.00386108 0.0260923 0.999652 115.186 0.0244884 0.999362 -0.0259901 -1.21688 -0.999693 0.0243795 -0.00449757 -176.75 
0.00467892 0.0322498 0.999469 117.415 0.0117713 0.999409 -0.0323029 -1.30748 -0.99992 0.0119162 0.00429653 -176.722 
0.00712916 0.0343093 0.999386 118.511 0.00929096 0.999366 -0.0343749 -1.35761 -0.999931 0.00953032 0.00680588 -176.713 
0.00884479 0.0324019 0.999436 119.607 0.00949938 0.999427 -0.0324856 -1.40728 -0.999916 0.00978135 0.00853193 -176.705 
0.0106151 0.0258295 0.99961 120.707 0.0127843 0.999581 -0.0259645 -1.4543 -0.999862 0.0130549 0.0102804 -176.7 
0.0126217 0.0191917 0.999736 121.905 0.0148535 0.999702 -0.0193785 -1.50899 -0.99981 0.0150942 0.0123329 -176.674 
0.0132939 0.0224121 0.99966 124.198 0.0090653 0.999705 -0.0225337 -1.59388 -0.999871 0.00936178 0.0130868 -176.616 
0.0134179 0.0308475 0.999434 125.365 0.00661309 0.999499 -0.0309383 -1.64585 -0.999888 0.00702447 0.0132072 -176.581 
0.0194418 0.0215123 0.99958 128.792 0.0171466 0.999614 -0.0218465 -1.78671 -0.999664 0.0175641 0.0190655 -176.521 
0.0227994 0.0181534 0.999575 129.985 0.0201933 0.999623 -0.0186149 -1.83036 -0.999536 0.0206092 0.0224242 -176.492 
0.0253604 0.015959 0.999551 131.186 0.0188999 0.999686 -0.0164407 -1.87023 -0.9995 0.0193083 0.0250508 -176.453 
0.0321142 0.0239838 0.999196 134.35 0.00807209 0.999673 -0.0242546 -1.97142 -0.999452 0.00884452 0.0319101 -176.327 
0.033502 0.027943 0.999048 135.369 0.00977973 0.999552 -0.0282851 -2.00742 -0.999391 0.010718 0.0332137 -176.283 
0.0385607 0.0146334 0.999149 139.661 0.0134747 0.999794 -0.0151629 -2.16187 -0.999165 0.014048 0.0383556 -176.104 
0.0382389 0.0164999 0.999132 140.608 0.0119864 0.999784 -0.0169694 -2.18297 -0.999197 0.0126249 0.0380329 -176.075 
0.0371752 0.0207603 0.999093 141.708 0.0113034 0.999711 -0.0211937 -2.21759 -0.999245 0.012081 0.0369299 -176.039 
0.0368232 0.0204857 0.999112 142.782 0.00936661 0.999739 -0.0208438 -2.25991 -0.999278 0.0101258 0.0366217 -175.988 
0.038461 0.0174733 0.999107 143.747 0.0084685 0.999805 -0.0178115 -2.28942 -0.999224 0.00914599 0.0383055 -175.933 
0.0387221 0.0196531 0.999057 144.797 0.0138248 0.9997 -0.0202016 -2.32794 -0.999154 0.014594 0.0384388 -175.881 
0.0409678 0.0305399 0.998694 146.816 0.0170493 0.999366 -0.0312598 -2.39975 -0.999015 0.0183077 0.0404211 -175.781 
0.0431137 0.0249433 0.998759 147.879 0.0186875 0.999493 -0.0257684 -2.44055 -0.998895 0.0197752 0.0426257 -175.718 
0.0418098 0.0255163 0.9988 149.842 0.0122643 0.999585 -0.0260497 -2.5134 -0.99905 0.0133387 0.0414795 -175.628 
0.036964 0.0331472 0.998767 151.923 -0.00116924 0.99945 -0.0331266 -2.59733 -0.999316 5.66905e-05 0.0369825 -175.498 
0.0214015 0.0292394 0.999343 156.134 0.00189771 0.999569 -0.0292867 -2.77197 -0.999769 0.00252324 0.0213368 -175.34 
0.0173828 0.0317006 0.999346 157.18 0.00714302 0.999468 -0.0318287 -2.81605 -0.999823 0.00769162 0.0171471 -175.321 
0.0138513 0.0338856 0.99933 158.223 0.0123158 0.999344 -0.0340568 -2.8629 -0.999828 0.0127792 0.0134249 -175.308 
0.0105049 0.0355377 0.999313 159.275 0.0174129 0.99921 -0.0357171 -2.90795 -0.999793 0.0177762 0.00987777 -175.299 
0.00762768 0.0302332 0.999514 160.339 0.023235 0.999268 -0.030403 -2.95358 -0.999701 0.0234556 0.00691962 -175.294 
0.00589768 0.0243194 0.999687 161.404 0.0291405 0.999275 -0.0244813 -2.99781 -0.999558 0.0292757 0.00518473 -175.292 
0.00472822 0.0225747 0.999734 162.449 0.0301816 0.999286 -0.0227073 -3.03518 -0.999533 0.0302809 0.00404351 -175.284 
0.00343285 0.0242865 0.999699 163.494 0.0333652 0.999146 -0.0243876 -3.06969 -0.999437 0.0334389 0.00261959 -175.281 
-0.00403214 0.0215221 0.99976 166.67 0.0191163 0.999587 -0.0214413 -3.18172 -0.999809 0.0190253 -0.0044419 -175.25 
-0.0132639 0.0253839 0.99959 168.829 0.00909774 0.999639 -0.0252645 -3.25421 -0.999871 0.00875891 -0.01349 -175.245 
-0.0225356 0.0229005 0.999484 170.989 0.00527438 0.999726 -0.0227872 -3.3302 -0.999732 0.00475813 -0.0226502 -175.27 
-0.0298471 0.0193117 0.999368 173.181 0.00649565 0.999796 -0.019126 -3.40294 -0.999533 0.00592069 -0.0299665 -175.319 
-0.0352784 0.0186396 0.999204 176.486 0.00929904 0.999789 -0.0183222 -3.50455 -0.999334 0.00864526 -0.0354443 -175.417 
-0.0380704 0.0151755 0.99916 178.695 0.00936564 0.999846 -0.014829 -3.57134 -0.999231 0.00879323 -0.0382066 -175.489 
-0.0393258 0.0149368 0.999115 179.789 0.00975994 0.999846 -0.0145636 -3.60552 -0.999179 0.00917858 -0.0394655 -175.526 
-0.0403768 0.0173006 0.999035 180.882 0.0111507 0.999796 -0.0168631 -3.63734 -0.999122 0.0104591 -0.0405615 -175.567 
-0.0414208 0.0178565 0.998982 181.972 0.0137677 0.999756 -0.0172994 -3.66971 -0.999047 0.0130371 -0.0416565 -175.61 
-0.0426854 0.0176432 0.998933 183.034 0.0135574 0.999762 -0.0170786 -3.7051 -0.998997 0.012814 -0.0429145 -175.65 
-0.0448754 0.0198338 0.998796 184.119 0.0148621 0.999705 -0.0191841 -3.7406 -0.998882 0.0139834 -0.0451569 -175.695 
-0.0544759 0.0185601 0.998343 187.385 0.0167753 0.999703 -0.01767 -3.85185 -0.998374 0.0157849 -0.054771 -175.849 
-0.063986 0.0136848 0.997857 189.531 0.0152317 0.999803 -0.0127348 -3.92039 -0.997835 0.0143842 -0.0641818 -175.97 
-0.0700294 0.0128571 0.997462 190.59 0.01275 0.999847 -0.0119927 -3.95267 -0.997463 0.0118778 -0.0701826 -176.034 
-0.0767162 0.0142151 0.996952 191.636 0.012091 0.999838 -0.0133258 -3.98609 -0.99698 0.0110318 -0.0768757 -176.107 
-0.0834094 0.0161132 0.996385 192.658 0.0115078 0.999818 -0.0152054 -4.01856 -0.996449 0.0101979 -0.0835796 -176.185 
-0.0897618 0.0165377 0.995826 193.651 0.0124673 0.999802 -0.0154799 -4.05106 -0.995885 0.0110258 -0.0899503 -176.269 
-0.100575 0.018327 0.994761 196.549 0.0195344 0.999674 -0.0164425 -4.15435 -0.994738 0.0177783 -0.1009 -176.551 
-0.104995 0.0115409 0.994406 198.438 0.0239415 0.999672 -0.00907414 -4.2142 -0.994185 0.0228548 -0.105237 -176.746 
-0.108372 0.0176404 0.993954 200.253 0.027861 0.999504 -0.0147012 -4.27577 -0.99372 0.0260993 -0.10881 -176.941 
-0.125129 0.00481878 0.992129 203.682 0.0172723 0.999847 -0.00267786 -4.39581 -0.99199 0.0168013 -0.125193 -177.318 
-0.142232 0.00967452 0.989786 205.252 0.0130694 0.999883 -0.00789514 -4.43324 -0.989747 0.011813 -0.142342 -177.522 
-0.164158 0.011234 0.98637 206.715 0.017213 0.999816 -0.00852241 -4.484 -0.986284 0.0155794 -0.164321 -177.761 
-0.195564 0.0288103 0.980268 208.06 0.0218235 0.999449 -0.0250202 -4.52942 -0.980448 0.0164998 -0.196084 -178.026 
-0.225723 0.0271918 0.973812 209.331 0.0350593 0.99919 -0.019774 -4.57737 -0.97356 0.0296778 -0.226493 -178.339 
-0.252274 0.0225267 0.967394 210.519 0.0492212 0.998734 -0.0104207 -4.62735 -0.966403 0.0449875 -0.253063 -178.675 
-0.272151 0.0314756 0.96174 212.682 0.0696019 0.997491 -0.0129499 -4.69515 -0.959734 0.0634145 -0.273659 -179.322 
-0.268528 0.0302051 0.962798 213.672 0.0737826 0.997217 -0.0107067 -4.72376 -0.960442 0.0681627 -0.270009 -179.605 
-0.256148 0.0272209 0.966254 214.602 0.0721833 0.997351 -0.00896166 -4.75725 -0.963939 0.0674519 -0.257434 -179.847 
-0.238182 0.0275007 0.970831 215.465 0.0701222 0.997477 -0.0110519 -4.78333 -0.968686 0.0654445 -0.23951 -180.051 
-0.211828 0.0303644 0.976835 216.269 0.0730111 0.997216 -0.0151653 -4.80856 -0.974576 0.0681074 -0.213455 -180.22 
-0.0890278 0.0248219 0.99572 218.618 0.0581059 0.998116 -0.0196864 -4.90039 -0.994333 0.0561046 -0.0903024 -180.452 
-0.0521795 0.0242608 0.998343 219.385 0.0528352 0.998372 -0.0215 -4.93154 -0.997239 0.0516258 -0.0533763 -180.464 
-0.0141143 0.0245813 0.999598 221.791 0.0288952 0.99929 -0.0241657 -5.02107 -0.999483 0.0285425 -0.0148146 -180.442 
-0.0206634 0.0238389 0.999502 222.626 0.0242682 0.999433 -0.0233355 -5.05494 -0.999492 0.0237739 -0.0212302 -180.448 
-0.0652703 0.0230426 0.997602 224.692 0.0117683 0.999682 -0.0223207 -5.13054 -0.997798 0.0102832 -0.0655207 -180.536 
-0.09791 0.0144837 0.99509 225.916 0.00679613 0.999881 -0.0138848 -5.1742 -0.995172 0.00540331 -0.0979968 -180.651 
-0.158664 0.0204093 0.987122 228.129 0.00837163 0.999778 -0.0193254 -5.2527 -0.987297 0.00519758 -0.158799 -180.984 
-0.171653 0.029843 0.984705 229.061 0.0208864 0.999427 -0.0266482 -5.28515 -0.984936 0.0159927 -0.172178 -181.176 
-0.100948 0.0292444 0.994462 230.888 0.0191989 0.999439 -0.0274419 -5.36625 -0.994706 0.0163223 -0.101453 -181.398 
-0.0447775 0.0352551 0.998375 231.489 0.0189979 0.999226 -0.0344332 -5.39415 -0.998816 0.0174252 -0.0454127 -181.406 
0.0227505 0.0351849 0.999122 232.142 0.0123844 0.999294 -0.035473 -5.41579 -0.999664 0.0131805 0.0222987 -181.36 
0.193957 0.0303138 0.980542 233.541 0.00704004 0.999454 -0.0322911 -5.473 -0.980985 0.0131661 0.193638 -181.055 
0.242734 0.0288347 0.969664 233.909 0.00461749 0.999512 -0.0308782 -5.48755 -0.970082 0.0119726 0.242482 -180.929 
0.292213 0.0289597 0.955915 234.281 0.000947712 0.999532 -0.0305708 -5.50096 -0.956353 0.00983914 0.292049 -180.779 
0.393401 0.0342926 0.918727 235.042 0.000485477 0.999296 -0.0375078 -5.52789 -0.919367 0.0152016 0.393108 -180.411 
0.445098 0.0358156 0.894765 235.434 0.0018141 0.999162 -0.0408968 -5.53968 -0.89548 0.0198263 0.44466 -180.185 
0.548707 0.0306292 0.835453 236.224 0.00395775 0.999222 -0.0392327 -5.57578 -0.836005 0.0248338 0.548159 -179.629 
0.59915 0.0286228 0.800125 236.611 0.00213172 0.9993 -0.0373441 -5.59423 -0.800634 0.0240803 0.598669 -179.293 
0.648492 0.0269401 0.760745 236.987 0.000131485 0.99937 -0.0355025 -5.61347 -0.761221 0.0231231 0.64808 -178.92 
0.739008 0.0201328 0.673396 237.719 0.0011865 0.999513 -0.031185 -5.65559 -0.673696 0.0238449 0.738624 -178.07 
0.780066 0.0165258 0.625479 238.065 0.00229396 0.999569 -0.0292706 -5.67693 -0.625693 0.0242678 0.779692 -177.589 
0.816449 0.015133 0.577219 238.394 0.00100051 0.999618 -0.0276223 -5.69653 -0.577416 0.0231297 0.816122 -177.068 
0.873807 0.0141562 0.486067 239.001 -0.00381657 0.999745 -0.0222555 -5.73055 -0.486258 0.0175919 0.873638 -175.914 
0.894846 0.0133173 0.446176 239.276 -0.00506584 0.999793 -0.0196815 -5.74876 -0.446346 0.0153517 0.894729 -175.297 
0.928315 0.010086 0.371657 239.786 -0.00533597 0.99989 -0.0138068 -5.78151 -0.371756 0.0108339 0.928267 -173.984 
0.960689 0.00418251 0.277594 240.435 0.000915144 0.999833 -0.0182316 -5.82848 -0.277624 0.017769 0.960526 -171.831 
0.984344 -0.0118796 0.175859 241.134 0.0153168 0.999717 -0.0182009 -5.90649 -0.175593 0.0206096 0.984247 -168.535 
0.990556 -0.0117798 0.136599 241.381 0.0139897 0.999786 -0.0152291 -5.94465 -0.136391 0.0169963 0.990509 -166.749 
0.993738 0.00401669 0.11166 241.788 -0.00172614 0.999786 -0.0206026 -6.02697 -0.111719 0.0202809 0.993533 -162.887 
0.994151 0.000935402 0.107999 242.129 0.00104253 0.999833 -0.0182564 -6.09831 -0.107998 0.0182622 0.993983 -159.728 
0.994287 0.000867122 0.10674 242.242 0.000914216 0.999861 -0.0166385 -6.1224 -0.106739 0.0166411 0.994148 -158.632 
0.994459 0.00170107 0.105114 242.354 -8.47325e-05 0.999882 -0.0153795 -6.14649 -0.105128 0.0152854 0.994341 -157.515 
0.994625 0.003287 0.103489 242.467 -0.00179768 0.999894 -0.014481 -6.17039 -0.103526 0.0142171 0.994525 -156.376 
0.99495 0.00547384 0.100225 242.684 -0.00443538 0.999934 -0.0105812 -6.21384 -0.100277 0.0100832 0.994908 -154.124 
0.995159 0.0054606 0.0981276 242.791 -0.00428633 0.999917 -0.0121736 -6.23705 -0.0981859 0.011694 0.995099 -152.994 
0.995704 0.00437018 0.0924901 243.006 -0.00300895 0.999885 -0.0148519 -6.28624 -0.0925444 0.0145098 0.995603 -150.675 
0.996267 0.0026431 0.0862857 243.214 -0.00173367 0.999942 -0.0106129 -6.33908 -0.0863087 0.0104237 0.996214 -148.276 
0.996848 -0.00124289 0.0793311 243.414 0.00113817 0.999998 0.00136521 -6.37471 -0.0793327 -0.00127062 0.996847 -145.795 
0.997692 0.00364726 0.0678067 243.743 -0.00185822 0.999649 -0.0264288 -6.45988 -0.0678793 0.0262418 0.997348 -140.929 
0.997871 0.00755453 0.0647826 243.815 -0.00589348 0.99965 -0.0257933 -6.5035 -0.0649548 0.0253566 0.997566 -139.744 
0.998304 0.00883555 0.057547 243.947 -0.00857321 0.999952 -0.00480399 -6.57773 -0.0575866 0.00430248 0.998331 -137.333 
0.999309 0.0101881 0.0357324 244.138 -0.0100789 0.999944 -0.0032327 -6.65557 -0.0357634 0.00287033 0.999356 -132.599 
0.999512 0.00900712 0.0299146 244.169 -0.00893265 0.999957 -0.00262196 -6.67712 -0.0299369 0.00235347 0.999549 -131.397 
0.999807 0.00633158 0.0186078 244.216 -0.00633555 0.99998 0.000154596 -6.7157 -0.0186065 -0.000272457 0.999827 -129.026 
0.999906 0.00535009 0.0126565 244.228 -0.00536712 0.999985 0.00131176 -6.73196 -0.0126493 -0.00137957 0.999919 -127.859 
0.999969 0.00438387 0.00650961 244.236 -0.00438904 0.99999 0.000781139 -6.74867 -0.00650612 -0.000809686 0.999979 -126.659 
0.999895 -0.000560294 -0.0144743 244.204 0.000554227 1 -0.000423154 -6.81522 0.0144745 0.000415088 0.999895 -122.031 
0.999363 -0.0107722 -0.0340315 244.091 0.010714 0.999941 -0.00189161 -6.88802 0.0340498 0.00152579 0.999419 -117.569 
0.999149 -0.0129482 -0.0391489 244.05 0.0128599 0.999914 -0.0025078 -6.90401 0.039178 0.00200222 0.99923 -116.442 
0.998342 -0.0158456 -0.0553378 243.823 0.0157849 0.999874 -0.00153475 -6.96841 0.0553551 0.000658705 0.998467 -111.981 
0.998176 -0.0140615 -0.0587093 243.751 0.0138927 0.999898 -0.00328189 -6.98406 0.0587495 0.00246027 0.99827 -110.854 
0.997991 -0.0139876 -0.0617902 243.676 0.0137824 0.999898 -0.00374601 -7.00147 0.0618363 0.00288686 0.998082 -109.72 
0.99756 -0.0154285 -0.0680951 243.523 0.0152037 0.999877 -0.00381882 -7.03902 0.0681457 0.00277421 0.997672 -107.477 
0.997276 -0.0169395 -0.0717897 243.446 0.016596 0.999848 -0.00537857 -7.05789 0.0718699 0.00417249 0.997405 -106.34 
0.99626 -0.0125756 -0.0854827 243.068 0.01222 0.999914 -0.00468131 -7.13733 0.0855342 0.0036192 0.996329 -101.879 
0.995959 -0.0122787 -0.0889698 242.964 0.0118872 0.999917 -0.00492921 -7.15803 0.089023 0.00385169 0.996022 -100.732 
0.994568 -0.0136144 -0.103198 242.512 0.0133708 0.999906 -0.00305174 -7.23479 0.10323 0.00165533 0.994656 -96.2405 
0.994195 -0.0129749 -0.106805 242.387 0.012806 0.999915 -0.00226749 -7.2527 0.106825 0.000886591 0.994277 -95.108 
0.993816 -0.0110582 -0.110491 242.253 0.0108998 0.999939 -0.00203827 -7.26925 0.110507 0.000821337 0.993875 -93.9691 
0.99343 -0.0092955 -0.114059 242.115 0.00904292 0.999955 -0.00273169 -7.28627 0.114079 0.00168231 0.99347 -92.8251 
0.993024 -0.00740557 -0.117683 241.973 0.00696158 0.999967 -0.00418338 -7.30371 0.11771 0.00333494 0.993042 -91.6868 
0.992155 -0.00160925 -0.125006 241.674 0.000908475 0.999984 -0.00566278 -7.34028 0.125013 0.00550479 0.99214 -89.4037 
0.991654 0.00066928 -0.128927 241.518 -0.00121324 0.999991 -0.00414061 -7.35984 0.128923 0.00426247 0.991645 -88.2619 
0.991152 0.00219068 -0.132712 241.358 -0.00257915 0.999993 -0.00275529 -7.37903 0.132705 0.00307319 0.991151 -87.1109 
0.988538 0.00286289 -0.150947 240.684 -0.00334391 0.99999 -0.00293295 -7.44857 0.150937 0.00340409 0.988538 -82.5519 
0.986919 0.00603227 -0.161101 240.307 -0.00562473 0.99998 0.00298563 -7.47936 0.161116 -0.00204043 0.986933 -80.2709 
0.985023 0.0097273 -0.172149 239.905 -0.00935583 0.999952 0.00296909 -7.50195 0.172169 -0.00131403 0.985067 -77.9831 
0.980942 0.00834087 -0.194124 239.026 -0.00859527 0.999963 -0.000468241 -7.55228 0.194113 0.00212787 0.980977 -73.3979 
0.978886 0.0128326 -0.204003 238.543 -0.012097 0.999915 0.00485232 -7.57723 0.204048 -0.00228203 0.978958 -71.0922 
0.974495 0.0071345 -0.224297 237.514 -0.00636493 0.999971 0.0041539 -7.60857 0.22432 -0.00262032 0.974512 -66.4914 
0.969139 0.00235791 -0.246502 236.393 -0.00017536 0.999961 0.00887564 -7.64943 0.246513 -0.00855851 0.969102 -61.9258 
0.966017 -0.00310313 -0.258462 235.502 0.00417427 0.999985 0.00359565 -7.67172 0.258446 -0.00455235 0.966015 -58.552 
0.965056 -0.00351623 -0.262021 235.195 0.00351536 0.999994 -0.000472054 -7.68473 0.262021 -0.00046554 0.965062 -57.4395 
0.964111 -0.00499725 -0.265454 234.886 0.00482745 0.999988 -0.0012921 -7.70012 0.265457 -3.57408e-05 0.964123 -56.3176 
0.960269 -0.0028308 -0.279061 233.596 0.00483142 0.999967 0.00648158 -7.73916 0.279034 -0.00757233 0.960251 -51.8278 
0.959261 -0.00277497 -0.282508 233.262 0.00474091 0.999969 0.0062755 -7.74715 0.282482 -0.00735919 0.959244 -50.7105 
0.956454 -0.00622138 -0.291817 232.584 0.00722549 0.999971 0.00236328 -7.76803 0.291794 -0.00436889 0.956471 -48.4734 
0.954845 -0.00847824 -0.296982 232.238 0.00889024 0.99996 3.66933e-05 -7.78124 0.29697 -0.00267528 0.954883 -47.3539 
0.948761 -0.0101819 -0.315832 230.783 0.0144743 0.999832 0.0112479 -7.82439 0.315664 -0.015243 0.948749 -42.8735 
0.944728 -0.0162925 -0.327451 229.646 0.0191908 0.9998 0.00562178 -7.83954 0.327294 -0.0115951 0.944851 -39.5526 
0.94365 -0.0152775 -0.330592 229.255 0.0170733 0.999851 0.00252885 -7.8493 0.330504 -0.00803064 0.943771 -38.4519 
0.94269 -0.0132734 -0.333405 228.859 0.0148126 0.999888 0.00207489 -7.86121 0.33334 -0.00689459 0.942781 -37.3515 
0.941871 -0.00963055 -0.335837 228.459 0.0118574 0.999919 0.00458071 -7.87418 0.335766 -0.0082966 0.941909 -36.2485 
0.939414 -0.00651893 -0.342722 227.264 0.00906846 0.999942 0.00583704 -7.90472 0.342664 -0.00859135 0.939419 -32.9828 
0.936901 -0.00557733 -0.349551 226.052 0.00873752 0.999934 0.0074645 -7.93374 0.349487 -0.0100477 0.936888 -29.7389 
0.936017 -0.00417411 -0.35193 225.642 0.00853654 0.999905 0.0108448 -7.94147 0.351852 -0.0131552 0.935963 -28.6564 
0.932268 -0.00550939 -0.361728 224.402 0.00774681 0.999959 0.00473544 -7.95702 0.361687 -0.00721693 0.932272 -25.4436 
0.929662 -0.00516975 -0.368377 223.555 0.00785877 0.999952 0.00579978 -7.97652 0.368329 -0.00828682 0.929659 -23.3142 
0.928248 -0.00424306 -0.371937 223.125 0.00806842 0.999929 0.00872926 -7.9847 0.371874 -0.0111039 0.928217 -22.2477 
0.925151 0.00135144 -0.379598 222.247 0.00299619 0.999937 0.0108622 -7.99367 0.379588 -0.0111866 0.925088 -20.1226 
0.922179 0.00810204 -0.38668 221.35 -0.00562522 0.999956 0.00753654 -8.00168 0.386724 -0.00477488 0.922183 -18.0201 
0.916883 0.0120357 -0.398975 219.985 -0.00958047 0.999921 0.00814733 -8.02381 0.399042 -0.00364777 0.916925 -14.8748 
0.914663 0.0141402 -0.403971 219.522 -0.0100245 0.999874 0.0123013 -8.02915 0.404094 -0.0072019 0.914689 -13.8335 
0.905967 0.0161305 -0.423042 217.623 -0.0112797 0.999839 0.0139675 -8.02937 0.423199 -0.00788234 0.906002 -9.72084 
0.901973 0.0171919 -0.431451 216.65 -0.0127768 0.999832 0.0131293 -8.03093 0.431604 -0.00632968 0.902041 -7.69685 
0.900205 0.0182985 -0.435083 216.159 -0.0143227 0.99982 0.0124156 -8.03282 0.435232 -0.00494501 0.900305 -6.69462 
0.898558 0.0192747 -0.438432 215.662 -0.0152176 0.999803 0.0127659 -8.03516 0.438591 -0.00479898 0.898674 -5.69059 
0.893362 0.0185715 -0.448953 214.168 -0.0111179 0.999753 0.0192326 -8.03241 0.449199 -0.0121903 0.893348 -2.70375 
0.889716 0.0137966 -0.456306 213.16 -0.00563789 0.999799 0.0192364 -8.02219 0.45648 -0.0145423 0.889615 -0.725552 
0.887919 0.0123061 -0.459835 212.651 -0.00316148 0.999782 0.0206514 -8.01509 0.459989 -0.016883 0.887764 0.258206 
0.884357 0.00946257 -0.466716 211.618 -0.000275334 0.999805 0.0197491 -8.00181 0.466812 -0.0173368 0.884187 2.21927 
0.882471 0.00806489 -0.470297 211.094 -0.000543127 0.99987 0.0161271 -7.99467 0.470366 -0.0139763 0.882361 3.19713 
0.880603 0.00870332 -0.473776 210.562 -0.00157175 0.999879 0.0154465 -7.9888 0.473853 -0.0128576 0.88051 4.17533 
0.878814 0.0114066 -0.477028 210.023 -0.00290204 0.999824 0.0185612 -7.98351 0.477156 -0.0149275 0.878692 5.15744 
0.875202 0.0137629 -0.483562 208.936 -0.00650171 0.99984 0.0166894 -7.97086 0.483715 -0.0114626 0.875151 7.11178 
0.873146 0.0158344 -0.487201 208.381 -0.00962838 0.999838 0.0152398 -7.9647 0.487363 -0.00861558 0.873157 8.08833 
0.871158 0.0148233 -0.490779 207.823 -0.00922208 0.999862 0.0138297 -7.96104 0.490917 -0.00752185 0.871174 9.07069 
0.864585 0.00580787 -0.502453 206.125 -7.693e-05 0.999935 0.0114259 -7.9602 0.502487 -0.00984001 0.864529 12.03 
0.862121 0.00326608 -0.506692 205.548 0.0032964 0.999922 0.0120541 -7.96315 0.506692 -0.0120623 0.862043 13.0164 
0.859768 0.00188279 -0.510682 204.965 0.00453278 0.999926 0.0113178 -7.96335 0.510665 -0.0120455 0.859695 14.0057 
0.847791 0.0072865 -0.53028 201.924 0.00102598 0.999881 0.0153795 -7.96427 0.530329 -0.0135827 0.847683 18.9404 
0.841198 0.0163837 -0.540478 200.044 -0.00986102 0.999839 0.0149609 -7.96372 0.540637 -0.00725541 0.841225 21.8449 
0.834619 0.0176485 -0.550545 198.149 -0.00950813 0.999799 0.0176358 -7.9568 0.550746 -0.00948449 0.834619 24.7212 
0.828323 0.0258443 -0.559654 196.226 -0.0173306 0.999639 0.0205119 -7.93877 0.559982 -0.00729136 0.828473 27.5483 
0.826419 0.0273892 -0.562389 195.579 -0.0185373 0.999598 0.0214417 -7.9294 0.562751 -0.0072946 0.826594 28.4833 
0.824411 0.0274156 -0.565327 194.931 -0.0179823 0.999591 0.0222519 -7.92254 0.565706 -0.00817879 0.824566 29.4185 
0.81996 0.0216109 -0.572013 193.637 -0.0170036 0.999766 0.0133976 -7.91226 0.572169 -0.00125922 0.820135 31.2721 
0.818075 0.0225024 -0.57467 192.982 -0.0184768 0.999747 0.0128444 -7.91084 0.574814 0.000110406 0.818284 32.1932 
0.814418 0.0267294 -0.579663 191.666 -0.0188858 0.99963 0.0195606 -7.90729 0.579972 -0.0049831 0.814621 34.0327 
0.8119 0.0251358 -0.583255 191.011 -0.016753 0.999664 0.0197609 -7.90259 0.583556 -0.00627264 0.812049 34.9408 
0.805579 0.0236107 -0.592018 189.685 -0.0157819 0.999706 0.0183951 -7.88971 0.592279 -0.00547558 0.805715 36.7493 
0.802922 0.0269167 -0.595477 189.011 -0.0176515 0.999616 0.0213839 -7.88179 0.595823 -0.00665848 0.803088 37.6469 
0.800507 0.0286263 -0.59864 188.335 -0.0171802 0.999544 0.0248235 -7.87247 0.599078 -0.00958658 0.800634 38.545 
0.791424 0.0218778 -0.610876 186.292 -0.00822975 0.99965 0.0251392 -7.82742 0.611212 -0.0148684 0.791327 41.225 
0.78836 0.0227149 -0.614795 185.597 -0.00755954 0.9996 0.0272387 -7.81145 0.615168 -0.0168263 0.788216 42.1125 
0.785351 0.026089 -0.618501 184.895 -0.00972088 0.999508 0.029817 -7.79439 0.618974 -0.0174044 0.785218 42.9959 
0.773967 0.0179146 -0.632972 182.049 -0.00460829 0.999733 0.02266 -7.72525 0.633209 -0.0146212 0.773843 46.5131 
0.771594 0.0171532 -0.635884 181.324 -0.0032716 0.99973 0.0229983 -7.71127 0.636107 -0.015665 0.771442 47.3909 
0.769251 0.0176115 -0.638704 180.593 -0.00309008 0.999711 0.0238442 -7.6982 0.638939 -0.0163685 0.769083 48.2672 
0.767032 0.0186501 -0.641337 179.853 -0.00362747 0.999688 0.0247325 -7.68371 0.641598 -0.0166442 0.76686 49.1451 
0.764779 0.0191904 -0.644007 179.108 -0.00271943 0.999644 0.0265584 -7.66703 0.644287 -0.01856 0.764559 50.0247 
0.762235 0.0184241 -0.647038 178.359 -0.000767422 0.99962 0.0275596 -7.65077 0.6473 -0.0205104 0.761959 50.9066 
0.759681 0.0150971 -0.650121 177.61 0.00238093 0.999659 0.0259962 -7.63437 0.650292 -0.0212967 0.759386 51.7872 
0.750673 0.0139392 -0.660527 175.321 -0.00136591 0.999808 0.0195467 -7.59667 0.660673 -0.013771 0.750548 54.4031 
0.739331 0.0202264 -0.673038 172.172 -0.00779374 0.999739 0.0214831 -7.55593 0.673297 -0.0106376 0.739296 57.8794 
0.736609 0.0219056 -0.675964 171.376 -0.00775087 0.999683 0.0239499 -7.54358 0.676274 -0.0124024 0.736545 58.7496 
0.724227 0.0243122 -0.689133 168.107 -0.00825305 0.999612 0.0265923 -7.48639 0.689512 -0.0135714 0.724147 62.2101 
0.721106 0.0233217 -0.692432 167.278 -0.00906777 0.999665 0.0242263 -7.4704 0.692765 -0.011191 0.721077 63.0672 
0.715039 0.0195841 -0.69881 165.604 -0.00664988 0.999753 0.0212137 -7.44053 0.699053 -0.0105216 0.714992 64.7836 
0.706263 0.0276544 -0.707409 163.035 -0.0098587 0.999524 0.0292312 -7.3931 0.707881 -0.0136708 0.7062 67.3525 
0.703783 0.029946 -0.709784 162.165 -0.0147912 0.999512 0.0275036 -7.37311 0.710261 -0.00885801 0.703882 68.1986 
0.701614 0.0312126 -0.711874 161.291 -0.0187785 0.999503 0.0253161 -7.35359 0.71231 -0.00439419 0.701851 69.045 
0.699558 0.0327476 -0.713825 160.411 -0.021978 0.999463 0.0243129 -7.33616 0.714238 -0.00131985 0.699902 69.8932 
0.697811 0.0336067 -0.715493 159.529 -0.0224684 0.999434 0.0250302 -7.32007 0.715929 -0.00139037 0.698172 70.746 
0.696343 0.0338475 -0.716911 158.648 -0.0222331 0.999425 0.0255905 -7.3047 0.717365 -0.00188062 0.696695 71.5963 
0.695093 0.0331227 -0.718156 157.765 -0.0200794 0.999443 0.0266615 -7.28746 0.718639 -0.00411204 0.695371 72.4511 
0.691279 0.0376947 -0.721604 155.083 -0.0236605 0.999284 0.0295338 -7.22798 0.7222 -0.00334257 0.691676 75.0117 
0.689591 0.0398474 -0.723102 153.284 -0.0303668 0.999198 0.0261025 -7.18869 0.723562 0.00395819 0.690248 76.7042 
0.688801 0.0419613 -0.723736 152.383 -0.0323871 0.999108 0.0271033 -7.16918 0.724227 0.00477095 0.689545 77.5508 
0.688177 0.0459566 -0.724086 151.477 -0.0338056 0.998939 0.0312719 -7.1503 0.724755 0.00295757 0.689 78.406 
0.69081 0.0512364 -0.721219 147.849 -0.0373139 0.998683 0.0352072 -7.03804 0.722073 0.00258999 0.691812 81.8221 
0.693395 0.0359104 -0.719663 146.076 -0.0185305 0.999316 0.0320107 -6.98878 0.72032 -0.00886034 0.693586 83.5541 
0.694595 0.0313968 -0.718715 145.19 -0.0103834 0.999381 0.0336227 -6.96699 0.719326 -0.0158915 0.694491 84.4233 
0.696271 0.0280103 -0.717232 144.303 -0.00595118 0.999429 0.0332537 -6.94483 0.717754 -0.0188852 0.69604 85.2883 
0.698039 0.0253979 -0.715609 143.416 -0.00367857 0.999485 0.0318848 -6.92109 0.71605 -0.0196244 0.697773 86.1506 
0.699142 0.0282963 -0.714423 142.527 -0.00717026 0.999444 0.0325684 -6.8967 0.714947 -0.0176473 0.698956 87.0101 
0.700577 0.0316024 -0.712877 141.643 -0.00950553 0.999343 0.0349602 -6.87295 0.713513 -0.017716 0.700418 87.8689 
0.702609 0.0332551 -0.710799 138.993 -0.0180434 0.999419 0.0289228 -6.80293 0.711348 -0.00749618 0.7028 90.4455 
0.7033 0.0277571 -0.710352 137.246 -0.0154771 0.999598 0.023736 -6.77051 0.710725 -0.00569929 0.703447 92.1679 
0.703814 0.0242837 -0.709969 136.382 -0.0123602 0.999683 0.02194 -6.75859 0.710276 -0.00666633 0.703891 93.024 
0.70338 0.0207082 -0.710513 134.637 -0.00403329 0.999676 0.0251432 -6.7345 0.710803 -0.0148195 0.703235 94.7573 
0.703026 0.0198342 -0.710887 133.766 -6.67772e-06 0.999611 0.0278832 -6.72042 0.711164 -0.0195979 0.702753 95.6246 
0.700769 0.0178613 -0.713164 131.143 0.00153787 0.999646 0.0265474 -6.66706 0.713386 -0.0197004 0.700494 98.2024 
0.700514 0.0210291 -0.713329 130.261 -0.000949877 0.999592 0.0285353 -6.64875 0.713638 -0.0193118 0.700248 99.0587 
0.700423 0.0251333 -0.713286 129.379 -0.00354603 0.99949 0.0317359 -6.62894 0.713719 -0.0196992 0.700155 99.9131 
0.700403 0.0265329 -0.713255 128.497 -0.00507784 0.999469 0.0321936 -6.60753 0.71373 -0.0189267 0.700165 100.77 
0.70034 0.0265061 -0.713318 127.617 -0.00617758 0.999498 0.031075 -6.58563 0.713783 -0.0173565 0.700152 101.626 
0.700608 0.0232863 -0.713167 125.859 -0.00521379 0.999608 0.0275172 -6.54376 0.713528 -0.0155605 0.700454 103.345 
0.700973 0.0224131 -0.712836 124.979 -0.00436746 0.999622 0.0271356 -6.52507 0.713175 -0.015908 0.700806 104.207 
0.701179 0.0233817 -0.712601 124.097 -0.00381966 0.999571 0.0290392 -6.50718 0.712975 -0.0176398 0.700968 105.07 
0.701366 0.0248503 -0.712368 123.213 -0.00475625 0.999533 0.030185 -6.48856 0.712785 -0.0177826 0.701157 105.934 
0.701815 0.024718 -0.71193 122.331 -0.00565263 0.99956 0.0291321 -6.46868 0.712337 -0.0164211 0.701646 106.796 
0.702237 0.0239565 -0.71154 121.452 -0.00705874 0.999619 0.0266892 -6.44935 0.711909 -0.0137196 0.702138 107.657 
0.702428 0.0228793 -0.711387 120.57 -0.00912418 0.999691 0.0231424 -6.43378 0.711697 -0.00976501 0.702419 108.517 
0.702813 0.0215346 -0.711049 119.692 -0.00822679 0.999721 0.0221457 -6.42035 0.711327 -0.00971464 0.702794 109.381 
0.703048 0.0228443 -0.710776 118.816 -0.00905332 0.99969 0.0231752 -6.41015 0.711085 -0.00985837 0.703037 110.24 
0.703336 0.0239878 -0.710453 117.942 -0.0086733 0.999646 0.0251657 -6.39681 0.710805 -0.011538 0.703295 111.1 
0.703691 0.0291246 -0.709909 116.199 -0.0108853 0.999484 0.0302147 -6.36583 0.710423 -0.0135343 0.703645 112.815 
0.703976 0.033674 -0.709425 115.322 -0.0138938 0.999337 0.0336481 -6.34508 0.710088 -0.0138309 0.703978 113.672 
0.704257 0.0389249 -0.708877 113.575 -0.021875 0.999211 0.0331349 -6.29875 0.709608 -0.00782878 0.704553 115.376 
0.704459 0.0398081 -0.708628 112.707 -0.0256496 0.999202 0.0306328 -6.27583 0.709281 -0.00340357 0.704917 116.225 
0.704351 0.0421465 -0.7086 110.096 -0.0321093 0.999106 0.0275086 -6.21795 0.709126 0.00337693 0.705074 118.781 
0.704714 0.0432219 -0.708174 109.227 -0.032415 0.999062 0.0287191 -6.19961 0.708751 0.00271668 0.705454 119.636 
0.704751 0.0461702 -0.70795 108.356 -0.0337861 0.998932 0.0315136 -6.18014 0.708649 0.0017096 0.705559 120.493 
0.704918 0.0468416 -0.70774 107.486 -0.0333096 0.998902 0.0329353 -6.15902 0.708506 0.000357843 0.705705 121.352 
0.70497 0.0452242 -0.707794 106.619 -0.0327563 0.998976 0.0312035 -6.13658 0.708481 0.00118718 0.705729 122.21 
0.705113 0.0421795 -0.70784 105.753 -0.0308021 0.999109 0.0288526 -6.11474 0.708426 0.00145858 0.705784 123.068 
0.705129 0.0359764 -0.708166 104.022 -0.0244583 0.999352 0.0264159 -6.07889 0.708657 -0.0013061 0.705552 124.791 
0.704836 0.0343259 -0.708539 103.152 -0.0239329 0.999411 0.0246096 -6.06275 0.708966 -0.000388353 0.705242 125.652 
0.704888 0.0352725 -0.708441 102.28 -0.0226016 0.999373 0.0272694 -6.04475 0.708958 -0.00320998 0.705243 126.514 
0.704951 0.040672 -0.708089 101.402 -0.0241115 0.999152 0.0333858 -6.02355 0.708846 -0.00646227 0.705334 127.38 
0.705265 0.0427914 -0.707651 100.529 -0.0235042 0.999039 0.0369867 -5.9963 0.708554 -0.00945263 0.705593 128.242 
0.705099 0.0419756 -0.707865 99.6588 -0.0227326 0.999071 0.0366 -5.96763 0.708744 -0.00971502 0.705399 129.103 
0.705212 0.0372865 -0.708016 98.7912 -0.0197621 0.999262 0.0329407 -5.93932 0.708721 -0.00923831 0.705428 129.965 
0.705066 0.03508 -0.708274 97.9231 -0.0182512 0.999343 0.0313278 -5.91451 0.708907 -0.00916136 0.705242 130.828 
0.7045 0.0357448 -0.708803 95.3098 -0.0113883 0.999172 0.0390689 -5.83576 0.709613 -0.0194519 0.704323 133.426 
0.703637 0.0246321 -0.710132 92.6996 -0.00855357 0.99962 0.0261982 -5.75293 0.710508 -0.0123598 0.703581 136.007 
0.703873 0.0265284 -0.70983 91.8176 -0.0125113 0.99961 0.024952 -5.73391 0.710216 -0.00868215 0.703931 136.867 
0.704482 0.0297497 -0.709098 90.9333 -0.0135381 0.999503 0.0284834 -5.71609 0.709593 -0.0104662 0.704534 137.735 
0.704957 0.0319305 -0.708531 90.0514 -0.013076 0.999401 0.0320287 -5.69577 0.70913 -0.0133141 0.704952 138.608 
0.705483 0.0284911 -0.708154 89.1771 -0.00989043 0.99949 0.0303593 -5.67263 0.708658 -0.014414 0.705405 139.478 
0.705624 0.0235491 -0.708195 88.3083 -0.00647715 0.99962 0.026786 -5.65055 0.708557 -0.0143137 0.705508 140.349 
0.706545 0.0244759 -0.707245 85.672 -0.00874504 0.999627 0.0258581 -5.6016 0.707614 -0.012085 0.706496 142.962 
0.707178 0.0287106 -0.706453 84.787 -0.0106302 0.999494 0.0299788 -5.58363 0.706956 -0.0136906 0.707125 143.838 
0.707518 0.0322858 -0.705958 83.0213 -0.0112785 0.999345 0.0344 -5.53636 0.706606 -0.0163765 0.707418 145.589 
0.707632 0.0301029 -0.70594 82.1415 -0.0119787 0.99946 0.0306118 -5.51116 0.70648 -0.0132056 0.70761 146.464 
0.707615 0.0309307 -0.705921 80.3834 -0.0142727 0.999463 0.0294856 -5.46857 0.706454 -0.0107891 0.707677 148.207 
0.707612 0.0320282 -0.705875 79.4982 -0.0147366 0.999424 0.0305747 -5.44969 0.706448 -0.0112328 0.707676 149.085 
0.707516 0.0323687 -0.705956 78.6162 -0.0138114 0.999393 0.0319811 -5.42828 0.706563 -0.0128769 0.707533 149.964 
0.707242 0.0336709 -0.706169 76.859 -0.0141819 0.99934 0.0334461 -5.3829 0.706829 -0.0136397 0.707253 151.712 
0.707291 0.0342707 -0.706091 75.9833 -0.0156479 0.999338 0.0328292 -5.3608 0.706749 -0.012171 0.70736 152.583 
0.706886 0.040762 -0.706152 73.3514 -0.0229696 0.999134 0.0346806 -5.29299 0.706954 -0.00829524 0.70721 155.186 
0.706565 0.0485655 -0.70598 69.8651 -0.029594 0.998797 0.0390904 -5.18431 0.707029 -0.00672714 0.707152 158.627 
0.7084 0.0489687 -0.70411 67.2763 -0.0290196 0.998768 0.0402649 -5.09412 0.705214 -0.00809067 0.708948 161.202 
0.709606 0.0457739 -0.70311 66.4217 -0.0257959 0.998906 0.0389967 -5.06587 0.704126 -0.00953496 0.710011 162.063 
0.710995 0.0421173 -0.701934 65.5733 -0.0217908 0.999045 0.0378724 -5.03821 0.702859 -0.0116314 0.711234 162.925 
0.715313 0.038426 -0.697747 62.2082 -0.0135387 0.999062 0.0411404 -4.93478 0.698673 -0.0199817 0.715162 166.359 
0.719264 0.0256078 -0.694265 58.9075 -0.00744642 0.999547 0.0291535 -4.827 0.694697 -0.0157993 0.719129 169.763 
0.720556 0.0260266 -0.692909 57.2672 -0.00389663 0.999432 0.0334879 -4.78915 0.693386 -0.0214299 0.720247 171.459 
0.721798 0.0308336 -0.691416 54.0359 -0.00585123 0.999243 0.0384528 -4.69944 0.692079 -0.0237095 0.721433 174.797 
0.721477 0.0342173 -0.691592 51.688 -0.0111417 0.999223 0.0378144 -4.63016 0.692349 -0.0195767 0.721298 177.219 
0.720733 0.0370231 -0.692223 50.9209 -0.0134217 0.999131 0.0394634 -4.60797 0.693083 -0.0191518 0.720604 178.005 
0.717621 0.0434253 -0.695079 48.6763 -0.0198904 0.998925 0.0418727 -4.53657 0.69615 -0.0162233 0.717713 180.297 
0.716784 0.0419764 -0.696031 47.9423 -0.0217348 0.999046 0.0378678 -4.51265 0.696957 -0.0120149 0.717012 181.042 
0.716067 0.0409721 -0.696828 47.2121 -0.0228006 0.999116 0.035316 -4.48951 0.697659 -0.00940054 0.716369 181.782 
0.715385 0.0402074 -0.697573 46.4903 -0.0218784 0.999142 0.0351526 -4.47016 0.698388 -0.00988587 0.715651 182.515 
0.714579 0.0389118 -0.698472 45.7782 -0.0191028 0.999165 0.0361201 -4.45141 0.699294 -0.0124679 0.714726 183.242 
0.711298 0.0323591 -0.702146 43.7183 -0.00849106 0.999262 0.0374503 -4.39947 0.70284 -0.0206764 0.711048 185.347 
0.710247 0.0326948 -0.703193 43.0493 -0.00872478 0.999253 0.0376477 -4.38273 0.703899 -0.020604 0.710002 186.017 
0.69967 0.0410642 -0.713285 40.5073 -0.0149227 0.998969 0.0428733 -4.31903 0.71431 -0.019353 0.699561 188.512 
0.691165 0.0438751 -0.721364 39.3106 -0.018269 0.998897 0.0432512 -4.28256 0.722466 -0.0167152 0.691205 189.644 
0.67698 0.0429036 -0.73475 38.1516 -0.0198033 0.999 0.0400875 -4.24379 0.735735 -0.012588 0.677153 190.706 
0.640047 0.0460844 -0.766952 36.4376 -0.0205879 0.99887 0.0428385 -4.19121 0.76806 -0.0116287 0.640272 192.156 
0.604049 0.0497563 -0.795392 35.2905 -0.0235947 0.998728 0.0445575 -4.15524 0.796598 -0.00814788 0.604455 193.02 
0.557164 0.0533708 -0.828685 34.1226 -0.0244567 0.998554 0.0478676 -4.10891 0.830042 -0.00640319 0.557664 193.808 
0.462605 0.0600579 -0.884528 32.314 -0.0307262 0.99819 0.0517056 -4.03788 0.886032 0.00325895 0.463612 194.78 
0.382868 0.0658208 -0.921455 31.0722 -0.0333805 0.997793 0.057404 -3.97873 0.9232 0.00878048 0.38422 195.286 
0.341046 0.0690557 -0.937507 30.4429 -0.0371121 0.99751 0.0599748 -3.95238 0.939314 0.0143387 0.34276 195.486 
0.297128 0.071009 -0.952194 29.8095 -0.0382689 0.997315 0.0624323 -3.92268 0.95407 0.017889 0.299048 195.656 
0.200624 0.0728989 -0.976952 28.5336 -0.0319816 0.997183 0.0678409 -3.85059 0.979146 0.0176341 0.20239 195.91 
0.149896 0.0770201 -0.985697 27.8888 -0.030224 0.996852 0.0732955 -3.81434 0.98824 0.018805 0.151752 195.982 
0.0446452 0.0777324 -0.995974 26.6036 -0.0235971 0.996772 0.076737 -3.73918 0.998724 0.0200761 0.0463353 196.026 
-0.00846651 0.0761971 -0.997057 25.972 -0.0209948 0.996859 0.0763603 -3.70138 0.999744 0.0215795 -0.00684018 195.997 
-0.114011 0.0713278 -0.990916 24.7199 -0.0149233 0.997184 0.073496 -3.61884 0.993367 0.0231671 -0.112625 195.834 
-0.166114 0.0718841 -0.983483 24.1013 -0.0120692 0.997117 0.0749192 -3.5783 0.986033 0.024315 -0.164768 195.703 
-0.266738 0.0745642 -0.96088 22.8875 -0.0120922 0.996665 0.0806979 -3.494 0.963693 0.0331443 -0.264947 195.34 
-0.312616 0.0762662 -0.946813 22.2941 -0.0110932 0.99641 0.083924 -3.45443 0.949815 0.0367392 -0.310648 195.117 
-0.354752 0.075353 -0.931919 21.7157 -0.00963858 0.996399 0.0842358 -3.41385 0.934911 0.0388652 -0.352749 194.872 
-0.391721 0.0709407 -0.917345 21.1644 -0.012118 0.996539 0.0822396 -3.37361 0.920004 0.0433313 -0.389505 194.609 
-0.461548 0.051563 -0.885615 19.5259 -0.023689 0.997237 0.0704077 -3.25059 0.886799 0.0534758 -0.459051 193.71 
-0.483779 0.0549299 -0.873465 17.3763 -0.0167772 0.997263 0.0720076 -3.11004 0.875029 0.0494901 -0.481534 192.513 
-0.476801 0.0609685 -0.876894 15.2756 -0.00888986 0.997206 0.0741673 -2.97343 0.878966 0.0431585 -0.474927 191.365 
-0.45132 0.0669818 -0.889845 13.2652 0.000665575 0.997204 0.0747255 -2.84498 0.892362 0.0331329 -0.450103 190.341 
-0.438252 0.0670596 -0.896347 12.3177 0.00265239 0.997305 0.0733159 -2.78617 0.898848 0.0297534 -0.437249 189.882 
-0.426377 0.0678316 -0.901999 11.4126 0.00486558 0.997342 0.0727016 -2.73057 0.904532 0.0266096 -0.425574 189.461 
-0.398218 0.0754011 -0.914187 9.36461 0.0076747 0.996855 0.0788764 -2.60823 0.917259 0.0243939 -0.397544 188.558 
-0.38468 0.0778351 -0.919763 8.32377 0.0110638 0.996756 0.0797234 -2.54754 0.922984 0.0204919 -0.384293 188.133 
-0.374669 0.0672115 -0.924719 6.52912 0.0164194 0.997694 0.0658628 -2.43985 0.927013 0.00949341 -0.374908 187.418 
-0.40854 0.0616453 -0.910656 5.66524 0.0164295 0.998052 0.0601907 -2.39218 0.912592 0.0096287 -0.408757 187.016 
-0.454406 0.0573625 -0.888946 5.07475 0.0203494 0.998333 0.054019 -2.36266 0.890562 0.00645704 -0.454816 186.692 
-0.513002 0.0530431 -0.856747 4.49869 0.0236741 0.998584 0.047649 -2.32758 0.858061 0.00416136 -0.513531 186.321 
-0.557051 0.0523282 -0.828828 4.07308 0.030323 0.998629 0.0426687 -2.29967 0.829924 -0.00136391 -0.557874 186.019 
-0.603899 0.0540212 -0.795228 3.62817 0.0258465 0.998503 0.0482021 -2.27449 0.796642 0.00855533 -0.604391 185.634 
-0.650447 0.0640993 -0.756843 3.15542 0.0313232 0.997849 0.057591 -2.25231 0.758906 0.0137532 -0.651055 185.195 
-0.743411 0.0688548 -0.665282 2.22919 0.0381088 0.997432 0.0606471 -2.18511 0.667749 0.0197326 -0.744125 184.13 
-0.830289 0.0794326 -0.551644 1.31732 0.0588371 0.996753 0.0549683 -2.10098 0.554219 0.0131824 -0.832266 182.771 
-0.933043 0.107994 -0.343173 0.0765317 0.0948404 0.993975 0.0549378 -1.95846 0.347038 0.0187127 -0.937664 179.938 
-0.965805 0.108128 -0.235648 -0.358923 0.100989 0.993992 0.042193 -1.8772 0.238794 0.0169524 -0.970922 178.16 
-0.981724 0.112458 -0.153528 -0.689487 0.108543 0.993521 0.0336725 -1.81375 0.15632 0.0163926 -0.98757 176.144 
-0.989767 0.109086 -0.09199 -0.89138 0.106748 0.993834 0.0299765 -1.759 0.0946928 0.01985 -0.995309 173.973 
-0.993075 0.0987748 -0.0636122 -1.0746 0.0971827 0.994882 0.0276616 -1.68563 0.0660189 0.021288 -0.997591 170.735 
-0.992736 0.102617 -0.0628105 -1.18108 0.10095 0.994464 0.0291728 -1.64616 0.0654564 0.0226202 -0.997599 169.056 
-0.992942 0.100686 -0.062684 -1.23095 0.0990617 0.994673 0.0285128 -1.62797 0.0652209 0.0221019 -0.997626 168.191 
-0.993822 0.092067 -0.0619772 -1.38112 0.0907965 0.995603 0.0230182 -1.57141 0.063824 0.0172487 -0.997812 165.443 
-0.993905 0.0916669 -0.0612435 -1.43394 0.0902847 0.995603 0.024973 -1.55601 0.0632634 0.0192915 -0.99781 164.509 
-0.993748 0.0941335 -0.0600278 -1.49154 0.0926611 0.995335 0.0268648 -1.53797 0.0622767 0.0211346 -0.997835 163.564 
-0.993925 0.0955983 -0.0545271 -1.5931 0.0942553 0.99519 0.0266975 -1.50372 0.0568171 0.0213959 -0.998155 161.657 
-0.993897 0.0978525 -0.0509207 -1.64323 0.0966807 0.995002 0.0249944 -1.48589 0.0531119 0.0199188 -0.99839 160.705 
-0.993906 0.0996436 -0.0471452 -1.68847 0.0985563 0.994821 0.0248564 -1.46746 0.0493779 0.0200584 -0.998579 159.749 
-0.994279 0.101025 -0.0346881 -1.79811 0.0998462 0.994416 0.0341836 -1.4026 0.0379478 0.0305246 -0.998813 156.684 
-0.994653 0.098971 -0.0295004 -1.85357 0.0980241 0.99467 0.031984 -1.35238 0.0325086 0.0289213 -0.999053 154.588 
-0.994875 0.097098 -0.0282063 -1.87408 0.0963574 0.994993 0.0265266 -1.32804 0.0306408 0.0236727 -0.99925 153.552 
-0.994835 0.0978552 -0.0269665 -1.89848 0.0972102 0.994968 0.024276 -1.30588 0.0292063 0.0215292 -0.999342 152.488 
-0.994673 0.100499 -0.0229447 -1.94656 0.0996587 0.994398 0.035233 -1.26582 0.0263571 0.0327587 -0.999116 150.315 
-0.994096 0.106413 -0.0212117 -1.9734 0.105608 0.993756 0.036014 -1.24227 0.0249116 0.0335613 -0.999126 149.256 
-0.994036 0.107165 -0.0201873 -2.01585 0.10658 0.993906 0.0281291 -1.19377 0.0230787 0.0258097 -0.9994 147.085 
-0.994239 0.105279 -0.0201057 -2.03231 0.104731 0.994144 0.0266208 -1.17428 0.0227906 0.0243618 -0.999443 146 
-0.994927 0.0981254 -0.0221623 -2.05856 0.0974399 0.994785 0.0301432 -1.14192 0.0250045 0.0278308 -0.9993 143.853 
-0.994973 0.0974709 -0.0230005 -2.07682 0.0967016 0.994783 0.0324798 -1.12185 0.0260464 0.0300923 -0.999208 142.781 
-0.995746 0.0872497 -0.0296224 -2.16872 0.0861383 0.995599 0.0369248 -1.01318 0.0327137 0.0342161 -0.998879 138.307 
-0.995864 0.0842478 -0.0340145 -2.22943 0.0830981 0.995964 0.0339076 -0.959339 0.0367339 0.0309408 -0.998846 136.062 
-0.995721 0.0852024 -0.0357853 -2.26703 0.0839162 0.995821 0.0360257 -0.93352 0.0387052 0.0328686 -0.99871 134.939 
-0.995678 0.0848103 -0.0378466 -2.30446 0.0834655 0.995867 0.0358044 -0.909766 0.0407267 0.0324908 -0.998642 133.818 
-0.9958 0.0824982 -0.0397053 -2.34034 0.0812857 0.996201 0.0312444 -0.884131 0.0421321 0.0278857 -0.998723 132.698 
-0.995592 0.0847717 -0.040123 -2.42693 0.0836423 0.996073 0.0290378 -0.839147 0.042427 0.0255538 -0.998773 130.446 
