0.623401 -0.013293 -0.104427 6.002464 -0.000047 0.002536 0.000268 0.999997
0.727346 -0.012574 -0.125316 7.199696 0.000125 0.002926 0.000400 0.999996
0.831180 -0.012717 -0.146290 8.404959 -0.000643 0.002994 0.000594 0.999995
1.246636 -0.028072 -0.228315 13.192685 -0.000589 -0.000478 0.001153 0.999999
1.454410 -0.048666 -0.269212 15.594964 -0.000566 -0.001115 0.000543 0.999999
1.870090 -0.091038 -0.349152 20.387047 0.000025 -0.002205 0.001008 0.999997
2.077874 -0.119233 -0.393054 22.793271 -0.000204 -0.002957 0.000644 0.999995
2.285652 -0.150010 -0.435290 25.187063 -0.000205 -0.003811 0.000446 0.999993
2.701441 -0.218995 -0.514909 30.003513 -0.000196 -0.005462 0.001830 0.999983
2.806098 -0.240670 -0.535073 31.232573 -0.000184 -0.005808 0.001523 0.999982
3.221000 -0.328869 -0.617889 36.062573 -0.000511 -0.006893 0.002303 0.999973
3.428991 -0.373176 -0.657783 38.472964 -0.001448 -0.006910 0.002595 0.999972
3.844868 -0.471224 -0.728117 43.280691 -0.002509 -0.006439 0.000146 0.999976
4.052745 -0.512623 -0.753715 45.688459 -0.005411 -0.004702 -0.000199 0.999974
4.260741 -0.543122 -0.766879 48.108896 -0.007734 -0.003231 -0.000113 0.999965
4.676494 -0.588927 -0.788323 52.958884 -0.005630 -0.001448 0.000284 0.999983
4.884244 -0.613181 -0.804674 55.397879 -0.005277 -0.002635 0.000481 0.999982
5.299899 -0.681484 -0.837843 60.266060 -0.005874 -0.004568 -0.000177 0.999972
5.715493 -0.750085 -0.875392 65.090436 -0.006552 -0.005095 0.001089 0.999965
6.027387 -0.812947 -0.903238 68.675405 -0.005336 -0.005292 -0.001140 0.999971
6.235244 -0.858598 -0.921847 71.080806 -0.005620 -0.005146 -0.002788 0.999967
6.651123 -0.910149 -0.966028 75.845642 -0.002946 -0.001187 -0.002235 0.999992
6.755121 -0.912651 -0.982330 77.039992 -0.002713 -0.000105 -0.003210 0.999991
6.859122 -0.918573 -1.001310 78.227695 -0.004437 0.000922 -0.002677 0.999986
6.963119 -0.922647 -1.017548 79.413746 -0.005046 0.002167 -0.002830 0.999981
7.275124 -0.904132 -1.061574 82.919704 -0.000949 0.007041 -0.001615 0.999973
7.483122 -0.864366 -1.105621 85.248116 -0.001367 0.010879 -0.001467 0.999939
7.899123 -0.756766 -1.187760 89.923832 0.000862 0.017913 -0.001766 0.999838
8.107122 -0.676112 -1.229647 92.274984 -0.000372 0.020740 -0.000756 0.999785
8.523125 -0.470720 -1.309384 96.949435 0.001300 0.025560 0.001619 0.999671
8.731123 -0.354318 -1.357525 99.301959 0.003209 0.027404 0.001260 0.999618
8.939122 -0.237114 -1.406415 101.681339 0.001902 0.027278 0.001065 0.999626
9.355001 -0.026595 -1.491168 106.482586 0.000436 0.022873 0.000750 0.999738
9.562998 0.055111 -1.531135 108.913436 0.000347 0.019090 -0.000065 0.999818
9.978770 0.160405 -1.608624 113.773057 -0.001029 0.010351 -0.000838 0.999946
10.186620 0.181607 -1.644420 116.231261 -0.000911 0.005412 -0.001524 0.999984
10.602630 0.146675 -1.719881 121.178497 -0.000588 -0.000346 -0.004650 0.999989
10.810750 0.147531 -1.761754 123.679011 -0.001194 -0.000112 -0.006463 0.999978
11.018750 0.126315 -1.798131 126.221665 -0.002281 -0.000882 -0.008394 0.999962
11.226750 0.106288 -1.826657 128.773828 -0.003567 -0.001486 -0.008418 0.999957
11.642630 0.069956 -1.874757 133.892291 -0.005030 -0.002733 -0.004331 0.999974
12.058500 0.029478 -1.908236 138.919033 -0.004106 -0.001981 0.001142 0.999989
12.266520 0.007586 -1.930732 141.466135 -0.005288 -0.001528 0.000873 0.999984
12.370380 -0.006720 -1.941666 142.730904 -0.006051 -0.001200 -0.000394 0.999981
12.786250 -0.042013 -1.995875 147.833456 -0.001030 -0.000326 -0.000042 0.999999
12.994130 -0.056905 -2.042805 150.397944 0.001182 -0.000038 0.000006 0.999999
13.410000 -0.087757 -2.146894 155.486634 -0.000022 -0.000426 -0.000854 1.000000
13.617880 -0.107219 -2.196140 158.032351 -0.000002 -0.001079 -0.001206 0.999999
14.033750 -0.156456 -2.287325 163.138029 0.000327 -0.002453 -0.001854 0.999995
14.449650 -0.221964 -2.385831 168.223158 0.001123 -0.003816 -0.002453 0.999989
14.657500 -0.257863 -2.436108 170.742508 0.000247 -0.004590 -0.002634 0.999986
14.865380 -0.299692 -2.483113 173.268015 -0.000077 -0.005335 -0.003070 0.999981
15.281260 -0.392777 -2.579915 178.355685 0.000976 -0.006237 -0.003788 0.999973
15.697000 -0.477119 -2.679536 183.411263 -0.002323 -0.006653 -0.001311 0.999974
15.801010 -0.504703 -2.698676 184.690153 -0.001999 -0.006726 -0.001957 0.999973
15.905010 -0.525187 -2.717721 185.961132 -0.000356 -0.006514 -0.002781 0.999975
16.112880 -0.571257 -2.766454 188.435170 0.000536 -0.006059 -0.002404 0.999979
16.528880 -0.656085 -2.860419 193.400195 -0.001126 -0.004236 -0.001682 0.999989
16.736760 -0.684834 -2.906383 195.893165 0.000452 -0.002285 -0.000597 0.999997
17.152760 -0.730527 -2.998957 200.766338 -0.000897 0.000258 -0.000370 0.999999
17.360750 -0.758248 -3.044926 203.196938 -0.001030 0.000302 -0.000787 0.999999
17.776760 -0.770515 -3.136146 207.933011 -0.001044 0.001920 -0.000270 0.999998
17.984650 -0.772317 -3.181980 210.218097 -0.001832 0.001807 0.000083 0.999997
18.400630 -0.786957 -3.271624 214.624989 -0.000801 0.000684 -0.000105 0.999999
18.608520 -0.814698 -3.312089 216.777849 -0.001104 -0.000984 0.000313 0.999999
19.024630 -0.873163 -3.387594 220.861274 -0.002590 -0.005480 0.000326 0.999982
19.232630 -0.913102 -3.421669 222.781350 -0.002986 -0.008275 -0.000115 0.999961
19.648650 -1.022515 -3.489032 226.326772 -0.002213 -0.014446 -0.000793 0.999893
19.856630 -1.091568 -3.519846 227.966024 -0.001868 -0.017045 -0.001993 0.999851
20.273010 -1.217003 -3.577613 231.066511 -0.002778 -0.016892 -0.002392 0.999851
20.481150 -1.272573 -3.603099 232.548954 -0.000794 -0.016300 -0.002785 0.999863
20.689270 -1.323536 -3.631764 233.996192 0.000093 -0.015117 -0.003129 0.999881
21.105630 -1.407487 -3.689338 236.829053 0.000420 -0.011379 -0.002698 0.999932
21.313760 -1.435074 -3.716167 238.218903 -0.000124 -0.008458 -0.002235 0.999962
21.730010 -1.466062 -3.771118 240.962140 -0.000059 -0.002651 -0.001384 0.999996
21.938260 -1.470439 -3.799413 242.360073 0.000889 0.000140 -0.001957 0.999998
22.354510 -1.456091 -3.853650 245.197491 0.001061 0.004704 -0.002067 0.999986
22.666760 -1.436940 -3.892746 247.365941 0.003312 0.006180 -0.001902 0.999974
22.770760 -1.413765 -3.910585 248.088485 0.003416 0.005428 -0.001503 0.999978
23.082900 -1.384769 -3.961656 250.299915 0.004604 0.004931 -0.001824 0.999976
23.290890 -1.372001 -3.994205 251.793918 0.006010 0.005744 0.001839 0.999964
23.811130 -1.346902 -4.060262 255.719841 0.003343 0.010346 -0.001053 0.999940
24.019270 -1.303863 -4.090043 257.373331 0.005076 0.013707 -0.002946 0.999889
24.435530 -1.180302 -4.164765 260.710781 0.001362 0.019396 0.000476 0.999811
24.643640 -1.114154 -4.201383 262.395016 0.003434 0.021627 -0.000772 0.999760
25.059780 -0.959452 -4.276977 265.763954 0.001431 0.026643 -0.002167 0.999642
25.267760 -0.863202 -4.307866 267.435562 0.001710 0.028567 -0.001073 0.999590
25.787650 -0.625969 -4.394593 271.706855 0.001307 0.030816 0.001449 0.999523
25.995520 -0.535026 -4.433214 273.434565 0.001631 0.030526 0.001524 0.999531
26.411390 -0.365624 -4.513132 276.910646 0.002610 0.027354 -0.000272 0.999622
26.931140 -0.196573 -4.602060 281.094564 -0.001280 0.017767 0.001207 0.999841
27.139140 -0.161085 -4.630832 282.737492 -0.001775 0.013115 0.001635 0.999911
27.347260 -0.140548 -4.659895 284.321862 -0.001670 0.008757 0.002239 0.999958
27.555390 -0.136474 -4.689366 285.849633 -0.001538 0.004897 0.001907 0.999985
28.075410 -0.185049 -4.764022 289.290626 0.001485 -0.008769 0.000855 0.999960
28.698520 -0.530126 -4.852822 292.871703 0.001774 -0.062560 -0.002726 0.998036
29.321000 -1.404262 -4.921041 295.898583 -0.002856 -0.166603 -0.004893 0.986008
29.528390 -1.825108 -4.934163 296.773779 -0.004686 -0.209273 -0.004728 0.977835
29.943280 -2.908786 -4.946150 298.376828 -0.007667 -0.303863 -0.002516 0.952682
30.150890 -3.556231 -4.948656 299.026862 -0.008151 -0.354479 -0.002453 0.935025
30.565790 -5.016610 -4.938408 300.047993 -0.015329 -0.464933 0.000472 0.885213
30.980890 -6.618481 -4.927920 300.612186 -0.016262 -0.571879 -0.006321 0.820153
31.396270 -8.256681 -4.899471 300.771467 -0.022123 -0.670090 -0.009686 0.741887
31.811650 -10.064968 -4.812811 300.513619 -0.030318 -0.763556 -0.017459 0.644794
32.227300 -11.930147 -4.702611 299.731789 -0.036500 -0.842306 -0.019488 0.537410
32.643770 -13.769041 -4.560612 298.377268 0.037523 0.898029 0.019521 -0.437899
32.852150 -14.701818 -4.482434 297.501349 0.043348 0.918183 0.019945 -0.393272
33.269020 -16.453227 -4.308160 295.274744 0.044766 0.951773 0.017128 -0.303035
33.685770 -17.997302 -4.154727 292.413039 0.039269 0.974355 0.013469 -0.221152
34.102520 -19.155597 -4.039793 289.041203 0.042715 0.989116 0.014104 -0.140090
34.519020 -19.857350 -3.928656 285.160473 0.042911 0.996699 0.011726 -0.067908
34.727400 -20.028308 -3.887674 283.049495 0.042118 0.998369 0.012076 -0.036589
35.144150 -20.027028 -3.816792 278.484775 0.039892 0.999006 0.012803 0.015243
35.352650 -19.866808 -3.788685 276.098836 0.036391 0.998707 0.011219 0.033670
35.769770 -19.385925 -3.739717 271.138738 0.029086 0.998470 0.011501 0.045597
35.978280 -19.136143 -3.711852 268.542319 0.027811 0.998606 0.011414 0.043393
36.186650 -18.899364 -3.684993 265.882345 0.026907 0.998755 0.012194 0.040188
36.603150 -18.495581 -3.630074 260.486153 0.025424 0.999123 0.015082 0.029668
36.915280 -18.263363 -3.586360 256.423804 0.023535 0.999387 0.014145 0.021729
37.227300 -18.098575 -3.531734 252.372084 0.023993 0.999463 0.016863 0.014630
37.642900 -17.944859 -3.456842 246.913668 0.024500 0.999568 0.013573 0.008917
37.746770 -17.912487 -3.441408 245.524111 0.024161 0.999570 0.014639 0.007814
37.954400 -17.855756 -3.401857 242.738372 0.024629 0.999551 0.015779 0.006497
38.369530 -17.753612 -3.325250 237.182003 0.026968 0.999507 0.014330 0.007347
38.577050 -17.697448 -3.287676 234.414848 0.027926 0.999442 0.016319 0.008363
38.784650 -17.627313 -3.241596 231.593614 0.026722 0.999451 0.017191 0.009348
39.199650 -17.476763 -3.154607 225.964456 0.025249 0.999516 0.015107 0.010100
39.303400 -17.441685 -3.133903 224.554289 0.025813 0.999494 0.015563 0.010131
39.511030 -17.365521 -3.091783 221.699857 0.025573 0.999486 0.016371 0.010255
39.718530 -17.288410 -3.046553 218.828439 0.025597 0.999481 0.016713 0.010167
40.133400 -17.136388 -2.955031 213.023298 0.026613 0.999449 0.016926 0.010326
40.237040 -17.100199 -2.932596 211.600898 0.026790 0.999464 0.015753 0.010301
40.444530 -17.023494 -2.889927 208.678141 0.026785 0.999462 0.015902 0.010239
40.859530 -16.866327 -2.800447 202.810411 0.025529 0.999478 0.016997 0.010198
41.067040 -16.790502 -2.755737 199.854525 0.026211 0.999468 0.016530 0.010151
41.482150 -16.644426 -2.660695 193.964572 0.025082 0.999472 0.018869 0.008438
41.689670 -16.580462 -2.609710 191.064403 0.024802 0.999487 0.018852 0.007464
42.104780 -16.470127 -2.507542 185.234459 0.025227 0.999497 0.018250 0.006077
42.416050 -16.396701 -2.430656 180.900933 0.025036 0.999480 0.019746 0.004742
42.519900 -16.375314 -2.403780 179.462341 0.025006 0.999498 0.019122 0.003699
42.623660 -16.356313 -2.378308 178.016287 0.024844 0.999514 0.018644 0.002658
42.727400 -16.340611 -2.352267 176.560642 0.025130 0.999493 0.019496 0.001595
43.142410 -16.318058 -2.248253 170.925975 0.026155 0.999440 0.020680 -0.002637
43.349910 -16.324726 -2.197996 168.203008 0.026551 0.999395 0.021967 -0.004798
43.557400 -16.341428 -2.146996 165.573491 0.026999 0.999374 0.021926 -0.006471
43.661030 -16.351028 -2.121606 164.253583 0.026696 0.999351 0.023133 -0.007072
43.868530 -16.372576 -2.071893 161.746583 0.026564 0.999373 0.022231 -0.007385
44.283280 -16.406469 -1.984407 157.038216 0.026574 0.999368 0.022544 -0.006943
44.490780 -16.419848 -1.941120 154.819800 0.026458 0.999343 0.023903 -0.006509
44.698280 -16.429420 -1.897645 152.713939 0.026163 0.999375 0.022954 -0.006133
44.905910 -16.437812 -1.858511 150.725706 0.025903 0.999394 0.022540 -0.005675
45.321160 -16.448968 -1.783339 146.997837 0.026470 0.999358 0.023688 -0.004758
45.528910 -16.449628 -1.749655 145.263079 0.026234 0.999400 0.022210 -0.004276
45.736660 -16.460018 -1.712948 143.591286 0.028374 0.999372 0.020832 -0.003981
45.944410 -16.460085 -1.685434 141.989785 0.028127 0.999385 0.020557 -0.003883
46.152410 -16.467716 -1.655662 140.420957 0.029452 0.999366 0.019598 -0.003895
46.360280 -16.470968 -1.629813 138.895383 0.029475 0.999348 0.020362 -0.004403
46.568280 -16.478710 -1.605678 137.429059 0.030552 0.999327 0.019661 -0.004961
46.880280 -16.492876 -1.572006 135.290731 0.032050 0.999327 0.016963 -0.005511
47.192290 -16.505105 -1.547675 133.239407 0.030687 0.999408 0.014173 -0.006413
47.816410 -16.530518 -1.506088 129.105645 0.028387 0.999533 0.008963 -0.006968
48.232410 -16.525052 -1.485422 126.200095 0.021860 0.999673 0.012089 -0.005418
48.544410 -16.517681 -1.462248 123.951428 0.021244 0.999710 0.011237 -0.001236
48.856410 -16.480471 -1.424798 121.534660 0.019865 0.999675 0.015537 0.003649
49.064530 -16.449146 -1.392667 119.852334 0.021365 0.999602 0.016958 0.007134
49.480540 -16.344435 -1.313917 116.281240 0.024617 0.999473 0.014922 0.014996
49.688540 -16.264762 -1.275711 114.367397 0.026079 0.999331 0.017088 0.019097
50.104550 -16.052974 -1.195349 110.367651 0.029308 0.999106 0.013528 0.027303
50.312540 -15.916028 -1.163191 108.258903 0.029529 0.999040 0.013337 0.029472
50.520540 -15.768844 -1.135381 106.092573 0.028814 0.999081 0.010426 0.029958
50.936790 -15.479475 -1.073290 101.514181 0.030709 0.998991 0.014975 0.029140
51.144790 -15.323935 -1.031217 99.135926 0.029599 0.999070 0.013173 0.028444
51.560790 -15.016846 -0.957845 94.141364 0.029423 0.999103 0.014121 0.027000
51.976790 -14.722671 -0.868832 88.940685 0.026944 0.999287 0.013449 0.022780
52.392670 -14.481042 -0.807639 83.471877 0.027597 0.999367 0.014397 0.017244
52.496670 -14.425809 -0.780561 82.059865 0.026953 0.999403 0.014598 0.015918
52.704540 -14.325179 -0.729436 79.220970 0.026504 0.999469 0.013254 0.013561
53.120310 -14.161966 -0.635774 73.321954 0.027408 0.999460 0.015526 0.009382
53.535790 -14.034252 -0.534960 67.391357 0.026397 0.999461 0.018608 0.005839
53.743420 -13.984990 -0.483918 64.442438 0.026590 0.999467 0.018312 0.004749
53.951170 -13.941083 -0.432434 61.504394 0.026150 0.999481 0.018390 0.004026
54.366290 -13.865432 -0.322593 55.614909 0.026822 0.999408 0.021240 0.003490
54.677690 -13.795969 -0.232700 51.220371 0.026085 0.999495 0.017500 0.004755
54.989170 -13.722461 -0.163050 46.824877 0.026331 0.999449 0.019394 0.005672
55.196790 -13.666915 -0.105216 43.913248 0.025250 0.999444 0.020892 0.006117
55.404410 -13.611088 -0.052074 41.021504 0.024972 0.999523 0.017263 0.005734
55.819540 -13.515895 0.046505 35.243806 0.024996 0.999498 0.018857 0.004768
55.923300 -13.490511 0.071571 33.832623 0.024081 0.999529 0.018527 0.004382
56.130920 -13.447496 0.116645 30.975606 0.024086 0.999547 0.017644 0.003875
56.338420 -13.415301 0.161476 28.123399 0.026353 0.999479 0.018284 0.003643
56.442290 -13.398262 0.184687 26.676793 0.026632 0.999466 0.018598 0.003535
56.649810 -13.357334 0.231973 23.842628 0.025775 0.999501 0.017990 0.003242
56.857290 -13.315970 0.276084 21.034572 0.024293 0.999539 0.017990 0.002805
57.064790 -13.283255 0.321365 18.238422 0.024847 0.999510 0.018855 0.002524
57.479920 -13.221645 0.415384 12.697313 0.024182 0.999576 0.016123 0.001955
57.687420 -13.179177 0.449595 9.956526 0.020607 0.999652 0.016355 0.001957
57.894920 -13.147777 0.492273 7.214950 0.020920 0.999609 0.018468 0.001986
58.102420 -13.131739 0.542702 4.482627 0.025548 0.999464 0.020390 0.002021
58.517550 -13.080004 0.649235 -0.989222 0.025567 0.999523 0.017231 0.001809
58.725190 -13.051164 0.696945 -3.736028 0.024570 0.999550 0.017160 0.001501
58.932820 -13.028087 0.742734 -6.489715 0.024269 0.999575 0.016118 0.001314
59.140420 -13.002447 0.787199 -9.262225 0.023497 0.999594 0.016088 0.001040
59.555580 -12.948962 0.884022 -14.861051 0.020236 0.999667 0.015989 0.000461
59.763180 -12.924857 0.926403 -17.671423 0.019556 0.999680 0.016061 0.000499
59.970800 -12.899073 0.963081 -20.494857 0.018464 0.999743 0.013143 0.000640
60.074550 -12.887495 0.978476 -21.945720 0.018277 0.999751 0.012776 0.000604
60.282170 -12.867659 1.008266 -24.810531 0.020374 0.999694 0.013981 0.000880
60.489670 -12.845694 1.039683 -27.683560 0.021029 0.999683 0.013763 0.001262
61.112300 -12.766525 1.136523 -36.292818 0.023338 0.999609 0.015217 0.002576
61.216170 -12.751929 1.152165 -37.712828 0.024030 0.999585 0.015667 0.002666
61.631300 -12.699048 1.223068 -43.405854 0.028111 0.999452 0.017207 0.003116
61.735050 -12.684664 1.240115 -44.799831 0.029193 0.999453 0.015257 0.003045
61.942550 -12.656660 1.266457 -47.640798 0.030639 0.999445 0.012670 0.003206
62.150170 -12.620855 1.292158 -50.483567 0.030427 0.999428 0.014409 0.003069
62.357670 -12.587555 1.319647 -53.306593 0.030176 0.999443 0.013968 0.002961
62.772920 -12.524409 1.369693 -58.934088 0.029680 0.999466 0.013552 0.001622
62.980550 -12.506018 1.391659 -61.758245 0.030578 0.999449 0.012878 0.000710
63.395800 -12.474444 1.432675 -67.376075 0.029256 0.999477 0.013760 -0.000997
63.603430 -12.466997 1.455278 -70.152259 0.029130 0.999478 0.013846 -0.001609
63.811050 -12.462430 1.474952 -72.955535 0.029798 0.999483 0.012018 -0.001522
64.226180 -12.447089 1.508444 -78.519758 0.031562 0.999398 0.014372 -0.000396
64.433800 -12.430449 1.528757 -81.284843 0.031736 0.999422 0.012176 0.000379
64.849050 -12.388590 1.560311 -86.737743 0.030712 0.999412 0.015233 0.000532
65.056690 -12.372876 1.588930 -89.467905 0.030899 0.999420 0.014304 0.000160
65.471930 -12.347282 1.628542 -94.874397 0.029402 0.999465 0.014215 -0.001669
65.679420 -12.341347 1.649731 -97.541179 0.029370 0.999480 0.013103 -0.002446
66.094550 -12.343123 1.691703 -102.825289 0.029339 0.999460 0.014195 -0.004147
66.302080 -12.352532 1.712874 -105.448918 0.029250 0.999461 0.014075 -0.004936
66.509680 -12.365132 1.734465 -108.054649 0.029184 0.999463 0.013789 -0.005728
66.924810 -12.403422 1.766083 -113.203678 0.029613 0.999439 0.014158 -0.006721
67.132440 -12.421366 1.787666 -115.771785 0.029499 0.999456 0.013198 -0.006635
67.340050 -12.441252 1.805053 -118.339282 0.030336 0.999426 0.013558 -0.006608
67.547680 -12.458581 1.823788 -120.884658 0.030372 0.999415 0.014355 -0.006476
67.755300 -12.476106 1.844604 -123.390172 0.030302 0.999419 0.014144 -0.006544
67.859060 -12.485139 1.852875 -124.618172 0.030383 0.999418 0.013904 -0.006807
68.274430 -12.529325 1.883184 -129.432590 0.028295 0.999449 0.014751 -0.009118
68.482050 -12.561098 1.900809 -131.823926 0.028157 0.999460 0.013317 -0.010504
68.897430 -12.638261 1.932914 -136.441781 0.030424 0.999357 0.015549 -0.010911
69.105050 -12.672975 1.951812 -138.642301 0.030186 0.999355 0.015899 -0.011200
69.312800 -12.709773 1.970203 -140.756891 0.030224 0.999325 0.017042 -0.012108
69.416810 -12.726530 1.982237 -141.782216 0.029598 0.999341 0.016335 -0.013193
69.936320 -12.842224 2.018432 -146.448736 0.031945 0.999260 0.016428 -0.013739
70.143930 -12.864701 2.028467 -148.095370 0.035989 0.999221 0.015415 -0.004864
70.351180 -12.817898 2.033756 -149.638006 0.038365 0.999027 0.015554 0.015210
70.558570 -12.684246 2.038413 -151.059422 0.037417 0.998236 0.018577 0.042195
70.765810 -12.472245 2.033538 -152.353927 0.038003 0.996257 0.017282 0.075687
71.180310 -11.777089 2.014210 -154.533509 0.040566 0.984728 0.012830 0.168819
71.595080 -10.653685 1.963640 -156.301042 0.040450 0.956826 0.010536 0.287639
72.009810 -9.170480 1.900544 -157.688781 0.038247 0.907712 0.009873 0.417731
72.217450 -8.304126 1.865658 -158.219065 0.033695 0.875739 0.008223 0.481537
72.632930 -6.610079 1.770740 -158.926030 0.032533 0.797759 0.004053 0.602084
73.048810 -4.778327 1.669947 -159.076541 0.023976 0.703916 0.007075 0.709843
73.464560 -2.919007 1.580828 -158.594849 0.008350 0.593675 0.014824 0.804525
73.672580 -1.986747 1.572500 -158.125289 0.006487 0.532409 0.016757 0.846297
73.984440 -0.637301 1.572111 -157.124288 0.001390 0.436619 0.018905 0.899447
74.400680 0.927881 1.582140 -155.250799 0.005668 0.312781 0.017736 0.949643
74.816930 2.034309 1.555650 -152.853199 0.001535 0.187311 0.017306 0.982147
75.233810 2.605669 1.530278 -149.991419 0.001617 0.089120 0.008196 0.995986
75.651310 2.852317 1.501824 -146.667315 -0.000387 0.026182 0.005793 0.999640
76.069190 2.836603 1.471753 -143.015859 0.001067 0.001072 -0.003324 0.999993
76.486810 2.811769 1.437441 -139.032446 -0.000220 -0.001576 -0.001977 0.999997
76.695310 2.787270 1.423945 -136.917251 -0.000647 -0.003469 -0.001974 0.999992
77.111810 2.716138 1.399096 -132.457918 -0.000951 -0.006680 -0.000743 0.999977
77.320060 2.667811 1.381406 -130.128141 -0.000826 -0.007417 -0.001006 0.999972
77.528190 2.616365 1.361090 -127.733076 -0.000021 -0.007313 -0.001300 0.999972
77.944210 2.527161 1.311701 -122.762389 0.002103 -0.004577 -0.002005 0.999985
78.152070 2.500616 1.272809 -120.218923 0.003649 -0.003013 -0.000722 0.999989
78.567580 2.431383 1.176117 -114.886836 0.005244 -0.005268 0.000142 0.999972
78.982940 2.313211 1.069891 -109.316548 0.004260 -0.009102 0.000199 0.999949
79.086810 2.280359 1.042865 -107.892178 0.004799 -0.009534 0.000631 0.999943
79.190690 2.245903 1.015795 -106.450175 0.005348 -0.009863 0.000374 0.999937
79.294440 2.208056 0.986840 -105.014271 0.005252 -0.010164 -0.000378 0.999934
79.606060 2.094385 0.904773 -100.580032 0.002329 -0.009690 -0.001029 0.999950
79.813820 2.021949 0.867582 -97.528769 -0.002084 -0.009132 -0.001080 0.999956
80.228940 1.876612 0.833155 -91.445723 -0.007457 -0.008881 -0.002355 0.999930
80.332810 1.842216 0.824923 -89.930801 -0.006498 -0.008919 -0.002347 0.999936
80.540440 1.775687 0.805051 -86.881110 -0.005502 -0.008040 -0.001557 0.999951
80.748100 1.715445 0.787940 -83.822664 -0.006500 -0.007088 -0.000780 0.999953
81.163210 1.606602 0.752207 -77.725487 -0.007868 -0.005788 0.000097 0.999952
81.266940 1.581259 0.748145 -76.193597 -0.008613 -0.005593 0.000230 0.999947
81.682070 1.465196 0.711483 -70.146078 -0.005549 -0.006464 -0.001870 0.999962
81.993440 1.381613 0.679244 -65.638442 -0.005662 -0.007187 -0.000550 0.999958
82.201070 1.325311 0.657458 -62.678736 -0.006027 -0.007987 0.000469 0.999950
82.616210 1.183389 0.614960 -56.752287 -0.007139 -0.010430 0.001022 0.999920
82.823820 1.101325 0.600875 -53.795663 -0.006503 -0.010806 0.000232 0.999920
83.238940 0.942158 0.558576 -47.962526 -0.006112 -0.010495 0.000146 0.999926
83.654320 0.802246 0.518416 -42.139569 -0.006925 -0.009029 0.001630 0.999934
83.965950 0.701169 0.485191 -37.754677 -0.005223 -0.007680 0.000255 0.999957
84.173690 0.641821 0.462890 -34.873134 -0.007049 -0.006656 -0.000907 0.999953
84.381590 0.589982 0.445636 -32.009608 -0.006187 -0.005329 -0.001313 0.999966
84.589320 0.547969 0.423665 -29.142710 -0.005714 -0.003835 -0.000989 0.999976
85.004820 0.480305 0.363718 -23.436827 -0.000185 -0.000998 -0.002653 0.999996
85.212450 0.462868 0.310602 -20.624317 0.000306 -0.000067 -0.002244 0.999997
85.627820 0.436827 0.211161 -15.018470 -0.000756 0.000254 -0.000452 1.000000
85.835320 0.420555 0.161564 -12.267998 -0.000874 -0.000500 -0.000679 0.999999
86.250460 0.367206 0.071505 -6.753100 -0.001074 -0.002733 -0.000320 0.999996
86.458070 0.337569 0.024206 -4.039924 0.000181 -0.002960 -0.000133 0.999996
86.873200 0.267089 -0.073472 1.466694 -0.000370 -0.003320 -0.001373 0.999993
87.288320 0.196913 -0.169458 6.968040 0.000004 -0.003522 -0.001346 0.999993
87.599690 0.142239 -0.240338 11.047032 -0.000775 -0.003361 -0.001957 0.999992
87.807320 0.109302 -0.285950 13.789775 -0.000487 -0.003102 -0.001856 0.999993
88.014950 0.078026 -0.332472 16.524040 -0.000697 -0.002944 -0.001416 0.999994
88.430200 0.017083 -0.426973 21.947507 -0.000608 -0.003029 -0.001722 0.999994
88.741580 -0.034190 -0.498956 25.974466 -0.001242 -0.003575 -0.001575 0.999992
88.949200 -0.066180 -0.542576 28.670627 -0.001525 -0.003484 -0.001187 0.999992
89.260590 -0.114282 -0.609410 32.716910 -0.001130 -0.002717 -0.000798 0.999995
89.675570 -0.163894 -0.697788 38.014112 -0.001816 -0.001966 0.000806 0.999996
89.883200 -0.189471 -0.738900 40.631136 -0.002474 -0.002579 0.001041 0.999993
90.298330 -0.266338 -0.803471 45.845432 -0.006414 -0.004299 -0.001243 0.999969
90.609700 -0.324813 -0.819519 49.703008 -0.007678 -0.005559 -0.000653 0.999955
90.713570 -0.348921 -0.824582 51.001634 -0.007009 -0.005935 -0.001383 0.999957
90.921070 -0.400284 -0.840148 53.573305 -0.006374 -0.006922 -0.001869 0.999954
91.336220 -0.515476 -0.874052 58.697807 -0.006669 -0.008690 -0.002242 0.999937
91.543700 -0.576529 -0.890670 61.229835 -0.006282 -0.009222 -0.001950 0.999936
91.958830 -0.700480 -0.929352 66.262043 -0.006139 -0.010500 -0.001058 0.999925
92.166320 -0.773841 -0.947968 68.759756 -0.005588 -0.010544 -0.003337 0.999923
92.788830 -0.949308 -1.003144 76.118887 -0.004687 -0.006262 -0.002990 0.999965
93.100200 -0.994253 -1.037968 79.565308 -0.007726 -0.001752 -0.004275 0.999959
93.411580 -0.997536 -1.079236 82.887926 -0.000581 0.003653 -0.003125 0.999988
93.619200 -0.988261 -1.114404 85.108160 -0.000964 0.005376 -0.001381 0.999984
94.034580 -0.954461 -1.189342 89.481499 -0.000273 0.007414 -0.001966 0.999971
94.242330 -0.928641 -1.230297 91.644179 -0.001940 0.007744 -0.001009 0.999968
94.657710 -0.894655 -1.292845 95.925457 -0.001677 0.003577 0.002691 0.999989
94.865460 -0.902011 -1.325272 98.040835 0.001734 0.000001 0.002435 0.999996
95.073200 -0.927904 -1.364302 100.188928 0.001741 -0.004781 0.001892 0.999985
95.488580 -1.074627 -1.437926 104.521423 -0.000323 -0.018108 0.000348 0.999836
95.696330 -1.191465 -1.471647 106.704183 -0.000744 -0.020751 -0.003511 0.999778
96.112450 -1.383572 -1.536355 111.226032 -0.000567 -0.011472 -0.009656 0.999887
96.320580 -1.427626 -1.570188 113.527875 -0.000261 -0.002656 -0.010729 0.999939
96.528700 -1.419848 -1.605074 115.824342 0.000520 0.006976 -0.010656 0.999919
96.944850 -1.262091 -1.685056 120.554478 0.000842 0.024136 -0.008403 0.999673
97.152720 -1.168963 -1.717179 122.958840 0.000256 0.028527 -0.009080 0.999552
97.568330 -0.883818 -1.780724 127.856829 -0.000950 0.034982 -0.011170 0.999325
97.776080 -0.719945 -1.807841 130.300728 0.001362 0.034492 -0.007939 0.999373
98.191080 -0.409499 -1.860543 135.423787 -0.002169 0.026085 0.001374 0.999656
98.398700 -0.294410 -1.888750 138.122403 -0.001482 0.018791 0.003781 0.999815
98.606200 -0.223965 -1.912510 140.810059 -0.002569 0.013014 0.004003 0.999904
99.021330 -0.182470 -1.958779 146.330390 -0.000367 0.002846 0.001722 0.999994
99.228960 -0.193875 -2.000665 149.151291 0.003699 0.000017 0.001062 0.999993
99.851710 -0.290486 -2.171529 157.774182 0.001062 -0.004618 -0.000431 0.999989
100.163000 -0.368566 -2.247415 162.142588 -0.000351 -0.007246 -0.000832 0.999973
100.370600 -0.432548 -2.298368 165.054707 0.000600 -0.008177 -0.001756 0.999965
100.474400 -0.465602 -2.326100 166.515271 0.001363 -0.008195 -0.002293 0.999963
100.889600 -0.588924 -2.438759 172.291435 -0.000423 -0.007365 -0.002895 0.999969
101.304700 -0.698953 -2.547353 177.989208 0.000570 -0.004997 -0.003952 0.999980
101.512300 -0.732885 -2.606160 180.837108 0.001648 -0.003558 -0.001752 0.999991
101.823600 -0.773243 -2.680512 185.102298 -0.001352 -0.001186 -0.001683 0.999997
101.927300 -0.793045 -2.702682 186.508452 0.000045 -0.000501 -0.002218 0.999997
102.134800 -0.808096 -2.757995 189.345084 0.000410 0.000047 -0.002422 0.999997
102.550000 -0.829262 -2.860457 194.955045 -0.000412 -0.000229 -0.000355 1.000000
102.653700 -0.825780 -2.893724 196.362229 0.000474 -0.000334 -0.000452 1.000000
102.861300 -0.832898 -2.955772 199.120504 0.000267 -0.000424 -0.000821 1.000000
103.276500 -0.855062 -3.061133 204.533983 -0.000560 0.000498 -0.001261 0.999999
103.484000 -0.869477 -3.110196 207.252932 -0.000187 0.000451 -0.001315 0.999999
103.899100 -0.898035 -3.211792 212.642076 -0.000366 0.000187 -0.001321 0.999999
104.106500 -0.914003 -3.260329 215.286030 -0.001131 -0.000562 -0.000671 0.999999
104.521600 -0.953289 -3.357633 220.277937 -0.004295 -0.003118 -0.000926 0.999985
104.729200 -0.984700 -3.398810 222.633970 -0.004068 -0.004930 -0.000769 0.999979
105.144300 -1.094962 -3.483982 227.001762 -0.003344 -0.011565 -0.001129 0.999927
105.352000 -1.165925 -3.524005 229.004182 -0.004066 -0.013245 -0.002082 0.999902
105.767300 -1.298722 -3.591711 232.633098 -0.004570 -0.016557 -0.001713 0.999851
105.975200 -1.364533 -3.623731 234.196313 -0.002441 -0.017574 -0.002943 0.999838
106.391100 -1.470315 -3.690922 237.302694 0.001283 -0.010409 -0.003533 0.999939
106.599100 -1.496237 -3.722655 238.843694 0.000237 -0.006151 -0.002047 0.999979
107.015100 -1.514782 -3.781192 241.858169 -0.000210 0.002212 -0.001829 0.999996
107.223000 -1.508178 -3.810059 243.308093 -0.001645 0.005428 -0.001548 0.999983
107.431000 -1.500904 -3.834911 244.800651 -0.001242 0.007096 -0.000922 0.999974
107.639000 -1.490035 -3.861402 246.291725 0.001954 0.007705 -0.001347 0.999968
107.846800 -1.454504 -3.893320 247.763254 0.002817 0.007482 -0.000973 0.999968
107.950800 -1.463953 -3.909864 248.535020 0.002872 0.008029 -0.000767 0.999963
108.158800 -1.428696 -3.948727 250.016960 0.003332 0.006044 -0.001457 0.999975
108.574800 -1.388542 -4.019930 253.169489 0.001098 0.007228 -0.000975 0.999973
108.782900 -1.368194 -4.051033 254.697373 -0.001289 0.008396 0.000274 0.999964
108.991000 -1.359700 -4.075402 256.289802 0.003859 0.011629 -0.000779 0.999925
109.407000 -1.282793 -4.142435 259.604327 0.001655 0.016143 0.001628 0.999867
109.615000 -1.239155 -4.179490 261.284676 0.003472 0.018224 0.000731 0.999828
109.823000 -1.188998 -4.218141 263.013632 0.006036 0.020315 -0.000406 0.999775
110.239000 -1.049071 -4.299840 266.557902 0.004305 0.022592 -0.001606 0.999734
110.447000 -0.967458 -4.337206 268.386489 0.003770 0.022011 0.000036 0.999751
110.862800 -0.818564 -4.413420 272.125081 0.001860 0.021246 0.000734 0.999772
111.070800 -0.764421 -4.446888 273.966231 0.001678 0.019510 0.001252 0.999807
111.486700 -0.670339 -4.529540 277.725388 0.002386 0.014462 -0.000957 0.999892
111.694700 -0.640478 -4.572954 279.656479 0.000994 0.012281 -0.001383 0.999923
111.902600 -0.609220 -4.592299 281.459717 -0.000520 0.009901 -0.001017 0.999950
112.110600 -0.588071 -4.625994 283.316492 -0.000591 0.008174 -0.000653 0.999966
112.318600 -0.572819 -4.662470 285.154773 -0.000197 0.006712 -0.000548 0.999977
113.150600 -0.566669 -4.821412 292.046396 0.003530 0.004837 -0.006801 0.999959
