0.1044989 -3.31047229254154e-06 -5.14491750724776e-05 -0.000181081497321348 -2.68706864096177e-06 4.96730092825612e-07 -2.88334895992808e-06 0.99999999999211
0.3116343 -0.00906712463733562  -0.0414548076773268     2.40216256281628 -0.000430038845386213 0.0012554955104243 0.000112444889316322 0.999999113076488
0.519644 -0.0135149104784031 -0.0822895739067858    4.80224107821792 -0.000495417792284408 0.00214613990048128 0.000436106990965887 0.999997479224538
0.6234014 -0.0132928540383016  -0.104426667504828    6.00246415978727 -4.73726194201507e-05 0.00253629538714903 0.000267612149905337 0.999996746667349
0.7273457 -0.0125743026615053  -0.125316089588334    7.19969588652962 0.000125416006560783 0.0029261166401533 0.000400205617840759 0.999995630964304
0.8311796 -0.0127174095524884  -0.146290337436066    8.40495884561589 -0.00064302175568595 0.00299439962293232 0.00059423805847909 0.999995133475683
1.038877 -0.0158478917092808  -0.186665358212012    10.7992561827885 -0.000859047610427898 0.00119599027380717 0.00151506110281283 0.999997768114671
1.246636 -0.0280715863907532  -0.228315237472677    13.1926850300685 -0.000589301556757586 -0.000478348951073236 0.00115311241575766 0.999999047118402
1.45441 -0.0486659761945164  -0.269211602592104    15.5949637868554 -0.000566469563145261 -0.00111469569469394 0.000542790521846782 0.999999070971664
1.662157 -0.0695169167425938  -0.308718250402234    17.9848537072375 -0.000883052872772613 -0.00160114318395122 0.00102008937360038 0.999997807985497
1.87009 -0.0910376475472949  -0.349151791628452    20.3870466703987 2.51249742795409e-05 -0.0022051743453625 0.00100845167129824 0.999997059795712
2.077874 -0.119233126571699 -0.393053499290989   22.7932706956523 -0.000204390862972348 -0.00295737070672035 0.000643891128917322 0.999995398782961
2.285651999 -0.150010349760439 -0.435289507016946   25.1870624273244 -0.000205058442077864 -0.00381090402185187 0.00044635266250597 0.999992617838188
2.493488 -0.182045076885074 -0.474487097036263   27.5923175931734 -0.00110624012136813 -0.00461057218410926 0.00122233122083491 0.999988012309805
2.701441 -0.218995161025029 -0.514909380778024   30.0035124829313 -0.000196462038706139 -0.00546212364713443 0.00182998770709988 0.999983388738494
2.806098 -0.240669934064765 -0.535073351895137   31.2325721247872 -0.00018379778673978 -0.00580762190035342 0.00152275062312951 0.999981959325655
3.013135999 -0.283552299063584 -0.575521837791774   33.6128409320374 -0.000564365080395953 -0.00638702202097197 0.00200260928494864 0.999977438244389
3.221 -0.328868628625861 -0.617888698841803   36.0625715280991 -0.000510745549316517 -0.0068929520233343 0.00230264624453725 0.999973461733691
3.428990999 -0.373176292166506 -0.657782606880266   38.4729627469657 -0.00144798597186945 -0.00690960556981321 0.00259527358874573 0.999971712221148
3.636879   -0.4206274449764 -0.693224593984371   40.8522794866769 -0.00158344530682376 -0.00684164094904626 0.00202310061353492 0.999973295500431
3.844868 -0.471223907163439 -0.728116743079333   43.2806894070016 -0.00250918293835419 -0.00643853313921706 0.000145807554540902 0.9999761137308
4.052744999 -0.512622560774749 -0.753715316612159   45.6884567952759 -0.00541149477413838 -0.00470178912243393 -0.000199046278196788 0.99997428431132
4.260741 -0.543122156299011 -0.766878813169906    48.108894154042 -0.00773363623847088 -0.00323061053754122 -0.000112793145708514 0.999964870034839
4.468619999 -0.568004221838854  -0.77246985959977   50.5362365061279 -0.00607064315147195 -0.00187300446274558 0.000264107569419669 0.999979784492268
4.676493999 -0.588927242388816 -0.788323239950685   52.9588815144278 -0.00562968260484471 -0.00144784156330823 0.000283833450649107 0.999983064790174
4.884243999 -0.613181358439713  -0.80467436512924   55.3978759975949 -0.00527711303300743 -0.00263464957013139 0.000481321194405236 0.999982489361482
5.091993999 -0.643821672484218  -0.82160034657042   57.8025278236371 -0.00607099440071591 -0.00386514588157533 0.000562286085346615 0.999973943414857
5.299898999  -0.68148432521803 -0.837843037657719   60.2660562075212 -0.00587443532403042 -0.00456826716407525 -0.000176945762782903 0.999972294933684
5.507755999 -0.714793444746522  -0.85730176856686   62.6611073633935 -0.00515001655008414 -0.00476644592911357 0.000793573497859168 0.999975063971018
5.715493 -0.750084456576944 -0.875392354055347   65.0904312167736 -0.00655160029410115 -0.00509455851342603 0.00108881934479558 0.999964967626154
5.819512999  -0.76859440291245 -0.884234185539973   66.2778473740696 -0.00573007076607349 -0.00524717594886438 0.00088875385439943 0.999969421307554
6.027387  -0.81294671640982 -0.903237676204349   68.6754000518772 -0.005335509439939 -0.00529186991970166 -0.00114007649845696 0.999971113921471
6.235243999 -0.858597796100859 -0.921846445044525    71.080800248742 -0.00562012848870093 -0.00514569903069004 -0.00278796504477994 0.999967081052254
6.44312 -0.896912573590124 -0.939353567788555   73.4621684308231 -0.00650110500453461 -0.0036559253941872 -0.00390974587125867 0.999964541236565
6.651123  -0.91383262165542 -0.961602158172111   75.8433999498151 -0.00293770726164088 -0.00105644817159733 -0.00176992665568285 0.999993560555736
6.755120999 -0.919694627110498 -0.973504235421329   77.0355159149096 -0.00269412175668658 0.000157646334908057 -0.00227845796294282 0.999993762723
6.859122 -0.922710910011328 -0.989038944092668   78.2171909412789 -0.00448269542284973 0.00159478990983349 -0.00180848886771452 0.999987045643545
6.963118999 -0.92291755785435 -1.00168084417022  79.3972132209989 -0.00515408583200389 0.00324891005355805 -0.00202332793459508 0.999979392851057
7.06712 -0.919435979330115  -1.01041468993154   80.5768310899523 -0.00421598832290507 0.00525371317278591 -0.00214848339706111 0.999975003667318
7.275123999 -0.894427220839084  -1.04397569165659   82.8991759105663 -0.00106000093544778 0.00865953308852254 -0.00104238532887838 0.999961400413802
7.483121999 -0.854003119079231   -1.0843609055004   85.2337462920715 -0.00148648988816213 0.0121294234352992 -0.000584159242688021 0.999925160295969
7.691125 -0.802627116261888  -1.12387369969848   87.5888456934847 -0.000636981497908027 0.0159031442087059 -0.000967044142681173 0.999872866460769
7.899123 -0.731486310179948  -1.16650401511397    89.896729847935 0.000645080846222014 0.0191479982839439 -0.000897962775915876 0.999816048928638
8.107122 -0.641886930766331  -1.20852438672054   92.2352050180037 -0.000682429125474473 0.02195295568693 0.000101963379455961 0.999758766718535
8.315124 -0.544016066984974  -1.24380847827037   94.5435884640531 -0.00201581240899297 0.024572045285455 0.00121053253953335 0.999695296428763
8.523125 -0.425188193656546  -1.28217838048904   96.8981831446221 0.000943105460902755 0.0268082077227905 0.00252667407917719 0.999636957334451
8.731123 -0.303006799797986  -1.32552875260344   99.2394090295241 0.00280810793295139 0.0286882061613309 0.00221763172527569 0.999582004373134
8.939121999 -0.180708213355643  -1.37386942604299   101.609204255409 0.00159256669549431 0.028531289476431 0.00204641363118939 0.999589536481541
9.147125 -0.0650763934810611   -1.41694111622225    103.965457109643 0.000433655346365622 0.0268861134237556 0.00217656672384958 0.999636039469017
9.355000999 0.0408854556400206  -1.45693027509036   106.400314107317 0.000217211012693959 0.0240968303287258 0.00175687541390436 0.999708061874198
9.562998 0.127522055115258 -1.49723738138804  108.821432546357 0.000216943478309993 0.0202873018648711 0.000964408665205167 0.999793702837989
9.770875999 0.194305609690656 -1.53715927453216  111.224391059401 -0.000753728833064401 0.0161242642342895 0.000513806772454506 0.999869579494421
9.97877 0.243509473437424 -1.57488363231773  113.671034246361 -0.00106925773517684 0.0115223741324664 0.000214375201240122 0.999933020569638
10.186619999 0.269460087226517 -1.61195306156156  116.119746703744 -0.000867379089157518 0.00656096255798634 -0.000450542272334778 0.999977998975722
10.394629999 0.267365009024427  -1.6489779077512  118.610137254661 -0.000573361772280182 0.00248721336312731 -0.00196487923529999 0.999994812124321
10.602629999  0.25270458324384 -1.68914308721702  121.058894446603 -0.000482043970517101 0.000955358641283417 -0.00352863209628224 0.999993201816396
10.81075 0.232264287566749 -1.72653178343792  123.543705560931 -0.00101947826205795 -6.87400292808783e-05 -0.0052129326244794 0.999985890536629
11.01875 0.208609616118927 -1.76120518448394  126.052428885771 -0.00222840170638665 -0.000833184922201399 -0.00701666011620905 0.999972552878095
11.226749999 0.186175377439484 -1.78741599541854   128.57039254182 -0.00363236658384612 -0.00142834974727999 -0.00691328316516803 0.999968485626361
11.43462 0.164987487996396 -1.80830681166511  131.115204758492 -0.00331651103941675 -0.002042961112805 -0.00542609575484009 0.999977692025815
11.64263 0.147891842336739 -1.83230625458939  133.654304574503 -0.00520594936989567 -0.00265826856050207 -0.00269857459318754 0.999979274482518
11.85063 0.128738592808776 -1.84844770572793  136.168420792744 -0.00482403962757592 -0.00271407842416518 0.000310774589407901 0.999984632801492
12.0585 0.110566616702532 -1.86917969702841  138.733741324615 -0.00421026136518933 -0.00264464830050759 0.00225133216019724 0.99998510540813
12.266519999 0.0860799591997089  -1.89019603273749   141.281845816209 -0.00540501472677218 -0.00212745144821009 0.00205660639540317 0.999981014887919
12.37038 0.0710115955429468  -1.89987530231869   142.547635865923 -0.00617835356914128 -0.00173605397056505 0.00086306571993086 0.999979034370896
12.578369999 0.0473911525962799  -1.91883364545173   145.124974678549 -0.00438464722659783 -0.0012084315139064 0.000700814835883143 0.999989411654214
12.78625 0.0311768824574554  -1.95187088997057   147.651563173479 -0.00116802702327219 -0.00079152849746737 0.00129266091884161 0.999998169109954
12.99413 0.0147387054781002    -1.997146104365   150.217297530348 0.00103657183920227 -0.000438510383993383 0.00141573062171605 0.999998364465799
13.20213 -0.0015544054850351   -2.04966329272084    152.789365925964 0.00063817293093771 -0.000542991872394696 0.00123305820410901 0.999998888730684
13.41 -0.0192008531514801   -2.09886402873825    155.307632745212 -0.000172317187177078 -0.000767155366954613 0.000629495527437828 0.999999492757277
13.617879999 -0.0395436335050237   -2.14641642154907    157.854698281241 -0.000154517894997403 -0.00136019014065252 0.000351027958551267 0.999999001392688
13.825749999 -0.0643156443504253   -2.18844084467028    160.377305451075 -0.000891422373089424 -0.00195169246507971 0.00019437939080773 0.999997679236971
14.033749999 -0.0906630307435938   -2.23520183223155    162.962187375845 0.000175527366089494 -0.00267576617112784 -0.000222103172642054 0.999996380061309
14.24163 -0.122914494611391  -2.28046989527481    165.45704489026 0.000640532079402544 -0.00329286646214831 -0.000363189923128039 0.999994307404896
14.44965 -0.157418769936333   -2.3313654447503   168.049178283134 0.000976009322388762 -0.0039812797107847 -0.000747174985603356 0.999991319235926
14.6575 -0.193281856150752  -2.38000378229233   170.569954743905 0.000103672418306779 -0.0047011264063958 -0.000853527835672042 0.999988580011179
14.86538 -0.234802892650613  -2.42540855161638   173.096898452461 -0.000214127577774054 -0.00539287170852052 -0.00121603532237677 0.999984696054
15.073249999 -0.280741767889702  -2.47083207025432   175.643001477472 0.00048442302021517 -0.00597051511008464 -0.0018305538564131 0.999980383485715
15.281259999 -0.327418012856055  -2.52007873336623   178.186498640041 0.000846766634252364 -0.00624021417824755 -0.00185896122787923 0.999978443255868
15.489129999 -0.368519552905944  -2.57254323121696   180.730324940782 0.00153443334221721 -0.00642118134051798 0.000436292835716272 0.999978111556984
15.696999999 -0.410728038687975  -2.61762296262685   183.243990759553 -0.00244132404499326 -0.00661240760101395 0.000691419243925054 0.99997491865649
15.801009999 -0.437410972073333  -2.63554543964315   184.524075357147 -0.00210783261094394 -0.00663414872534378 0.000120223467841025 0.999975765035679
15.90501 -0.464117357676263  -2.65485095871029   185.790546849922 -0.000554561614721144 -0.00658335959568854 -0.00065912021382165 0.999977958456282
16.11288 -0.510724331405822  -2.70223997279476   188.291748449468 0.000222184386155512 -0.00679539950666821 -0.000668914513974692 0.999976662594191
16.320879999 -0.560278502828701  -2.74923263465712   190.799148557101 -0.00142454233178928 -0.00667725719719004 -0.000654090583464996 0.999976478263852
16.52888 -0.603008447550512  -2.79279362814822   193.284909255352 -0.00155628767277503 -0.00564358312054119 -0.000337342698613203 0.999982806921271
16.73676 -0.639121837443134  -2.83616183569863    195.80519445527 -9.3008559813421e-05 -0.00435969515820763 0.000361906733027089 0.999990426669702
16.944759999 -0.670078029506487   -2.8828847932956    198.22882035243 -0.000153252826026096 -0.00300017388954131 0.000556145916275586 0.999995333075072
17.15276 -0.694198103075016  -2.92995506494956    200.69878512271 -0.00132917022761 -0.00181199082436985 0.000363812292764058 0.99999740881483
17.360749999 -0.713418351830908  -2.97369102881946    203.08619065715 -0.00144357306238339 -0.000693333922787609 0.000215175142652236 0.999998694541419
17.56875 -0.729145018824126  -3.01338238099526   205.472779779172 -0.00140636211985848 0.000347683052656523 7.75019291589809e-05 0.999998947627213
17.776759999 -0.736605696758747   -3.0585495317323   207.823001502855 -0.00156319082097041 0.000942444032873459 0.000685337210974188 0.999998099271498
17.984649999 -0.74446215125632 -3.09954565751265  210.108552393674 -0.00245299686535991 0.000849526247738399 0.000992927351632435 0.999996137595945
18.19263 -0.757682273522418  -3.13975900278625   212.341497417094 -0.00190591928734577 0.000417879654360011 0.000687729989316183 0.999997859935573
18.400629999 -0.769051912895896  -3.18129530253956   214.516220539254 -0.00151638967631297 -0.00024937134191745 0.000761770452970208 0.999998529039948
18.608519999 -0.784692649938127  -3.22220963786247   216.628331121659 -0.00187387194678759 -0.00163807556886189 0.00123172901014119 0.999996144070568
18.81651 -0.810020469908616  -3.25765036853063   218.683442434567 -0.00352014254375633 -0.00359768564104289 0.00155593563929005 0.999986122063095
19.024629999 -0.843301742542169  -3.29230111158015   220.717357761889 -0.00336184709848447 -0.00616292087217125 0.00133976828187033 0.999974460379544
19.23263 -0.887793721217296  -3.32539202792585   222.644686932577 -0.00371815335100196 -0.00895676812244318 0.0010017978969981 0.999952472891303
19.440509999 -0.943941671478057  -3.35519168360309   224.446340995875 -0.00327219379035681 -0.0118928836118243 0.000947120829596884 0.999923474586595
19.64865 -1.00389344062427 -3.38967008994992  226.197714123927 -0.00290387537298726 -0.0151220569266522 0.000430683529860049 0.999881345667486
19.856629999 -1.07709474654093 -3.42024909406867  227.844253908452 -0.00252303949974332 -0.0177149651525514 -0.000666603908408954 0.999839672107762
20.064889999 -1.14773668094937 -3.44784633561522  229.430939156819 -0.00321955969033772 -0.0179520310546979 -0.000991429619417436 0.999833174126425
20.273009999 -1.20854204553909  -3.4760703286062   230.95233729644 -0.00340302159996795 -0.0175543490341812 -0.000964307849590958 0.999839654336808
20.481149999 -1.26799920401246 -3.50170925433528  232.442048952628 -0.00139140371704962 -0.0169499308903766 -0.00125568714980189 0.999854582971089
20.68927 -1.32287051678183 -3.52946618718092  233.907041761876 -0.000491477492239188 -0.015666417981787 -0.00155113302367063 0.999875950197742
20.89751 -1.36880357473142 -3.55490254437754  235.299437103046 -0.000359831328093664 -0.0138596215650704 -0.00110281596989904 0.999903277926633
21.10563 -1.41187919607329  -3.5845997110142  236.758121902663 -0.000157774118761844 -0.0118265660155554 -0.00107376353934947 0.999929474750829
21.313759999 -1.44273577234629 -3.61060291868631  238.165867606003 -0.00069335679018243 -0.00880367616081986 -0.000564042426041034 0.999960847432818
21.521879999 -1.46504588953709 -3.63758636737085  239.556549397345 -0.000921161713877807 -0.00584084631333163 6.40737250697571e-05 0.99998251578215
21.73001 -1.47754560747104 -3.66320351365533  240.927388676096 -0.000625781131303823 -0.00289204402317886 0.000331700428078132 0.99999556721726
21.938259999 -1.48486008483893  -3.6872789709304  242.308845856664 0.000100243039602558 -2.90868587030449e-06 -0.000148144535437481 0.999999983998035
22.146399999 -1.48715095805766 -3.71003506324409  243.739869860212 -0.000643308332467116 0.00267692331276531 -0.000365483331941204 0.999996143321514
22.35451 -1.47806702811731 -3.73491911752639  245.147177834741 0.000232991646267794 0.00491864683351561 -0.000215051808891315 0.999987853116696
22.56276 -1.46860749502961 -3.75827764470368  246.584508243938 0.00221011095694674 0.00624903783465025 0.000157407076607214 0.999978019837792
22.66676 -1.46206493562183 -3.77176822036786  247.308474284387 0.00244433864473937 0.00631754113791211 2.78481396659909e-05 0.999977056290314
22.770759999 -1.45630990960216 -3.78756148724166  248.041239359061 0.00268867878077967 0.00641030930031608 0.000408976250108279 0.999975755545861
22.874759999 -1.45286205093641  -3.8030115028793  248.779890929616 0.0028362794491091 0.00652010883618088 -9.32021839801523e-05 0.999974717186892
23.082899999  -1.4404663409319 -3.83464182854648  250.263313623896 0.00401750146948014 0.00677961850491536 6.73386155625669e-05 0.999968945477999
23.29089 -1.41484762885332 -3.86930468666292  251.773860152016 0.00553785372420037 0.00718396666121308 0.00366576876151514 0.999952141324037
23.60301 -1.39775695185901 -3.91459848677944  254.130799476607 -0.00125969774009177 0.00813668209924858 0.00081175565405871 0.99996577372367
23.811129999 -1.37107596580283 -3.93550918239913  255.717029871556 0.00296295181444218 0.0113535133569588 0.000712280765309627 0.999930903266376
24.019269999 -1.33827638663387 -3.96571870980381  257.355355727986 0.00464492139749521 0.0148197094592345 -0.00106662396748509 0.999878824273255
24.227389999 -1.28265537428592 -4.00304996299454  259.035691129318 0.00193264396768366 0.0178843567244153 0.00124328721486865 0.999837421238448
24.43553  -1.2174915751409 -4.03526300922825  260.709134277389 0.000942439932870183 0.0208032533576775 0.00240690085477997 0.999780247496911
24.64364 -1.15312645351298 -4.07224329373638  262.395144723965 0.00304910176452347 0.0232063107458192 0.00106331059070767 0.999725482065245
24.851759999 -1.07705062262737 -4.10850386410544   264.09431382233 0.00202513320227937 0.0259302808202219 0.000464079203938904 0.999661594742236
25.059779999 -0.993223681215974  -4.14840871975225    265.78230536431 0.00121033694592554 0.0288477575043068 -0.000536121312069195 0.999582940303299
25.267759999 -0.895187517867051  -4.18186368253024    267.47160712194 0.00166256707937016 0.0314069548006407 0.000350752607950168 0.999505235620837
25.579769999 -0.734025991640043   -4.2337090623239   270.049920520124 0.00143488414270243 0.0329744486756023 0.00290000734160088 0.999450957675991
25.787649999 -0.631040624788638  -4.26594125637234   271.737566380097 0.00110291529869182 0.0330493200399578 0.00275166251234436 0.999449325566914
25.995519999 -0.529889025799695  -4.30181741438814   273.460391681057 0.00126758138633104 0.0321523197898811 0.00270383134316388 0.999478519461837
26.20351 -0.434192520082453  -4.33739400839393    275.20350213541 0.00206498191174301 0.0306095606466858 0.00217438457974773 0.999526919446605
26.41139 -0.348313402902238  -4.37800998558604   276.919865032069 0.00226473463960437 0.0289603933403562 0.00106233528261911 0.999577429736352
26.61926 -0.265241368890555  -4.41542236742258   278.614029600281 0.00127643136404865 0.0264597354407804 0.00100279524359817 0.999648562008207
26.931139999 -0.169609642276365  -4.46641936472113   281.152970742442 -0.0014405716209877 0.019600877994771 0.00246636901415235 0.999803804433212
27.13914 -0.128607144751001  -4.49517860026083     282.7960944526 -0.00199179883323582 0.014932275307658 0.00291080837238677 0.999882286614861
27.347259999 -0.102820508579099  -4.52408723788902   284.380752248616 -0.00194285450419625 0.0105606218264304 0.00352984706970171 0.999936117340843
27.555389999 -0.0937519828625816   -4.55327927214527    285.908907508601 -0.00186882496448574 0.00668559563624871 0.00321379072435089 0.999970740498651
27.76339 -0.0908855190408726    -4.5789175922665    287.321428843438 -0.00140124858561789 0.00268525251964448 0.00371706929029533 0.999988504592527
28.07541 -0.130423779043928  -4.62635373858035   289.351246778722 0.00110624369541639 -0.00698934622317215 0.00217688655051104 0.999972592839026
28.387039999 -0.23985317386799 -4.67216319055795  291.183646076405 0.00153515113458916 -0.0272818320901253 0.00132345082531368 0.999625726673095
28.698519999 -0.463269486156772  -4.71381544665411   292.934909088828 0.0013969404469424 -0.0607977225275976 -0.00136692784930871 0.998148193907648
29.009769999 -0.820968918943294  -4.75166139235437   294.489870158945 -2.40722790246579e-05 -0.107658963846597 -0.00227453374087236 0.994185281232962
29.321 -1.32750643858034 -4.78215793867978  295.966107455468 -0.0031547236022962 -0.164879608973318 -0.00346931336391574 0.986302553037648
29.52839 -1.74603789460829 -4.79604415272941  296.843074767479 -0.00498331712573974 -0.207577724161448 -0.00326132114509744 0.978200398061035
29.735769999 -2.25059897343941  -4.8065484129139   297.68781716396 -0.00638084404150127 -0.253067231939996 -0.00187720940662796 0.967425830248702
29.94328 -2.82522221001394 -4.80964211454155  298.450583357083 -0.00787573741710401 -0.302224292075387 -0.000988692945754183 0.953203793805882
30.15089 -3.47134226153251 -4.81362080175502  299.103084698204 -0.00833463030332036 -0.352881897636758 -0.000879742674465642 0.935630336356627
30.35839  -4.1888514350146 -4.81778175886901  299.710183683371 -0.0122420993557602 -0.406930955119678 0.00228553159253138 0.913374022574591
30.565789999 -4.92963393965236 -4.80650118678761   300.12967988555 -0.0153708667526682 -0.463437419135961 0.00211174693161516 0.885993812351287
30.773399999 -5.75797726649481 -4.80445527750047  300.492840524069 -0.0144154944178396 -0.518371997016656 -0.00384352956834663 0.855025083556097
30.980889999 -6.53113012895545 -4.80016611394738  300.699555556153 -0.0161599672775066 -0.570509790485662 -0.00463864838823759 0.821118698702402
31.188639999  -7.3609939232683 -4.77511911803725  300.842077931731 -0.0193262214538106 -0.620146823857918 -0.00615954365942587 0.784223484757478
31.39627 -8.17046601729004 -4.77662334148678  300.864350157274 -0.021861321788454 -0.668873287017559 -0.00796617403697023 0.743012212951578
31.603899999 -9.10070599576301 -4.72409822478692  300.807920939918 -0.0260428708640966 -0.717130007252894 -0.0115069774851681 0.696357602847686
31.81165 -9.98162641829862 -4.69611233133248  300.612188209311 -0.0298790438124243 -0.762529162593672 -0.0157198451651083 0.646072291158686
32.019399999 -10.9785993339561 -4.64315861402924  300.299427936816 -0.0343471749267328 -0.804559323237927 -0.0180680279239201 0.592602829332111
32.227299999 -11.8515956963017 -4.59332569768115   299.83578792261 -0.0358699073994702 -0.84147756863903 -0.0177537357213449 0.538807624378532
32.435429999 -12.8386204920058  -4.5247549827027  299.224680053133 -0.0367760783761001 -0.872802226579094 -0.0172011381718075 0.486382477257812
32.64377 -13.6973081267346 -4.46000005950359  298.486073846641 -0.0367253704634053 -0.8973744704619 -0.0178071293432891 0.439378211876854
32.85215 -14.6344956308096 -4.38701770071228  297.612340286523 -0.0424863954711109 -0.917618014842033 -0.0182005364438657 0.394766798895747
33.060519999 -15.5723349474792 -4.30582771724293  296.557247109249 -0.0460717824778508 -0.935917730435447 -0.0188214449977269 0.348684880549864
33.269019999 -16.3956811662522 -4.22364494689019  295.389350667999 -0.0437522134182747 -0.95136067692332 -0.0154098617811023 0.304567139371421
33.47742 -17.2297273829972 -4.13994255293477  294.012815656054 -0.0405709335804554 -0.963765876778628 -0.0117642599552841 0.263383629508816
33.685769999 -17.9513942964305 -4.08242920051399  292.530033536766 -0.0381169727680243 -0.974068102368168 -0.0117888591826763 0.2227093422716
33.89415 -18.5920465672134 -4.02717226829987  290.891062122849 -0.0391378310730744 -0.982492500157868 -0.0113212724864074 0.181792590887876
34.102519999 -19.1225437871041     -3.9803304411  289.158905963007 -0.0414340042382371 -0.988970296006374 -0.0124572927388706 0.141653777808671
34.310769999 -19.5539610180504 -3.93016748981669  287.232812867263 -0.0426302382044875 -0.993585193793781 -0.0130430772713196 0.103927876913264
34.519019999 -19.8383608496898  -3.8825093577615  285.276887781646 -0.0415097880435749 -0.996669132755149 -0.0101145665676729 0.0694641839570878
34.7274 -20.0169596330144 -3.84866271085113  283.164472590542 -0.0406620472870716 -0.998390349664692 -0.010449543700815 0.0381328551682449
34.93578  -20.088908637964 -3.81806340791682  280.894385574357 -0.0402828661211614 -0.999083784809974 -0.00989179791900409 0.0105372653365168
35.14415 -20.0310178547873 -3.79203460460448   278.59554149015 -0.0383475788402112 -0.99910762549026 -0.0111989405739912 -0.0137112951368131
35.352649999 -19.8788600664367 -3.77144117303395  276.206818883671 -0.0348035638293161 -0.998830776229798 -0.00958958595210153 -0.0321532617665137
35.56127 -19.6571393079949 -3.75532424052424  273.737858501969 -0.0300184592654362 -0.998616079175697 -0.00996915212540452 -0.0420170741602452
35.76977 -19.4137657483356 -3.73765187867073  271.240539614496 -0.0274678987900424 -0.998601435813673 -0.00984489544741407 -0.0440881498881451
35.978279999 -19.1724464260828 -3.71829363032501  268.640784247908 -0.0261836773542408 -0.998731512363254 -0.00969825045953226 -0.0419013745698166
36.18665 -18.9442307134247 -3.70050363207712  265.977416188307 -0.0252733548091857 -0.998876336631356 -0.0104187856856256 -0.0387139581991865
36.395029999 -18.7348327963719 -3.68216377132329  263.292094560058 -0.0243887152367324 -0.999071070344808 -0.0123813152084273 -0.0333000000434044
36.603149999 -18.5570625021712 -3.66427732567104   260.57460313463 -0.0238019148618399 -0.99923097228578 -0.0132360115496582 -0.0282088793110023
36.811279999 -18.4040609510207 -3.64531806056848   257.88443230826 -0.0223531653816897 -0.999408176861276 -0.0124726028277138 -0.0229796910105648
36.91528 -18.3374015577077 -3.63544344665964  256.507380138915 -0.0219139557762237 -0.999479065047108 -0.0122342534831361 -0.0202903946858579
37.019269999 -18.2794667812223 -3.62359236572942  255.178221112552 -0.0216946880920735 -0.99951576492745 -0.0135384309269809 -0.0177281431097143
37.227299999 -18.1850568343679 -3.59630296925077  252.450886364252 -0.0223782263989032 -0.999551402660008 -0.0148872503985736 -0.0132128043662021
37.43515 -18.1094665246747 -3.56316868470762  249.722183374366 -0.0229150886515145 -0.999587251378933 -0.0142096806539422 -0.00991516860756202
37.642899999 -18.0477092445678 -3.54288665799246  246.986180836439 -0.0228805604822645 -0.999643272828744 -0.0115357705951116 -0.00753213363078033
37.746769999 -18.0198746845322 -3.53349160513979  245.594945421117 -0.0225350278372983 -0.99964646644127 -0.0125490661010322 -0.00645256474953742
37.954399999 -17.9715339960702 -3.50581132870291  242.805900256887 -0.0229961787665659 -0.999629227296481 -0.013635881569791 -0.00516201807353432
38.162019999 -17.9298938612538 -3.47498233524014  240.081723416432 -0.0238388216785791 -0.999607837793828 -0.0137088038075617 -0.005286766525044
38.369529999 -17.8852405562204 -3.45294936419254  237.243002661434 -0.025320312270966 -0.999587416390822 -0.0121362245154609 -0.00604903580183355
38.577049999 -17.8371081279204  -3.4277288156723  234.472479934237 -0.0262686235803494 -0.999530610529764 -0.0140780385820965 -0.0070941425748633
38.784649999 -17.7749976333278 -3.39445642578973   231.64770383804 -0.0250518963635628 -0.999542152650531 -0.0149060990821029 -0.00810529293034319
38.99215 -17.7018399814365  -3.3592257166651  228.855535025264 -0.0233163724428328 -0.99958727257935 -0.0143884178532345 -0.00863740152852488
39.199649999 -17.6395024924065 -3.33299294055787  226.011503692026 -0.0235634260949442 -0.999601130843029 -0.0127796516735113 -0.00888958216734007
39.3034 -17.6085539236213 -3.31922951806567  224.599475735316 -0.0241173834325667 -0.999582031393806 -0.0131888161675915 -0.00895373995028464
39.511029999 -17.5399494137534 -3.29084850499146  221.741342531761 -0.0238663832178404 -0.999576277935321 -0.0139528747758902 -0.00910920559417475
39.71853 -17.4702601057003 -3.25969073232006  218.866148045866 -0.0238799802867892 -0.99957222968037 -0.0142510871425998 -0.00905597640068687
39.925899999 -17.3988901774769 -3.22665212967477  215.971026267171 -0.0244316700194782 -0.999560604362113 -0.0140436378535283 -0.00919064432706239
40.1334 -17.3322476020706 -3.19659544304266  213.053422084823 -0.0248853877979831 -0.999543456672204 -0.0144213573063791 -0.0092531157654393
40.23704 -17.2998434011966 -3.18165791269031  211.629057943382 -0.0250491259419215 -0.999556033935964 -0.0132061365446167 -0.00926683707189556
40.44453 -17.2300602612729 -3.15407107483685  208.702365725738 -0.0250342396817255 -0.999555202732259 -0.0133140923580556 -0.00924221180838155
40.652039999 -17.1571037707963 -3.12288708047019   205.76332174973 -0.0244325728640068 -0.999569932209953 -0.0132734498586432 -0.00931748538427342
40.859529999 -17.0857679163685 -3.09479876053848  202.826756761424 -0.023767825976213 -0.999571548288283 -0.0143710283228838 -0.00923492533113262
41.067039999 -17.0165004729196 -3.06582246096305  199.866816606036 -0.0244382541859475 -0.999562564137274 -0.013865302540713 -0.00923068215870636
41.274529999 -16.9471159481395 -3.03470006444355  196.923308298542 -0.0243592073505669 -0.999538653718704 -0.0160096793085651 -0.00853222760422061
41.482149999 -16.8824621458602 -3.00206950024597  193.968816129114 -0.0233051260125481 -0.99956916534302 -0.0161652788425794 -0.00755238749930034
41.689669999 -16.8245143142069 -2.96700653423472  191.064585125041 -0.0230163014958499 -0.999583349391984 -0.016110437742786 -0.00662051957867584
41.89728  -16.771981487759 -2.92947280373637  188.135653570774 -0.0236813132955571 -0.999581735149994 -0.0155153425269679 -0.00590121185825233
42.104779999 -16.7252042610114 -2.89679399299491  185.226567423641 -0.0234330254249924 -0.999591745935951 -0.0154712933937339 -0.00527956976222246
42.31228 -16.6790183532457  -2.8616912928091  182.317975173382 -0.0232200799319167 -0.999580033232394 -0.0167206721938048 -0.00458303092597359
42.416049999 -16.6597626449589 -2.84413687543312  180.886975136195 -0.0232359649780958 -0.999578653804309 -0.0169325693286464 -0.00398658829487303
42.519899999 -16.6413045017938 -2.82577238536917  179.446273122305 -0.0231974993212678 -0.999593977743438 -0.0162729363872922 -0.00299119133911877
42.62366 -16.6251106978573  -2.8089615747249  177.998096801655 -0.0230261584122217 -0.999608629027413 -0.0157606835591932 -0.00199641089393312
42.7274 -16.6121042331477 -2.79174608154026  176.540305339827 -0.0233055678841509 -0.999590431592671 -0.0165789013185593 -0.000979594326475617
42.93491 -16.5990754311855 -2.75554764788808  173.712461665056 -0.0241913592856978 -0.999561999587149 -0.0170075810814846 0.00115295403510272
43.142409999 -16.5978076568382 -2.72084941102497  170.897641235133 -0.0243325715353084 -0.999541651408541 -0.0177243253978268 0.00320333438134404
43.34991 -16.6085374769086 -2.68711385698801  168.170743589283 -0.024723992602669 -0.9995000316276 -0.0189775295813374 0.00531642146557133
43.5574 -16.6289486207587 -2.65228296472236  165.537396594978 -0.0251666511535119 -0.999480443598886 -0.0189036999771743 0.0069377705543445
43.661029999 -16.6405787005427 -2.63536333860792   164.21549609955 -0.0248543707206555 -0.999461292691021 -0.0200816692901059 0.00749074275328416
43.868529999 -16.6652047031909 -2.60141353644202  161.704786005858 -0.0247119765689747 -0.999481099200595 -0.0191508469893117 0.00775213611955969
44.07592 -16.6838582514156  -2.5701169212616  159.295637402634 -0.024898947427747 -0.99948189405512 -0.0189221713802215 0.0076116557487146
44.283279999 -16.7038483172672  -2.5433157422952  156.989539273794 -0.0247098504723505 -0.999479315245465 -0.0194383998223597 0.00725743056712508
44.49078 -16.7195553116038 -2.51427257699859  154.767783444201 -0.0245821966271823 -0.999459031088563 -0.020771937021828 0.00677402515900197
44.698279999 -16.7311509134852 -2.48444608870805  152.658711469349 -0.0242747447699934 -0.99948914150176 -0.0197977871313831 0.00634353301611405
44.905909999 -16.7412663921781 -2.45833576004035  150.667433894339 -0.0240015893447048 -0.999507435702681 -0.0193600562740613 0.00583077225104521
45.113529999 -16.7489098188762 -2.43547679548708  148.804234202209 -0.0242618186410753 -0.99948955355681 -0.0200693332486 0.00540540007711673
45.321159999 -16.7547318958467 -2.40728366073935  146.933917215335 -0.0245550511760815 -0.999476739981182 -0.0204861896052273 0.00485919065150031
45.52891 -16.7565836290806  -2.3851847919025  145.196461719485 -0.0243066455075264 -0.999514922627127 -0.0189856518527422 0.00431873286811849
45.73666 -16.7679881667558 -2.35977654205349  143.522026392946 -0.0264340556411727 -0.99948803475748 -0.0175854883163714 0.00395723131288175
45.944409999  -16.768828640869 -2.34315872661167  141.918026537599 -0.0261755113868318 -0.999500634465867 -0.0172876013123204 0.00380304441633943
46.15241 -16.7770737764561 -2.32417167362529  140.346718612904 -0.0274899150745067 -0.999482023142322 -0.0163070393229932 0.00375106025629984
46.36028 -16.7807484422024 -2.30888534181987  138.818740772296 -0.0275031638467362 -0.999467486023665 -0.0170487334926904 0.00420250475903357
46.56828 -16.7887550763358 -2.29500969759349  137.350095484317 -0.0285717208462144 -0.999447375310054 -0.0163259342738474 0.00469729963028981
46.880279999 -16.8027833306557 -2.27616232554473  135.208431976072 -0.0300611322061086 -0.999442022009125 -0.0136071994040658 0.00517852268280941
47.192289999 -16.8146304516677 -2.26617146443125  133.153944218408 -0.0286914289773523 -0.999511895779552 -0.0107951813584845 0.00601964765085468
47.50441 -16.8320617512955 -2.25509881955781  131.117141575431 -0.0287718143391081 -0.999486738670835 -0.0124665670794269 0.00655946842568612
47.816409999 -16.8381504993487 -2.25312262073588  129.013954140968 -0.0263844531634128 -0.999615185847432 -0.00556337403528151 0.00651073911436262
48.23241 -16.8311127846785 -2.25271330136797  126.104050460782 -0.0198400067918419 -0.999753414415789 -0.00867158389629363 0.00492829861126162
48.544409999 -16.8224079907432 -2.24540251715514  123.851932728847 -0.019199295743564 -0.999784936863558 -0.00781018229433303 0.000684190187174279
48.856409999 -16.7834310193888 -2.22491630909419   121.43139809566 -0.0177900737679553 -0.999759467794087 -0.0121020592618055 -0.00424970505317401
49.064529999 -16.7508626077882 -2.20478744075287  119.746375703056 -0.0192666880280866 -0.999692596241595 -0.0135148828855989 -0.00780100588106454
49.272539999 -16.7041583172111 -2.17500074250131  118.014825812612 -0.0207658435875846 -0.999646326852771 -0.0116593091564866 -0.0118347564340304
49.480539999 -16.6423816482743 -2.15086060494495  116.169660051559 -0.0224819261333068 -0.999557349758785 -0.0114826723582737 -0.0157421655449343
49.68854 -16.5606675202468 -2.12617984863387  114.252808938172 -0.0239164319609211 -0.999422572017893 -0.0136435071438426 -0.0199093328922384
49.89654 -16.4639961255033 -2.09769677589204  112.309658517255 -0.0261822405551185 -0.999287546783905 -0.0123770740400595 -0.0242011809696311
50.10455 -16.3433838404364 -2.07343247772754  110.246980520567 -0.027109285906876 -0.999183689670293 -0.0100908648395619 -0.0281995631396884
50.312539999 -16.2034646464201 -2.05605892590104  108.135091703145 -0.0273113252457313 -0.999114520457623 -0.0098923370741306 -0.0304369543691125
50.520539999 -16.0528886556353 -2.04346367014425  105.965600169306 -0.0265859422399139 -0.999141619766689 -0.00696990078125125 -0.0309940608554769
50.728659999 -15.9026967521316 -2.02790672380743  103.718684161802 -0.0282459517381365 -0.999107944700018 -0.00749735105016208 -0.0304839429035051
50.93679 -15.7551167671696 -2.01313518628379  101.380624771638 -0.0284677111902133 -0.999070874360222 -0.0115083068960593 -0.030241301180327
51.14479 -15.595204819429 -1.9878421348109 98.9988490811136 -0.0273509467506524 -0.999140071539136 -0.00969386607772086 -0.0296154033752914
51.352789999 -15.4340310501639 -1.96643587685878  96.5315792144732 -0.0267857108741877 -0.99917251626623 -0.00930393647075716 -0.0291589642704242
51.560789999 -15.2775496510311 -1.94933622101176  93.9971274290428 -0.0271675439835146 -0.999175381276617 -0.0106295295541513 -0.028239955844293
51.76879 -15.1205267102445 -1.92140649677952  91.4255436385269 -0.0261204530656743 -0.999250035622399 -0.0107122164053229 -0.0265016350432132
51.97679  -14.971701788663 -1.89680300294589  88.7888862976765 -0.0246925461651974 -0.999355515886883 -0.00993750694401279 -0.0240847874410361
52.18466 -14.8352624925706 -1.87941709588932  86.0765650735229 -0.0254593102134096 -0.999441372756707 -0.00400586656218903 -0.0212771938641373
52.39267 -14.7169327839355 -1.87437813973843  83.3122394972908 -0.0253528052993105 -0.999445977241461 -0.010868778254171 -0.0186237348181963
52.49667 -14.6585989830005 -1.85774776690774  81.8980229910117 -0.0247019072924094 -0.999482771153126 -0.0110599019579558 -0.0173690677028111
52.70454 -14.5507098062586 -1.82717052528237  79.0548293558442 -0.0242512683711616 -0.999544890668995 -0.00970575999872717 -0.0150892591847265
52.91241 -14.4554155521005 -1.80097200248367   76.120291199814 -0.0256508700338071 -0.999534548555769 -0.0100550969108909 -0.0131001578630441
53.12031 -14.3708923054783  -1.7759168921045  73.1469995967252 -0.0251556937491638 -0.999551548219527 -0.0119665292990923 -0.0109861594963802
53.32804 -14.2890178715308 -1.74829343554493  70.1884011555932 -0.0240321406708029 -0.999555197511236 -0.0152047492892733 -0.00898214574051194
53.535789999 -14.2256486827271 -1.71794520267656  67.2074115395573 -0.0241406980496998 -0.999567242033949 -0.0150379412150099 -0.00751103683471444
53.74342 -14.1675283212959 -1.68855873694626  64.2539232091275 -0.0243264405070943 -0.999574274333928 -0.0147383536173372 -0.00650194699352726
53.951169999 -14.1143392454727 -1.65869012858275  61.3113179298508 -0.0238770225774292 -0.999587963086499 -0.0148145102291936 -0.00585850937434389
54.15879 -14.0659360230128 -1.62872640078263   58.356739309856 -0.0242241131891162 -0.9995899651142 -0.0142898789157803 -0.00537525290243317
54.366289999 -14.0185805970165 -1.59170116817075  55.4127445839958 -0.0245340704723863 -0.999528291786121 -0.0176665801929736 -0.0054004860392428
54.573909999 -13.9638024479341 -1.54823303556748  52.4539524254733 -0.0243269313329245 -0.99956278726805 -0.0156016578562057 -0.00624683863947213
54.677689999 -13.9335562945396 -1.53385279328759  51.0114062807443 -0.0237870596936746 -0.999597164936498 -0.0139302320096233 -0.00675516677835237
54.781539999 -13.9024549105862 -1.51981225177114  49.5583944043766 -0.0237794916132356 -0.999599974400415 -0.0136031800075521 -0.0070271225255342
54.98917 -13.8436517083902 -1.49625619438743  46.6092998272264 -0.0240138002432663 -0.999556194326387 -0.0158314470788515 -0.00775351952449417
55.19679 -13.7769917912159 -1.45977658421482  43.6932124806102 -0.0229168146443926 -0.999552840858713 -0.0173328969787608 -0.00827699342489224
55.404409999 -13.7096136164635   -1.427832096682  40.7970953217394 -0.0226352692912529 -0.999617892542979 -0.0137082354890235 -0.00798735073876999
55.61191  -13.652658904971 -1.40081486845337  37.9363227810134 -0.0236942014519399 -0.999572215333603 -0.0153794117061163 -0.00757923783777978
55.81954 -13.5897326800037 -1.37110790314217  35.0108096815881 -0.0226471114554976 -0.999601068786964 -0.0153069992086891 -0.00710685569758884
55.923299999 -13.5585207313976 -1.35664638321552  33.5974521599809 -0.0217229422481275 -0.999628605509005 -0.0149809359415299 -0.00680708355488103
56.13092 -13.5025732292462 -1.33250326797095  30.7361814135701 -0.0217199240760047 -0.999644148415468 -0.0141059711185205 -0.0063908540626598
56.338419999 -13.4569705894339 -1.30858103726816  27.8797007850159 -0.0239737826071338 -0.999584042822638 -0.0147600175984153 -0.00625627383914067
56.442289999 -13.4331631917467 -1.29621717575415  26.4308782366732 -0.0242408632007991 -0.999572869802581 -0.01508395588557 -0.0062396138305465
56.64981 -13.3778850210684 -1.26958069309542    23.59254047115 -0.0233744076668625 -0.999603631629826 -0.014483879621214 -0.00603605250179175
56.857289999 -13.3217782646044 -1.24588730172709   20.780398327775 -0.0218817952452043 -0.999639386196533 -0.0144894298436738 -0.00568691693897928
57.06479 -13.2738843798445 -1.22092685473486  17.9801489108892 -0.0224216068267791 -0.999615356565487 -0.0153679383621786 -0.00549881225868231
57.2723  -13.231443019915 -1.19042889800346  15.2301190633748 -0.0230910235666661 -0.99959049864786 -0.0160614194449508 -0.00526027080853232
57.479919999 -13.1805968872893 -1.16654317802162  12.4310377846975 -0.0217550427118778 -0.999670714279581 -0.0126450419318732 -0.00502832406461301
57.68742  -13.122163976081 -1.15210789041178  9.68641941358625 -0.0181672031277073 -0.999738910865778 -0.0128806281182905 -0.00511392713124365
57.894919999 -13.0743226432337 -1.12918467910659  6.94091349841662 -0.0184609111527025 -0.99970321697967 -0.0150090040444741 -0.00523474139791135
58.10242 -13.0414284957834 -1.09843830920882  4.20454845860081 -0.0230711640238754 -0.99957544411715 -0.0169623943463754 -0.00537866959600921
58.31004 -13.0064753463593 -1.05855752091455  1.48820193418878 -0.0245652736959166 -0.999567154454819 -0.015239975099076 -0.00545840840546727
58.517549999 -12.9542717304312 -1.03052836456535 -1.27512524587176 -0.0230887286199982 -0.999623984382353 -0.0138200554420136 -0.0052731893424863
58.725189999 -12.9073689318446 -1.00238668645198 -4.02582796340429 -0.0220809873558611 -0.999648634172608 -0.0137629866496393 -0.00506146151934343
58.932819999  -12.8656283006861 -0.976157678459317  -6.78341408590522 -0.0217720816781916 -0.999669424322724 -0.0127375352880773 -0.00497732141379821
59.140419999  -12.8206213691445 -0.951279675473771  -9.55978600889645 -0.0209891517894588 -0.999687203879147 -0.012723716432429 -0.0048017650503433
59.348039999  -12.7673596393714 -0.919603438856774  -12.3903185248326 -0.0188367180495277 -0.999710326677368 -0.0142851211261056 -0.00451398960613978
59.555579999  -12.7263127062761 -0.893249062482757  -15.1662509467219 -0.0177187505274949 -0.999753897659622 -0.0126320121133244 -0.00431535214189296
59.763179999  -12.6814026996562 -0.870524343265379  -17.9804582658672 -0.0170258308931899 -0.999764178232539 -0.012722721306432 -0.00445436504686651
59.970799999  -12.6340947925621 -0.853480261376696  -20.8076536145828 -0.0159329073227929 -0.999813753396133 -0.00982215707800617 -0.00470385103020117
60.07455  -12.6114250707097 -0.848390849077666  -22.2604781303222 -0.0157355900442314 -0.999819881254503 -0.00947696978029514 -0.00477318530705133
60.28217  -12.5685033615602 -0.838319108272247  -25.1290244845311 -0.0178151722364961 -0.999770573135235 -0.0107146220579449 -0.00515922525029393
60.489669999  -12.5227770037221 -0.826539425409318  -28.0057508483427 -0.0184577587542422 -0.99975826762492 -0.0105251999659498 -0.0056513381658911
60.69718  -12.4664942165931 -0.817365970511609  -30.8606191581629 -0.0172856850287374 -0.999781187558933 -0.0103142593178365 -0.00569193737337942
60.9048  -12.4174036049825 -0.801278929512329  -33.7528737253385 -0.0184970699970435 -0.999734249003809 -0.0122212611198093 -0.00631906218966053
61.112299999  -12.3693648975242 -0.787003846096041  -36.6256172327058 -0.020744180785928 -0.999687506071742 -0.0120193204391332 -0.0070784958687289
61.216169999  -12.3427048958124 -0.781188161629337  -38.0474413490034 -0.021421925676862 -0.999665881532334 -0.0124997334200721 -0.00727894668917354
61.42367  -12.2884306658375 -0.763005386679545   -40.878345551363 -0.0235040917564549 -0.999611996567887 -0.0129097903330453 -0.007533345991251
61.6313  -12.2384556241825 -0.747783085625359  -43.7473783422336 -0.0254831264819708 -0.999545127642121 -0.0140902439709359 -0.00784940102422163
61.73505  -12.2116275405764 -0.740244934221214  -45.1431018296757 -0.0265615093543994 -0.9995418353494 -0.0121747006799856 -0.00789824477478441
61.942549999  -12.1569637637216 -0.732583564353675  -47.9874065841835 -0.0280079313464082 -0.999527863159898 -0.00962571848187461 -0.00818242582673342
62.15017   -12.093825230256 -0.725376483626504  -50.8333839108548 -0.0277762860643014 -0.999515947421091 -0.011395464503175 -0.00815427324476146
62.357669999  -12.0327537616791 -0.716104263395615  -53.6595785106599 -0.0275152388424107 -0.999527706471149 -0.0109856394130196 -0.00816035260616915
62.5653 -11.9710673093177 -0.70804279659684 -56.4532147208226 -0.0275950592263403 -0.999535605886553 -0.0102990150373075 -0.00781124577503187
62.772919999  -11.9123409242506 -0.701526408623521  -59.2931622980126 -0.0270143418815746 -0.999554802267691 -0.0105973528304319 -0.00693676504500961
62.98055  -11.8648456862614 -0.697526831795454   -62.120501446656 -0.0279059098351881 -0.999542042245611 -0.00995984805665738 -0.00614551921578902
63.188169999  -11.8156341578458 -0.690946568861726  -64.9140192643091 -0.0274163758188064 -0.999556699670421 -0.010338144761461 -0.00527913286721452
63.3958  -11.7734600430467 -0.691389316523011  -67.7444673769665 -0.0265725872661885 -0.999577462918506 -0.0108665281353219 -0.00455102160701016
63.60343  -11.7361156039098 -0.686151927318108  -70.5237979661759 -0.0264362224394113 -0.999581886079852 -0.0109872081737541 -0.00405714440535081
63.81105  -11.7006657409255 -0.683836098899258  -73.3302089288297 -0.0271015822566507 -0.999581215896877 -0.00920100043801122 -0.00427067398046173
64.01868  -11.6559257565759 -0.683247349278489  -76.1274713317228 -0.0276703319785782 -0.999561476617415 -0.00949896841970126 -0.00458004252930301
64.226179999  -11.6220595981392 -0.683852206229982  -78.9003184792902 -0.0288372833269135 -0.999501489007942 -0.0116080720061122 -0.00551699424785892
64.4338  -11.5736116569017 -0.680211807991338  -81.6682514104152 -0.0290090406799582 -0.999513806649461 -0.00945551678014043 -0.00642020859106079
64.641429999  -11.5189060347787 -0.683271918940272   -84.431990080909 -0.0276608880667588 -0.999554207261655 -0.00910981704369152 -0.00657824067003718
64.84905  -11.4670470772233 -0.680566076043229  -87.1263709454953 -0.0279538560381329 -0.999508074455494 -0.0125491920240002 -0.00668646471723677
65.05669  -11.4186246243983 -0.667998486773922  -89.8592842419753 -0.0281358770515024 -0.999515317042889 -0.0116620961206563 -0.00644196656848502
65.2643  -11.3657325157252 -0.662946862180364  -92.5447407621385 -0.0272186214450572 -0.999561287351593 -0.0103106038171168 -0.00548369616076237
65.47193  -11.3262279564699 -0.659264473607213  -95.2709499393273 -0.0266315742453076 -0.999566752973095 -0.0116033498741082 -0.00473580782324059
65.679419999  -11.2869794236279 -0.653398116048162  -97.9403810956174 -0.0265971658698919 -0.999582374560053 -0.0105332143682416 -0.00408884233594385
65.88693  -11.2403641915109 -0.648045556608867  -100.557793368891 -0.0265890969564969 -0.999572842940466 -0.0116544696828001 -0.00336525115946873
66.094549999 -11.2208185795932 -0.64089278796838 -103.229667678864 -0.0265507430090939 -0.9995762312547 -0.0116661956883064 -0.00251313240342677
66.30208  -11.1961234536312 -0.634446260350015  -105.855986056906 -0.0264522016714875 -0.999581166336247 -0.0115903517881547 -0.00185382793855048
66.50968  -11.1741801840742 -0.627274297145947  -108.464375795239 -0.0263780625103696 -0.999586899227365 -0.0113493370681751 -0.00119216581631456
66.717299999  -11.1518739680722 -0.623556345700797  -111.033857675994 -0.0266142128812469 -0.999597081039514 -0.00985191129554488 -0.000546894706310251
66.924809999   -11.142230103942 -0.623250066888441   -113.61854324084 -0.026793945860156 -0.999571648121365 -0.0117684005391634 -0.00033088658299686
67.13244  -11.1247874150766 -0.615454589469766  -116.189232215499 -0.026674057796164 -0.999585072550362 -0.0108569422543915 -0.000551525212273124
67.34005    -11.10858619307 -0.611629796025928  -118.759258387049 -0.027496079076346 -0.999558078667967 -0.0112741299356747 -0.000712038779828242
67.547679999  -11.0894662724864 -0.606091641155261  -121.307054644225 -0.027513318344902 -0.999547445948773 -0.0121230087407728 -0.000976355472255688
67.7553 -11.0704569856329 -0.59803658676473 -123.814912586572 -0.0274318399251197 -0.9995515528649 -0.0119623923040127 -0.00104330918478604
67.859059999  -11.0615436223905 -0.596180705753639  -125.044092841207 -0.0275027322096635 -0.999551959015747 -0.011774643128837 -0.000915820929228383
68.06681  -11.0420259050654 -0.591535032991426  -127.492143153722 -0.0266084268599341 -0.999575943455504 -0.0118287938383257 6.72414178654273e-05
68.274429999  -11.0323112946211 -0.589026652475003  -129.862773291678 -0.0254002275458355 -0.999596491945082 -0.0126522611990937 0.00126570859853943
68.48205  -11.0272782389271 -0.582989398582905  -132.256396955687 -0.0252642130053185 -0.999614156841379 -0.0112672707921743 0.00251109386838578
68.689679999   -11.025810234896 -0.579960746473653  -134.596498399723 -0.0257656251688892 -0.999589420419902 -0.0122108702444054 0.00283157061266594
68.89743  -11.0315324634336 -0.572381879503641  -136.878682541357 -0.0275008985796799 -0.999525769351221 -0.0135719578305692 0.00278189518243189
69.10505  -11.0312173325858 -0.563769558441252   -139.08131164522 -0.0272477523675122 -0.999526712534711 -0.0139752216085982 0.00293327486988613
69.312799999  -11.0337853281926 -0.555081476212769   -141.19793890364 -0.0272646058982626 -0.999506220374963 -0.0151733230600784 0.00370499180604158
69.416809999  -11.0339787083641 -0.547914239381375  -142.224289132522 -0.0266338057171529 -0.999529063388442 -0.0145145089450654 0.00464982418250389
69.62456  -11.0236190008052 -0.546090337989575  -144.141187375022 -0.0268400903533037 -0.999511984173216 -0.0148489638386571 0.00590857993639093
69.936319999  -11.0707696227888 -0.531690334111483  -146.895489149317 -0.0289674572141962 -0.999459722602312 -0.0146848007314886 0.00505034114995213
70.143929999  -11.0652941347721 -0.528769746925311  -148.543491052039 -0.0329897760511669 -0.999352612849794 -0.0137920477381644 -0.00397608923089949
70.351179999  -10.9918445511903 -0.529620205199366  -150.086162996722 -0.0353141569311277 -0.998984290983479 -0.0140701543416146 -0.0241935413960762
70.55857   -10.833239784341 -0.529979259361408  -151.505942634996 -0.0342803775728718 -0.997946037879816 -0.0172254736931636 -0.0513015033842521
70.76581  -10.5981105976998 -0.538802482861489  -152.797216013458 -0.0348137651892792 -0.995649254058772 -0.0160980408419968 -0.0849200666898391
70.97306  -10.2516472736172 -0.545057009907612  -153.935109186891 -0.0361657906333299 -0.99107818698063 -0.012571118160194 -0.127663737479587
71.18031   -9.8628022314267 -0.562183028851223  -154.964797947751 -0.0372843183809396 -0.983232482993767 -0.0120243386311649 -0.178098790757442
71.38768  -9.32032622515757 -0.582663211912758  -155.911414719706 -0.0376265195994411 -0.97113883164389 -0.0108700793448876 -0.235277402381123
71.595079999  -8.70606690455517 -0.612663461458871   -156.71176688245 -0.0370731372158906 -0.954167175190919 -0.0101863320070548 -0.296794243416876
71.80243  -7.95118304329557 -0.636663505359222  -157.495480848146 -0.0363905462212874 -0.932413344731345 -0.00937217674268539 -0.359434618554928
72.00981 -7.19612691053425 -0.67209902423502 -158.071537389451 -0.0348178052243866 -0.90374302822086 -0.0100266608880295 -0.42653924257093
72.217449999  -6.31964235349625 -0.704080532227273  -158.585194001662 -0.0302906039923302 -0.871065911443907 -0.00863163740424082 -0.490155232621154
72.425179999  -5.41241578879377 -0.739604574413145  -159.012058040379 -0.0288856875403793 -0.833500031388203 -0.00714609711759707 -0.551717543700733
72.63293  -4.61130568109127 -0.791661198657507  -159.258835066608 -0.0292393655381544 -0.791804443251941 -0.00498334745747322 -0.61005405448823
72.840819999  -3.65660972988204 -0.845534651401526  -159.419736722688 -0.026813504376403 -0.745118855767593 -0.00263121318640021 -0.666387277399424
73.04881  -2.77616334310954 -0.882563129600447  -159.372623761248 -0.0208022058357472 -0.696764033437541 -0.00843033586319762 -0.716949146995413
73.25669  -1.83389088803634 -0.932561648120708  -159.171631497065 -0.0118050216878928 -0.642526534283702 -0.0139855070585136 -0.766044841896765
73.46456 -0.926345808647994 -0.959801953095645  -158.853028976129 -0.00532855282636787 -0.585413487482433 -0.0165044500658141 -0.810549355885536
73.672579999 -0.00414983453191553   -0.961826230929656    -158.364332334162 -0.00361054034535757 -0.523592192619251 -0.0186693617745809 -0.85175679319716
73.776439999  0.42987651913586 -0.95770051807418 -158.061244473105 -0.00173927600040465 -0.491934027093218 -0.0205113661839699 -0.870389092167469
73.98444     1.323982234726 -0.952068864802435   -157.33517775792 0.00124871390908359 -0.427107349878221 -0.0210856587276254 -0.903954173279596
74.19256  2.10914167222847 -0.94326178799694 -156.451137783147 -0.000803281716501913 -0.364350285460282 -0.0199034851954169 -0.931048911443739
74.400679999   2.84901576182992 -0.928540942663764   -155.42852809802 -0.00339900440079375 -0.302617168573065 -0.0203004592866248 -0.952889913582181
74.60881   3.43793474668545 -0.934809406354864   -154.26026048586 -0.00102916212504067 -0.240623923509791 -0.0198933999298786 -0.97041399459164
74.816929999   3.90364806358836 -0.943291747096943  -153.007052522754 0.000338137062279623 -0.176648662165384 -0.0200985942154692 -0.984068687810495
75.025199999   4.22257710621686 -0.945287339199056  -151.599015180457 0.00073205075329949 -0.12200780672527 -0.0165197736186942 -0.992391382610395
75.23381  4.41235859885928 -0.95941165449638 -150.132733879546 -0.000178493077758053 -0.0781587532307774 -0.0111628994846615 -0.996878411396659
75.44256   4.54942204887616 -0.969255540446892  -148.503328100555 0.00114364359509972 -0.0433176321227135 -0.0110275988245087 -0.998999833278652
75.651309999   4.58533766501412 -0.979942548986147  -146.803116699434 0.00155726279295243 -0.0150319001565443 -0.00883365970951174 -0.999846779945014
75.860219999   4.55487061037334 -0.988239741006868  -145.018712732144 0.000537513226066242 0.00361397232702323 -0.00389864449477346 -0.999985725325444
76.06919  4.48769398838783  -1.0034177285847 -143.151996427807 -0.000128785154595835 0.0102286149096408 0.000224773485603349 -0.999947652794032
76.278059999  4.43463539057311 -1.01204212478719 -141.176327023359 0.000825451679838082 0.0113739760871087 -0.000202237629011894 -0.999934953083167
76.48681  4.37241130281929 -1.03096155776567 -139.169202510985 0.00111319872468884 0.0130201932433925 -0.00112527816745788 -0.999913980853128
76.69531  4.29897888432321 -1.04140972880759 -137.054719320591 0.00148201458839407 0.015055747626987 -0.00113894857954036 -0.999884908823153
76.903559999  4.22328869275525 -1.04954511195693 -134.854362893049 0.00305284253077654 0.0169198358836027 -0.00194902981137482 -0.999850289087796
77.11181  4.12406646983176 -1.05982076033101 -132.597306696002 0.00174011250929451 0.018405382513993 -0.0023839100031483 -0.999826250343561
77.320059999  4.02061692284546 -1.07471535451028 -130.268910744177 0.00156027558132391 0.0192812066460474 -0.00213722786294277 -0.999810598497258
77.528189999  3.91187198097028  -1.0923955521315 -127.875365648002 0.000702441755618255 0.019313327637501 -0.00186667567298541 -0.999811490968712
77.736189999  3.81450005003813 -1.11291997738827  -125.45118378553 0.0012825333297484 0.0184849347195375 -0.00160403302645739 -0.999827029728004
77.944209999  3.70306140014555 -1.13611716659004 -122.907390853888 -0.00146892296170464 0.0167086525454163 -0.0012004137165076 -0.999858601104355
78.152069999  3.61441539554285 -1.17250086040988 -120.364960517173 -0.00304200214104749 0.0152745871528822 -0.00251550901654026 -0.999875544967808
78.359819999  3.52414831290942 -1.21710681977434 -117.737609815154 -0.00264024721489313 0.0158295283108069 -0.00357691890376807 -0.999864821252982
78.56758  3.41429914074869 -1.26393652210782 -115.035338106014 -0.00467890191508587 0.0176582865067314 -0.00341603771226695 -0.999827296827239
78.775189999  3.30007605603116 -1.31608709699654 -112.290895528431 -0.00324163013872171 0.0203136147653151 -0.00364675161449742 -0.999781751229673
78.982939999  3.15797439228643 -1.36545882592583 -109.468884040005 -0.00375027379581688 0.0216279624701432 -0.00347717231250293 -0.999753007476625
79.086809999  3.08897773012121 -1.39182961527862 -108.045699034537 -0.00432864996841937 0.0221897426896156 -0.00393118929246516 -0.999736677260351
79.19069  3.01755598812824 -1.41836633192273  -106.60496242254 -0.00492580433532904 0.0226485118170198 -0.00369681370431243 -0.999724519521533
79.294439999  2.94253362631051  -1.4469415034813 -105.170446535297 -0.00488312992943516 0.0230820769023234 -0.00295822990078697 -0.999717270854026
79.398309999  2.86929481820818 -1.47604866361638 -103.704088840582 -0.00445631222288582 0.0231402723686391 -0.0030520588291537 -0.999717637142099
79.606059999  2.71409253324474 -1.52707157646276 -100.740252278656 -0.00200971381539178 0.0227483226648805 -0.00228388373611754 -0.999736594679516
79.81382  2.56157831375407 -1.56331837964194 -97.6917595524078 0.002363183925426 0.0223344853737925 -0.00218926522378889 -0.999745364201606
80.02146  2.40509970708644 -1.58139934299433  -94.621752600654 0.00647445494491075 0.0222440667489959 -0.00124816043289808 -0.999730826284339
80.228939999  2.25536050577946 -1.59583610573386 -91.6143041934091 0.00768031372913506 0.0222282228473852 -0.000855887050682087 -0.999723054824398
80.332809999  2.18006603637755 -1.60410907924566 -90.1008649975057 0.00668180423565337 0.0223897060666105 -0.000889863491042318 -0.99972659397326
80.54044   2.0310555575871 -1.62373904101046 -87.0540160580882 0.00566201269954039 0.0216344588120533 -0.00170683414159695 -0.999748457623873
80.748099999  1.88730745566102 -1.64079961871137 -83.9983144202886 0.0066354775863373 0.0208102835810228 -0.00248361684967547 -0.999758337890624
80.955699999  1.74744590986244 -1.65911181437828    -80.9827586619 0.00600256284168923 0.0201780942553766 -0.00260729613761802 -0.999774982562778
81.16321  1.61106630869962 -1.67628171435352 -77.9062941297376 0.00798427486606084 0.0196386651578238 -0.00335505486155494 -0.999769632361655
81.26694   1.5428110204924 -1.68078432527592 -76.3757803120124 0.00869698203729222 0.0195690853738967 -0.0034903372539539 -0.999764587764003
81.474569999  1.40491105894863 -1.69459063959556 -73.3469633393162 0.0058726674094863 0.0200341179760371 -0.0035042377405906 -0.999775907997526
81.682069999  1.25775399265916  -1.7181284785498 -70.3338469159376 0.00556679084415857 0.0205515614960582 -0.00144677131623044 -0.999772249571136
81.785939999  1.18729662294798 -1.72931277909161 -68.9095893875989 0.00610208743018038 0.0206796940308684 -0.000887497728802426 -0.999767136453067
81.99344  1.04700053670968 -1.75130328757038 -65.8304153393466 0.00566354054943221 0.0213935392960951 -0.00277874964216402 -0.999751228724055
82.20107 0.906295668498456 -1.77409614221978  -62.873614362154 0.00600913658233506 0.0223137881913413 -0.00380610125772044 -0.999725711746629
82.408569999 0.757634409830932 -1.79932665546438 -59.9669208186377 0.00464519168103927 0.0235147805063655 -0.00425680170678885 -0.999703634549366
82.616209999 0.594563776655215 -1.81864709393998 -56.9537900095286 0.00709085373324616 0.0248768892192557 -0.00435600460981857 -0.999655883491887
82.823819999 0.426751610427017 -1.83428654729373 -54.0009223258926 0.00641314329367084 0.0253670628618052 -0.00358834638418265 -0.99965119290935
83.03144 0.258813003132872 -1.85256810171196 -51.1082756489036 0.00617880699472947 0.0254526273721127 -0.00291993947862031 -0.999652669709544
83.238939999 0.0977400841941561  -1.87945592063764  -48.1750965195733 0.00599398736287357 0.0251691531693084 -0.00352096996318738 -0.999659036179212
83.446569999 -0.0591376385497912    -1.9026267109576   -45.2574617075275 0.00608448759804939 0.0246497782027038 -0.00470174310548693 -0.999666574942364
83.654319999 -0.213071081572602  -1.92268066591421  -42.3589920550091 0.00680799519258094 0.0238196240520473 -0.00500633628666635 -0.999680555631879
83.758189999 -0.292502726220415  -1.93090138684006  -40.9082863406004 0.00613323315993042 0.0234503200018718 -0.00458983984972107 -0.999695653343041
83.96595 -0.443952826398916  -1.95855300672511  -37.9792453187155 0.0050662645204772 0.0225763314119643 -0.00366989066985251 -0.999725549401563
84.173689999 -0.589444869365408  -1.98287653960919  -35.1009695154329 0.00685411961823943 0.0216695222388733 -0.00249433029592862 -0.999738581413448
84.38159 -0.727560970988238  -2.00223677080093  -32.2405201376542 0.00596713871896016 0.0204485991519819 -0.00211526292411274 -0.999770860603065
84.58932 -0.856550626974878  -2.02638179129886  -29.3764481561219 0.00548252061052663 0.019062247428587 -0.00246012322852028 -0.999800240290243
84.79707 -0.977087751240496  -2.04799372412315  -26.5468167973456 0.00367796784242769 0.0175626036147458 -0.00222149327311985 -0.999836532876479
85.004819999 -1.09786557543445 -2.09027008739755 -23.6756485786867 -8.29549142360034e-05 0.0163136389809611 -0.000894560198401266 -0.999866520123428
85.21245 -1.20163867868424 -2.14561054975543 -20.8652710034317 -0.000583913261628075 0.0154869346217147 -0.00132493611038763 -0.999879021904965
85.42019 -1.30025211146866 -2.19835952714909 -18.0950175170057 0.00128833793254967 0.0151535464907155 -0.00208290194910299 -0.999882178925895
85.627819999 -1.40041178909084 -2.24911551424543 -15.2633263119409 0.000487878617072243 0.0152752753308606 -0.00311465234670145 -0.999878356040764
85.835319999 -1.50230064702946 -2.30111323711305  -12.514978693459 0.000581905423251489 0.0161329185354698 -0.00289998230352661 -0.999865481166465
86.04282 -1.61377362665503 -2.34862152636267 -9.73370809933829 0.00127087342254235 0.0173885172213213 -0.0025602694035539 -0.999844722629554
86.25046 -1.72791716702823 -2.39579279618608  -7.0048952412222 0.0007633205578846 0.0184687226862512 -0.00326892734351371 -0.999823803346413
86.45807 -1.84313364196512 -2.44575696736102 -4.29429611951405 -0.000505369329330012 0.0187924297725029 -0.00348936689616894 -0.999817190042135
86.665689999 -1.96607011623365  -2.4985090618999   -1.495969793305 0.000177703287755641 0.0190216498261613 -0.00300508798865719 -0.999814540155129
86.873199999 -2.08778770759735 -2.54853864129252  1.20685580314019 1.08007559027518e-05 0.0192528258567145 -0.0022543984257175 -0.999812105481631
87.080699999 -2.21091849716181  -2.5972053090138  3.95828242775273 9.06238867334878e-05 0.0194599610372192 -0.00214322182847367 -0.999808335784382
87.288319999 -2.33307471004566 -2.64978510414782  6.70269661914556 -0.000376304135076407 0.0195517167874437 -0.00230147359568415 -0.999806127199244
87.39207 -2.39677016510527 -2.67305858811826  8.07167807230778 0.000139827757804773 0.019551080550129 -0.00235958452267405 -0.999806065223852
87.599689999  -2.5185342133806 -2.72483237452579  10.7774481167223 0.000381516527132292 0.0194902113331309 -0.00169225640170518 -0.999808542859882
87.80732  -2.6401530246779 -2.77346378320298   13.517395934868 8.56902169088649e-05 0.0193258440263301 -0.00181104624138764 -0.99981159451237
88.014949999  -2.7603529982749 -2.82304864704763  16.2489009538053 0.000293498536415174 0.0192638314803703 -0.00226213175994543 -0.999811833004194
88.222589999  -2.8809543222925 -2.86967491165147  18.9226117466937 0.00030423553699873 0.0191388998353498 -0.00211821576961628 -0.999814544360995
88.430199999  -2.9981099193651 -2.92319914344402   21.667028180219 0.000190424851562051 0.0194418085862261 -0.00197175428488359 -0.999809027765959
88.534069999 -3.05997835185238 -2.94835097777091   23.013234020376 9.17652582613962e-05 0.0196042252151196 -0.00203721447275415 -0.99980573897635
88.741579999 -3.18155403324644 -2.99963476897663  25.6897600819055 0.000817087157136034 0.0200828032323449 -0.00212188834400019 -0.99979573462421
88.9492 -3.30276185279481  -3.0464420313469  28.3831068347642 0.00110014446030509 0.0200846068031695 -0.00251861700225947 -0.999794506296231
89.052949999 -3.36366511845586 -3.06913411234479  29.7060009648169 0.00064547542007753 0.019835780231538 -0.00300597373740119 -0.999798524356772
89.260589999 -3.48519157259278 -3.11784760168646  32.4252103896047 0.000708426085274753 0.0194062749402711 -0.00292769564512106 -0.999807143014909
89.46809 -3.59917086173926 -3.16498179010586   35.024293031688 0.000927992091432832 0.0189302042224229 -0.00350262096102201 -0.999814241669511
89.675569999 -3.71142888457068 -3.21201099788065  37.7174009273897 0.00142002929882314 0.0187473848683693 -0.00453419874175112 -0.999812962568079
89.8832 -3.82504672432928 -3.25628839877319   40.331832636248 0.00207564966464357 0.0194503139134154 -0.00477153416894376 -0.999797284167553
90.090699999 -3.95041138047754 -3.29488218658021  42.9199384602959 0.00263911494519674 0.0205618862221099 -0.00314713603973922 -0.999780145553032
90.29833 -4.07777206997655 -3.32686798906812  45.5402221831676 0.0059684001899895 0.0212700155493745 -0.00243448306345925 -0.999752988457607
90.402079999 -4.14365760047617 -3.33332017704991  46.8358516955591 0.0077752174673217 0.0216937507374249 -0.00241639850902156 -0.999731508051299
90.6097 -4.26740694351677 -3.34753834418893  49.3933438718381 0.00723629163285734 0.0226198319922895 -0.00301508597217345 -0.99971340320145
90.71357  -4.3362817960602 -3.35455526696589  50.6902198990255 0.00655282608017454 0.0230778359400214 -0.0023100806985313 -0.999709526555516
90.92107 -4.47610893116934 -3.37349319036198  53.2584289734419 0.00590536477363655 0.0241467077554341 -0.00184772060148235 -0.999689276275405
91.128699999 -4.61889795291109   -3.393264353015  55.8142782478487 0.00587177566667568 0.0251318456587308 -0.00155544020302791 -0.999665690713691
91.336219999 -4.76782384205811 -3.41368247147894  58.3757104621323 0.00618805707406337 0.0259975499462914 -0.00148254092861446 -0.999641754539512
91.5437 -4.91681063481941 -3.43371110243533  60.9039452251303 0.00580600322366204 0.0266092092422695 -0.00179383237065088 -0.999627441837955
91.75121 -5.05672288636968 -3.45456231459702  63.4084917822943 0.00543097594631568 0.0273083561291731 -0.00289232988845387 -0.99960811952165
91.95883  -5.2157165599122 -3.47864059843964  65.9286461599607 0.00567749333521942 0.0279677214236598 -0.00270082765419263 -0.999589054640846
92.166319999 -5.37661415017175 -3.50070766406191  68.4221410448901 0.00509017774205133 0.0280875194296083 -0.000444905035625551 -0.999592408635817
92.373829999 -5.53500661599466 -3.52303760157941  70.9039023944216 0.00527838121234069 0.0273451620927 0.00176553879211492 -0.999610556004024
92.58132  -5.6774180244776 -3.54314018978182  73.3690747355193 0.00691637277127768 0.0256300707621608 0.00233394000034638 -0.999644844924681
92.78883 -5.80639201890237 -3.56903812642582  75.7728836793247 0.00422063803616663 0.0240105104249118 -0.000356673326444818 -0.999702733010089
92.892579999 -5.86588927524487 -3.58221356298045    76.92862686127 0.00478465388281455 0.0229218295540057 0.000585632688979769 -0.999725639288836
93.1002 -5.97632271463758 -3.61134683963547  79.2213964006017 0.0071970883647612 0.019997983972134 0.000904496997390319 -0.999773706616303
93.20395 -6.02639078390541 -3.62049286091202  80.3507363458077 0.00531838404550439 0.0181565100241137 0.000804236082118955 -0.999820688493298
93.41158 -6.10340274441429 -3.65754241751252  82.5454762583198 0.000101959120386094 0.0151798492379742 -0.000619442486832677 -0.999884582375614
93.6192 -6.17085797847088 -3.69849622899403  84.7583981341675 0.000523174971140697 0.0131646542900311 -0.00206113126397759 -0.999911080998349
93.82683 -6.24027302014161 -3.73663585105831  86.9840805533781 0.000980468388643811 0.0120340256651174 -0.00183473334821323 -0.999925424550037
94.03458 -6.30282180779403 -3.77691924278965  89.1423193175553 -0.000252329531363026 0.0111814991011825 -0.00151544105587781 -0.999936304894499
94.242329999  -6.3613038829394 -3.81956413265079  91.3167641805901 0.0013519474191977 0.0109117571344696 -0.00246616601581312 -0.999936509894302
94.45009 -6.42187358596155 -3.85420569854211  93.4589978153127 0.00222097406511975 0.0118403241655766 -0.00396264152322926 -0.99991958250152
94.657709999 -6.48738733910967 -3.89109735663727  95.6074438679847 0.00110886104520119 0.0151871379606153 -0.00612812460309691 -0.999865274602832
94.865459999 -6.57469271505096 -3.93007971258574  97.7321011255201 -0.00234961927542579 0.0188577073769542 -0.00589280723901486 -0.999802050900372
95.073199999   -6.682170731337 -3.97596988594527  99.8887468909353 -0.00241093652561605 0.0237443241852458 -0.00530659727848595 -0.999701072560883
95.280829999 -6.82534250490683 -4.01884553405176  102.026413464935 -0.00106669896769654 0.0304677913614233 -0.00513664958196732 -0.99952198108593
95.488579999 -6.99251822240725 -4.05620718068224  104.222133885568 -0.000317735131219252 0.0371170127861012 -0.00370799207645665 -0.999303996389979
95.69633 -7.19189241459083 -4.09269796825018  106.408577992517 0.000124106037521427 0.0398052328953349 0.000163417786938879 -0.99920743658485
95.90433 -7.39012971682632 -4.12609847448483  108.619695684456 -0.000933529158274493 0.0367620088761304 0.00430851901263786 -0.999314324870118
96.112449999 -7.55576103630988 -4.16278368402451  110.928743517663 -4.11662876024866e-05 0.0305760714671837 0.00629578607432394 -0.999512613845707
96.32058 -7.68703896184542  -4.1980821667093  113.237342866097 -0.000233183362593785 0.021817611486658 0.00737091244466566 -0.999734768378228
96.5287 -7.76774902247935  -4.2336962646694   115.53864282307 -0.000889218846820588 0.0122307721685114 0.00729795282496773 -0.999898173508967
96.736829999 -7.80345314636702 -4.27251767161554  117.858165804419 -0.00180142282743807 0.00281191760770602 0.00568205348419231 -0.999978280895824
96.94485 -7.79892764469885 -4.31436548453375  120.278072744257 -0.00103559368276541 -0.00470724545458675 0.0050784493872538 -0.999975489068495
97.15272 -7.77274618907278 -4.35190455871145   122.70520905125 -0.000362641008863184 -0.0102943410163127 0.00588747570525251 -0.999929613855075
97.360579999  -7.7281976460844 -4.38331699957942  125.108405057338 0.00018849399611759 -0.0144670303069673 0.00856781877226012 -0.999858620998787
97.56833 -7.66463770549953 -4.41787166536137  127.646670618898 0.000725512458056037 -0.0166580902822058 0.00809677245928143 -0.999828197209684
97.776079999  -7.5894040732412 -4.44806754551589   130.12474815628 -0.00163209037761189 -0.0160821980458091 0.00493638894008722 -0.999857155423337
97.98358 -7.51445277762696 -4.47825710587843  132.690997729916 0.000665979087242415 -0.0131963369323123 0.000386957296264049 -0.999912627896795
98.191079999 -7.46583880852378 -4.50453848273934  135.296793765756 0.00195337786289716 -0.00750779756900322 -0.00418736039224245 -0.999961140896752
98.3987 -7.45272697472617 -4.52945495638106  137.945412617296 0.00140443879735743 -0.000950733199493765 -0.00715847446911261 -0.999972939584528
98.6062 -7.47909684099662 -4.55573633971515  140.630390329892 0.00248349203328682 0.00495113789335957 -0.00730190473818556 -0.999957999462015
98.813829999 -7.54762740199417 -4.57748926134369  143.404230948324 0.00288163621211686 0.0101972572670358 -0.0059557353091977 -0.999926117937669
99.02133 -7.63691566906788 -4.60597510275949  146.143092217643 0.000218009102401425 0.015229245388569 -0.00500747446749772 -0.999871465617648
99.22896 -7.75123158363278 -4.65061271449724  148.958751240278 -0.00385242231176474 0.0181610806689274 -0.00433791159168829 -0.999818241739113
99.43658 -7.87986043244352 -4.71025125768228  151.813722033157 -0.00402174560480971 0.0197375943354811 -0.00383890809372281 -0.999789735752866
99.64408 -8.01573419311848 -4.77086375431106  154.679370827579 -0.00247712041548222 0.021220108351159 -0.00316942430057795 -0.999766735606669
99.851709999 -8.16054384475408 -4.82826276584148  157.574295320404 -0.00122844384658962 0.022928909123445 -0.0027677070578936 -0.999732512150008
99.95546 -8.23767923258854 -4.85497270830546  159.032113517118 7.09660125052315e-06 0.0238303100423849 -0.00295721800564788 -0.999711643992701
100.162999999 -8.39963759911179 -4.90803657700591    161.9324914657 0.000194967411526558 0.0256478167483421 -0.00226410017375125 -0.999668457706932
100.370599999 -8.57192244401561 -4.96190636093495  164.842379241375 -0.000741111347985948 0.0266800641652055 -0.00128642397959557 -0.999642921269118
100.4744 -8.65926612052162 -4.99166933259707  166.288062815797 -0.00150444550492149 0.0268069632901386 -0.000707361979053665 -0.999639246429388
100.682 -8.83070295313432 -5.05089052051421  169.133678323775 -0.000631537012428057 0.0265275899313408 -0.000114921256207523 -0.999647875467428
100.8896 -8.99926952904496 -5.10772068029568  172.065712937509 0.000307368464200099 0.0260837115224868 -2.81579037151732e-05 -0.999659714465363
100.9933 -9.08167385330075 -5.13502894808495  173.467702459666 0.00036991069647602 0.0256639184490335 0.000494182535712895 -0.999670436813823
101.200999999 -9.24549940929222 -5.19015101257232  176.318263324073 -0.000236719295052909 0.02450239785546 0.00129591205523307 -0.999698903207987
101.4085  -9.3969049684137 -5.24814766410279  179.169522471575 -0.00153643564846813 0.0230920581109361 0.000313560589093694 -0.999732113067024
101.6161 -9.53317096549194 -5.30884310021516  182.009188213077 1.84805416306469e-05 0.0217761905966337 -0.00133704460582925 -0.999761976419033
101.7198 -9.59998015598739 -5.33416701939312  183.431715421417 0.00232006082493808 0.0209865965717746 -0.00176959868913312 -0.999775499100964
101.823599999 -9.67208597048052 -5.35411109270195  184.837485002144 0.0013720745023711 0.0201925079794272 -0.00102331687415316 -0.99979464534255
102.031099999 -9.79466313136209 -5.40486493606005  187.648590440369 -0.000731608302398797 0.0187890613128273 -0.000517587778808714 -0.999823068361181
102.134799999 -9.85469198126932 -5.43366516599492  189.049889784593 -0.000514678146962823 0.0181919960449094 -0.000657448109523929 -0.999834163323243
102.238699999 -9.91385026762426 -5.46165822832319  190.460962571551 0.000508435652942885 0.0178590476955913 -0.00102866629308752 -0.999839856054084
102.4462 -10.0246139306409 -5.51289022048847  193.234734705209 0.0011282344312274 0.0176896541205941 -0.00249235235533796 -0.999839782867185
102.549999999 -10.0800056976754 -5.53843180424875  194.628366916721 0.000276661455566579 0.0178069123695755 -0.00313696528140729 -0.999836485020988
102.6537 -10.1421999207046 -5.56452297334105  196.000309254573 -0.000467982905441492 0.0179391837452272 -0.00326988186854455 -0.99983362343498
102.8613 -10.2520263659915 -5.62255881746817  198.755686549657 -6.94607402658394e-05 0.0181249335287408 -0.00318078549713885 -0.99983066794503
103.068799999 -10.3678941900702 -5.67654202457493  201.489530615062 0.000692897351893411 0.0182910901352582 -0.00283716666540175 -0.999828438483441
103.276499999 -10.4932613958397  -5.7251346244844  204.224249941191 0.000774686590055591 0.0182621887532563 -0.00244108952733018 -0.999829952244154
103.483999999 -10.5995257846682 -5.77885141801782  206.908034203645 0.00037396133033226 0.0184210510382013 -0.00246929439463825 -0.999827198878268
103.691599999 -10.7166863708008 -5.83077838222709  209.628941832875 0.000453519294390897 0.0184660330261447 -0.00253962437236141 -0.999826160016117
103.8991 -10.8394367757817 -5.88218445437781  212.305411927755 0.000443591290424373 0.0186261376664594 -0.00246548156743793 -0.999823380214245
104.106499999 -10.9469421044534 -5.93361888802179  214.944085228181 0.00121795319068905 0.0195244273388613 -0.00319313698487579 -0.999803539303253
104.313999999 -11.0654663802965  -5.9834173545656  217.506344027944 0.00335635749141763 0.0210305176897226 -0.00360998237742982 -0.999766682890227
104.5216 -11.1951743405127 -6.02847732359685   219.95316468063 0.00434221342404016 0.0223707055546645 -0.00281681408594924 -0.99973634638037
104.7292 -11.3195304040993 -6.06876665269057  222.333882048634 0.00417534224332637 0.0242225131695423 -0.00293058427593693 -0.999693577076848
104.9367 -11.4515837582765 -6.11083744979724  224.565817209839 0.00379140557471676 0.0277720862838042 -0.00325533211965952 -0.999601790354541
105.1443 -11.5935835381815 -6.15312181949572  226.657233377424 0.00346029735227487 0.0309081112488244 -0.00249068535818035 -0.999513137226175
105.352  -11.740741878932 -6.19132894243356  228.669619711322 0.00426831964376942 0.0326464258440992 -0.00140762184983121 -0.99945685796224
105.5596 -11.8786765623275  -6.2273887608324  230.540568865338 0.00523845318068341 0.0340571248452621 -0.0014947823006667 -0.999405041252755
105.7673 -12.0111549277554 -6.25736810958478   232.27677612213 0.0048341018564908 0.0359929687343745 -0.00169790396515029 -0.999338908870786
105.9752  -12.141972142086 -6.28721355811077  233.829736932897 0.0027904169885802 0.0370741403708965 -0.000355239712751306 -0.999308558701233
106.183099999 -12.2679727433712 -6.32101933847311  235.425692098449 -0.00067809761125227 0.0345055942156309 0.00118603718303359 -0.999403570869774
106.391099999 -12.3684003935931 -6.35330872503132  236.957653675219 -0.000827510689780543 0.0300243506042251 0.000142973830252544 -0.999548814793623
106.5991 -12.4521240712006  -6.3836952661248  238.479000642309 0.000323283785474348 0.025909449053325 -0.00130550747051903 -0.99966338914036
106.8071 -12.5262070444087 -6.41429296804609  240.017281240048 0.000367464377724049 0.0215523429640344 -0.00146820039868724 -0.999766575691687
107.0151  -12.588837354883 -6.44257479020122  241.517106111777 0.000656281272775695 0.0176977484766289 -0.00137833948376301 -0.999842217139293
107.222999999 -12.6399770608465 -6.46972591322045  243.025879284316 0.00183758252558135 0.0146835691741997 -0.00139138420421036 -0.99988953396701
107.430999999 -12.6837952265218 -6.49393517518216  244.531800863648 0.00147234537381717 0.0133464997451851 -0.00198231501762143 -0.999907882542598
107.638999999 -12.7331963757458 -6.52215066009479  246.010141955856 -0.00171321301867627 0.0126983626305486 -0.00154264467273187 -0.999916714899331
107.7428  -12.756529902349 -6.53606667108507  246.769935517579 -0.00275373405153023 0.0125244054738597 -0.00162143365881265 -0.999916460095137
107.8468 -12.7783690571975 -6.55147827949009   247.53353995518 -0.00273570014583379 0.0127670387363346 -0.00207071926201991 -0.999912611575809
107.9508 -12.8015835233737 -6.56894737829921   248.29399296276 -0.00259909732212422 0.0130812389248738 -0.00231697979378638 -0.999908374545356
108.0548 -12.8277770684122 -6.58480099755059  249.056547202917 -0.00254458993755646 0.0134323622520401 -0.00182000902427307 -0.999904887613583
108.2629 -12.8750519356328 -6.62025148146425  250.592454657916 -0.00453462735993693 0.0134738371722969 -0.00277712631602225 -0.999895084714384
108.470799999 -12.9164404467726 -6.65493532379194  252.152091859209 -0.00413674020099838 0.0125479450899945 -0.00443593733384331 -0.999902874740591
108.678799999 -12.9671575489483 -6.68565617050549   253.74927686493 0.0015664917354382 0.0114276313819222 -0.00219486662183952 -0.999931066576669
108.887 -12.9999907772066 -6.70743666581036  255.349150538579 -0.00167809389221513 0.00880846488432512 -0.00300330614022828 -0.999955286550103
109.094999999 -13.0378909149305 -6.73922271738416  256.974255129205 -0.00429676494764266 0.0061654999698797 -0.00128365718012851 -0.999970937900372
109.302999999 -13.0573964950001 -6.77531361204531  258.628079734233 -0.00216492312834492 0.00404312174404962 -0.00271765698387125 -0.999985790206505
109.510999999 -13.0663207136045 -6.80852721366109  260.297268956113 -0.0018776399206623 0.00210607172670301 -0.00463088954415207 -0.999985296788028
109.718999999 -13.0806067878623  -6.8443671033819  261.997287057048 -0.00479925032569221 0.00054681937351408 -0.00302529774808953 -0.999983757747304
109.927 -13.0894971324881  -6.8817711754616  263.728915121409 -0.00477867252056576 -0.00119271850421693 -0.00226781778709611 -0.999985299248942
110.135 -13.0923816322594 -6.92398208100882  265.506276886788 -0.00372751960023419 -0.0028851424738042 -0.00170462226657517 -0.999987437827828
110.343 -13.0868536361587 -6.95782268227485  267.323432267104 -0.00394126278998774 -0.00312431746211884 -0.00268333840175788 -0.999983752259524
110.551 -13.0821783975239 -7.00017107760463  269.166751197555 -0.0032930909743544 -0.00314336024877555 -0.00396367697950104 -0.999981781885542
110.759 -13.0794706201974 -7.03832848160668  271.040435132393 -0.00258015041615067 -0.00310391093560133 -0.0045418719581548 -0.999981539809536
110.9668 -13.0782486030753 -7.07611832118911  272.939204509068 -0.00135654597553141 -0.00245545566815123 -0.00431588676395386 -0.999986751733201
111.1748 -13.0892364884277 -7.11628149573733  274.829682466206 -0.00205847917354181 -0.000452110809440268 -0.00413512106139207 -0.999989229458556
111.382699999 -13.1105697672142 -7.16023115218355  276.720468376098 -0.00260274245015727 0.00212330134655359 -0.00268842665407633 -0.999990744799798
111.798599999 -13.1773429042836 -7.24320378759632  280.486260963157 0.000143060683603898 0.00701012118156212 -0.00153953304956058 -0.999974233454368
112.0066 -13.2220156617616 -7.27948503771848  282.353754285481 0.000467417417241472 0.00896133389291301 -0.0012632518693385 -0.999958939262274
112.4226 -13.3219774396657 -7.34768972858552  286.043161922069 0.00041236854347128 0.0118987015958448 -0.00144244741474898 -0.999928082512924
112.6306 -13.3795059417318 -7.38616598819922   287.80463506435 0.0005373070352173 0.0129766997425235 -0.000835608702490962 -0.999915305574947
