0.000000000 -5.551115e-17 0.0 2.220446e-16 0.0 0.0 0.0 1.0
0.104128400 0.001289128 -0.01821616 1.310643 -0.0006628702154328549 -0.00010475908404670783 0.0004518288718444072 0.9999996749999472
0.208253600 0.0004448326 -0.04203318 2.625299 -0.0009300872556962022 -0.0002761446993676594 0.0008234311690380966 0.9999991874996699
0.312503800 0.002037581 -0.06302801 3.94173 -0.0002687194448744607 -0.00036515187055024347 0.0017068279169207038 0.9999984374987791
0.416624800 0.002777892 -0.08483761 5.261017 -0.00040764335366314593 -0.00032095979871615295 0.00181780824933515 0.9999982124984024
0.520754800 0.004157928 -0.1014678 6.581638 -0.0008208986380690388 -0.00025650138995387536 0.00196282476450215 0.999997699997355
0.625003600 0.007571022 -0.1165874 7.908775 -0.0013477966015064504 -0.00020478459004965452 0.002752315470317215 0.9999952874888961
0.729128400 0.008323818 -0.1328035 9.238962 -0.0017922902338773131 -0.0002941342743517453 0.0025928164965252614 0.9999949874874374
0.833252400 0.007728339 -0.1497649 10.56963 -0.0009345467522362638 -0.0004280725001851157 0.002315842939657394 0.9999967874948399
0.937505700 0.006780918 -0.1634547 11.90426 0.00039165482957572193 -0.00048042486227626197 0.0009502161176406773 0.9999993499997888
1.041630000 0.003419395 -0.176748 13.24208 0.0008627266254770304 -0.00031026774994420025 -0.0007720623097453776 0.9999992749997371
1.145875000 -0.001862182 -0.1959202 14.58048 0.0007900938270940878 -0.0002636749847491073 -0.0019814900822011134 0.9999976874973262
1.250003000 -0.005851755 -0.2177602 15.93066 0.00043694356838153825 -0.00019233859337777328 -0.0025949997676398603 0.9999965249939622
1.354255000 -0.004267715 -0.236414 17.28222 -0.0008845523489433606 1.3059957416450245e-05 -0.0014965590322542643 0.9999984749988372
1.458401000 0.000482789 -0.2537475 18.63469 -0.001999054698019274 0.00012714384200234857 0.00044943964382424304 0.999997899997795
1.562526000 0.005006086 -0.2699101 19.9867 -0.0009157306501430705 -1.813017262014722e-05 0.001819341025136544 0.9999979249978472
1.666754000 0.004134686 -0.2931092 21.34127 0.0002766663449171262 -0.00011672643811605196 0.002559607510709122 0.9999966749944723
1.771007000 -0.0007654745 -0.3222297 22.70575 0.0010337041151639418 0.00021165838071647827 0.0014246082259520923 0.9999984374987791
1.875129000 -0.007369324 -0.3468119 24.0721 0.0003829925053229535 0.000622739921253502 -7.100416952614932e-05 0.999999724999962
1.979377000 -0.009719264 -0.3687424 25.44868 -0.002714333977025098 0.0009690707760342333 -0.0007229506900269579 0.9999955874902647
2.083502000 -0.005061181 -0.3871399 26.8203 -0.0027320377491012937 0.0011860511761965435 0.0005222076391054141 0.9999954249895346
2.187759000 0.001962273 -0.4099385 28.19472 -0.001941348002520991 0.000980842061506431 0.002667615555668992 0.9999940749824471
2.291881000 0.005281593 -0.4328977 29.57012 -0.0006556503520209933 0.0009943958338616964 0.002965978163602124 0.999994887486931
2.396132000 0.007939024 -0.4591179 30.94984 0.0004914302520171169 0.0011968364523028993 0.0030892502998501187 0.99999439998432
2.500257000 0.006827076 -0.4850133 32.33531 0.000695131005208004 0.0015856452537593203 0.0014332373689289254 0.9999974749968122
2.604383000 0.008305167 -0.5122367 33.7178 0.0017514692834073252 0.001783238397379226 0.0009614289491325419 0.9999964124935649
2.708628000 0.0101734 -0.543116 35.11083 0.0019824521864022014 0.001748200587238615 0.0005141921139497915 0.9999963749934296
2.812757000 0.0121194 -0.5746233 36.50789 0.0008304398485982473 0.001704086030368766 0.00047956442316240315 0.9999980749981471
2.916881000 0.01511478 -0.5999006 37.90589 3.036809666412796e-05 0.0014930706797054594 9.452380633934194e-05 0.9999988749993673
3.021006000 0.01696851 -0.6238526 39.30156 0.0001876133088107962 0.0014815740835131444 -0.0012569926540007498 0.999998087498171
3.125256000 0.01942949 -0.643712 40.70437 0.0002767350780146334 0.001551410634399965 -0.002525357706299686 0.9999955624901542
3.229379000 0.01916344 -0.6707246 42.111 1.9565420654319063e-05 0.0015556057282102237 -0.0036018234841476053 0.9999922999703547
3.333502000 0.02134431 -0.694132 43.51858 -0.0001201750096944391 0.0014213249658520998 -0.004154366839833439 0.9999903499534383
3.437629000 0.02622364 -0.7178581 44.92821 8.71486883664803e-05 0.0012064545873122189 -0.003629779838234695 0.999992674973172
3.541754000 0.03086036 -0.739025 46.34127 0.00040097022545170576 0.0008617593366378498 -0.003212792031845881 0.9999943874842497
3.645880000 0.03408031 -0.7610315 47.75704 3.18865013150845e-05 0.00038090357836627814 -0.0029000851478905073 0.9999957249908622
3.750007000 0.03359221 -0.7839856 49.17963 -0.00039596167142787794 -0.00012178821022705559 -0.003005248574175237 0.9999953999894198
3.854131000 0.03175532 -0.805635 50.60218 -0.0005242300798607662 -0.0006536550902349358 -0.0033241320293330404 0.9999941249827421
3.958276000 0.02895795 -0.8265408 52.02831 -0.0003328820846468964 -0.0012408528639299438 -0.003318734032543578 0.999993662479918
4.062383000 0.02536977 -0.8453836 53.45716 -0.0009708862671212055 -0.0017975043800925613 -0.00343967076747621 0.9999919999679998
4.166506000 0.02082938 -0.8668316 54.88464 -0.0014545242771575513 -0.002197712155999289 -0.002745369369682717 0.9999927624738091
4.270633000 0.0168087 -0.88688 56.3166 -0.0014114981807405048 -0.002517124730364694 -0.001998017037842568 0.9999938499810886
4.374756000 0.0132291 -0.9072442 57.7455 -0.0011960080847066088 -0.0028282601388100576 -0.0008563101064887485 0.9999949124870587
4.478884000 0.01007535 -0.9249469 59.17365 -0.0014166842605254403 -0.002865659186540966 -0.00018341101498386053 0.999994874986867
4.583132000 0.006524255 -0.9446035 60.60318 -0.0017371498812014704 -0.0026496737964919127 0.00042285038682812894 0.999994887486931
4.687259000 0.00276421 -0.9647484 62.02795 -0.0020534001720702248 -0.002457060667437975 0.0009344459478700415 0.9999944374845294
4.791384000 -0.001308243 -0.98781 63.45198 -0.0018388340560229993 -0.0022409139735357713 0.0019004069262309943 0.9999939874819248
4.895505000 -0.002873604 -1.008175 64.87187 -0.0014157757202694018 -0.0020003590273805867 0.0026509477643535326 0.9999934874787935
4.999630000 -0.005953934 -1.0297 66.2894 -0.0011302474239934164 -0.0016768544098422317 0.0026121417688633845 0.9999945374850805
5.103758000 -0.01002031 -1.050203 67.70311 -0.0011602762308339138 -0.0012745493236537063 0.0017427152281535266 0.9999969999955
5.207869000 -0.0193644 -1.076075 69.11593 -0.0018255553575041753 -0.0010337933260376004 0.00032595605840195647 0.9999977499974687
5.311998000 -0.02702275 -1.097831 70.53 -0.00247948819076578 -0.0006477198580701793 -0.0015048333900919836 0.9999955874902647
5.416245000 -0.03513442 -1.118231 71.93978 -0.002754526823810023 -0.0002735437894850475 -0.0033292444618131353 0.9999906249560543
5.520244000 -0.0421465 -1.135987 73.33986 -0.0025567533813354443 5.3686193152098944e-05 -0.005575977468763878 0.9999811748228064
5.624505000 -0.04677589 -1.153311 74.74245 -0.002313495836629358 0.00040872532968787555 -0.007109601749381048 0.9999719746072886
5.728633000 -0.05327678 -1.177226 76.1445 -0.002178505754406533 0.0007546752820045754 -0.008184930890600012 0.9999638493465652
5.832639000 -0.05458511 -1.197942 77.54079 -0.0022439383175664285 0.0009231726888655133 -0.008321215175534722 0.9999624242940333
5.936757000 -0.05287325 -1.218035 78.93496 -0.0023255902050347407 0.0010023724535360927 -0.007703545758229802 0.9999671244595995
6.040889000 -0.0495425 -1.236655 80.32545 -0.0018492339239803506 0.0009665441165750922 -0.007120133573377999 0.9999724621208327
6.145012000 -0.04883212 -1.258287 81.71095 -0.0017859828419956789 0.0008265786564124748 -0.006746579058226478 0.9999753121952563
6.249010000 -0.04838807 -1.278676 83.09721 -0.0019214575370388965 0.0007112435313105519 -0.006768616717533185 0.9999749996874921
6.353135000 -0.05269073 -1.300031 84.48367 -0.0016618435151052105 0.0004434072430566975 -0.006540937125648113 0.9999771247383612
6.457260000 -0.06072004 -1.320245 85.86562 -0.0018411906954466297 8.11569701093619e-05 -0.006717705574282154 0.999975724705355
6.561386000 -0.07518042 -1.343695 87.25015 -0.0021961602417831095 -0.00038706683246178975 -0.006526350247403006 0.9999762122170707
6.665511000 -0.0843762 -1.362982 88.62909 -0.0027241357814903324 -0.0009538872194198881 -0.005462824340941378 0.9999808998175914
6.769636000 -0.09813229 -1.38264 90.00634 -0.003081304318722311 -0.0015568767874673283 -0.004390637244475274 0.999984399878318
6.873636000 -0.1110475 -1.399781 91.37524 -0.003164763099346026 -0.0018665886058360514 -0.0033957654897815194 0.9999874874217176
6.977759000 -0.1283351 -1.418059 92.74128 -0.0028260784402730408 -0.0021021799693497793 -0.002748962671039406 0.9999900249502494
7.081885000 -0.1454603 -1.435964 94.10339 -0.00256723248048598 -0.002239746336024686 -0.002135375993230765 0.999991924967397
7.186013000 -0.1697048 -1.45619 95.46076 -0.0023756615026006367 -0.0023082604280040267 -0.0024652650164738487 0.9999914749636619
7.290011000 -0.1913409 -1.476213 96.81382 -0.002029915996059812 -0.002248521861016605 -0.0023647409695884405 0.9999926124727124
7.394135000 -0.2120314 -1.496478 98.16545 -0.001691906791305572 -0.0021277605220833256 -0.002727435967194037 0.9999925874725272
7.498256000 -0.2344056 -1.517683 99.51513 -0.001755612941746632 -0.0019446855163057803 -0.003527040286102986 0.9999903499534383
7.602386000 -0.2485715 -1.534999 100.8603 -0.002443245616681873 -0.0018228120998117494 -0.0037602207918439458 0.9999882874314079
7.706383000 -0.2694021 -1.556018 102.2054 -0.0032221732149075293 -0.0017433919072400038 -0.004411361012342606 0.999983562364902
7.810511000 -0.2867601 -1.575247 103.5459 -0.0025678915957797824 -0.0017173162192580407 -0.004146772963459301 0.9999866249105535
7.914632000 -0.3053256 -1.596046 104.8845 -0.001246721871816755 -0.0016742128711832011 -0.004084891743711858 0.9999894749446115
8.018763000 -0.3153955 -1.613299 106.2208 -0.0006587571376682286 -0.0016962069099170037 -0.0038155541016671765 0.9999910624600601
8.122760000 -0.3343086 -1.638432 107.5653 -0.001312952828504579 -0.0016231449280304862 -0.0027503496490086723 0.999994037482224
8.226883000 -0.3508131 -1.661275 108.9064 -0.0023703388943184197 -0.001316664468130087 -0.0015679394525214797 0.9999950874879338
8.331011000 -0.3737761 -1.686739 110.2446 -0.0027026059387959623 -0.0008568669559575986 -0.000778420116674285 0.9999956749906472
8.435138000 -0.3943149 -1.710102 111.5766 -0.0019800694824030425 -0.0005007625703811381 -0.00033709164553416245 0.9999978624977154
8.539282000 -0.4137129 -1.733997 112.905 -0.000778199904657915 -0.00016788157016243876 -0.0012904710001734095 0.9999988374993243
8.643387000 -0.4219683 -1.753986 114.2286 0.0003219389402120645 0.00037487188246953796 -0.002266220590476021 0.9999973124963886
8.747509000 -0.4295899 -1.775004 115.5601 0.0004336162234804693 0.0010822904824848974 -0.0037846594123843846 0.9999921624692866
8.851635000 -0.4334779 -1.79423 116.893 -0.0006541363169756945 0.0017955504569561666 -0.004499591020433974 0.9999880499285979
8.955763000 -0.4334151 -1.811794 118.2274 -0.001874171714519144 0.0023251741337667296 -0.004544369450360113 0.9999852123906634
9.059886000 -0.4306137 -1.825847 119.5613 -0.002223373627847915 0.0027158151882794032 -0.004045035996119357 0.9999856623972165
9.164012000 -0.4334146 -1.846322 120.9045 -0.0018483918517694614 0.0032265741095926586 -0.004299614939341998 0.9999838498695865
9.268135000 -0.4472932 -1.880929 122.2684 -0.0016118044115671164 0.0038463571015923195 -0.005181469641284047 0.9999778747552368
9.372259000 -0.4560744 -1.91003 123.6242 -0.0014260572467066457 0.004416155626248915 -0.006196603245966208 0.9999700245507362
9.476392000 -0.4622549 -1.940325 124.9835 -0.0008909598772721966 0.00497587404861037 -0.006573300961104311 0.9999656244091593
9.580513000 -0.4641329 -1.966295 126.3371 -0.0006092573353583185 0.0055213575689251814 -0.007119660221064949 0.9999592366691755
9.684640000 -0.4708495 -2.006026 127.6925 -0.00047389670766163927 0.005975836578076665 -0.006700508373526141 0.9999595741828767
9.788784000 -0.4718094 -2.038343 129.0496 -0.0008658057801631882 0.006359662818496573 -0.006438048557854187 0.999958674146087
9.892888000 -0.47428 -2.073189 130.407 -0.0016238180126845346 0.006779314991444243 -0.005956047882625707 0.9999579616163871
9.997010000 -0.4701254 -2.099489 131.7557 -0.0016556303060306873 0.006939357508724767 -0.005457560216997723 0.9999596491859059
10.101140000 -0.4656937 -2.127702 133.1097 -0.0018432938920107302 0.006928385788845616 -0.0044192007739282824 0.9999645243707399
10.205260000 -0.4651028 -2.162932 134.4614 -0.002101361022718308 0.006766848412847128 -0.0035857195864147165 0.9999684620026773
10.309390000 -0.4661197 -2.198388 135.8146 -0.001915220365884394 0.006497247603182451 -0.0028308272918235607 0.9999730496368391
10.413390000 -0.4644953 -2.226309 137.1606 -0.0018733141836786104 0.005870986085557854 -0.002035362844838831 0.999978949778444
10.517510000 -0.4645723 -2.254854 138.5124 -0.00237575263272204 0.0053359338144745964 -0.0014085659248444047 0.9999819498370959
10.621640000 -0.4641807 -2.281749 139.8626 -0.0025293165665007783 0.004826779143572758 -0.0006262474250946722 0.9999849498867471
10.725760000 -0.4674418 -2.314866 141.2129 -0.002483852902782766 0.004177016195721877 -0.00025307072074238796 0.9999881624299358
10.829890000 -0.4704574 -2.341886 142.5622 -0.0022529554387438616 0.003550827174959554 -0.0001226382603534068 0.9999911499608386
10.934020000 -0.474702 -2.367455 143.9099 -0.002002929244413418 0.0030307107906413625 6.702146818092362e-05 0.9999933874781373
11.038140000 -0.4789013 -2.395024 145.2578 -0.0011140277207024687 0.002538424006594519 0.0008842994972270591 0.9999957624910216
11.142270000 -0.4813925 -2.426593 146.6011 -0.0003890827801713354 0.001975138659091636 0.003648570697095616 0.9999913124622634
11.246390000 -0.484415 -2.462969 147.9538 -0.0017942124569513915 0.001414100782245762 0.007045495725369908 0.9999725746239243
11.350520000 -0.4832843 -2.489366 149.303 -0.0022646385156045936 0.0006847370851790181 0.010864521719820512 0.9999381730887164
11.454640000 -0.4887986 -2.518617 150.6481 -0.0010557689090386012 7.985225857762629e-05 0.012525642064812475 0.9999209968792535
11.558780000 -0.4979854 -2.545628 151.9917 0.0009446700333972847 0.0001785131039663871 0.012567428207628285 0.9999205718455841
11.663020000 -0.5139897 -2.581792 153.3373 0.001829202484105853 0.0006047001086871006 0.010795501599047769 0.9999398731923836
11.767160000 -0.5203405 -2.611885 154.6843 0.001825609805442061 0.0009815512123104748 0.010668357485110356 0.9999409482564457
11.871260000 -0.5188374 -2.641449 156.0329 0.0002554410117394524 0.001301666600570834 0.012030906296164847 0.9999267473170224
11.975390000 -0.510487 -2.666163 157.3829 -0.0013654030852243927 0.001561223074897751 0.014755593146216543 0.9998889813374284
12.079640000 -0.4996047 -2.68915 158.7319 -0.0017210672685430179 0.0015645559186287918 0.016833235684310256 0.9998556020746194
12.183770000 -0.4908894 -2.711383 160.0786 -0.001905426523783499 0.001537433566588907 0.017731123253507796 0.9998397871659239
12.287890000 -0.4848759 -2.73678 161.429 -0.0020916516689659485 0.0019467059944118577 0.01695399098507358 0.9998521890759654
12.392020000 -0.4836516 -2.760604 162.7788 -0.0019168517536802666 0.002550872176195287 0.014985391513567073 0.9998826181107461
12.496260000 -0.4767803 -2.787254 164.1295 -0.0007195675559541688 0.0030059913316754787 0.013270804585515234 0.999907158190199
12.600390000 -0.468784 -2.810667 165.4807 -0.00029878147578500165 0.0033789112225327497 0.011851427946445241 0.9999240221136803
12.704520000 -0.4599264 -2.835558 166.839 -0.0009726779435181245 0.0035834973278989985 0.01084771812531057 0.9999342603391485
12.808640000 -0.449484 -2.861986 168.2 -0.0008779352693662727 0.0034686956372575323 0.010028471005064122 0.9999433108931726
12.912790000 -0.4424438 -2.88656 169.5602 0.0003263347968890142 0.003214395700511849 0.00906796519657295 0.9999536614263684
13.016890000 -0.4389717 -2.91424 170.9198 0.0017769122170401945 0.002953629269864191 0.007322819917817776 0.9999672369632917
13.121140000 -0.4111543 -2.932731 172.2841 0.0024243310702902346 0.002858364023590574 0.004873669363221444 0.9999810998213915
13.225270000 -0.388112 -2.960771 173.6528 0.0019980546809355362 0.003013382931968064 0.0025776196396784957 0.9999901499514883
13.329390000 -0.3779301 -2.986448 175.0291 0.000755900351557396 0.00328294423498386 0.0009165413294623256 0.9999939124814712
13.433520000 -0.3588782 -3.008539 176.4086 -0.0002325993473401977 0.0033482020044501015 0.0007380306043934114 0.9999940999825949
13.537640000 -0.3405308 -3.013913 177.7852 -0.0009020544271606903 0.002956720816710869 0.002167145190964494 0.9999928749746171
13.641770000 -0.3214042 -3.022953 179.1607 -0.0008286520539306326 0.0021188595368685777 0.0034446735729085957 0.9999914874637684
13.745910000 -0.3136545 -3.041123 180.542 0.0012229355488103414 0.001080611158431595 0.0036559997938157072 0.9999919874678996
13.850020000 -0.3089995 -3.0621 181.9214 0.0034750033883714725 0.0003272777168926535 0.0031257508053033397 0.9999890249397742
13.954150000 -0.3140564 -3.088158 183.3098 0.003934415073807657 3.5229595218636035e-05 0.0007361496576247067 0.9999919749677996
14.058400000 -0.3186558 -3.114466 184.7039 0.0032382060031168666 -2.0729118948011252e-05 -0.00129669065983715 0.9999938999813949
14.162520000 -0.3141305 -3.137555 186.0994 0.0017025404271022435 0.00012037650442216193 -0.0021515698721915988 0.9999962249928745
14.266640000 -0.3087277 -3.164478 187.4988 0.0006149178945298968 0.000327210391148229 -0.0025453218768255246 0.9999965124939185
14.370770000 -0.3089327 -3.193945 188.9003 0.00020777960743592624 0.0003670061654545039 -0.002224290699752221 0.9999974374967168
14.474890000 -0.3070211 -3.221858 190.3048 -0.00018221488910262048 0.0003375057715695146 -0.0014770684855564902 0.9999988249993097
14.579010000 -0.3030042 -3.25053 191.7128 -0.00040025773503866475 0.00033157802473670744 -0.00018349545252431993 0.9999998499999888
14.683140000 -0.3007558 -3.281162 193.1213 -0.00040453908402859635 0.0005202297117040739 0.0011481835190133253 0.9999991124996063
14.787290000 -0.2979338 -3.314135 194.5397 -0.0008845538987923583 0.0006871220843844441 0.002646564917102799 0.9999958749914921
14.891390000 -0.2945301 -3.344375 195.9592 -0.0017859751508529404 0.0008941683407322396 0.00468276770076974 0.9999870374159857
14.995520000 -0.2955048 -3.384557 197.3809 -0.0018022365260626865 0.0010102371068731143 0.006400759818829182 0.9999773747440489
15.099640000 -0.2998637 -3.419365 198.8011 0.00030812084712899103 0.0011150094500344406 0.005472165640062407 0.9999843498775368
15.203790000 -0.3150034 -3.471363 200.2242 0.0031133644907761207 0.0013460295206618163 0.002206589066521942 0.9999918124664823
15.308020000 -0.3321987 -3.515079 201.6573 0.0033631546075879068 0.0019418040589593089 -0.0024623353201132115 0.9999894124439518
15.412140000 -0.3485808 -3.555576 203.0948 0.0012461459625251537 0.0026598447898592884 -0.00659250173690715 0.9999739496606899
15.516270000 -0.3518432 -3.580327 204.5325 4.702334125857983e-05 0.003045056670795906 -0.007330833424890008 0.9999684995038595
15.620390000 -0.3481359 -3.604083 205.9704 7.007756611394052e-05 0.0027787625658653708 -0.006313097595679621 0.9999762247173679
15.724520000 -0.3438313 -3.628674 207.4183 4.56537188843091e-05 0.0021953837416193315 -0.004767632424588986 0.9999862249051233
15.828640000 -0.342198 -3.650886 208.8679 8.382223286024714e-05 0.0016329865790952146 -0.0035282446383475795 0.9999924499714986
15.932650000 -0.3429638 -3.67436 210.3232 0.0005223886595362619 0.0013751329495397039 -0.003709915040316117 0.9999920374682989
16.036770000 -0.347951 -3.708945 211.7849 0.00045315459409604454 0.0013219567772102916 -0.004432433120536205 0.9999891999416792
16.140900000 -0.3533161 -3.741769 213.2453 -3.677863973316246e-05 0.0012620798986271269 -0.005058151228096736 0.9999864124076887
16.245020000 -0.3575809 -3.778065 214.7142 3.124355242487866e-05 0.0011439809778541017 -0.004764119919782058 0.9999879999279992
16.349140000 -0.3574839 -3.809987 216.1864 0.0007320398665370165 0.000944393221017887 -0.00455410924396617 0.9999889124385329
16.453270000 -0.3559812 -3.837087 217.6615 0.0007801458334053013 0.0008471062128358263 -0.004178986282655687 0.9999905999558195
16.557390000 -0.3604882 -3.867619 219.1419 0.0006078652451005432 0.0006230163945294914 -0.004355119202574946 0.9999901374513651
16.661520000 -0.3669047 -3.899694 220.6192 0.0008813641077537932 0.0004508182057457348 -0.0043714646834408346 0.9999899499494984
16.765650000 -0.3711882 -3.93317 222.1053 0.0010167419216581084 0.00035133347618658713 -0.0043967908173368495 0.9999897499474681
16.869650000 -0.3755068 -3.961696 223.5894 0.0009874408276076458 0.000178903853802351 -0.0049462375031014486 0.999987262418877
16.973770000 -0.3771503 -3.990503 225.0789 0.0011900146195132871 7.2039972387918576e-06 -0.004767685070144804 0.9999879249270962
17.077890000 -0.3787707 -4.017067 226.5691 0.0011330987636580848 -0.00012454110018050992 -0.005019266505721804 0.9999867499122175
17.182030000 -0.3785266 -4.048136 228.0602 0.0010646293811395243 -0.00017770629145183936 -0.004547542432172462 0.9999890749403214
17.286140000 -0.3786614 -4.075078 229.5511 0.001382897962119109 -0.00012342274261134103 -0.003920365911311801 0.9999913499625884
17.390270000 -0.3766086 -4.099044 231.0454 0.001207601918296528 -4.045271687556774e-05 -0.003354542551412833 0.9999936499798386
17.494400000 -0.3745701 -4.124994 232.5421 0.000833012519675857 5.8555387263663565e-05 -0.002560121780458275 0.9999963749934296
17.598420000 -0.3739626 -4.153624 234.0378 0.000615645766243186 5.396852674721452e-05 -0.002480892124935014 0.9999967249946371
17.702520000 -0.3764692 -4.186333 235.539 0.0006948626404830507 1.1965337968370668e-05 -0.00266898964217991 0.9999961999927801
17.806640000 -0.3784077 -4.220226 237.0446 0.0013122943528124066 0.0001221280110196485 -0.00301394981304751 0.9999945874853524
17.910650000 -0.3814943 -4.253315 238.5499 0.000915176793537467 0.00038735696961223414 -0.0036500523479675888 0.9999928499744385
18.014770000 -0.3829065 -4.285388 240.0603 -0.0002973424949443115 0.0007096916081918691 -0.003807768248758805 0.9999924499714986
18.118900000 -0.3820924 -4.315103 241.5712 -0.0004898144879042646 0.000965688823696541 -0.0036730916554949177 0.999992674973172
18.223020000 -0.3818797 -4.347138 243.0873 0.0003068067756289076 0.0012032926113381187 -0.003797847085424748 0.9999920124680997
18.327020000 -0.3796393 -4.377646 244.602 0.00098920464321333 0.0014789521724010613 -0.003781066037208832 0.9999912624618278
18.431150000 -0.377078 -4.404696 246.1231 0.0007615695130740443 0.001633507723654953 -0.004295915110931818 0.9999891499411381
18.535360000 -0.3721572 -4.432022 247.6477 0.0002917026326513512 0.001664617522020756 -0.0040503974852634135 0.9999903749536793
18.639420000 -0.3683885 -4.458219 249.1682 -7.818236871331969e-05 0.0015109766232334915 -0.00408997365605945 0.9999904874547558
18.743480000 -0.3658944 -4.487063 250.6964 -0.00024323596953377763 0.0013980383003555218 -0.004253295495834532 0.9999899499494984
18.847540000 -0.3629857 -4.511301 252.2241 -0.000291115722810795 0.0014183336121741932 -0.004986214689695637 0.999986524909211
18.951650000 -0.3598899 -4.535745 253.757 -0.00030649916532669776 0.0015204801319776587 -0.005476158714489767 0.999983799868778
19.055650000 -0.3565283 -4.558441 255.2885 -0.0003187927285460522 0.0014641515804323072 -0.005776355392246817 0.9999821873413546
19.159650000 -0.3518994 -4.58494 256.823 -0.0004776560640789921 0.0014698897957587777 -0.004987222263707394 0.9999863624070079
19.263770000 -0.3474488 -4.611578 258.3612 -0.00092911344767222 0.0014208890806071764 -0.004238281737296498 0.9999895624455287
19.367870000 -0.3407995 -4.637604 259.9003 -0.0014369459794733412 0.001451756069444911 -0.002826617921756034 0.999993924981547
19.471780000 -0.3346776 -4.662237 261.4352 -0.0010469789144326132 0.001292832024920006 -0.0020570281996112982 0.999996499993875
19.575900000 -0.3291338 -4.686551 262.9731 -0.00033995657417399 0.0011532570326173114 -0.0014441302952818886 0.9999982374984466
19.679910000 -0.3253738 -4.715745 264.5113 -0.001242717892234245 0.0014412502744094485 -0.0004695745789319345 0.9999980749981471
19.784020000 -0.3249046 -4.748173 266.0572 -0.002505664338156783 0.0016647332829351487 5.753596035080963e-05 0.9999954749897622
19.888070000 -0.3208179 -4.788372 267.5981 -0.002002454084924689 0.0017317754920576646 0.001029588906973604 0.9999959624918492
19.992130000 -0.3173943 -4.824679 269.1377 -0.0012335059252104445 0.0018772357345952782 0.0014520347091838632 0.9999964124935649
20.096150000 -0.3166024 -4.866052 270.6771 -0.0011931122802979835 0.0021991578894930805 0.0009663952169490598 0.9999964124935649
20.200150000 -0.3155943 -4.906588 272.2185 -0.0013848545607640225 0.002740231981879765 0.00022927248618097616 0.9999952624887781
20.304270000 -0.3140401 -4.950219 273.7649 -0.0011775939039046963 0.0032193905578570465 -0.000620261518100168 0.999993924981547
20.408270000 -0.3112309 -4.987626 275.3072 -0.0011353600883751312 0.003699970182379903 -0.001216505505798934 0.9999917749661745
20.512310000 -0.3114206 -5.039836 276.8535 -0.0009560646682528432 0.004095090661813707 -0.0015952958825111825 0.9999898874488681
20.616400000 -0.3062026 -5.082755 278.3952 -0.0006546743397721596 0.004513704801938641 -0.0017730974829694916 0.999988024928299
20.720420000 -0.3011292 -5.134136 279.9451 -0.00042444930663275866 0.004967137867264162 -0.001503291888534499 0.9999864374080281
20.824520000 -0.2897536 -5.172038 281.4958 -0.000505228711635702 0.0053867427544712285 -0.0012087813200456715 0.999984637381995
20.928690000 -0.2764899 -5.210037 283.0498 -0.001160058094697235 0.005760013517122859 -0.0007520026883627936 0.9999824623462154
21.032780000 -0.2599233 -5.24169 284.6005 -0.0013678828573635015 0.005932254970195805 -4.3090358794930055e-05 0.9999814623281774
21.136780000 -0.2447296 -5.277598 286.1454 -0.00018863729220571846 0.0059635614505219705 0.0002880329414338923 0.9999821498406859
21.240880000 -0.2301583 -5.316244 287.6999 0.0010962883222519586 0.0057854619696658316 0.0007525032629868913 0.9999823748446769
21.344920000 -0.2170805 -5.355148 289.2536 0.0012464368517911223 0.005364082205189697 0.0005926015816888284 0.9999846748825703
21.448900000 -0.2045251 -5.390475 290.8103 0.0009104984401604449 0.005009484820181244 0.0013962747107143984 0.9999860624028716
21.552900000 -0.1926927 -5.424878 292.3692 0.0012160738345548096 0.004502351321778999 0.0013463848706052003 0.9999882124305266
21.657020000 -0.1828271 -5.462578 293.9316 0.0013506742665722864 0.004222024345367669 0.0012117325489926437 0.9999894374442162
21.761020000 -0.1753107 -5.502144 295.5007 0.0010963873845464735 0.0038675107358999176 0.001190994465909854 0.9999912124613897
21.865030000 -0.1681708 -5.542654 297.0723 0.0009425572013849935 0.0034422978870405326 0.0014130611713645677 0.9999926249728044
21.969150000 -0.1571664 -5.573209 298.6502 0.0005535665368110701 0.002924746365733101 0.0017350480518783919 0.999994062482373
22.073170000 -0.1498301 -5.605662 300.2367 -0.00023058011655778497 0.0026459722677606686 0.0009417677435342208 0.9999960249920997
22.177150000 -0.1436567 -5.638056 301.8211 -0.0005177679658758094 0.0029619413562792995 0.0006775372267787263 0.9999952374886594
22.281150000 -0.1362308 -5.674045 303.413 -0.0002537911636135934 0.00344755390085888 0.000389995214353154 0.9999939374816229
22.385270000 -0.1245796 -5.704927 305.0095 -2.7202547338943084e-05 0.0036382480590450472 0.0010329938988452977 0.9999928374743491
22.489270000 -0.1113075 -5.740563 306.6086 0.0004109934718959301 0.0037257873336455517 0.0018937016883196615 0.9999911874611697
22.593280000 -0.1009905 -5.775938 308.2116 0.0013806260247081071 0.0038754225866704816 0.0027197222948266305 0.9999878499261878
22.697420000 -0.0964999 -5.821106 309.8189 0.001873899993307836 0.003876453702546051 0.002850965024999602 0.9999866624110545
22.801400000 -0.09324941 -5.863046 311.4331 0.0023281605608243155 0.0028162196975408857 0.0025801298336792897 0.9999899874498744
22.905400000 -0.09658434 -5.907766 313.0445 0.002119690494677413 0.0017438637350122275 0.002114367462672587 0.9999939874819248
23.009400000 -0.106523 -5.952029 314.6682 0.0005417353876455086 0.0015413947369323463 0.0012432218607686491 0.999997899997795
23.113490000 -0.1079811 -5.990688 316.2953 -0.001099988317462619 0.0017940405416229448 0.0018565145368338574 0.9999960749922973
23.217420000 -0.1086696 -6.032426 317.9241 -0.0015214148052136655 0.0018987562390835337 0.002380672278180681 0.9999942124832523
23.321400000 -0.1058419 -6.068362 319.5525 -0.0008643087662612706 0.0020388820319483156 0.003095669443684825 0.9999927499737187
23.425400000 -0.1039698 -6.106845 321.1823 -0.0008818373373641632 0.002209170384089038 0.003480513683202819 0.9999911124605059
23.529550000 -0.1009179 -6.143404 322.8139 -0.001091279430688004 0.002308396506503789 0.0034181023548729567 0.9999908999585947
23.633550000 -0.09883113 -6.185282 324.4397 -0.0009901232280085045 0.002552842831804038 0.0034855839960309955 0.9999901749517341
23.737530000 -0.09648438 -6.224088 326.0682 -0.0006898177426956441 0.002793207491003195 0.0027640245086327725 0.9999920374682989
23.841660000 -0.09411052 -6.268819 327.6976 -0.00031108476091623946 0.0031281727434327054 0.0023690021098374966 0.9999922499699684
23.945650000 -0.08496956 -6.305428 329.3242 -0.0012075446755208884 0.0035515967220606363 0.0029293511750899137 0.9999886749358713
24.049650000 -0.07442718 -6.342113 330.9508 -0.001762481572413525 0.0036180304291644357 0.003377059353740649 0.9999861999047788
24.153670000 -0.06421231 -6.372244 332.5694 -0.0010307259456345684 0.0034654639995923063 0.003990755366372346 0.9999854998948735
24.257780000 -0.05844895 -6.413497 334.1893 -0.0010835251265509255 0.0034712977573395343 0.0035881955314041986 0.9999869624150107
24.361780000 -0.05434961 -6.45078 335.8024 -0.00040845581432123897 0.0034176652828656305 0.0023923422728000915 0.9999912124613897
24.465780000 -0.04949748 -6.492551 337.4097 0.0017473353355850483 0.0030515432258408155 0.001791325677611287 0.9999922249697745
24.569780000 -0.04548042 -6.532188 339.0211 0.001181212963122588 0.0026158905985219963 0.0010001863758726858 0.9999953749893046
24.673900000 -0.04257007 -6.571397 340.6287 -0.0005322984904378598 0.0021815366083110547 0.0007299915439791848 0.99999719999608
24.777900000 -0.03930296 -6.601811 342.2462 -0.00215657522934311 0.001650016105070883 0.0001377741597653342 0.999996299993155
24.882030000 -0.03681003 -6.628918 343.8528 -0.0015281333669306316 0.001045691540748297 -0.00010471897933140565 0.9999982874985337
24.986020000 -0.03514659 -6.652782 345.4525 -0.0005087148263072296 0.00013594127039119207 0.00022198620829793375 0.9999998499999888
25.090170000 -0.0345479 -6.677644 347.0554 -0.0012914068241134274 -0.0008119728969125269 0.0007208787682419794 0.9999985874990024
25.194150000 -0.03707175 -6.708152 348.6551 -0.0017250443307919834 -0.0013101038681242745 0.0015335686558390395 0.9999964749937872
25.298280000 -0.04156332 -6.737239 350.2532 -0.0012476584296627403 -0.0015266736143651745 0.0016729041042381361 0.9999966499943889
25.402400000 -0.05261018 -6.773059 351.8478 -0.0007976714214769312 -0.001635240239078343 0.0020044470913009155 0.9999963374932931
25.506530000 -0.06277075 -6.805862 353.4464 -0.0008263096193247008 -0.0016454667116485612 0.0020370414398459503 0.9999962249928745
25.610540000 -0.07506606 -6.843564 355.0379 -0.0007390351131919715 -0.001629976366289905 0.0022841763721132345 0.9999957874911274
25.714650000 -0.08570356 -6.882552 356.6308 -0.00043826687559950125 -0.0016456644814920904 0.0026086486519766435 0.9999951499882387
25.818650000 -0.09729989 -6.921763 358.2218 -0.00010773427579289297 -0.0017087199858532589 0.0027010668092393624 0.999994887486931
25.922780000 -0.1091014 -6.958715 359.8125 -0.0002863580573020525 -0.0016720539270401059 0.002949148318245283 0.9999942124832523
26.026980000 -0.1223014 -6.995935 361.4037 0.00021529009798229955 -0.0016354835909875836 0.002734033943608669 0.999994899986995
26.130900000 -0.1322206 -7.034017 362.989 0.0008263126332897477 -0.001602595880100992 0.0034941982427856852 0.9999922749701621
26.235050000 -0.1419952 -7.072717 364.5867 8.511596765225092e-05 -0.0015424560203901908 0.004171844051460553 0.9999900999509944
26.339150000 -0.1552999 -7.112398 366.1838 -0.0004920984275183142 -0.0016054013553695242 0.005004454687516727 0.9999860749030457
26.443290000 -0.1668615 -7.146884 367.7811 -0.00014295067107980382 -0.0015808217589127827 0.0052791126771326346 0.9999848123846681
26.547800000 -0.1858911 -7.18829 369.3866 0.0002950820176454352 -0.0013944489775196529 0.004721895489427554 0.9999878249258837
26.651410000 -0.2029185 -7.225081 370.9753 -0.00033161143269198895 -0.0011525110523367763 0.0037178836454447774 0.9999923624708341
26.757930000 -0.2229981 -7.26884 372.6154 -0.00047978123287430456 -0.000901306164271469 0.0030505065364121735 0.9999948249866096
26.862580000 -0.2378134 -7.306808 374.2253 -0.0003543727548138726 -0.0007166543943280529 0.0028494842521395824 0.999995612490375
26.963660000 -0.2519893 -7.344936 375.7811 4.429396182327668e-05 -0.0006001164505301036 0.0029397024786909187 0.9999954999898749
27.067820000 -0.2625878 -7.379336 377.3873 0.00016709547889118742 -0.00045941331028264576 0.0028589105431860292 0.9999957874911274
27.171920000 -0.2704012 -7.414418 378.9929 0.00019410620606260867 -0.0003469821371498194 0.0026678572043482302 0.9999963624933844
27.276060000 -0.2783585 -7.448411 380.6071 0.0001348947734550164 -0.0001909611225019509 0.0020916316277400956 0.9999977874975525
27.380140000 -0.2877925 -7.485057 382.2202 -0.00022597781792628484 -2.8103157710910773e-05 0.0014456895541171062 0.9999989249994222
27.484700000 -0.2960866 -7.522079 383.8408 8.139083052156717e-05 0.00010565531462075041 0.0008692613259730584 0.9999996249999298
27.588410000 -0.3039652 -7.558709 385.4512 0.0003739416247883325 0.00024048484809697447 0.0004372817124563512 0.9999997999999799
27.692530000 -0.3110174 -7.596748 387.0678 0.00032628071578509203 0.0004036686504585845 6.410785801348276e-05 0.9999998749999922
27.796540000 -0.3164538 -7.631598 388.6857 -0.0001332792416497695 0.0005303851657453901 -0.0005583424244820348 0.9999996874999513
27.900670000 -0.3206582 -7.664429 390.3059 -0.0004920893732407426 0.0007256467347176908 -0.0011209773849901769 0.9999989874994875
28.005230000 -0.3238003 -7.696195 391.9359 -0.00015856408586425313 0.0009195501178318175 -0.001451831409600828 0.9999985124988937
28.108940000 -0.3237896 -7.731691 393.5579 -0.00023075963075370489 0.0010455349751341324 -0.0014629699139023496 0.9999983499986387
