70.2464 -0.0184258 -0.0333383 1.9635 0.000538978 0.00219351 -0.00224843 0.999995
70.6633 0.000711617 -0.0939439 5.896 -0.0034523 0.0065358 0.000386586 0.999973
71.0824 0.0431806 -0.139603 9.82328 -0.00261132 0.0107214 -0.00089808 0.999939
71.2886 0.0745092 -0.167662 11.7856 0.000672201 0.0121171 -0.00070566 0.999926
71.7053 0.150403 -0.236233 15.7358 -0.00143988 0.0123813 0.00233764 0.99992
71.9136 0.183151 -0.266039 17.6981 -0.0016171 0.0114428 0.00333219 0.999928
72.3303 0.238849 -0.309918 21.6609 -0.00390634 0.0111064 0.00384378 0.999923
72.5387 0.27128 -0.334817 23.6428 0.00127949 0.011846 0.00543074 0.999914
72.9555 0.336073 -0.394608 27.6433 -0.00305245 0.0106864 0.00675727 0.999915
73.1638 0.358468 -0.41908 29.6372 -0.00348404 0.00873998 0.00744395 0.999928
73.5804 0.374108 -0.465087 33.6924 -0.00293292 0.00246411 0.00982988 0.999944
73.7889 0.359761 -0.490546 35.7023 -0.00248777 0.000366463 0.00918547 0.999955
74.2056 0.309969 -0.540371 39.7726 -0.00402393 -0.00261496 0.0073212 0.999962
74.4141 0.282683 -0.563539 41.8106 -0.00310993 -0.00281404 0.00702061 0.999967
74.6225 0.259055 -0.589944 43.859 -0.00274892 -0.00338781 0.0075157 0.999962
75.0392 0.192654 -0.642306 47.8905 -0.00354473 -0.00606456 0.0087359 0.999937
75.2476 0.148979 -0.669421 49.898 -0.00330359 -0.00758112 0.00877806 0.999927
75.4561 0.0982676 -0.703346 51.8798 -0.0011674 -0.00960482 0.00961361 0.999907
75.6642 0.0424237 -0.744194 53.8494 0.00248011 -0.0119498 0.0107747 0.999867
76.0807 -0.0971473 -0.829373 57.7452 -0.00163054 -0.0157386 0.0118726 0.999804
76.2891 -0.176423 -0.870296 59.7194 -0.00108786 -0.0157054 0.0111499 0.999814
76.7063 -0.331037 -0.929111 63.5781 -0.00323871 -0.0156467 0.00930852 0.999829
76.9145 -0.411965 -0.955618 65.462 -0.00293336 -0.0167523 0.00896211 0.999815
77.1226 -0.493185 -0.982496 67.3011 -0.00389905 -0.018344 0.00784728 0.999793
77.5392 -0.675339 -1.03237 70.8995 -0.00339628 -0.0224456 0.00634213 0.999722
77.7476 -0.772587 -1.05655 72.6388 -0.00315323 -0.0241439 0.00623204 0.999684
78.1643 -0.978897 -1.10784 76.027 -0.00408723 -0.02662 0.00489309 0.999625
78.3728 -1.07979 -1.1317 77.6404 -0.00391703 -0.0255893 0.00364764 0.999658
78.79 -1.23732 -1.18114 80.7095 -0.0022012 -0.0200638 0.00353835 0.99979
78.9986 -1.29788 -1.20992 82.2072 -0.00165998 -0.0173308 0.00433136 0.999839
79.4155 -1.39978 -1.26383 85.1214 -0.00253797 -0.0129165 0.00601728 0.999895
79.6241 -1.44162 -1.28994 86.5246 -0.002567 -0.0115569 0.00667915 0.999908
79.8326 -1.48133 -1.31337 87.9115 -0.00249727 -0.0101503 0.00668886 0.999923
80.3538 -1.55791 -1.3701 91.1452 -0.00461566 -0.00493718 0.00788005 0.999946
80.6667 -1.57138 -1.39841 92.909 -0.00516543 0.000469976 0.0101022 0.999936
81.2926 -1.5037 -1.43617 96.0015 -0.00556982 0.020317 0.0125345 0.999699
81.6056 -1.39774 -1.45641 97.3782 -0.00315483 0.0381412 0.0134048 0.999177
81.9186 -1.24871 -1.47936 98.623 -0.00215624 0.0600797 0.016329 0.998058
82.5447 -0.745308 -1.51645 100.759 0.000966881 0.121881 0.0233739 0.992269
82.8579 -0.369306 -1.51872 101.731 -0.00230872 0.161582 0.0258864 0.986517
83.38 0.405751 -1.52602 103.122 -0.00363535 0.244181 0.0294369 0.969276
83.5888 0.770841 -1.51271 103.66 0.0012653 0.282778 0.0277435 0.958783
83.7976 1.19747 -1.49196 104.191 0.00459455 0.32302 0.0251716 0.946046
84.2151 2.32627 -1.47959 105.169 0.00236576 0.404691 0.0312669 0.913916
84.4237 3.01798 -1.47289 105.602 0.00141662 0.445002 0.0319309 0.894959
84.8408 4.61842 -1.43728 106.484 0.00108095 0.519985 0.0267093 0.853757
85.2577 6.58902 -1.39113 107.156 -0.00441939 0.590721 0.0251645 0.806471
85.6741 8.94089 -1.32088 107.605 -0.00220275 0.644825 0.0234098 0.763969
85.882 10.2231 -1.28821 107.754 8.35414e-05 0.66086 0.0256571 0.750071
86.2975 12.9847 -1.2091 107.994 0.00209432 0.675228 0.0302342 0.736987
86.5051 14.4363 -1.1727 108.107 0.00403333 0.676476 0.0323619 0.735742
86.7128 15.95 -1.13158 108.246 0.00384965 0.675241 0.0334219 0.736829
87.1286 19.1004 -1.05904 108.565 0.00677253 0.670937 0.0326335 0.740765
87.3369 20.7256 -1.02031 108.741 0.00539159 0.669321 0.0331862 0.742212
87.7531 24.0073 -0.945156 109.116 0.00137883 0.668068 0.0325273 0.743388
87.9614 25.6457 -0.899207 109.313 0.00087944 0.66749 0.0308063 0.74398
88.3779 28.971 -0.813967 109.704 -0.000347744 0.665687 0.0329345 0.745504
88.5864 30.6203 -0.767362 109.906 -0.000711064 0.664222 0.0352547 0.746703
89.0031 33.8902 -0.67068 110.329 -0.00128826 0.661401 0.036698 0.749133
89.2116 35.5055 -0.625019 110.549 -0.000572789 0.660315 0.0357271 0.750138
89.6284 38.6307 -0.540117 110.979 -0.00218495 0.65982 0.0346956 0.750619
89.8369 40.1386 -0.500196 111.18 -0.00223463 0.660131 0.0358721 0.75029
90.2539 42.9631 -0.428032 111.572 -0.00208307 0.658867 0.033429 0.751513
90.4622 44.2669 -0.397852 111.771 -0.00361038 0.657039 0.0351219 0.753029
90.6706 45.4621 -0.366805 111.951 -0.00229968 0.654577 0.0342602 0.755215
91.296 48.5448 -0.292026 112.449 -0.0025194 0.65339 0.0336796 0.756268
91.6091 49.8889 -0.25585 112.615 -0.00340326 0.663894 0.0322003 0.747125
91.9224 51.2137 -0.220037 112.687 -0.0040921 0.683902 0.0317794 0.72887
92.1312 52.0743 -0.197018 112.674 -0.0027033 0.701605 0.028094 0.712007
92.3403 52.9331 -0.172452 112.609 -0.00195967 0.724001 0.0260863 0.689303
92.5495 53.7144 -0.147777 112.468 -0.000448167 0.74813 0.0285949 0.662936
92.9683 55.1978 -0.0995898 111.991 0.00414946 0.797827 0.0379724 0.601676
93.1764 55.8916 -0.0799324 111.64 0.00164455 0.823607 0.0349852 0.566079
93.5941 57.1981 -0.0151789 110.77 0.00674978 0.873431 0.0281367 0.486088
94.0115 58.4863 0.0375381 109.792 -0.0110901 0.918357 0.0183163 0.395174
94.2201 59.0522 0.0741261 109.199 -0.00544005 0.937947 0.0176192 0.346289
94.6399 59.9574 0.121911 107.7 -0.018439 0.968927 0.0111817 0.246405
94.8457 60.3106 0.150584 106.79 -0.0199335 0.97962 0.0128414 0.199456
95.2621 60.8798 0.20361 104.772 -0.017185 0.991497 0.00820471 0.12873
95.6779 61.313 0.242712 102.468 -0.0221585 0.996677 0.0104833 0.0776815
95.8859 61.4498 0.248525 101.134 -0.0178523 0.998149 0.00866365 0.0574839
96.3015 61.6437 0.289416 98.3947 -0.0194241 0.999321 0.0133276 0.0283176
96.5092 61.6882 0.327599 96.953 -0.0144581 0.999574 0.0113858 0.022645
96.7171 61.7512 0.357847 95.4414 -0.0158283 0.999582 0.0137091 0.0199424
97.1327 61.8872 0.409467 92.2587 -0.0152371 0.999603 0.0160157 0.0174509
97.3406 61.9637 0.432543 90.6339 -0.0148987 0.999532 0.0181096 0.0196585
97.7565 62.149 0.495954 87.3882 -0.0138444 0.999406 0.0181542 0.025812
98.174 62.367 0.556594 84.1388 -0.0162987 0.999279 0.0162595 0.0301957
98.4849 62.5605 0.604168 81.6662 -0.0203598 0.999037 0.017663 0.0346311
98.6931 62.7 0.638065 79.9936 -0.021716 0.998999 0.0161788 0.0356087
99.1096 62.9604 0.696761 76.6605 -0.0215837 0.998981 0.0179089 0.0353536
99.318 63.0913 0.730052 74.9902 -0.0221673 0.998987 0.0180708 0.0347351
99.7348 63.345 0.795837 71.6759 -0.0263082 0.999002 0.018522 0.0309733
99.9431 63.4608 0.833184 70.0284 -0.0287621 0.998937 0.0214444 0.0289313
100.672 63.8143 0.967561 64.3524 -0.0270691 0.999097 0.0184256 0.0270862
100.881 63.9144 0.99914 62.7672 -0.0290333 0.999066 0.0189879 0.0257687
101.09 64.0028 1.03279 61.197 -0.0295364 0.999041 0.0214937 0.0241388
101.61 64.2074 1.12137 57.3385 -0.0286306 0.999103 0.0207521 0.0233038
101.818 64.2989 1.15918 55.8038 -0.0306255 0.998987 0.0225836 0.024021
102.235 64.4773 1.23841 52.7759 -0.03203 0.998986 0.0199394 0.0245722
102.444 64.5556 1.28173 51.2761 -0.0297221 0.99901 0.0223826 0.0243661
102.651 64.644 1.30399 49.819 -0.0313928 0.999058 0.0181546 0.0238477
103.068 64.8045 1.34599 46.9127 -0.0274131 0.999175 0.0147123 0.0261124
103.276 64.8988 1.36573 45.4658 -0.0273185 0.999061 0.0181808 0.0282908
103.485 65.0028 1.39579 44.0439 -0.0300223 0.998937 0.018961 0.0293954
103.693 65.1118 1.42188 42.6374 -0.0336177 0.998847 0.0180606 0.0291395
104.11 65.2859 1.47798 39.8446 -0.0342904 0.998883 0.0190325 0.0263687
104.319 65.3626 1.5078 38.4861 -0.0332881 0.998932 0.0195056 0.025405
104.527 65.4486 1.53381 37.1535 -0.0345356 0.998866 0.0194767 0.0263528
104.735 65.5346 1.56022 35.8493 -0.0355337 0.998851 0.0170532 0.0272695
104.943 65.6163 1.58384 34.5463 -0.0343972 0.998896 0.0160516 0.027689
105.36 65.7856 1.63015 31.9699 -0.0349248 0.998839 0.0185435 0.0275274
105.569 65.8571 1.65535 30.7054 -0.0345106 0.998922 0.0186064 0.0248549
105.777 65.9269 1.6816 29.4462 -0.0357877 0.998916 0.0195799 0.0224046
106.299 66.0315 1.74141 26.2247 -0.0360211 0.999208 0.0140467 0.00937598
106.507 66.0421 1.75808 24.8841 -0.0341832 0.999306 0.0143615 0.00363339
107.028 66.0149 1.81578 21.3342 -0.0335418 0.99924 0.0167754 -0.0106238
107.237 65.9753 1.84567 19.8431 -0.032622 0.999252 0.0131586 -0.0160395
107.445 65.9168 1.87064 18.2679 -0.0306194 0.999237 0.0130943 -0.0203945
107.862 65.7641 1.93171 14.9663 -0.0265748 0.999143 0.0184424 -0.0258235
108.071 65.6815 1.96997 13.2486 -0.0251235 0.9992 0.0171747 -0.0259271
108.278 65.5929 2.01055 11.4792 -0.0216986 0.999341 0.0149587 -0.0249653
108.695 65.4351 2.0874 7.76787 -0.0133799 0.999589 0.017461 -0.0184049
108.903 65.393 2.12995 5.84285 -0.0132375 0.999655 0.0182287 -0.0135242
109.319 65.3653 2.2194 1.88478 -0.0134017 0.999725 0.0189314 -0.00356211
109.527 65.3776 2.25514 -0.113403 -0.0138649 0.999826 0.0124227 -0.000645451
109.944 65.4027 2.30416 -4.17178 -0.0104977 0.999782 0.0179903 0.00164065
110.152 65.4241 2.3475 -6.18536 -0.0107397 0.999731 0.0204238 0.00242327
110.569 65.4808 2.42696 -10.2158 -0.0107018 0.999783 0.0172736 0.00449968
110.777 65.5206 2.45977 -12.2284 -0.0117137 0.999761 0.017472 0.00597912
110.985 65.5654 2.4932 -14.2206 -0.0118538 0.99978 0.0152006 0.00828655
111.402 65.6888 2.5633 -18.2224 -0.012832 0.999629 0.0197887 0.0136036
111.61 65.7717 2.60562 -20.1978 -0.0160595 0.999547 0.0202146 0.0154692
112.026 65.95 2.69605 -24.0957 -0.0223762 0.99943 0.0192447 0.0164141
112.235 66.0288 2.7308 -26.0249 -0.022703 0.999484 0.0155752 0.0165619
112.443 66.1026 2.75908 -27.9445 -0.0221558 0.999479 0.0171473 0.0160133
112.86 66.247 2.83104 -31.719 -0.0265134 0.999394 0.0193928 0.0115526
113.068 66.2954 2.87001 -33.5959 -0.027336 0.9994 0.019868 0.00758344
113.485 66.347 2.94859 -37.3409 -0.0283568 0.999444 0.0175297 -0.00104272
113.693 66.3422 2.98158 -39.2254 -0.0290857 0.999389 0.0178501 -0.0076133
114.11 66.2257 3.05793 -42.9812 -0.0292365 0.999029 0.0209723 -0.0254212
114.318 66.1136 3.1014 -44.879 -0.029202 0.998752 0.0210598 -0.0346234
114.735 65.7677 3.17792 -48.66 -0.0262795 0.997963 0.0190662 -0.0549163
114.943 65.527 3.20642 -50.5222 -0.0230157 0.997413 0.0184155 -0.0655575
115.36 64.9513 3.26804 -54.3045 -0.0134279 0.996803 0.01749 -0.0767905
115.568 64.6575 3.29488 -56.2032 -0.00856625 0.996955 0.0150462 -0.0760269
115.776 64.3798 3.318 -58.0887 -0.00450867 0.997331 0.0152668 -0.0712551
116.4 63.6908 3.41669 -63.7423 0.00327632 0.998445 0.0146264 -0.0536843
116.504 63.6037 3.42872 -64.6743 0.0026714 0.998607 0.0145238 -0.0506651
116.92 63.3191 3.48446 -68.4136 0.00213714 0.999113 0.0186695 -0.037683
117.129 63.206 3.51128 -70.2527 0.00172467 0.999266 0.0157752 -0.0348799
117.546 62.9822 3.56232 -73.7674 0.00338589 0.99915 0.0235464 -0.0336666
117.754 62.8783 3.59613 -75.4199 0.00476265 0.999209 0.0215006 -0.0331001
118.171 62.6825 3.65788 -78.7175 0.00333887 0.999291 0.0172336 -0.033317
118.379 62.5756 3.68981 -80.36 0.00435797 0.99917 0.0207317 -0.0347911
118.796 62.3391 3.7661 -83.59 0.00834633 0.999073 0.019826 -0.037293
118.901 62.2845 3.78473 -84.3938 0.00885698 0.999153 0.01662 -0.0365918
119.109 62.1784 3.81556 -85.9872 0.00985158 0.999229 0.0170607 -0.0339473
119.525 62.03 3.87638 -89.1405 0.00759968 0.999434 0.0208544 -0.0252862
119.734 61.9701 3.90896 -90.6895 0.00819635 0.999558 0.0186635 -0.0216398
120.15 61.8753 3.97506 -93.7846 0.00745876 0.999539 0.0236303 -0.0175167
120.359 61.8381 4.01247 -95.2913 0.00578394 0.999652 0.0194018 -0.0169349
120.776 61.7694 4.06553 -98.149 0.000672265 0.99959 0.022965 -0.0170793
120.984 61.7374 4.08931 -99.4466 -0.000727965 0.999553 0.0242785 -0.017443
121.192 61.707 4.11259 -100.631 -0.00116719 0.999634 0.020994 -0.0170215
121.505 61.6687 4.14261 -102.225 -0.00185258 0.999695 0.0190131 -0.0156835
122.131 61.5838 4.17094 -104.996 -0.0040512 0.999626 0.0142597 -0.0229596
122.758 61.4163 4.18889 -107.351 -0.00153314 0.999173 0.0158854 -0.0373874
123.174 61.2976 4.19808 -108.62 -0.000300844 0.998873 0.0135815 -0.0454878
123.695 61.1222 4.21013 -110.155 -0.00134871 0.998088 0.0139626 -0.0601932
124.53 60.6439 4.22307 -112.623 -0.00744646 0.993669 0.00879493 -0.111756
124.947 60.2275 4.21987 -113.944 -0.00943127 0.988273 0.00520354 -0.152316
125.26 59.7984 4.21646 -115.035 -0.0161437 0.98129 0.00408661 -0.191814
125.887 58.4322 4.18039 -117.327 -0.0177555 0.957417 0.00477781 -0.288122
126.095 57.8122 4.16774 -118.102 -0.0173803 0.94613 0.00440898 -0.323289
126.512 56.3233 4.12709 -119.597 -0.0200096 0.918849 0.00471137 -0.394073
126.72 55.4543 4.10302 -120.291 -0.0199503 0.90326 0.00286541 -0.42862
126.929 54.4982 4.07169 -120.95 -0.0200281 0.887422 0.001352 -0.460521
127.346 52.3396 3.99447 -122.129 0.0196648 -0.851626 -0.0025942 0.523775
127.554 51.1481 3.95441 -122.599 0.0149481 -0.830983 -0.00407016 0.556083
127.763 49.9069 3.91308 -123.008 0.0162138 -0.808168 -0.00463331 0.588711
128.18 47.2597 3.82507 -123.501 0.0140628 -0.759319 0.00559321 0.650542
128.388 45.878 3.7669 -123.612 0.0152185 -0.736961 0.0120988 0.675655
128.596 44.4373 3.6959 -123.65 0.0126573 -0.716718 0.0136198 0.697115
129.012 41.4846 3.55152 -123.536 0.0106986 -0.684139 0.011641 0.72918
129.22 39.966 3.4867 -123.39 0.00896674 -0.669353 0.00833874 0.742843
129.429 38.4256 3.4295 -123.18 0.00716604 -0.654354 0.00361172 0.756146
129.845 35.2851 3.32275 -122.595 0.0143361 -0.629994 0.00568057 0.776447
130.053 33.6787 3.2611 -122.238 0.0154685 -0.621533 0.00726174 0.783202
130.469 30.4197 3.10843 -121.416 0.0108037 -0.612889 0.0113299 0.790014
130.678 28.7697 3.02793 -120.989 0.0105599 -0.610584 0.0133696 0.791768
130.885 27.1043 2.9455 -120.555 0.00937768 -0.610656 0.014688 0.791704
131.303 23.7792 2.77541 -119.716 0.00496489 -0.617423 0.0175776 0.786419
131.51 22.1361 2.69334 -119.345 0.00450818 -0.622403 0.0170961 0.782497
131.926 18.8889 2.53611 -118.677 0.00410971 -0.632309 0.016492 0.77453
132.134 17.3205 2.46252 -118.387 0.00366411 -0.636308 0.0150951 0.771278
132.551 14.3842 2.32023 -117.863 0.00473337 -0.639197 0.0132597 0.768914
132.761 13.0187 2.25576 -117.617 0.00530097 -0.638928 0.0132547 0.769134
133.178 10.4864 2.1327 -117.141 0.00581818 -0.634375 0.0127181 0.772899
133.386 9.31145 2.07723 -116.899 0.00644059 -0.629584 0.0124905 0.776805
133.594 8.17624 2.02089 -116.64 0.00732795 -0.622227 0.0124952 0.782703
133.802 7.07771 1.96602 -116.35 0.00742552 -0.610186 0.0124811 0.792125
134.011 6.03655 1.91333 -116.015 0.00683377 -0.592717 0.0138283 0.805263
134.429 4.14865 1.81127 -115.193 0.00999073 -0.537272 0.0147292 0.843221
134.638 3.31481 1.75797 -114.677 0.0108886 -0.499706 0.0185191 0.865929
135.056 1.85124 1.65984 -113.433 0.00994624 -0.410286 0.0209728 0.911661
135.265 1.2565 1.61201 -112.722 0.00947597 -0.361161 0.0196436 0.932248
135.683 0.29262 1.5384 -111.121 0.0068367 -0.260842 0.0187579 0.965175
135.891 -0.0768055 1.50438 -110.23 0.00499845 -0.210863 0.01812 0.977335
136.308 -0.593381 1.45628 -108.275 0.00155873 -0.122148 0.0181601 0.992345
136.518 -0.758758 1.43675 -107.21 -0.00260492 -0.0894541 0.0193613 0.995799
136.727 -0.89056 1.42003 -106.102 -0.00185542 -0.0632257 0.017778 0.997839
137.141 -1.06796 1.39679 -103.719 0.00190975 -0.0291559 0.0146253 0.999466
137.348 -1.11311 1.37635 -102.433 -0.00043211 -0.016543 0.0141792 0.999763
137.556 -1.13582 1.36242 -101.088 -0.000591741 -0.0053574 0.0134071 0.999896
137.971 -1.13643 1.33107 -98.2244 0.00038364 0.00271549 0.0144978 0.999891
138.388 -1.15546 1.29346 -95.1413 8.62017e-06 0.00223412 0.0111603 0.999935
138.492 -1.15866 1.28444 -94.3332 0.000271537 0.00286538 0.0105978 0.99994
138.7 -1.15922 1.26536 -92.6846 0.000146559 0.0044541 0.00989878 0.999941
139.117 -1.13689 1.22439 -89.2557 -0.00100155 0.00815521 0.00798767 0.999934
139.325 -1.10494 1.20595 -87.4682 -0.00126299 0.0111927 0.00709765 0.999911
139.534 -1.0683 1.18844 -85.6374 -0.00137198 0.0146748 0.00682313 0.999868
139.95 -0.965078 1.14783 -81.8759 -0.00161982 0.0166165 0.00875145 0.999822
140.367 -0.876541 1.10005 -78.0433 -0.00224453 0.0154231 0.00761695 0.99985
140.575 -0.840034 1.0759 -76.1259 -0.0026798 0.0148401 0.006414 0.999866
140.783 -0.802735 1.04852 -74.221 -0.00147139 0.0146531 0.0068933 0.999868
141.2 -0.720376 1.00159 -70.3845 -0.00516276 0.0158039 0.00571571 0.999845
141.304 -0.700831 0.994524 -69.4281 -0.00491235 0.0162239 0.0055971 0.999841
141.512 -0.653627 0.97723 -67.5334 -0.00443052 0.0166559 0.00583835 0.999834
141.929 -0.552769 0.938107 -63.7641 -0.00409909 0.0175512 0.00549051 0.999822
142.137 -0.519883 0.915177 -61.8396 -0.00331417 0.017686 0.00640852 0.999818
142.554 -0.414704 0.870284 -58.0814 -0.0038096 0.0174646 0.00622269 0.999821
142.658 -0.387128 0.858917 -57.1344 -0.00416276 0.0174294 0.00600512 0.999821
143.075 -0.268037 0.814044 -53.3647 -0.0023615 0.0208146 0.00551291 0.999765
143.284 -0.190946 0.789474 -51.4739 -0.00312513 0.0227356 0.0063879 0.999716
143.805 0.0237582 0.739598 -46.7003 -0.00511977 0.0247753 0.00965465 0.999633
144.013 0.081794 0.717718 -44.7843 -0.00144316 0.0249673 0.010673 0.99963
144.221 0.153111 0.69028 -42.8325 -0.000598943 0.023296 0.00927609 0.999685
144.638 0.27221 0.63482 -38.8558 -0.000996331 0.0139709 0.010478 0.999847
144.742 0.288894 0.620306 -37.8301 -0.000937305 0.0112902 0.0100104 0.999886
144.951 0.304025 0.592388 -35.7556 -0.00203212 0.00631917 0.00844703 0.999942
145.159 0.304705 0.562495 -33.6844 0.000297601 0.00269804 0.00775302 0.999966
145.576 0.284849 0.481211 -29.5102 0.00203384 -3.98825e-05 0.0102421 0.999945
145.68 0.276162 0.460156 -28.4696 0.000432131 -0.000255217 0.0108823 0.999941
145.888 0.269454 0.432794 -26.3389 -0.00197024 -0.000745432 0.0110868 0.999936
146.305 0.227475 0.38379 -22.0486 -0.00249786 -0.00123396 0.00846626 0.99996
146.513 0.200404 0.353197 -19.8703 -0.00146428 -0.000801956 0.0070762 0.999974
146.722 0.180385 0.319139 -17.686 -0.0013625 -0.000380417 0.00723411 0.999973
147.138 0.148637 0.248704 -13.331 -0.00109323 0.000364837 0.00728549 0.999973
147.347 0.136419 0.211476 -11.2127 -0.00180458 0.000607858 0.00686529 0.999975
147.555 0.114676 0.184729 -9.06126 -0.00112978 2.85008e-05 0.00605873 0.999981
147.972 0.0771469 0.1262 -4.78687 -0.00290545 -0.000756292 0.00539696 0.999981
148.18 0.0536448 0.0987086 -2.62259 -0.00352446 6.86314e-05 0.00337835 0.999988
148.597 0.0338886 0.0383597 1.69552 0.00195468 0.00606518 -0.00219465 0.999977
148.805 0.0611199 0.00203103 3.87591 -0.000926667 0.00954592 -0.000806853 0.999954
149.222 0.151567 -0.0542072 8.22895 -0.00363082 0.0161088 0.00079665 0.999863
149.43 0.214191 -0.081371 10.4014 -0.00161729 0.0183888 0.00168986 0.999828
149.638 0.287286 -0.117889 12.5983 0.000994171 0.0200756 0.0029628 0.999794
150.055 0.44294 -0.191367 17.024 -0.000411088 0.0193675 0.00856192 0.999776
150.263 0.513369 -0.218123 19.2546 -0.0033534 0.0178235 0.0107342 0.999778
150.471 0.545825 -0.245653 21.4795 -0.00416873 0.0165636 0.0121966 0.99978
150.679 0.598593 -0.271645 23.6959 0.00276166 0.0128013 0.0133704 0.999825
150.888 0.631976 -0.305856 25.9229 -0.000255336 0.00866177 0.0139888 0.999865
151.304 0.644194 -0.363146 30.554 -0.00240078 0.0035041 0.0120199 0.999919
151.512 0.646753 -0.389125 32.8665 -0.00173159 0.00195202 0.0131812 0.99991
151.721 0.638173 -0.418 35.1832 -0.000642079 0.000393488 0.0131381 0.999913
151.929 0.614762 -0.450661 37.5305 -0.00154498 -0.00200922 0.0125945 0.999917
152.345 0.533323 -0.510819 42.2765 -0.00265068 -0.00732802 0.0114832 0.999904
152.554 0.474944 -0.544908 44.6195 -0.00256729 -0.0090112 0.0110268 0.999895
152.97 0.342069 -0.613444 49.2817 -0.00243103 -0.0116517 0.0109173 0.99987
153.178 0.267043 -0.651257 51.5866 -0.000968124 -0.0129988 0.011093 0.999854
153.387 0.190223 -0.698447 53.8605 0.00276506 -0.0140914 0.0122291 0.999822
153.804 0.0215378 -0.79852 58.4034 -0.00137967 -0.0171139 0.0145477 0.999747
154.012 -0.0801209 -0.83829 60.654 -0.00217472 -0.0185151 0.0132523 0.999738
154.428 -0.29021 -0.908589 65.0039 -0.00356394 -0.0206428 0.00949965 0.999735
154.637 -0.40036 -0.943304 67.0628 -0.00409531 -0.0222318 0.00790197 0.999713
155.053 -0.626427 -1.00677 71.039 -0.00444884 -0.0259689 0.00622308 0.999633
155.261 -0.73826 -1.03657 72.9264 -0.00397031 -0.0277765 0.00607481 0.999588
155.678 -0.978653 -1.09603 76.5512 -0.0039437 -0.0284805 0.00310709 0.999582
156.095 -1.16481 -1.15244 79.9288 -0.00240797 -0.0185882 0.000693715 0.999824
156.304 -1.20697 -1.18171 81.5353 -0.00210742 -0.00875947 0.000794761 0.999959
156.512 -1.20478 -1.21071 83.0983 -0.00151254 0.00271075 0.00254329 0.999992
157.034 -1.04031 -1.27192 86.8317 -0.00371691 0.0292386 0.0102318 0.999513
157.346 -0.868699 -1.29862 88.9486 -0.00416425 0.0392493 0.0157933 0.999096
157.971 -0.570651 -1.3419 92.8067 -0.00615431 0.034168 0.0255048 0.999072
158.284 -0.479115 -1.35924 94.4907 -0.0075905 0.027316 0.0282991 0.999197
159.013 -0.39831 -1.39816 97.5838 -0.00301705 0.0128205 0.0280507 0.99952
159.534 -0.400136 -1.42841 99.0416 -0.00154866 0.00610905 0.0252565 0.999661
160.264 -0.411612 -1.46727 100.517 0.00329163 -0.000681463 0.0256782 0.999665
160.993 -0.440366 -1.49791 101.886 0.00263209 -0.00810205 0.0273722 0.999589
161.514 -0.506935 -1.52875 102.951 0.00807944 -0.0152748 0.0211647 0.999627
161.931 -0.572129 -1.56357 104.141 0.0101794 -0.0222142 0.0210045 0.999481
162.661 -0.750827 -1.64703 107.046 0.00811367 -0.0219058 0.0136983 0.999633
162.869 -0.804069 -1.66786 108.068 0.00302713 -0.0208206 0.0128986 0.999695
163.286 -0.877702 -1.70341 110.35 0.00168888 -0.0211887 0.0237023 0.999493
163.495 -0.941153 -1.71504 111.63 0.00210661 -0.0228067 0.0246823 0.999433
163.703 -0.996174 -1.72846 112.984 -0.000551206 -0.0258158 0.0296196 0.999228
164.12 -1.19864 -1.78942 115.866 0.0136501 -0.0293959 0.0256545 0.999145
164.537 -1.40959 -1.88212 119.08 0.00695749 -0.0319685 0.0259466 0.999128
164.954 -1.66369 -1.97939 122.521 0.00797543 -0.0335016 0.0237024 0.999126
165.371 -1.93336 -2.07303 126.172 0.00378865 -0.0342279 0.0236956 0.999126
165.788 -2.20483 -2.1659 130.012 0.00531992 -0.0311482 0.0224869 0.999248
165.892 -2.26793 -2.19074 130.997 0.00449178 -0.0302219 0.0223356 0.999284
166.309 -2.51068 -2.28912 135.012 0.00440381 -0.027907 0.0239787 0.999313
166.517 -2.63327 -2.34098 137.051 0.00458572 -0.0281405 0.0242342 0.9993
166.726 -2.7649 -2.39412 139.109 0.00381129 -0.0289221 0.0228072 0.999314
167.143 -3.04495 -2.50454 143.291 0.00391193 -0.0302322 0.0201337 0.999332
167.559 -3.31869 -2.6048 147.531 0.00168089 -0.0300662 0.022013 0.999304
167.767 -3.45958 -2.65308 149.674 0.00198491 -0.0301546 0.0212479 0.999317
167.976 -3.60692 -2.70791 151.798 0.00427808 -0.0298734 0.0190618 0.999363
168.392 -3.89965 -2.80444 156.072 -0.00442966 -0.0304613 0.015374 0.999408
168.496 -3.97317 -2.81816 157.124 -0.00400373 -0.0304954 0.0142789 0.999425
168.913 -4.25639 -2.90693 161.384 0.00490667 -0.0297222 0.0142607 0.999444
169.017 -4.32564 -2.93691 162.469 0.00446309 -0.0296458 0.0148068 0.999441
169.226 -4.45607 -2.9894 164.6 0.00359406 -0.0296472 0.0169434 0.99941
169.642 -4.73249 -3.10868 168.884 0.0043073 -0.0311859 0.0195321 0.999313
169.851 -4.87871 -3.16245 171.034 0.000408167 -0.0320784 0.0200066 0.999285
170.267 -5.19056 -3.27356 175.309 0.00526758 -0.0331193 0.017344 0.999287
170.476 -5.34771 -3.32985 177.477 0.00116515 -0.0336689 0.0173379 0.999282
170.892 -5.68906 -3.43423 181.81 0.00390914 -0.0359352 0.0126415 0.999267
171.101 -5.86895 -3.49078 183.973 0.00546032 -0.0383462 0.0127169 0.999169
171.517 -6.25002 -3.62441 188.317 0.00954049 -0.0433784 0.0162788 0.998881
171.621 -6.35469 -3.66483 189.422 0.00998954 -0.0445152 0.0160566 0.99883
171.83 -6.57133 -3.74239 191.612 0.00632996 -0.0467232 0.0150653 0.998774
172.038 -6.79834 -3.80723 193.811 0.00362618 -0.0489481 0.0144369 0.99869
172.455 -7.27714 -3.94833 198.192 0.00917797 -0.0540485 0.0161353 0.998366
172.559 -7.40183 -3.98736 199.271 0.00786086 -0.0553975 0.0157187 0.99831
172.767 -7.66786 -4.06199 201.464 0.00681305 -0.0578439 0.0148441 0.998192
173.183 -8.22418 -4.21032 205.844 0.00829568 -0.0630992 0.0165643 0.997835
173.6 -8.82026 -4.37078 210.208 0.00926745 -0.0669785 0.0185224 0.997539
173.808 -9.13328 -4.45145 212.43 0.00716566 -0.0688745 0.019562 0.997408
174.016 -9.4566 -4.52708 214.651 0.00720777 -0.0703903 0.0199041 0.997295
174.641 -10.4597 -4.77181 221.314 0.00788367 -0.0736341 0.0223511 0.997004
174.746 -10.6184 -4.81226 222.402 0.00679061 -0.0736661 0.0247247 0.996953
175.162 -11.3046 -4.97759 226.865 0.0108711 -0.0731678 0.0229474 0.996996
175.37 -11.6498 -5.06871 229.115 0.00892491 -0.0732425 0.0214626 0.997043
175.787 -12.3479 -5.22342 233.606 0.00793216 -0.0740947 0.0205333 0.997008
175.995 -12.706 -5.31446 235.874 0.00914169 -0.0750583 0.0188436 0.996959
176.412 -13.4182 -5.48816 240.394 0.00820973 -0.0752994 0.0178253 0.996968
176.62 -13.7711 -5.56422 242.647 0.00766396 -0.0750887 0.019125 0.996964
176.828 -14.1221 -5.64313 244.891 0.010154 -0.0754143 0.0201756 0.996896
177.244 -14.8382 -5.81477 249.416 0.00794365 -0.0755751 0.0206367 0.996895
177.452 -15.193 -5.89937 251.68 0.00758599 -0.0763235 0.0236602 0.996773
177.869 -15.9107 -6.07268 256.203 0.00776616 -0.0769849 0.0236316 0.996722
177.974 -16.0857 -6.11281 257.319 0.00513471 -0.0772234 0.0229937 0.996735
178.181 -16.4363 -6.18786 259.565 0.00526908 -0.0772567 0.0250015 0.996684
178.598 -17.1448 -6.37796 264.012 0.00852498 -0.0764151 0.0238139 0.996755
178.806 -17.4904 -6.45203 266.225 0.00315461 -0.0765388 0.0238151 0.996777
179.327 -18.3235 -6.66687 271.614 0.0054217 -0.0781202 0.0303097 0.996468
179.535 -18.6626 -6.7235 273.774 -0.00388177 -0.0782584 0.0306016 0.996456
179.951 -19.3485 -6.87038 277.884 0.0121379 -0.0780761 0.0258081 0.996539
180.368 -20.0208 -7.00509 281.954 -1.83597e-05 -0.0791656 0.0226581 0.996604
180.576 -20.3364 -7.05436 283.878 0.00146013 -0.079726 0.0234435 0.99654
180.784 -20.655 -7.11788 285.818 0.00561655 -0.0796782 0.0243285 0.996508
181.201 -21.283 -7.24906 289.661 0.00809983 -0.0771248 0.0229869 0.996724
