0.416979 -171.537 -6.15931 84.4865 0.00288141 0.668987 0.037436 0.742325
1.04261 -168.049 -6.06783 84.8874 0.00692177 0.666118 0.035093 0.744988
1.66811 -164.161 -5.95639 85.3814 -0.00340919 0.663373 0.0380145 0.747315
1.8766 -162.785 -5.89453 85.5626 0.000908652 0.662917 0.0327872 0.747974
2.29361 -159.746 -5.76589 85.9522 -0.00526539 0.661588 0.0414755 0.748701
2.50211 -158.13 -5.68359 86.1606 -0.00317537 0.661787 0.0411601 0.748554
2.9191 -154.681 -5.54009 86.5983 0.00515737 0.663382 0.0350056 0.747444
3.12748 -152.843 -5.48708 86.8311 0.00472818 0.663351 0.0343928 0.747503
3.33598 -150.957 -5.43934 87.075 0.00453678 0.663458 0.0316013 0.747532
3.75273 -147.062 -5.35499 87.5752 0.00276663 0.663297 0.0290944 0.747786
3.96123 -145.056 -5.31217 87.8304 0.001117 0.663004 0.0295257 0.748032
4.37798 -140.963 -5.21879 88.3542 0.000598128 0.662628 0.0290229 0.748386
4.58636 -138.862 -5.16575 88.6238 -0.00163516 0.662142 0.031272 0.748724
5.00311 -134.593 -5.03798 89.1815 -0.00191918 0.661279 0.0314854 0.749477
5.21151 -132.443 -4.97604 89.4654 -0.00298085 0.660656 0.0326985 0.74997
5.41986 -130.301 -4.91422 89.7551 -0.00425357 0.660193 0.0330311 0.750357
5.83673 -125.962 -4.7964 90.3465 -0.00341679 0.660224 0.0299811 0.750462
6.04511 -123.773 -4.73396 90.639 -0.00438199 0.660255 0.0313818 0.750373
6.14935 -122.698 -4.70396 90.784 -0.00404766 0.660408 0.0310892 0.750253
6.56611 -118.365 -4.59448 91.3561 0.000597584 0.660924 0.0289875 0.749893
6.77449 -116.209 -4.55108 91.6351 0.00143826 0.661072 0.0303737 0.749706
7.19124 -111.837 -4.42931 92.1967 0.000356247 0.66124 0.0364057 0.749291
7.39951 -109.648 -4.37069 92.4831 0.00280453 0.661342 0.0337455 0.74932
7.81623 -105.289 -4.27533 93.0641 -0.000352163 0.661986 0.030805 0.748883
8.02461 -103.109 -4.22252 93.3449 -0.000239204 0.661949 0.0321211 0.74886
8.23286 -100.917 -4.16755 93.6249 -0.000649441 0.661645 0.0343023 0.749032
8.64949 -96.5488 -4.05678 94.1951 0.00165057 0.660822 0.0328037 0.749824
8.85773 -94.3883 -4.00538 94.49 -0.00151698 0.660318 0.0337304 0.750227
9.27436 -90.1283 -3.881 95.0713 -0.00288621 0.659457 0.0334591 0.750992
9.48261 -88.0669 -3.82594 95.3516 -0.00233733 0.658952 0.0341786 0.751404
9.89911 -84.1144 -3.71721 95.8992 -0.00326017 0.657259 0.0371612 0.752741
10.1075 -82.2477 -3.66592 96.1737 -0.00221919 0.654803 0.0369326 0.754894
10.5241 -78.8087 -3.5732 96.7196 -0.00442969 0.650048 0.0372918 0.758965
10.7325 -77.2277 -3.52876 96.9903 -0.00598132 0.647976 0.0363545 0.760769
10.9409 -75.7589 -3.49346 97.2521 -0.00515744 0.646007 0.0334982 0.762578
11.1492 -74.4361 -3.46289 97.4995 -0.00418246 0.644344 0.0297426 0.764146
11.4621 -72.6684 -3.42949 97.8272 -0.00732613 0.645382 0.0270013 0.763347
12.0882 -69.7637 -3.35683 98.2073 -0.0117292 0.668776 0.0286692 0.742819
12.4016 -68.5289 -3.32406 98.238 -0.00716067 0.692156 0.026268 0.721234
12.9244 -66.612 -3.2681 98.0074 -0.00248329 0.749359 0.028661 0.661539
13.1334 -65.8816 -3.25021 97.816 -0.00257849 0.776666 0.0285066 0.629262
13.3424 -65.2002 -3.22782 97.5678 -0.0052869 0.805735 0.0279675 0.591592
13.76 -63.9801 -3.18344 96.8866 -0.00599161 0.861481 0.0261086 0.507083
14.1775 -62.8833 -3.12327 95.9442 -0.0100275 0.911746 0.0173512 0.410265
14.5947 -61.9938 -3.06418 94.6935 -0.0131327 0.952019 0.0206967 0.305055
15.012 -61.3563 -3.01749 93.2224 -0.0194574 0.980055 0.0163637 0.197096
15.4281 -60.9682 -2.97393 91.4956 -0.0122349 0.992724 0.0131065 0.119069
15.8439 -60.6373 -2.93102 89.462 -0.0191936 0.997264 0.0181655 0.069044
16.3634 -60.4171 -2.85529 86.4997 -0.0134377 0.999254 0.0113461 0.0343795
16.571 -60.3398 -2.83353 85.1732 -0.00966582 0.999304 0.0140262 0.0331834
17.1946 -59.9883 -2.75416 80.8106 -0.0132011 0.999141 0.0138279 0.0367782
17.5067 -59.8045 -2.71193 78.4605 -0.0138615 0.999117 0.0163956 0.0361011
18.1316 -59.4419 -2.60345 73.5503 -0.0146274 0.999252 0.0146282 0.0326592
18.3399 -59.3173 -2.57509 71.8664 -0.0164224 0.999263 0.014789 0.0313799
18.7565 -59.0649 -2.50548 68.4496 -0.0220096 0.999037 0.0226932 0.0304387
18.9649 -58.9536 -2.47307 66.7814 -0.0190994 0.999226 0.0138575 0.031475
19.3818 -58.723 -2.4177 63.4229 -0.0152243 0.999153 0.0196343 0.0328104
19.5903 -58.5969 -2.3848 61.7638 -0.0172358 0.999156 0.0187611 0.0322288
20.0071 -58.3734 -2.32349 58.4927 -0.0198134 0.999241 0.0182358 0.0281461
20.4246 -58.1834 -2.264 55.3172 -0.0206961 0.999323 0.0185683 0.024081
20.6331 -58.1041 -2.23515 53.7622 -0.0195619 0.999363 0.0191369 0.0228856
21.0497 -57.9471 -2.17582 50.7301 -0.021516 0.999348 0.0205879 0.0204032
21.2583 -57.8788 -2.14969 49.3018 -0.0211791 0.99939 0.0194207 0.0198654
21.6755 -57.7482 -2.10383 46.5034 -0.0210749 0.999441 0.016894 0.0197225
21.8839 -57.6798 -2.08047 45.1192 -0.0226624 0.999411 0.0169741 0.0194031
22.3012 -57.552 -2.03655 42.379 -0.024364 0.999393 0.0179264 0.0172925
22.5098 -57.5074 -2.01589 41.0456 -0.0246411 0.999498 0.0160927 0.0116901
23.0313 -57.4772 -1.96841 37.6447 -0.0276548 0.999514 0.0139954 -0.00330699
23.2397 -57.4823 -1.94473 36.2353 -0.0286132 0.999444 0.0157331 -0.00678424
23.6565 -57.5143 -1.88964 33.3198 -0.0274964 0.999432 0.0170154 -0.00948889
23.865 -57.5545 -1.86734 31.8275 -0.0209235 0.999644 0.0131929 -0.0100139
24.0734 -57.5742 -1.84394 30.315 -0.0216233 0.999616 0.0136446 -0.0106598
24.4904 -57.6236 -1.80208 27.3015 -0.0209792 0.999564 0.0168556 -0.0121612
24.6989 -57.6548 -1.77942 25.8042 -0.0207791 0.999546 0.0164195 -0.0143913
25.116 -57.7337 -1.73386 22.7746 -0.0217879 0.999486 0.0154305 -0.0177232
25.3244 -57.7778 -1.70905 21.2389 -0.0224749 0.999457 0.0149716 -0.0188681
25.7414 -57.8825 -1.65588 18.0918 -0.0242033 0.999302 0.0180952 -0.0219788
25.95 -57.9504 -1.62547 16.4964 -0.0240201 0.999276 0.0171024 -0.0240484
26.1585 -58.0272 -1.60207 14.8724 -0.0223215 0.999346 0.0135108 -0.0250205
26.5755 -58.1867 -1.57132 11.5351 -0.0186729 0.999426 0.0126733 -0.0252774
26.784 -58.2543 -1.55142 9.83586 -0.0194256 0.999413 0.0146302 -0.0241175
27.2009 -58.3807 -1.5 6.38921 -0.0191003 0.999469 0.0160109 -0.0209701
27.4094 -58.4345 -1.47542 4.65796 -0.0197777 0.999559 0.0110196 -0.0192009
27.6179 -58.4822 -1.4603 2.9037 -0.020201 0.999541 0.0135761 -0.018054
28.035 -58.5804 -1.42138 -0.598431 -0.0190478 0.999553 0.0155947 -0.0169637
28.2434 -58.6357 -1.40278 -2.33107 -0.0167412 0.999607 0.0155942 -0.0161962
28.6604 -58.7024 -1.36435 -5.78185 -0.0226879 0.999493 0.0163858 -0.0151857
29.1818 -58.8027 -1.33019 -10.0217 -0.0254148 0.999451 0.0124465 -0.0172056
29.3903 -58.8492 -1.32527 -11.6781 -0.0242379 0.99949 0.0106106 -0.0178637
29.8073 -58.9446 -1.32526 -14.9228 -0.026357 0.999376 0.0095326 -0.0214746
30.0159 -59.0055 -1.32724 -16.5115 -0.0275343 0.999287 0.00734809 -0.0247518
30.2244 -59.0821 -1.3357 -18.0974 -0.0268192 0.999217 0.00803655 -0.0279502
30.4329 -59.1591 -1.34699 -19.6744 -0.0285851 0.999122 0.0051974 -0.0301772
30.85 -59.3453 -1.38286 -22.7735 -0.0275229 0.998973 0.00503998 -0.0356251
31.0584 -59.4479 -1.40138 -24.3027 -0.0283463 0.99888 0.00451652 -0.0376081
31.4754 -59.6699 -1.44987 -27.3258 -0.0283479 0.998703 -0.00294739 -0.0421805
31.6839 -59.7886 -1.48042 -28.8343 -0.0283837 0.998584 -0.00288486 -0.0448947
32.1012 -60.091 -1.54669 -31.818 -0.0267983 0.997989 5.50906e-05 -0.0574428
32.3099 -60.2801 -1.57899 -33.2831 -0.0275183 0.997245 -0.00102492 -0.0688749
32.7271 -60.7817 -1.65221 -36.1687 -0.0227565 0.99546 -0.00128069 -0.092407
33.1442 -61.3822 -1.71942 -38.9938 -0.0157817 0.994132 0.000232784 -0.107014
33.3525 -61.7049 -1.74382 -40.3881 -0.0092334 0.993999 0.00342609 -0.108942
33.5609 -62.0069 -1.76788 -41.755 -0.00714133 0.993969 0.00181636 -0.109416
33.9778 -62.5915 -1.81292 -44.4542 -0.00436137 0.994292 0.0029321 -0.106567
34.394 -63.1228 -1.853 -47.0761 -0.00198967 0.995003 0.00149195 -0.099818
34.6023 -63.3625 -1.87455 -48.3603 -0.00101058 0.995505 0.00355677 -0.0946368
35.0195 -63.8063 -1.89834 -50.8673 0.00257175 0.996201 0.00690396 -0.0867723
35.2275 -63.9963 -1.91231 -52.088 0.000292273 0.996506 0.00686334 -0.0832429
35.6442 -64.3316 -1.92926 -54.4596 -5.06527e-05 0.997519 0.00372752 -0.070302
35.8524 -64.4578 -1.94108 -55.6211 0.000592634 0.998262 0.00545572 -0.0586838
36.0606 -64.5445 -1.95088 -56.7714 0.000559779 0.999 0.006419 -0.0442527
36.4769 -64.551 -1.9624 -59.0498 -0.00362266 0.999969 0.00666968 -0.00209009
36.6852 -64.472 -1.9671 -60.1754 -0.0091305 0.999776 0.00548554 0.0182892
37.1029 -64.2619 -1.97186 -62.4101 -0.023914 0.999252 0.00883804 0.0290911
37.3117 -64.2167 -1.97229 -63.5137 -0.0258358 0.999478 0.0109891 0.016013
37.7296 -64.2244 -1.96846 -65.6729 -0.0284197 0.999455 0.0121211 -0.0116533
37.9385 -64.2878 -1.96632 -66.7241 -0.0273817 0.999154 0.0125187 -0.0280272
38.3559 -64.4929 -1.9617 -68.781 -0.0280483 0.997952 0.0141449 -0.0557218
38.5644 -64.6401 -1.96025 -69.7789 -0.0239136 0.997434 0.0121879 -0.0663686
38.7727 -64.7837 -1.95937 -70.768 -0.023319 0.997013 0.0118637 -0.0726695
38.9811 -64.9278 -1.95448 -71.7466 -0.0234116 0.996789 0.0129681 -0.0754642
39.6064 -65.3837 -1.94393 -74.653 -0.0235819 0.996135 0.0108458 -0.0839077
39.9195 -65.6749 -1.94433 -76.2048 -0.0213968 0.995443 0.0107397 -0.0923081
40.2323 -65.9966 -1.9384 -77.8176 -0.0214835 0.994621 0.00839069 -0.100978
40.962 -66.8912 -1.94515 -81.7616 -0.0149274 0.993261 0.0136209 -0.114122
41.6913 -67.7884 -1.93107 -85.7109 -0.0141398 0.993769 0.0126954 -0.109825
42.0038 -68.1242 -1.93095 -87.2833 -0.012985 0.994354 0.0104563 -0.1048
42.8368 -68.772 -1.92377 -90.9574 -0.0109895 0.996999 0.0182053 -0.0744326
43.1489 -68.8688 -1.91129 -92.1395 -0.010653 0.998819 0.0143207 -0.0451952
43.4609 -68.8456 -1.89226 -93.3158 -0.0136205 0.999763 0.0168938 -0.00196695
44.0852 -68.4543 -1.83008 -95.5872 -0.0203825 0.99496 0.0262449 0.0946106
44.5011 -67.9461 -1.76314 -97.0016 -0.0180264 0.985153 0.0248278 0.168916
44.7094 -67.5719 -1.72305 -97.7014 -0.019873 0.976863 0.0230769 0.211685
45.1253 -66.5776 -1.65073 -99.0807 -0.0157658 0.952272 0.0182513 0.304297
45.2293 -66.2831 -1.63009 -99.413 -0.0125108 0.944375 0.0184977 0.328113
45.4374 -65.5767 -1.5919 -100.067 -0.0145918 0.927134 0.0198708 0.373917
45.8539 -63.8434 -1.50563 -101.321 -0.0135739 0.886968 0.0216585 0.461123
46.2711 -61.7047 -1.40319 -102.406 -0.0120923 0.84832 0.0241983 0.528793
46.4799 -60.4834 -1.34328 -102.905 -0.0130746 0.832899 0.0269884 0.552611
46.8978 -57.7869 -1.20006 -103.852 -0.00834249 0.810917 0.0330493 0.584168
47.1065 -56.3294 -1.12307 -104.277 -0.00619643 0.800476 0.0339094 0.598372
47.5243 -53.2034 -0.96683 -105.035 -0.00915129 0.787061 0.0327717 0.615936
47.7333 -51.5642 -0.882569 -105.423 -0.0095431 0.786411 0.0331815 0.616738
47.9422 -49.8714 -0.797726 -105.836 -0.00700835 0.786445 0.0339606 0.616687
48.3594 -46.3446 -0.621166 -106.689 -0.00761412 0.787134 0.0358583 0.615692
48.5679 -44.5403 -0.532267 -107.134 -0.00712989 0.787595 0.0371881 0.615028
48.985 -40.9333 -0.350533 -108.025 -0.00652584 0.787948 0.0409126 0.614346
49.1933 -39.127 -0.252709 -108.474 -0.0046939 0.787901 0.0418078 0.614363
49.6102 -35.5335 -0.0682059 -109.353 -0.00287168 0.787059 0.0411564 0.615496
49.8186 -33.7231 0.0228517 -109.784 -0.00380422 0.786346 0.0412795 0.616393
50.0269 -31.9149 0.115149 -110.212 -0.00396064 0.785498 0.0409249 0.617496
50.4437 -28.3194 0.300012 -111.05 -0.00387406 0.783494 0.0428316 0.619909
50.652 -26.5456 0.392729 -111.456 -0.00284764 0.782377 0.0437607 0.621259
51.0687 -23.0685 0.575712 -112.226 -0.00356137 0.779691 0.0458182 0.624476
51.277 -21.3939 0.663915 -112.585 -0.00335877 0.77825 0.0464874 0.626223
51.4855 -19.7908 0.747853 -112.916 -0.00134324 0.776946 0.0428499 0.628106
52.0065 -16.089 0.920485 -113.64 -0.00449476 0.771268 0.0459405 0.634835
52.2152 -14.7704 0.984038 -113.875 -0.00463512 0.768909 0.0446953 0.637777
52.7365 -11.9231 1.11358 -114.36 -0.00333351 0.76662 0.0395139 0.640876
53.0492 -10.4423 1.1751 -114.612 -0.00388406 0.765674 0.0388887 0.64204
53.3618 -9.02804 1.23156 -114.84 -0.0015988 0.761165 0.0401675 0.647311
53.6741 -7.66153 1.2841 -114.992 0.000873914 0.747071 0.0408375 0.663488
54.0898 -5.96124 1.34488 -114.978 0.000426861 0.708589 0.0408722 0.704437
54.2977 -5.1533 1.36591 -114.869 -0.00121961 0.68165 0.0408039 0.730539
54.5055 -4.36545 1.38471 -114.683 -0.00401526 0.649637 0.037889 0.759289
54.7135 -3.60558 1.41011 -114.428 -0.00678643 0.61319 0.0364373 0.789066
55.1294 -2.21335 1.44186 -113.715 -0.0103786 0.52509 0.0397932 0.850052
55.7536 -0.572239 1.49976 -112.164 -0.0102469 0.365185 0.0393641 0.930046
55.9619 -0.177832 1.51285 -111.533 -0.0101642 0.309229 0.0407934 0.950058
56.066 -0.00572475 1.51775 -111.201 -0.0104745 0.281062 0.0420534 0.958711
56.4828 0.424441 1.52882 -109.8 -0.00740451 0.171558 0.0329465 0.984595
56.5871 0.497687 1.52986 -109.429 -0.0059651 0.145826 0.0316957 0.988784
56.9002 0.611325 1.52026 -108.297 -0.00206029 0.0802422 0.0256419 0.996443
57.1092 0.662574 1.52318 -107.525 -2.68634e-05 0.0476467 0.0302788 0.998405
57.6318 0.630756 1.49812 -105.399 -0.00269384 -7.32554e-05 0.0260762 0.999656
57.8407 0.598527 1.49383 -104.449 0.0027111 -0.0162395 0.0296883 0.999424
58.0495 0.524008 1.48293 -103.412 0.00357272 -0.0331916 0.0320724 0.998928
58.4671 0.227326 1.43944 -101.094 0.00115495 -0.0569433 0.0241889 0.998084
58.8849 -0.131478 1.40024 -98.4816 0.00100206 -0.0626167 0.0189675 0.997857
59.3029 -0.488801 1.35988 -95.5701 0.000940689 -0.0497639 0.0102329 0.998708
59.4075 -0.560086 1.3495 -94.7942 0.000879158 -0.044733 0.00927426 0.998956
59.6165 -0.688514 1.33039 -93.1914 0.00099644 -0.0348014 0.00706958 0.999369
60.0336 -0.851979 1.28722 -89.7793 -0.000863632 -0.01373 0.00407691 0.999897
60.2421 -0.886888 1.26646 -87.9981 -0.00276489 -0.00469032 0.00462552 0.999974
60.6589 -0.864603 1.22763 -84.4229 -0.00355269 0.00842293 0.00644158 0.999937
61.0757 -0.805615 1.18506 -80.8318 -0.00267263 0.0115692 0.00672412 0.999907
61.2841 -0.771107 1.16219 -79.021 -0.0025539 0.0127073 0.00617236 0.999897
61.4923 -0.733432 1.13703 -77.2154 -0.00276317 0.0130494 0.00611296 0.999892
61.9091 -0.670816 1.08435 -73.6038 -0.00101298 0.0118382 0.00534717 0.999915
62.1174 -0.644493 1.06012 -71.7871 -0.00350993 0.0111767 0.00466693 0.99992
62.5342 -0.590686 1.02117 -68.1536 -0.00372395 0.0106023 0.0039245 0.999929
62.7427 -0.557485 0.999526 -66.3412 -0.00441538 0.0118728 0.00367621 0.999913
62.9512 -0.517468 0.977933 -64.5342 -0.00444017 0.0135252 0.00361007 0.999892
63.3682 -0.415536 0.93835 -61.0054 -0.00307013 0.0147089 0.00300319 0.999883
63.5766 -0.373969 0.91727 -59.2258 -0.00321762 0.0155558 0.00353924 0.999868
63.9936 -0.280733 0.875297 -55.682 -0.00288815 0.0166211 0.00461719 0.999847
64.2021 -0.234299 0.85274 -53.9116 -0.000997893 0.017269 0.00488176 0.999838
64.7234 -0.0965247 0.78963 -49.4201 -0.00163612 0.0197361 0.00550742 0.999789
64.9317 -0.0224566 0.770864 -47.5854 -0.0036174 0.0209442 0.00915258 0.999732
65.349 0.1114 0.725637 -43.8865 0.000403562 0.0223043 0.00850073 0.999715
65.5573 0.175116 0.696652 -42.0194 -0.000271035 0.0211136 0.00788929 0.999746
65.974 0.267271 0.638614 -38.2291 -0.000754216 0.0131492 0.00921166 0.999871
66.1823 0.279944 0.611475 -36.2932 -0.00196418 0.00815662 0.00862507 0.999928
66.5994 0.273246 0.550853 -32.3784 0.00244507 0.00349436 0.00674041 0.999968
66.8077 0.28446 0.514026 -30.3791 0.0022047 0.00262929 0.00971825 0.999947
67.0179 0.291266 0.479482 -28.3539 -0.000676682 0.00177068 0.0116025 0.999931
67.4332 0.262467 0.4193 -24.3759 -0.00372897 0.000619387 0.0110134 0.999932
67.6417 0.240388 0.388773 -22.396 -0.00305073 0.000193185 0.0104912 0.99994
68.0586 0.205385 0.331451 -18.4806 -0.00137099 -0.000465343 0.00934844 0.999955
68.267 0.189069 0.300489 -16.5274 -0.00135398 -0.000382994 0.00879446 0.99996
68.4754 0.176773 0.270213 -14.5798 -0.00109186 6.87347e-05 0.00879044 0.999961
68.6838 0.167482 0.23903 -12.6267 -0.00184947 0.000177225 0.00860936 0.999961
69.1004 0.151818 0.172235 -8.70261 -0.0015046 0.000679751 0.00807818 0.999966
69.3088 0.140843 0.146727 -6.71584 -0.00360371 0.000366745 0.00796077 0.999962
69.5172 0.123806 0.12231 -4.73122 -0.00302166 -0.000127133 0.00731311 0.999969
69.9339 0.0726287 0.0709779 -0.789674 -0.00184587 -0.000961572 0.00354115 0.999992
70.1423 0.0425867 0.0383079 1.1712 0.00138921 0.000567976 1.97832e-06 0.999999
70.3508 0.0322175 -0.00118792 3.12686 -0.000806473 0.00273904 0.000111921 0.999996
70.5592 0.0447685 -0.0294974 5.08412 -0.00267525 0.00479577 0.00123549 0.999984
70.9763 0.0802556 -0.0745118 8.97706 -0.00369637 0.00922536 0.000480342 0.99995
71.1845 0.110386 -0.0970642 10.9162 -0.000705931 0.0108559 0.00023761 0.999941
71.3928 0.145289 -0.12511 12.8718 0.000811636 0.0114529 0.000176666 0.999934
71.8095 0.2174 -0.194052 16.8372 -0.000935499 0.0109752 0.0038077 0.999932
72.0178 0.24873 -0.222945 18.8051 -0.00319019 0.00965089 0.00539404 0.999934
72.2261 0.271848 -0.245272 20.7696 -0.00613316 0.00945615 0.00487776 0.999925
72.4346 0.294418 -0.268948 22.7384 -6.01346e-05 0.0106564 0.00612444 0.999924
72.8513 0.351131 -0.338074 26.727 -0.00309245 0.0104847 0.00833502 0.999906
73.0596 0.365056 -0.368165 28.7052 -0.00308893 0.0091684 0.00847376 0.999917
73.4763 0.383549 -0.423557 32.7244 -0.00316392 0.00310165 0.0117243 0.999921
73.6846 0.370705 -0.4506 34.753 -0.00272239 9.90337e-05 0.0120777 0.999923
74.1013 0.317961 -0.504391 38.8019 -0.00377194 -0.00317831 0.0103682 0.999934
74.3098 0.290135 -0.5275 40.8543 -0.00324131 -0.0035791 0.00915924 0.999946
74.7267 0.232279 -0.582714 44.9346 -0.00286994 -0.00471343 0.00968431 0.999938
74.9351 0.197825 -0.610835 46.9596 -0.00349896 -0.00595947 0.00993971 0.999927
75.1434 0.158608 -0.640038 48.9658 -0.00262561 -0.00718309 0.0105124 0.999915
75.5601 0.0598402 -0.710587 52.8944 0.00171322 -0.0109489 0.0127845 0.999857
75.9766 -0.0675862 -0.79983 56.8612 -0.000428403 -0.0154059 0.0140393 0.999783
76.185 -0.142649 -0.836066 58.7991 -0.000820161 -0.0158832 0.0127538 0.999792
76.3933 -0.214182 -0.862832 60.7031 -0.00141121 -0.0155752 0.0114573 0.999812
76.8101 -0.366719 -0.923955 64.5478 -0.00245998 -0.0157948 0.0100466 0.999822
77.0183 -0.440324 -0.948666 66.4025 -0.00286601 -0.0174057 0.00920564 0.999802
77.4361 -0.624878 -1.00927 70.0355 -0.00319142 -0.0213134 0.00842342 0.999732
77.6433 -0.718385 -1.03114 71.7722 -0.00276905 -0.0235368 0.00781696 0.999689
78.0601 -0.926395 -1.09011 75.2335 -0.00342588 -0.0265154 0.00721737 0.999616
78.2686 -1.03687 -1.1196 76.923 -0.00369538 -0.0268336 0.00592543 0.999616
78.6857 -1.21517 -1.17475 80.0861 -0.00194694 -0.0221939 0.00460029 0.999741
78.8942 -1.28063 -1.20077 81.5905 -0.00134678 -0.0196416 0.00538865 0.999792
79.4155 -1.41133 -1.269 85.2488 -0.00193214 -0.0143191 0.00729917 0.999869
79.9368 -1.5155 -1.32769 88.7095 -0.00236733 -0.0112944 0.00785204 0.999903
80.2496 -1.54388 -1.35625 90.6481 -0.00380379 -0.00772462 0.00878943 0.999924
80.8754 -1.56388 -1.40369 94.0772 -0.00559849 0.00283833 0.010531 0.999925
81.1882 -1.53132 -1.41977 95.5429 -0.00532058 0.0127025 0.0123525 0.999829
81.8143 -1.31126 -1.453 98.1995 -0.00124612 0.0482755 0.0159442 0.998706
82.1272 -1.10365 -1.46538 99.3772 -0.00153571 0.0724639 0.0170948 0.997223
82.7578 -0.5244 -1.49209 101.365 0.00116031 0.143103 0.0246347 0.9894
83.0667 -0.14192 -1.49811 102.268 -0.00427769 0.190646 0.0268132 0.981283
83.38 0.356926 -1.50573 103.156 -0.00295444 0.24436 0.02966 0.969226
83.7976 1.19169 -1.49054 104.183 0.00427147 0.322095 0.0245288 0.94638
84.0065 1.7241 -1.47343 104.665 0.00445596 0.362381 0.029309 0.931558
84.2151 2.32035 -1.45912 105.133 0.002205 0.403405 0.0304359 0.914512
84.4237 2.98034 -1.45219 105.605 0.00164 0.444584 0.031432 0.895184
84.8408 4.60939 -1.41302 106.463 0.00148111 0.52038 0.0263046 0.853529
85.2577 6.58949 -1.3711 107.132 -0.00415652 0.59089 0.0247461 0.806362
85.4661 7.7169 -1.33475 107.377 -0.0027487 0.621086 0.021404 0.783445
85.882 10.2557 -1.2751 107.724 0.000257081 0.660574 0.0251463 0.750339
86.2975 13.0163 -1.21133 107.991 0.00189107 0.675282 0.0298898 0.736952
86.5051 14.4867 -1.16983 108.114 0.00400763 0.676694 0.0318553 0.735564
86.9207 17.59 -1.08581 108.407 0.00446991 0.673151 0.0329895 0.738756
87.1286 19.1804 -1.05196 108.571 0.00674345 0.67118 0.0314831 0.740594
87.3369 20.7836 -1.01623 108.744 0.00533777 0.669537 0.0322377 0.742059
87.7531 24.0321 -0.944353 109.122 0.00122543 0.668224 0.0318728 0.743276
87.9614 25.6711 -0.9026 109.313 0.000636481 0.667558 0.0301776 0.743946
88.3779 28.9967 -0.821767 109.699 -0.000686088 0.665645 0.0323458 0.745567
88.5864 30.6487 -0.778209 109.895 -0.00116037 0.66408 0.0346813 0.746856
89.0031 33.9201 -0.678963 110.317 -0.00170786 0.661256 0.0361522 0.749287
89.2116 35.5195 -0.631719 110.533 -0.000957817 0.660172 0.0351968 0.750289
89.6284 38.6534 -0.546165 110.963 -0.00255611 0.65965 0.0341765 0.750791
89.8369 40.1562 -0.504436 111.162 -0.00257214 0.659941 0.0353531 0.75048
90.2539 42.9715 -0.430633 111.554 -0.00238118 0.658605 0.0329302 0.751764
90.4622 44.2683 -0.400576 111.729 -0.00416948 0.656523 0.0344715 0.753506
90.9833 47.1041 -0.325712 112.172 -0.0025352 0.651153 0.0335949 0.758199
91.296 48.5754 -0.291388 112.397 -0.00335524 0.652629 0.0328679 0.756957
91.6091 49.9308 -0.255043 112.572 -0.00423036 0.662817 0.0313615 0.748112
92.2359 52.5359 -0.188751 112.627 -0.00316911 0.710705 0.025325 0.703027
92.4449 53.3189 -0.165053 112.527 -0.00288368 0.733688 0.0255754 0.678999
92.654 54.113 -0.136022 112.353 3.05629e-05 0.759051 0.0298764 0.650345
92.8629 54.8802 -0.111004 112.124 0.00325008 0.785293 0.0353886 0.618103
93.2808 56.297 -0.0699258 111.577 0.000435778 0.8374 0.0312917 0.545694
93.6984 57.596 0.00275872 110.725 0.00717841 0.886333 0.0264476 0.462237
94.1158 58.7443 0.035555 109.497 -0.0100522 0.92816 0.0192055 0.371549
94.5331 59.71 0.109372 107.972 -0.012912 0.962315 0.0111203 0.271403
94.7416 60.1371 0.0890249 107.102 -0.0218894 0.974591 0.0133822 0.222517
94.95 60.4141 0.102921 106.207 -0.0203796 0.983332 0.0124803 0.180242
95.4698 61.0481 0.149096 103.476 -0.021882 0.994332 0.0131613 0.103211
95.8859 61.3934 0.193914 101.07 -0.019352 0.998073 0.0102486 0.0580611
96.3015 61.598 0.249887 98.3877 -0.0207853 0.999263 0.0147078 0.0287131
96.7171 61.7411 0.303724 95.3912 -0.0164565 0.99955 0.0152298 0.0199075
96.9249 61.8131 0.339744 93.8252 -0.0167531 0.999564 0.0152976 0.0188796
97.1327 61.8701 0.369364 92.2343 -0.0143252 0.999576 0.0177173 0.0181042
97.5485 62.0234 0.435102 89.0184 -0.0120355 0.999464 0.0181144 0.0244845
97.7565 62.13 0.473084 87.3921 -0.0117221 0.999322 0.0193754 0.0290429
98.174 62.3752 0.543115 84.1178 -0.0142406 0.999204 0.0175723 0.0328581
98.589 62.6473 0.614624 80.8286 -0.020107 0.998976 0.0182541 0.036197
98.6931 62.7162 0.632838 80.0037 -0.0204456 0.998963 0.01803 0.0364552
