170.267 -5.13403 -3.33286 175.432 0.00496073 -0.0335435 0.0175478 0.999271
170.684 -5.45743 -3.43578 179.747 0.00266695 -0.034945 0.0168315 0.999244
171.101 -5.82041 -3.54647 184.071 0.00513195 -0.0388177 0.0129527 0.999149
171.309 -6.005 -3.60801 186.241 0.00541605 -0.0418167 0.0159667 0.998983
171.726 -6.41815 -3.75679 190.59 0.00806959 -0.0461686 0.0154732 0.998781
171.934 -6.64109 -3.82464 192.785 0.00349193 -0.0483839 0.0148953 0.998712
172.143 -6.87325 -3.88652 194.972 0.00496913 -0.0507468 0.0154967 0.998579
172.559 -7.36886 -4.0344 199.348 0.00749552 -0.0559962 0.0159921 0.998275
172.975 -7.91753 -4.17647 203.715 0.0065739 -0.0609827 0.0155589 0.997996
173.183 -8.20382 -4.25121 205.889 0.00792041 -0.0637098 0.0168515 0.997795
173.392 -8.50213 -4.3296 208.07 0.00785957 -0.0658283 0.0173823 0.997649
173.808 -9.12151 -4.48883 212.464 0.00678298 -0.0695742 0.0198863 0.997355
174.016 -9.45188 -4.56476 214.711 0.00682768 -0.0710936 0.0202711 0.99724
174.433 -10.1241 -4.72366 219.146 0.00877145 -0.0736767 0.0215579 0.997011
174.746 -10.627 -4.84456 222.472 0.00639982 -0.0743866 0.0250778 0.996894
174.85 -10.7945 -4.88217 223.564 0.00656389 -0.0742848 0.0253948 0.996892
174.954 -10.9721 -4.91919 224.683 0.00834674 -0.0745236 0.0241386 0.996892
175.37 -11.6647 -5.0996 229.148 0.00841492 -0.0745907 0.0213349 0.99695
175.579 -12.0126 -5.18399 231.4 0.00611345 -0.0755351 0.0207565 0.996908
175.995 -12.7269 -5.3322 235.861 0.00832988 -0.0760091 0.0188432 0.996894
176.203 -13.0853 -5.41406 238.116 0.00812321 -0.0759837 0.0183341 0.996907
176.412 -13.4431 -5.49318 240.374 0.00737846 -0.0757055 0.0185293 0.996931
176.62 -13.7909 -5.57283 242.647 0.00712399 -0.0753918 0.0195116 0.996938
177.036 -14.5017 -5.75194 247.205 0.00862984 -0.0756295 0.0188407 0.996921
177.244 -14.849 -5.83448 249.463 0.00769682 -0.0758723 0.0201201 0.996885
177.452 -15.1897 -5.91528 251.711 0.00719404 -0.0766541 0.0227837 0.996771
177.869 -15.9082 -6.0815 256.196 0.00736266 -0.0772154 0.0231077 0.996719
178.077 -16.2667 -6.15424 258.452 0.00261155 -0.0773383 0.0236337 0.996721
178.494 -16.9793 -6.33149 262.898 0.0122521 -0.0764432 0.0240416 0.996709
178.702 -17.3273 -6.41614 265.112 0.00408017 -0.0761345 0.0253217 0.996768
179.223 -18.1727 -6.61691 270.524 0.0122641 -0.0768797 0.0304325 0.9965
179.639 -18.8553 -6.73586 274.82 -0.00162578 -0.0775078 0.0311202 0.996505
179.847 -19.1992 -6.81059 276.875 0.0100536 -0.0774671 0.0287111 0.996531
180.264 -19.8699 -6.96336 280.946 -0.000487344 -0.0783836 0.0249206 0.996612
180.472 -20.1965 -7.01593 282.928 0.000396349 -0.0792165 0.02526 0.996537
180.888 -20.8339 -7.1353 286.836 0.00571381 -0.0790968 0.0272603 0.996478
181.097 -21.1467 -7.20611 288.777 0.0052244 -0.0775338 0.0264811 0.996624
181.513 -21.7539 -7.3486 292.552 0.00667243 -0.0765678 0.0245276 0.99674
181.721 -22.0507 -7.42023 294.397 0.00591053 -0.0776585 0.0240457 0.996672
182.138 -22.6814 -7.5575 298.009 0.00615973 -0.084432 0.0200349 0.996209
182.346 -23.0005 -7.61402 299.796 0.00414135 -0.0891206 0.0239557 0.995724
182.762 -23.7 -7.74862 303.306 0.00785426 -0.10105 0.026086 0.994508
182.97 -24.0879 -7.81901 305.038 0.0037794 -0.108096 0.0249065 0.993821
183.387 -24.9127 -7.95181 308.4 0.00880757 -0.117705 0.0209843 0.992788
183.596 -25.3423 -8.0216 310.067 0.00645595 -0.118077 0.0154573 0.992863
184.013 -26.1619 -8.13642 313.351 0.00349424 -0.116027 0.0101438 0.993188
184.222 -26.5486 -8.1862 314.925 0.0063358 -0.111931 0.00561561 0.99368
184.639 -27.1809 -8.29253 317.961 0.00565865 -0.0886877 0.000779847 0.996043
184.848 -27.4159 -8.34057 319.439 0.00501126 -0.076469 0.00213928 0.997057
185.265 -27.7577 -8.42645 322.281 0.0028066 -0.0495382 0.00155321 0.998767
185.473 -27.8552 -8.46423 323.628 0.00284509 -0.0349804 0.00232958 0.999381
185.682 -27.9044 -8.50056 324.932 0.00329248 -0.0203995 0.00449923 0.999776
186.203 -27.8601 -8.58977 327.939 0.0053884 0.0159168 0.00860229 0.999822
186.828 -27.5864 -8.68566 331.223 0.00317849 0.0471005 0.0141935 0.998784
187.452 -27.3243 -8.76177 334.093 0.00175836 0.0383889 0.0193904 0.999073
187.66 -27.2883 -8.78428 334.944 0.00164299 0.0247373 0.0209981 0.999472
188.284 -27.4328 -8.84349 337.193 0.00144746 -0.0476793 0.0227949 0.998602
188.596 -27.6945 -8.87712 338.156 0.00445839 -0.0998223 0.0172677 0.994845
188.804 -27.9177 -8.90295 338.757 0.00886062 -0.13688 0.0157828 0.990422
189.22 -28.4847 -8.94652 339.857 0.011353 -0.208027 0.0100021 0.978006
189.428 -28.8256 -8.97344 340.348 0.0144082 -0.241741 0.00444459 0.970224
189.845 -29.5583 -9.02539 341.272 0.0128764 -0.304193 -0.00190933 0.952521
190.367 -30.6074 -9.06369 342.304 0.0172845 -0.363396 -0.0124408 0.931391
190.679 -31.2535 -9.11455 342.916 0.0180589 -0.389699 -0.00719691 0.920737
191.304 -32.7134 -9.1804 344.057 0.0222373 -0.440866 -0.000398133 0.897297
191.513 -33.272 -9.21342 344.416 0.0182244 -0.463554 -0.00058499 0.885881
191.93 -34.5157 -9.28022 345.052 0.0164601 -0.51288 -0.00191322 0.858301
192.138 -35.2111 -9.30539 345.342 0.0161986 -0.540015 0.000180986 0.8415
192.346 -35.9736 -9.32468 345.594 0.0195323 -0.567752 0.000260693 0.822968
192.554 -36.8183 -9.35068 345.806 0.0211744 -0.59558 -0.0024815 0.803013
192.971 -38.7478 -9.41875 346.168 0.0192551 -0.635769 -0.00428126 0.771628
193.179 -39.8424 -9.44744 346.336 0.018595 -0.644538 -0.00517501 0.764329
193.388 -41.0278 -9.48483 346.515 0.0139204 -0.654711 -9.48297e-05 0.755751
193.805 -43.7107 -9.55402 346.752 0.0123124 -0.6786 0.0028695 0.7344
194.013 -45.2305 -9.59692 346.82 0.00967007 -0.68955 0.00177359 0.724171
194.222 -46.8411 -9.63442 346.851 0.0113875 -0.698008 0.00309662 0.715992
194.639 -50.3501 -9.72521 346.853 0.010716 -0.705992 0.00222275 0.708136
195.056 -54.2238 -9.82108 346.828 0.0088547 -0.708706 0.00315289 0.705441
195.161 -55.2558 -9.84676 346.818 0.00739292 -0.709291 0.00338562 0.704869
195.577 -59.6015 -9.94721 346.752 0.0087915 -0.711576 0.00659303 0.702523
195.89 -63.1187 -10.0424 346.671 0.00716467 -0.712983 0.00322947 0.701137
196.099 -65.4956 -10.0976 346.616 0.00169711 -0.714178 0.000144861 0.699962
196.307 -67.8751 -10.1529 346.554 0.00167529 -0.715567 0.00177263 0.69854
196.724 -72.6212 -10.2768 346.373 0.00542409 -0.718775 -0.000566593 0.695221
196.932 -74.9888 -10.3349 346.269 0.00507291 -0.72051 -0.00112581 0.693425
197.349 -79.7142 -10.4482 346.036 0.00398216 -0.723573 -0.00130125 0.690235
197.557 -82.0714 -10.5045 345.9 0.00543952 -0.724572 -0.00267363 0.689173
197.974 -86.7641 -10.6152 345.622 0.00697517 -0.725621 -0.0026859 0.688054
198.182 -89.1225 -10.6727 345.483 0.00515344 -0.726337 -0.00295878 0.687313
198.39 -91.4579 -10.7262 345.335 0.00556141 -0.727207 -0.00355382 0.686386
198.599 -93.7306 -10.7771 345.18 0.00667399 -0.72842 -0.00438009 0.685085
199.015 -98.311 -10.8839 344.846 0.00913181 -0.730728 -0.00339117 0.6826
199.223 -100.599 -10.9411 344.669 0.00878963 -0.731125 -0.0050254 0.682168
199.64 -105.137 -11.0471 344.319 0.00995063 -0.730804 -0.00400252 0.682503
199.848 -107.387 -11.1075 344.149 0.0113352 -0.728747 -0.00509467 0.68467
200.057 -109.6 -11.1704 344.01 0.0109682 -0.725853 -0.00376589 0.687752
200.473 -113.989 -11.2838 343.791 0.00544724 -0.721989 -0.0053503 0.691862
200.682 -116.188 -11.3179 343.677 0.00543785 -0.720435 -0.0112171 0.693411
201.098 -120.563 -11.4026 343.479 0.012006 -0.720038 -0.00476526 0.693815
201.306 -122.783 -11.4531 343.386 0.00879608 -0.720105 -0.00695002 0.693774
201.723 -127.163 -11.5305 343.192 0.00894659 -0.719303 -0.00941044 0.694575
202.14 -131.503 -11.6124 342.999 0.00816009 -0.720906 -0.00838157 0.692934
202.348 -133.672 -11.6547 342.888 0.00845278 -0.722077 -0.00950973 0.691695
202.556 -135.822 -11.694 342.773 0.00869136 -0.723421 -0.00953923 0.690287
202.973 -140.078 -11.7727 342.516 0.0104592 -0.725727 -0.0103139 0.687826
203.39 -144.304 -11.8512 342.239 0.0114059 -0.726656 -0.012216 0.686798
203.598 -146.396 -11.8896 342.103 0.0123972 -0.72642 -0.0121465 0.687031
203.806 -148.48 -11.93 341.969 0.0136254 -0.725775 -0.0126007 0.687682
204.223 -152.63 -12.0101 341.738 0.0137736 -0.72182 -0.0141602 0.691799
204.432 -154.667 -12.0506 341.644 0.0139687 -0.71998 -0.0134012 0.693725
204.849 -158.736 -12.1333 341.48 0.0141513 -0.717521 -0.0130413 0.696271
205.057 -160.739 -12.1754 341.41 0.0141672 -0.716725 -0.0129059 0.697092
205.265 -162.727 -12.2191 341.345 0.0143285 -0.715997 -0.0120155 0.697852
205.474 -164.704 -12.2617 341.281 0.0130499 -0.716294 -0.0122646 0.697569
205.89 -168.625 -12.3416 341.103 0.01161 -0.723972 -0.0110833 0.689643
206.098 -170.589 -12.3786 340.958 0.0110607 -0.73056 -0.0115537 0.682661
206.514 -174.436 -12.4429 340.552 0.0103941 -0.745257 -0.0113734 0.6666
206.722 -176.333 -12.4724 340.287 0.0106846 -0.753753 -0.00979892 0.656998
207.138 -180.089 -12.5331 339.576 0.00857389 -0.777071 -0.00854878 0.629297
207.346 -181.92 -12.5614 339.098 0.0091113 -0.789635 -0.0101039 0.613426
207.762 -185.574 -12.6047 337.913 0.00904698 -0.815664 -0.0105665 0.578359
207.97 -187.364 -12.6233 337.192 0.0104438 -0.828998 -0.00980386 0.559068
208.178 -189.129 -12.6434 336.38 0.0104073 -0.841938 -0.0108055 0.539365
208.594 -192.598 -12.6668 334.484 -0.00789354 0.86687 0.0116946 -0.498335
208.802 -194.289 -12.6678 333.393 -0.00797582 0.878381 0.012962 -0.477718
209.01 -195.941 -12.6671 332.216 -0.00983072 0.888368 0.0125872 -0.458853
209.427 -199.168 -12.671 329.618 -0.0128961 0.90467 0.0132091 -0.425713
209.635 -200.781 -12.6706 328.208 -0.0156505 0.909251 0.0152627 -0.415675
210.052 -204.003 -12.6702 325.29 -0.017798 0.913313 0.0141935 -0.406622
210.261 -205.647 -12.6776 323.779 -0.0180572 0.914145 0.0137109 -0.404752
210.469 -207.302 -12.6869 322.245 -0.0186292 0.914475 0.0148908 -0.403939
210.886 -210.618 -12.7092 319.181 -0.0207491 0.912697 0.0160348 -0.407794
211.094 -212.28 -12.7238 317.685 -0.021212 0.910276 0.0170727 -0.413106
211.511 -215.67 -12.7536 314.774 -0.0222113 0.903873 0.0173181 -0.426873
211.72 -217.419 -12.7709 313.357 -0.02063 0.900206 0.0170678 -0.434641
212.136 -220.91 -12.8075 310.651 -0.0140433 0.89626 0.0132252 -0.44311
212.344 -222.612 -12.826 309.345 -0.0124932 0.895427 0.0134351 -0.444831
212.76 -226.035 -12.8607 306.758 -0.00721258 0.894501 0.010874 -0.446875
212.969 -227.735 -12.8764 305.476 -0.00560823 0.894293 0.00923341 -0.447352
213.385 -231.088 -12.9101 302.954 -0.0019417 0.893844 0.00894538 -0.448284
213.593 -232.73 -12.9235 301.717 -0.00140741 0.893607 0.00912241 -0.448756
214.009 -235.792 -12.948 299.382 0.0015688 0.896468 0.0106089 -0.442978
214.529 -239.066 -12.9739 296.728 0.00234994 0.9042 0.0107973 -0.426967
214.841 -240.722 -12.9853 295.294 0.000830631 0.908332 0.0107796 -0.41811
215.466 -243.491 -12.9999 292.751 0.00198688 0.917354 0.0117233 -0.397896
215.674 -244.275 -13.0022 291.961 0.00191237 0.922322 0.0108089 -0.386266
216.195 -245.959 -13.0083 290.064 0.00270361 0.936335 0.00872531 -0.35099
216.506 -246.755 -13.0139 288.995 0.0040597 0.947261 0.00954641 -0.320296
216.818 -247.325 -13.0191 288.022 -6.84814e-05 0.95926 0.0104825 -0.282329
217.235 -247.831 -13.0222 286.904 -0.00762715 0.971628 0.00875857 -0.236229
217.86 -248.31 -13.0155 285.27 -0.0133586 0.987697 0.0142081 -0.155159
218.172 -248.422 -13.0075 284.454 -0.0167139 0.993374 0.0150372 -0.112704
218.484 -248.486 -12.9905 283.558 -0.0163886 0.997475 0.0144494 -0.0675754
218.797 -248.487 -12.9709 282.554 -0.0147359 0.999585 0.0128212 -0.0211687
219.005 -248.438 -12.9565 281.817 -0.0138064 0.999781 0.0118814 0.0103002
219.421 -248.192 -12.9183 280.146 -0.0148582 0.997188 0.0112288 0.0725859
219.838 -247.715 -12.8738 278.212 -0.0117823 0.992027 0.0167551 0.124347
220.047 -247.372 -12.8402 277.132 -0.0116543 0.989014 0.0178604 0.146275
220.464 -246.444 -12.7458 274.762 -0.00658388 0.980401 0.0233036 0.195516
220.88 -245.128 -12.6236 272.196 0.00580723 0.967729 0.0281866 0.250343
221.089 -244.308 -12.556 270.879 0.0124864 0.960309 0.0252105 0.277515
221.506 -242.288 -12.4353 268.134 0.00995369 0.947759 0.0294301 0.317472
221.714 -241.149 -12.3647 266.723 0.00762518 0.943972 0.0277326 0.328769
222.132 -238.687 -12.2202 263.756 0.00111195 0.942296 0.0264861 0.33373
222.341 -237.423 -12.1473 262.209 0.00168042 0.942667 0.0238453 0.332877
222.55 -236.117 -12.0757 260.605 0.000588568 0.942997 0.0251138 0.331852
222.967 -233.39 -11.9094 257.229 -0.00259138 0.944253 0.0251797 0.328245
223.384 -230.563 -11.7424 253.655 -0.00698458 0.946503 0.0249802 0.321652
223.592 -229.129 -11.6443 251.791 -0.00921667 0.948239 0.0257505 0.316377
223.905 -227.001 -11.4958 248.906 -0.00755579 0.951136 0.0268794 0.307507
224.217 -224.903 -11.3458 245.943 -0.00633664 0.954104 0.0282486 0.298071
224.321 -224.21 -11.2967 244.944 -0.00693226 0.955235 0.0268421 0.294548
224.53 -222.84 -11.2021 242.916 -0.0077946 0.957575 0.0264731 0.286859
224.634 -222.176 -11.1558 241.901 -0.0083557 0.958661 0.0274991 0.283096
224.946 -220.21 -11.0083 238.814 -0.010013 0.961376 0.0296315 0.273456
225.362 -217.685 -10.7992 234.695 -0.00481971 0.962965 0.0261438 0.268313
225.466 -217.066 -10.7557 233.675 -0.00385277 0.962982 0.0259744 0.268284
225.674 -215.807 -10.6651 231.619 -0.00515192 0.96308 0.028501 0.267654
226.09 -213.313 -10.478 227.516 -0.00328863 0.963434 0.025425 0.266717
226.298 -212.058 -10.3991 225.441 -0.00141303 0.963698 0.0239435 0.265916
226.714 -209.558 -10.2444 221.293 -0.000607283 0.963951 0.0262962 0.264776
226.922 -208.337 -10.17 219.259 8.16503e-05 0.964076 0.0247301 0.264474
227.338 -205.863 -10.0138 215.134 -0.00122202 0.964115 0.0284816 0.26395
227.755 -203.406 -9.85649 211.063 0.000548083 0.96323 0.0271801 0.267298
228.067 -201.543 -9.74187 208.028 -0.00114584 0.962792 0.02576 0.269012
228.275 -200.307 -9.66254 206.023 -0.00646508 0.963394 0.0276073 0.266586
228.692 -197.969 -9.48716 202.069 -0.0144626 0.967666 0.0215934 0.250893
229.109 -195.815 -9.32587 198.016 -0.0173727 0.972644 0.0248588 0.230313
229.421 -194.331 -9.20764 194.972 -0.0115583 0.974828 0.025497 0.221192
229.629 -193.35 -9.1255 192.932 -0.0140392 0.975777 0.0250153 0.216879
230.045 -191.431 -8.97958 188.816 -0.0159404 0.977415 0.0217379 0.209604
230.253 -190.483 -8.90084 186.734 -0.016084 0.977583 0.0243531 0.208516
230.67 -188.613 -8.73498 182.63 -0.0248019 0.979116 0.0180413 0.200973
230.878 -187.736 -8.67715 180.555 -0.0217734 0.980488 0.0153872 0.194761
231.087 -186.885 -8.62095 178.443 -0.0205005 0.981979 0.0187616 0.186935
231.503 -185.276 -8.49603 174.176 -0.0196859 0.985085 0.0190711 0.169872
231.92 -183.813 -8.37106 169.89 -0.0182467 0.987418 0.0212614 0.155631
232.337 -182.461 -8.24274 165.571 -0.0123581 0.988712 0.0200733 0.147961
232.545 -181.802 -8.18417 163.419 -0.0120455 0.989072 0.0228771 0.145148
232.961 -180.532 -8.04391 159.141 -0.0107119 0.989946 0.024264 0.138936
233.169 -179.917 -7.97312 156.996 -0.0101704 0.990225 0.0256282 0.136725
233.793 -178.131 -7.75863 150.616 -0.0100806 0.990986 0.0262173 0.130987
233.897 -177.839 -7.72021 149.546 -0.00984089 0.991112 0.026421 0.130009
234.313 -176.723 -7.57976 145.337 -0.00616657 0.991632 0.0251902 0.126468
234.729 -175.629 -7.43309 141.138 -0.00763364 0.992119 0.0254467 0.122447
235.041 -174.849 -7.33495 138.04 -0.00716227 0.992644 0.0228291 0.118686
235.145 -174.596 -7.30587 137.019 -0.0078181 0.992859 0.021592 0.117061
235.458 -173.85 -7.22009 133.944 -0.0109792 0.993291 0.0239036 0.112611
235.666 -173.377 -7.16227 131.908 -0.0102715 0.993599 0.0214157 0.110438
236.082 -172.477 -7.06391 127.885 -0.00838875 0.99409 0.0214594 0.106087
236.291 -172.044 -7.0122 125.884 -0.00767792 0.994288 0.0228691 0.103971
236.706 -171.212 -6.91194 121.957 -0.00623007 0.994706 0.0207591 0.100453
237.122 -170.429 -6.82656 118.189 -0.00623075 0.994941 0.0223216 0.0977537
237.538 -169.707 -6.73181 114.58 -0.00523724 0.995085 0.0261734 0.0953619
237.747 -169.369 -6.67226 112.847 -0.00469148 0.995118 0.03018 0.0938526
238.163 -168.744 -6.55602 109.619 -0.00592782 0.995439 0.0260368 0.0915912
238.371 -168.459 -6.50853 108.107 -0.00500275 0.995555 0.0241776 0.0908886
238.579 -168.183 -6.46557 106.67 -0.00543464 0.995436 0.0260894 0.0916339
239.1 -167.546 -6.36589 103.397 -0.00522891 0.995402 0.0253792 0.0922108
239.725 -166.934 -6.26756 99.9871 -0.000862355 0.995957 0.0249231 0.0863051
240.038 -166.684 -6.23477 98.5705 -0.00120946 0.996244 0.0226104 0.0835766
240.351 -166.481 -6.21788 97.4015 -0.00142584 0.99643 0.0177868 0.0825187
241.287 -165.934 -6.18242 94.7849 -0.00230996 0.993843 0.0167819 0.109498
241.703 -165.601 -6.16278 93.8354 -0.00606847 0.989539 0.0183983 0.142961
245.247 -165.317 -6.14914 93.1189 -0.00680603 0.986735 0.0185736 0.16113
250.457 -164.954 -6.12952 92.4182 -0.0078638 0.98001 0.012109 0.198423
250.768 -164.616 -6.11236 91.8528 -0.00673931 0.971729 0.0154705 0.235495
251.08 -164.107 -6.08584 91.1526 -0.00669793 0.958054 0.0202161 0.285794
251.495 -163.069 -6.04559 90.127 -0.0126907 0.929354 0.0227353 0.36827
251.911 -161.656 -5.96267 89.0892 -0.0108094 0.887748 0.0227282 0.459641
252.119 -160.77 -5.92221 88.6111 -0.0109995 0.863648 0.0274637 0.503227
252.535 -158.615 -5.8114 87.822 -0.0087646 0.81233 0.0297047 0.582374
252.952 -155.963 -5.67949 87.2527 0.00156593 0.765871 0.0369127 0.641932
253.369 -152.918 -5.55296 87.0252 0.00850418 0.721077 0.0397726 0.69166
253.786 -149.507 -5.45137 87.1695 0.00953116 0.686089 0.0340908 0.726656
253.995 -147.67 -5.41145 87.3441 0.00832853 0.675698 0.03113 0.736474
254.412 -143.707 -5.32062 87.7925 0.00454286 0.667755 0.0288727 0.743807
254.621 -141.591 -5.26933 88.0368 0.00452295 0.667715 0.0276393 0.74389
254.83 -139.381 -5.21206 88.2873 0.00345788 0.667214 0.0302233 0.744245
255.247 -134.787 -5.07637 88.8294 -0.000460376 0.665415 0.0339599 0.745701
255.455 -132.479 -5.00591 89.11 -0.0014685 0.66411 0.0351243 0.746808
255.664 -130.169 -4.93522 89.4017 -0.0024808 0.662855 0.0355583 0.747899
256.08 -125.575 -4.80753 90.0104 -0.0024984 0.660561 0.0329907 0.750043
256.185 -124.418 -4.77332 90.164 -0.00244167 0.66033 0.0347804 0.750166
256.393 -122.125 -4.70306 90.4749 -0.00256622 0.659863 0.0336267 0.750629
256.809 -117.589 -4.59041 91.0812 0.00230799 0.66026 0.031721 0.750363
257.018 -115.301 -4.53965 91.3821 0.00148893 0.660076 0.0346728 0.750397
257.434 -110.816 -4.40119 91.9685 0.00325522 0.660016 0.0401334 0.750172
257.642 -108.618 -4.34852 92.2649 0.00607873 0.660271 0.0360387 0.750137
258.059 -104.209 -4.25163 92.8694 0.000508258 0.661064 0.0336089 0.749576
258.267 -102.015 -4.19766 93.1571 0.00032597 0.660796 0.0352986 0.749735
258.684 -97.6474 -4.08054 93.7337 0.00255582 0.659975 0.0364733 0.750398
258.892 -95.5043 -4.0284 94.0252 0.00269761 0.659545 0.0350283 0.750844
259.309 -91.2515 -3.91077 94.6174 -0.00181381 0.658666 0.0357046 0.751586
259.517 -89.1591 -3.84902 94.9095 -0.000835851 0.658331 0.0352716 0.751901
259.933 -84.9569 -3.73305 95.4963 -0.000782181 0.657593 0.0365734 0.752485
260.142 -82.8719 -3.67275 95.7894 -0.000641077 0.65828 0.0360827 0.751908
260.558 -78.7258 -3.55296 96.352 -0.000520565 0.659937 0.0370541 0.750406
260.767 -76.6733 -3.48779 96.6272 -0.00204384 0.661191 0.0366764 0.749318
261.183 -72.6131 -3.38684 97.1421 0.0034791 0.664014 0.0311942 0.747061
261.392 -70.6235 -3.34251 97.3799 -0.00121828 0.666367 0.0337601 0.744858
261.6 -68.6288 -3.28568 97.5964 -0.00263372 0.668864 0.0363255 0.742492
262.017 -64.6741 -3.20492 98.004 0.00891673 0.671061 0.0290939 0.740777
262.329 -61.6044 -3.1545 98.332 0.0023053 0.670971 0.0297746 0.740882
262.537 -59.5086 -3.09912 98.555 -0.00136898 0.67019 0.0337434 0.741421
262.642 -58.4614 -3.06038 98.672 -0.00336312 0.669465 0.0351314 0.742005
262.85 -56.3301 -2.97452 98.9072 -0.00568041 0.66816 0.0387197 0.742988
263.058 -54.1898 -2.8818 99.1457 -0.00122878 0.66741 0.0384604 0.743696
263.475 -49.7955 -2.77095 99.6457 0.0087539 0.66696 0.0320257 0.744353
263.683 -47.5361 -2.72122 99.9104 0.00534121 0.666198 0.035575 0.744907
264.1 -42.9424 -2.61117 100.47 0.00460893 0.664193 0.034298 0.74676
264.308 -40.615 -2.55177 100.763 0.0021374 0.662815 0.036325 0.747899
264.725 -36.0106 -2.43347 101.365 0.0021765 0.660388 0.0365162 0.750033
264.933 -33.7153 -2.37283 101.674 0.000954235 0.659931 0.0367985 0.750424
265.349 -29.1786 -2.2543 102.282 0.00102771 0.659258 0.037987 0.750956
265.454 -28.0828 -2.22373 102.431 8.93733e-05 0.658503 0.0399332 0.751518
266.078 -21.4757 -2.03798 103.366 0.0012318 0.658091 0.037236 0.752016
266.183 -20.3857 -2.01014 103.515 0.000878125 0.658591 0.0378219 0.75155
266.391 -18.2501 -1.95512 103.805 0.00101713 0.659721 0.0374067 0.750578
266.808 -14.0612 -1.84286 104.362 -1.41054e-05 0.661886 0.0355108 0.748763
267.016 -12.0118 -1.79081 104.623 0.000820267 0.663157 0.0342054 0.747698
267.433 -7.9405 -1.69552 105.109 0.00303795 0.665764 0.0357583 0.745299
267.641 -5.91919 -1.65214 105.35 0.0025831 0.66651 0.0324629 0.744785
268.058 -1.82431 -1.57761 105.856 -1.93118e-05 0.665649 0.0243852 0.745866
268.266 0.254759 -1.53524 106.099 0.00221256 0.664008 0.0285031 0.747179
268.474 2.35802 -1.48196 106.355 -0.000285783 0.662536 0.0338762 0.748264
268.683 4.49375 -1.40369 106.618 -0.00253765 0.660913 0.0419703 0.749284
269.099 8.76241 -1.25027 107.193 0.00452483 0.659622 0.0358452 0.750729
269.308 10.9453 -1.19573 107.494 0.00417424 0.660527 0.0332597 0.750053
269.724 15.3768 -1.09984 108.073 0.00612253 0.66107 0.034133 0.749522
269.933 17.6345 -1.05228 108.377 0.00356499 0.661683 0.0332779 0.749036
270.141 19.8578 -1.00473 108.663 0.00403532 0.662279 0.0353004 0.748414
270.558 24.364 -0.920335 109.228 0.00395203 0.662943 0.0343866 0.747869
270.766 26.6167 -0.869335 109.516 0.00202693 0.663744 0.0328146 0.747237
271.182 31.0652 -0.768078 110.073 0.00105743 0.663392 0.0325163 0.747564
271.391 33.2544 -0.715107 110.352 -0.00224095 0.663375 0.0339448 0.747514
271.599 35.3988 -0.65577 110.619 -0.00287552 0.663932 0.0352976 0.746954
272.015 39.4509 -0.550949 111.108 5.40856e-05 0.665883 0.0320355 0.745368
272.224 41.3754 -0.512456 111.341 -0.00228215 0.666171 0.0321946 0.745101
272.64 45.1694 -0.424603 111.783 0.000213452 0.666352 0.0316806 0.744964
272.849 47.0597 -0.378476 111.995 0.0009115 0.666721 0.0334807 0.744555
273.266 50.7901 -0.288341 112.395 0.00400707 0.668989 0.0365946 0.74236
273.474 52.6248 -0.245679 112.594 0.00350744 0.670437 0.0352741 0.741119
273.891 56.3242 -0.176506 112.958 0.0158734 0.671269 0.0302157 0.740428
274.099 58.2103 -0.168091 113.168 0.0140055 0.667613 0.0300679 0.743769
274.307 60.1229 -0.146694 113.417 0.00772293 0.661291 0.0334943 0.749341
274.724 63.9972 -0.0366841 114.014 -0.00106602 0.650888 0.0369257 0.758274
274.933 65.9657 0.0302708 114.348 -0.0013839 0.651063 0.0308414 0.758396
275.141 67.9761 0.0927513 114.651 0.00140844 0.653309 0.0323347 0.756399
275.558 72.182 0.19401 115.252 0.00903612 0.656143 0.0320616 0.753901
275.767 74.3837 0.236581 115.569 0.00573756 0.656849 0.0328595 0.753284
275.975 76.6203 0.292718 115.883 0.00480487 0.657492 0.0351389 0.752627
276.392 81.2094 0.399052 116.508 0.0114886 0.658296 0.0341427 0.751896
276.809 85.9169 0.492781 117.163 0.00372187 0.658686 0.0371105 0.751493
277.017 88.2559 0.548708 117.486 0.00282719 0.658797 0.036863 0.751412
277.226 90.5846 0.599916 117.806 0.00523082 0.659078 0.0347853 0.751251
277.642 95.2153 0.684686 118.421 0.00586507 0.659378 0.0381708 0.750819
277.851 97.5283 0.737726 118.738 0.00363524 0.659629 0.0366149 0.75069
278.267 102.043 0.827941 119.358 0.00152312 0.660183 0.0327979 0.750387
278.476 104.245 0.874904 119.649 0.000569072 0.659211 0.0361177 0.75109
278.684 106.38 0.922627 119.943 0.00162199 0.658366 0.0352142 0.751872
279.1 110.504 1.00831 120.531 -0.000572382 0.656243 0.0360484 0.753688
279.309 112.471 1.06027 120.818 -0.00382159 0.655342 0.0388458 0.754323
279.725 116.237 1.16496 121.379 0.000970317 0.65474 0.0348516 0.75505
279.933 118.099 1.2114 121.658 0.000447759 0.654671 0.0352862 0.75509
280.142 119.938 1.25445 121.935 -2.15109e-05 0.656025 0.0325486 0.754037
280.559 123.638 1.31904 122.465 0.000700397 0.659758 0.0239395 0.751096
280.767 125.522 1.34739 122.712 -0.00129752 0.661967 0.0242136 0.749141
280.976 127.41 1.38076 122.937 -0.00107108 0.664349 0.0268448 0.746939
281.184 129.301 1.42343 123.157 -0.00110857 0.666701 0.0278969 0.744802
281.601 133.172 1.53032 123.581 -0.00390475 0.672089 0.026691 0.739979
281.809 135.157 1.59158 123.768 -0.00279399 0.675037 0.0275596 0.737264
282.018 137.209 1.64872 123.939 -0.00116111 0.677931 0.0288115 0.73456
282.435 141.439 1.73224 124.254 0.000215931 0.684031 0.0271467 0.728947
282.643 143.595 1.78195 124.39 0.00102606 0.687229 0.0263013 0.725964
282.851 145.78 1.82172 124.509 0.00308156 0.690314 0.0237388 0.723113
283.268 150.273 1.89289 124.695 -0.000380125 0.696393 0.0270382 0.717151
283.476 152.547 1.95105 124.757 -0.00118282 0.699138 0.0287587 0.714407
283.685 154.848 2.00906 124.801 0.0020379 0.70093 0.0295002 0.712617
284.101 159.532 2.10447 124.895 0.00233251 0.702219 0.0283365 0.711393
284.31 161.926 2.1562 124.932 0.00364642 0.702348 0.0294229 0.711216
284.726 166.748 2.24928 125.021 0.00335825 0.701686 0.0318654 0.711765
284.934 169.173 2.30531 125.068 0.00186135 0.700914 0.0345478 0.712406
285.351 173.983 2.41188 125.186 0.00297551 0.699594 0.0313761 0.713845
285.559 176.359 2.46038 125.253 0.00208319 0.698685 0.0316314 0.714727
285.767 178.721 2.50735 125.329 0.0015022 0.697869 0.029966 0.715597
285.975 181.071 2.55395 125.411 0.000644014 0.696819 0.0298313 0.716626
286.392 185.67 2.63079 125.58 0.00566531 0.693747 0.0311892 0.719521
286.6 187.983 2.68611 125.685 -0.00200342 0.692537 0.0369998 0.72043
