0.312504 -0.009305 -0.046140 2.652675 0.000498 -0.000263 0.001232 0.999999
0.729128 -0.033901 -0.137449 7.994282 -0.000828 -0.000198 0.002129 0.999997
1.145875 -0.081269 -0.235354 13.383044 0.001653 -0.000262 -0.002613 0.999995
1.354255 -0.095642 -0.285674 16.095461 -0.000168 0.000002 -0.001903 0.999998
1.771007 -0.113510 -0.380902 21.520214 0.001891 0.000143 0.000639 0.999998
2.187759 -0.133085 -0.465337 27.072324 -0.000929 0.000861 0.002126 0.999997
2.396132 -0.138918 -0.512604 29.866522 0.001448 0.001161 0.002403 0.999995
2.604383 -0.151756 -0.569566 32.652825 0.002894 0.001673 0.000264 0.999994
3.021006 -0.169300 -0.682588 38.231710 0.001062 0.001415 -0.002240 0.999996
3.229379 -0.186378 -0.735416 41.041214 0.001011 0.001519 -0.004570 0.999988
3.645880 -0.208068 -0.844885 46.761581 0.001130 0.000375 -0.003848 0.999992
3.854131 -0.227022 -0.900076 49.633265 0.000705 -0.000614 -0.004220 0.999991
4.062383 -0.250435 -0.952476 52.498724 0.000069 -0.001732 -0.004476 0.999988
4.478884 -0.298943 -1.053575 58.247096 -0.000303 -0.002588 -0.001300 0.999996
4.583132 -0.312407 -1.079638 59.705309 -0.000643 -0.002364 -0.000626 0.999997
4.791384 -0.332242 -1.130111 62.581749 -0.000755 -0.001898 0.000712 0.999998
5.207869 -0.377024 -1.236102 68.304295 -0.000693 -0.000722 -0.001206 0.999999
5.416245 -0.404483 -1.285182 71.144405 -0.001588 0.000027 -0.004891 0.999987
5.832639 -0.446166 -1.380147 76.778181 -0.001213 0.001159 -0.009686 0.999952
5.936757 -0.451820 -1.404223 78.195502 -0.001047 0.001197 -0.009181 0.999957
6.145012 -0.458126 -1.455805 81.018735 -0.000564 0.000933 -0.008360 0.999964
6.561386 -0.486010 -1.558449 86.624442 -0.001014 -0.000355 -0.007989 0.999968
6.769636 -0.500446 -1.605502 89.358403 -0.001731 -0.001529 -0.005891 0.999980
7.186013 -0.546074 -1.695599 94.830413 -0.000960 -0.002364 -0.004001 0.999989
7.394135 -0.575201 -1.745656 97.562224 -0.000331 -0.002249 -0.004305 0.999988
7.810511 -0.634776 -1.842908 103.017098 -0.001165 -0.001890 -0.005517 0.999982
8.018763 -0.659897 -1.892303 105.711667 0.000588 -0.001894 -0.005182 0.999985
8.435138 -0.696230 -1.988088 111.068589 -0.000515 -0.000730 -0.001844 0.999998
8.643387 -0.715922 -2.039153 113.765662 0.001707 0.000194 -0.003915 0.999991
9.059886 -0.735163 -2.139635 119.153590 -0.000660 0.002501 -0.005807 0.999980
9.268135 -0.736780 -2.183083 121.871957 -0.000081 0.003638 -0.007066 0.999968
9.684640 -0.724240 -2.279378 127.309926 0.001114 0.005804 -0.008565 0.999946
9.892888 -0.705878 -2.330390 129.994661 0.000188 0.006621 -0.007694 0.999948
10.309390 -0.659414 -2.426912 135.428932 -0.000216 0.006345 -0.004637 0.999969
10.517510 -0.638562 -2.473242 138.176850 -0.000625 0.005187 -0.003265 0.999981
10.934020 -0.620997 -2.566234 143.592902 -0.000217 0.002923 -0.002113 0.999993
11.142270 -0.613278 -2.616337 146.281106 0.001222 0.001878 0.001715 0.999996
11.558780 -0.595178 -2.715358 151.709301 0.002626 0.000161 0.010137 0.999945
11.767160 -0.607495 -2.783545 154.417217 0.003667 0.001002 0.008540 0.999956
12.183770 -0.584843 -2.892186 159.859684 0.000007 0.001568 0.015340 0.999881
12.392020 -0.591356 -2.939240 162.581386 0.000100 0.002613 0.012388 0.999920
12.600390 -0.593640 -2.988191 165.329247 0.001470 0.003376 0.009161 0.999951
13.016890 -0.594242 -3.099529 170.833248 0.003675 0.003003 0.004367 0.999979
13.121140 -0.598902 -3.132382 172.218170 0.004287 0.002946 0.001812 0.999985
13.329390 -0.607492 -3.198007 175.005493 0.002718 0.003406 -0.001937 0.999989
13.537640 -0.599890 -3.253757 177.808490 0.001112 0.003027 -0.000702 0.999995
13.954150 -0.620505 -3.378781 183.406844 0.005695 0.000055 -0.002789 0.999980
14.058400 -0.634117 -3.417577 184.825018 0.005218 -0.000032 -0.004501 0.999976
14.266640 -0.655841 -3.484801 187.673723 0.002523 0.000268 -0.005979 0.999979
14.683140 -0.674379 -3.598566 193.367216 0.001509 0.000424 -0.002217 0.999996
14.891390 -0.676432 -3.651998 196.193964 0.000249 0.000802 0.001496 0.999999
15.308020 -0.712173 -3.773638 201.960782 0.005065 0.001894 -0.006373 0.999965
15.516270 -0.731713 -3.839773 204.933484 0.002134 0.002927 -0.010770 0.999935
15.932650 -0.727634 -3.962245 210.836633 0.002544 0.001311 -0.007460 0.999968
16.140900 -0.743221 -4.026250 213.793731 0.002018 0.001190 -0.008778 0.999959
16.557390 -0.768886 -4.158050 219.742237 0.002967 0.000508 -0.008108 0.999963
16.765650 -0.787919 -4.226780 222.709852 0.003146 0.000237 -0.008270 0.999961
17.182030 -0.827423 -4.367549 228.742807 0.003348 -0.000332 -0.008474 0.999958
17.390270 -0.849433 -4.437299 231.719431 0.003367 -0.000261 -0.007248 0.999968
17.806640 -0.889304 -4.580662 237.791330 0.003344 -0.000082 -0.007113 0.999969
18.223020 -0.921737 -4.713749 243.903491 0.002559 0.001036 -0.007988 0.999964
18.431150 -0.932447 -4.783533 246.980745 0.002995 0.001415 -0.008547 0.999958
18.847540 -0.952603 -4.923491 253.139007 0.002066 0.001171 -0.009425 0.999953
19.055650 -0.966059 -4.989459 256.225618 0.001954 0.001193 -0.010169 0.999946
19.471780 -0.975205 -5.115087 262.414129 0.001535 0.000952 -0.006625 0.999976
19.575900 -0.979577 -5.147017 263.965719 0.002005 0.000784 -0.006021 0.999980
19.992130 -0.991825 -5.268781 270.199818 0.001074 0.001469 -0.003319 0.999993
20.408270 -1.008005 -5.397396 276.458044 0.001435 0.003208 -0.006042 0.999976
20.616400 -1.004303 -5.464919 279.591989 0.001889 0.004013 -0.006548 0.999969
21.032780 -0.972201 -5.600238 285.862884 0.001353 0.005330 -0.004899 0.999973
21.240880 -0.952690 -5.669596 288.980815 0.003649 0.005144 -0.003864 0.999973
21.448900 -0.939075 -5.741444 292.096127 0.003657 0.004307 -0.003277 0.999979
21.865030 -0.927776 -5.893830 298.445333 0.003841 0.002732 -0.003293 0.999983
22.281150 -0.932823 -6.031984 304.797633 0.002683 0.002734 -0.004453 0.999983
22.489270 -0.923534 -6.100499 307.998048 0.003308 0.002973 -0.002887 0.999986
22.697420 -0.913217 -6.178759 311.259297 0.004824 0.003073 -0.001949 0.999982
23.113490 -0.927623 -6.337484 317.822507 0.001821 0.001039 -0.002741 0.999994
23.321400 -0.932997 -6.402412 321.096062 0.002139 0.001285 -0.001867 0.999995
23.737530 -0.941039 -6.551021 327.657246 0.002473 0.002022 -0.002188 0.999993
23.945650 -0.942687 -6.627783 330.933527 0.001788 0.002769 -0.001911 0.999993
24.361780 -0.940618 -6.774672 337.446872 0.002894 0.002631 -0.002444 0.999989
24.569780 -0.949750 -6.857014 340.720249 0.004153 0.001925 -0.003975 0.999982
24.777900 -0.959749 -6.934380 343.995894 0.001012 0.000968 -0.004997 0.999987
25.194150 -0.998962 -7.077336 350.425568 0.001460 -0.002049 -0.003509 0.999991
25.402400 -1.028701 -7.151543 353.652669 0.002265 -0.002440 -0.003115 0.999990
25.818650 -1.090677 -7.306043 360.069964 0.002958 -0.002523 -0.002415 0.999990
26.026980 -1.121457 -7.383345 363.256805 0.003243 -0.002438 -0.002306 0.999989
26.443290 -1.172322 -7.536222 369.673468 0.003146 -0.002448 0.000079 0.999992
26.651410 -1.206179 -7.616540 372.886837 0.002991 -0.002126 -0.001242 0.999992
27.067820 -1.263515 -7.767472 379.358326 0.003167 -0.001508 -0.002100 0.999992
27.276060 -1.294816 -7.839847 382.587449 0.003237 -0.001152 -0.003152 0.999989
27.380140 -1.310670 -7.874960 384.226789 0.002970 -0.000962 -0.003966 0.999987
