0.1041284 1.86187843790681e-05 -3.7342182979899e-05 -1.66870137303913e-05 -1.03860010235269e-06 1.05583155809151e-08 3.61264447003201e-07 0.999999999999395
0.3125038 -0.00930453480664616 -0.0461404859188678 2.65267493772227 0.000498068757449686 -0.000262921449693045 0.00123169122091128 0.99999908286786
0.520754799 -0.0224378869972281 -0.0923930550340829 5.30538392623102 1.96053428479427e-05 -0.00016229940838185 0.00161042320426711 0.99999868990496
0.7291284 -0.0339010060677701 -0.137448702932594 7.99428172429519 -0.000827638117237898 -0.000197682776908981 0.00212923723113237 0.999997371139285
0.9375057 -0.0533946891716176 -0.181227531206591 10.6701087989989 0.00119319112126736 -0.000428488278794965 0.000278820432934657 0.9999991574756
1.145874999 -0.0812690561327832 -0.235353983818153 13.3830443410327 0.00165299280134778 -0.000262193338452717 -0.00261275197615454 0.999995186186695
1.354255 -0.0956420172166084 -0.285673653034347 16.0954605628737 -0.000168498059616886 1.69859168114839e-06 -0.0019028854552052 0.999998175314567
1.562526 -0.0994300967089241 -0.330033599335887 18.8157027768917 0.000132713848769337 -0.0001295177823637 0.00126434453354392 0.999999183522206
1.771007 -0.113509768391251 -0.380901621388539 21.5202136217463 0.00189122556819705 0.000142529111372609 0.000639055504232602 0.999997997277677
1.979377 -0.131417153860014 -0.426427543356894 24.3163025760743 -0.00086428208975546 0.000803202710804972 -0.00104133390202238 0.999998761752023
2.187758999 -0.133085022715544 -0.465336571690341 27.0723242974089 -0.000928550237828827 0.000860620718805719 0.00212618684771358 0.999996938223274
2.396132 -0.138918385196749 -0.512603952225936 29.8665216525428 0.00144773932813509 0.0011610226003508 0.00240318594476593 0.999995390376713
2.604382999 -0.151755795772522 -0.569566423594531 32.6528250557066 0.00289393374086184 0.00167330498932077 0.000264184385459214 0.999994377686458
2.812757 -0.15735683837136 -0.62749809162394 35.4456903448742 0.00200481467770672 0.00157792800366278 -0.000247698868990061 0.9999967147479
3.021005999 -0.169299606092302 -0.68258792543715 38.2317101223989 0.0010615869084943 0.00141513396346121 -0.00224025722503931 0.999995925830034
3.229379 -0.186378239456658 -0.735416390311444 41.0412136067686 0.00101108301254777 0.00151895589912135 -0.00457035175979374 0.999987891111143
3.437628999 -0.196002872145947 -0.790144057934283 43.9248014710414 0.00106883742854688 0.00113741670659145 -0.00458021434268703 0.999988292684651
3.64588 -0.208067836460071 -0.844885062760646 46.7615809099855 0.00112952011010486 0.000375046135422498 -0.00384829510142945 0.999991887041855
3.854131 -0.227021876026964 -0.900076450032939 49.6332649909103 0.000704785027582754 -0.000614027973498939 -0.00421984633238398 0.9999906595287
4.062382999 -0.250434998932979 -0.952475883180138 52.4987237318064 6.9166648242844e-05 -0.00173249964763011 -0.00447634664252737 0.999988477924462
4.270633 -0.274086441958832 -1.0023306064081 55.3946204263349 -0.000438800337345899 -0.00235718567264056 -0.00306422842197658 0.999992430788427
4.478883999 -0.298942773914768 -1.05357535346689 58.2470962740425 -0.000303252261947535 -0.00258755954300814 -0.00129968356504454 0.999995761689172
4.583132 -0.312407160359892 -1.0796376040677 59.7053091192957 -0.00064342224235682 -0.00236375467207423 -0.000626009737731696 0.999996803386629
4.791383999 -0.332242079239925 -1.13011100121187 62.581748669664 -0.000754789695990427 -0.0018981932009256 0.000711511255450223 0.999997660450673
4.999629999 -0.351082906760143 -1.18137659308395 65.4279718317077 -0.000115418475322197 -0.00141684952638766 0.00120186456479464 0.999998267367281
5.207868999 -0.377024434754987 -1.23610163524069 68.3042949197318 -0.000692767158669604 -0.000721911574443059 -0.00120584389292881 0.999998772428171
5.416245 -0.404482553484638 -1.28518191096317 71.1444046886037 -0.00158842378698724 2.65621319078215e-05 -0.00489106251049476 0.999986776768495
5.624505 -0.429872862998642 -1.33226865046226 73.9714334009886 -0.00107133413510533 0.000643611328429934 -0.00869592251900961 0.999961408724943
5.832639 -0.446165561929686 -1.38014734289213 76.7781807092689 -0.00121302626980272 0.00115855190641294 -0.0096862655934355 0.999951680124396
5.936757 -0.451820277480165 -1.40422314719981 78.1955017394432 -0.00104711099954974 0.00119659258459845 -0.00918074695356524 0.999956591862925
6.145012 -0.458125905567637 -1.4558047975271 81.0187345957814 -0.000564156730386063 0.000933173677598481 -0.00835997935695602 0.999964460198073
6.353135 -0.467724897351262 -1.50404369719773 83.7650155590691 -0.000374481899401086 0.000491809205647023 -0.00826533843991293 0.999965650443797
6.561385999 -0.486010130863532 -1.55844851137585 86.6244419020206 -0.00101388374834016 -0.0003552330953339 -0.00798887879059309 0.999967511304673
6.769636 -0.500446254472074 -1.60550248163687 89.358403283013 -0.00173109057991506 -0.00152876392312544 -0.00589108303097041 0.999979980473106
6.977758999 -0.519667262045808 -1.64788474320485 92.0655267292529 -0.00147641573853315 -0.00218765545531851 -0.00416589352375861 0.999987839771727
7.186012999 -0.546074341856315 -1.69559930570387 94.8304127380713 -0.000960291829292413 -0.00236434473071448 -0.00400065710303781 0.99998874116479
7.394135 -0.575201388346949 -1.74565579428641 97.5622240024146 -0.000331199158131872 -0.00224918817915558 -0.00430516551163254 0.999988148434555
7.602386 -0.603300194652654 -1.79262852646945 100.286330443196 -0.00114396509432424 -0.00200992399264716 -0.00537184063323637 0.999982897292558
7.810511 -0.634776122275927 -1.84290836167976 103.017098405254 -0.00116452816715188 -0.0018898213053489 -0.0055174448542229 0.999982314969551
8.018762999 -0.659897343892618 -1.89230338751542 105.711667130288 0.000587997070263859 -0.0018941954637347 -0.00518232490903402 0.999984604777257
8.226883 -0.680746645255176 -1.94162253880879 108.379683168372 -0.000959880357329112 -0.00152099764859845 -0.00300944507709074 0.999993854199205
8.435138 -0.69622976120964 -1.98808776493044 111.068589344031 -0.000514814711848524 -0.000729658715259271 -0.00184404247895517 0.999997901033451
8.643387 -0.715921882360088 -2.03915312760634 113.765661991794 0.0017073341647041 0.000194190192083503 -0.00391462132099791 0.99999086147831
8.851634999 -0.732298310225041 -2.09036456040079 116.437964476802 0.00076142763401147 0.00158967666512393 -0.00619735901799427 0.999979242733198
9.059886 -0.73516288945251 -2.13963497285122 119.153590039301 -0.000660300394874275 0.00250055849198273 -0.00580714888389486 0.999979793912086
9.268134999 -0.736780372840384 -2.18308250173573 121.871957235922 -8.08123233998165e-05 0.00363754173793419 -0.00706605086277467 0.99996841584356
9.476392 -0.733755923641565 -2.2286114187664 124.58467228323 0.000646632496217149 0.00479293650955347 -0.00844130337250687 0.999952675891916
9.684639999 -0.724240395800086 -2.27937844930718 127.309925841365 0.00111426351767893 0.00580448575159783 -0.00856544492714168 0.999945848291383
9.892887999 -0.705878022798357 -2.33039026177464 129.994660538801 0.000187722619961211 0.00662108024667492 -0.00769418342565301 0.999948461470889
10.101139999 -0.67957227675609 -2.37725204235212 132.707605973762 1.85934396925126e-05 0.00671081287334517 -0.00624821131548418 0.999957961366487
10.30939 -0.659414138678053 -2.42691245371927 135.428931864215 -0.000216359469124641 0.00634491993169389 -0.00463719831866527 0.999969095308147
10.517509999 -0.638562358645418 -2.47324210417404 138.176849776347 -0.000624820998160386 0.00518653189289113 -0.00326534023295761 0.999981023339347
10.725759999 -0.624481344055056 -2.51844552091979 140.836057411394 -0.000684746853775334 0.00396953579384675 -0.00235079426630034 0.999989123777676
10.93402 -0.620996624206824 -2.56623356572632 143.592901754257 -0.000216516495142833 0.00292347811785754 -0.00211282646988642 0.999993471158992
11.142269999 -0.613278068607882 -2.61633697384279 146.281106437301 0.00122184886120311 0.0018780165823877 0.00171461755054043 0.999996020104946
11.350519999 -0.596056268773044 -2.66331325959949 148.980365626641 -0.000696763980668926 0.000543566774795216 0.00893056353905203 0.999959731234209
11.55878 -0.595177840691185 -2.71535801489082 151.709300703635 0.00262559440320865 0.000161005655659088 0.0101369858844018 0.99994515942045
11.76716 -0.607495267478134 -2.78354493730737 154.417216514447 0.00366667542136087 0.00100192697201858 0.00853965171513861 0.999956312036822
11.97539 -0.595651535838505 -2.84131008560982 157.152206879319 0.000634280181032479 0.00150044801482425 0.0127579466566952 0.999917287150048
12.18377 -0.584843275173447 -2.89218625523578 159.859683907718 7.42394350025628e-06 0.00156765079333312 0.015339768984135 0.999881109884265
12.39202 -0.591355825089135 -2.93924047025565 162.581385719034 0.000100496637931141 0.00261321710117979 0.0123877938785494 0.999919848567689
12.60039 -0.593640320535592 -2.98819055733199 165.329246818245 0.00146964683479819 0.00337574521254021 0.00916069233284751 0.999951261911511
12.80864 -0.590664863921125 -3.0406008882195 168.070959346876 0.00113428963443669 0.00342450800825623 0.00726502984729633 0.99996710219549
13.01689 -0.594241889240995 -3.09952860630489 170.833247540694 0.00367471768774196 0.00300273217523647 0.00436728780176261 0.999979203207075
13.12114 -0.598901633705036 -3.13238191933689 172.218169848705 0.00428655567181489 0.00294615997667812 0.00181201097811109 0.99998483098399
13.32939 -0.607491986621563 -3.19800681175691 175.005492878234 0.00271770420089985 0.00340563868361355 -0.00193676196883999 0.999988632266442
13.537639999 -0.599889609617219 -3.2537566450813 177.808490327559 0.00111201450972588 0.00302656956769515 -0.000701665127141963 0.999994555468394
13.74591 -0.59917581952266 -3.30729850450151 180.56101613197 0.00331978717135086 0.00103827187423259 0.000421132795057352 0.999993861807072
13.95415 -0.620505461943878 -3.37878114136035 183.406843587394 0.00569532928952917 5.48820839886354e-05 -0.00278865406248707 0.999979891608207
14.0584 -0.63411677720779 -3.41757742177848 184.82501752793 0.00521829293049687 -3.18287007845188e-05 -0.00450140704258403 0.999976252588261
14.26664 -0.655840837801627 -3.48480097995934 187.673723492353 0.00252257233159825 0.000268349172190603 -0.00597890321734626 0.999978908444509
14.47489 -0.666938958612735 -3.54040600323169 190.483513417224 0.00177636944309425 0.000229507532431764 -0.00481265317902657 0.999986815016714
14.683139999 -0.674378982920471 -3.59856608799243 193.367216085616 0.0015085817135574 0.000423740781515638 -0.0022167246214253 0.99999631537167
14.891389999 -0.676432466109085 -3.65199774112573 196.193964380816 0.000248997840623991 0.000801696931979345 0.00149627960834266 0.999998528213636
15.09964 -0.678234454084735 -3.70328063481951 199.100815153356 0.00260127141940562 0.000988425675348418 0.00173304893224843 0.999994626457105
15.30802 -0.712172778355512 -3.77363825587012 201.96078173933 0.00506498735790515 0.0018936595346049 -0.00637337433282735 0.99996506941805
15.51627 -0.731713144658298 -3.83977277844102 204.933484350924 0.00213425198103849 0.00292663721115483 -0.0107703685905314 0.999935437377604
15.72452 -0.725269557502941 -3.89811010215735 207.8643376203 0.00200117597097698 0.0020378843402281 -0.00822167256130386 0.999962122493869
15.93265 -0.727633927424435 -3.96224458524324 210.836633144316 0.00254434744996471 0.00131112828760802 -0.00745998070847867 0.999968077453724
16.140899999 -0.743221329580389 -4.02625013499946 213.793730956483 0.00201838893558882 0.00118987766587564 -0.00877825244050257 0.999958725438873
16.349139999 -0.7561990187392 -4.08671069959907 216.684319338092 0.00280575446055681 0.000789442734589352 -0.00832053577371064 0.999961135848046
16.55739 -0.768886197619818 -4.15805011423195 219.742237074103 0.00296732392005801 0.000508071062628383 -0.00810753296900435 0.999962601681536
16.76565 -0.78791889246489 -4.22677957345376 222.709851715132 0.0031455051021141 0.000237470042901651 -0.00826965739230343 0.999960830318991
16.973769999 -0.810748513448662 -4.29361535646867 225.649605220526 0.00340786830703049 -0.000156210952219483 -0.00866465208959749 0.999956641977994
17.18203 -0.827423193667613 -4.36754876460594 228.742807148522 0.00334841960534116 -0.000331681719339669 -0.00847357213965847 0.999958437460567
17.39027 -0.849432938585873 -4.43729903567471 231.719431184745 0.00336741995739627 -0.000261350547352805 -0.00724831666308015 0.999968026530985
17.59842 -0.867407415806433 -4.50596087827331 234.751418638405 0.00292022776701584 -0.000247192418335578 -0.00665961261055558 0.999973530012457
17.80664 -0.889304188309163 -4.58066184763057 237.791330008535 0.0033443282699445 -8.16293446505024e-05 -0.00711332633561008 0.999969104219483
18.014769999 -0.908025448684685 -4.64680350820663 240.854615158108 0.00200501983068155 0.000524635866497829 -0.00795375756531283 0.999966220626116
18.22302 -0.92173726311163 -4.71374857239702 243.903490503749 0.00255915608187888 0.00103603073588772 -0.007987710537301 0.999964286282683
18.431149999 -0.932447479495803 -4.78353337994999 246.980745099539 0.00299545786361806 0.00141460558734568 -0.0085473146734064 0.99995798388487
18.63942 -0.940774454196615 -4.85278841880333 250.064644422225 0.00225800096631371 0.00124639076120419 -0.0085455332253179 0.999960160108192
18.847539999 -0.952603454668654 -4.92349102132006 253.13900681804 0.00206622566927993 0.00117072598034443 -0.00942520497622153 0.999952761695931
19.055649999 -0.966059144147165 -4.98945906832782 256.225618150007 0.00195416616029275 0.00119304994252424 -0.0101686293635486 0.999945676946163
19.26377 -0.969364444964276 -5.05149677866702 259.368875701762 0.00155093041779193 0.00107945580476954 -0.00864274884405883 0.999960865375452
19.471779999 -0.975205385213825 -5.11508677764702 262.41412942215 0.00153458424237416 0.000951805556223646 -0.0066249381987107 0.99997642437772
19.5759 -0.97957681890856 -5.14701699997032 263.965718781035 0.00200506029816131 0.000784497340031616 -0.0060213057838308 0.999979553877869
19.78402 -0.979893129907432 -5.21045741665473 267.134212171161 0.000222972132303926 0.00114874353898776 -0.00416801994717087 0.999990629096808
19.992129999 -0.991825198472734 -5.26878097166655 270.199817931405 0.00107364767247896 0.00146890077507164 -0.00331916072736183 0.999992836365968
20.20015 -0.999201238706348 -5.33137930177507 273.339983958407 0.00119491096238776 0.00223238011760894 -0.00464450830116779 0.999986008506841
20.40827 -1.00800457689588 -5.39739589642743 276.458044161096 0.00143506616978473 0.0032082042361915 -0.00604209582283073 0.999975570245961
20.616399999 -1.00430341537841 -5.46491917075114 279.591989212032 0.00188890796825586 0.00401306022174532 -0.00654798191938085 0.999968725164506
20.824519999 -0.992890922134266 -5.53209591038079 282.704485951593 0.00200878636288688 0.00483194115626277 -0.00598262048332513 0.999968412188187
21.032779999 -0.972201216801307 -5.60023786404805 285.86288400735 0.00135317238952295 0.00532981258792751 -0.00489879339998987 0.999972881555038
21.24088 -0.952690443688049 -5.66959556518054 288.980814712634 0.00364860749546666 0.00514350681293781 -0.00386437324346354 0.999972648936182
21.448899999 -0.93907472489211 -5.74144423652267 292.096126523675 0.00365733463244036 0.0043073701610339 -0.00327652695350307 0.999978667190858
21.657019999 -0.932263257930701 -5.81689627859516 295.247872594776 0.0041328587731339 0.00352720410902498 -0.00351477959350094 0.999979062097774
21.86503 -0.927775701969691 -5.89383042727349 298.44533315929 0.00384109943235747 0.0027322434816991 -0.00329307394142331 0.99998346809571
22.07317 -0.930125546645583 -5.9648917180841 301.596389205337 0.00254095305411942 0.001967826106966 -0.00404236918477464 0.999986665145773
22.28115 -0.932823285924613 -6.03198439061414 304.797632549306 0.00268318933746656 0.00273445025716955 -0.00445337367983848 0.999982745220955
22.48927 -0.923533677166967 -6.10049940788045 307.998048087549 0.0033080238373583 0.00297288005993798 -0.00288699092557459 0.999985942024105
22.69742 -0.913217006722222 -6.17875866682035 311.259297126718 0.00482431844524434 0.00307269904498558 -0.00194912226161684 0.999981742530596
22.9054 -0.918899873624236 -6.26115702023896 314.483929638707 0.0049727675426091 0.000976211113197472 -0.00286281988348309 0.999983061285112
23.113489999 -0.927622688841666 -6.33748409536311 317.82250720777 0.00182125740202132 0.00103876261573511 -0.00274147852539184 0.999994044126863
23.3214 -0.932996836483319 -6.40241197459185 321.096061571662 0.00213868038196051 0.00128454346656729 -0.00186704553532898 0.999995145055852
23.52955 -0.934978283808858 -6.47360292165986 324.367747233227 0.00199548918439455 0.00153607961230255 -0.00135813097939937 0.999995906972915
23.737529999 -0.941038921796415 -6.55102078527961 327.657246192339 0.00247342378473286 0.00202228361215747 -0.00218764472988024 0.999992503349055
23.94565 -0.942687120698664 -6.62778280653075 330.933527333354 0.00178821132727067 0.00276880445960703 -0.00191075210783992 0.999992742497912
24.15367 -0.934864291202264 -6.69748482384287 334.177950672658 0.00198404831183467 0.0026820940335352 -0.000926661339791256 0.99999400559336
24.361779999 -0.940618442461049 -6.77467188682832 337.446872178976 0.00289350989402626 0.00263073909463407 -0.0024443947965499 0.999989365816651
24.56978 -0.949750020110746 -6.85701441912983 340.72024876348 0.00415282504451233 0.00192460557237422 -0.00397519911022266 0.999981623695943
24.777899999 -0.95974859351032 -6.93437957817734 343.995893646488 0.00101203400879188 0.000968392590232522 -0.00499651750721066 0.999986536317243
24.986019999 -0.979078730357148 -7.00128482175307 347.168824632058 0.00242866822725213 -0.000640962313042039 -0.00497698759226787 0.999984460045486
25.19415 -0.998961616254919 -7.07733589706644 350.425567725358 0.0014596006964774 -0.00204870302787472 -0.0035093904735965 0.99999067823666
25.4024 -1.02870060385924 -7.15154320242203 353.65266908838 0.00226499650141045 -0.00244015543546861 -0.00311480716972104 0.999989606650287
25.61054 -1.05993077861667 -7.22466021416278 356.841925626616 0.00238970792723677 -0.00242944033962261 -0.00279698863460508 0.999990281937898
25.81865 -1.09067678700143 -7.30604266495374 360.069964253101 0.00295838115847702 -0.00252268755653295 -0.00241450045124224 0.999989527053151
26.026979999 -1.12145738675093 -7.38334504985939 363.256804681338 0.0032432465101908 -0.00243826226976596 -0.00230641665316658 0.999989108276385
26.44329 -1.17232160752143 -7.53622151483167 369.673468168788 0.00314561198594221 -0.00244834513317688 7.9245265541292e-05 0.999992052194182
26.651409999 -1.20617939694115 -7.61653975731394 372.886837047297 0.00299091163822599 -0.00212589157526903 -0.00124150305509222 0.999992496823225
27.06782 -1.26351530249261 -7.76747243395418 379.358325538792 0.00316721003074752 -0.0015078543449992 -0.00209972756749485 0.9999916431151
27.27606 -1.29481591320269 -7.83984651838788 382.587448835741 0.0032370850217144 -0.00115152358654382 -0.00315198347739813 0.999989130077998
27.38014 -1.31066967028819 -7.87496040607745 384.226789496115 0.00296963051470518 -0.000961629801112334 -0.00396594147816861 0.999987263854357
