0.416979 -0.013228 -0.037033 1.686900 0.002278 -0.002530 0.001472 0.999993
1.042605 -0.067397 -0.120553 5.196232 0.006734 -0.006580 0.002343 0.999953
1.668106 -0.173277 -0.201532 9.113917 -0.002983 -0.009789 -0.002499 0.999945
1.876603 -0.216578 -0.207381 10.501426 0.003702 -0.010711 -0.003509 0.999930
2.293607 -0.301195 -0.229544 13.564852 -0.006742 -0.011964 -0.001241 0.999905
2.502107 -0.346656 -0.227279 15.195125 -0.004978 -0.011788 -0.000070 0.999918
2.919104 -0.437554 -0.255056 18.672834 0.005381 -0.010181 0.000997 0.999933
3.127481 -0.486942 -0.293085 20.523488 0.005473 -0.010233 0.000254 0.999933
3.335979 -0.542642 -0.338588 22.422384 0.007209 -0.010169 -0.001940 0.999920
3.752729 -0.656627 -0.446855 26.344187 0.007573 -0.010385 -0.005002 0.999905
3.961233 -0.712585 -0.503357 28.365409 0.006051 -0.010710 -0.005796 0.999908
4.377982 -0.829040 -0.612647 32.487005 0.005988 -0.011210 -0.006527 0.999898
4.586357 -0.889608 -0.663486 34.604981 0.002807 -0.011714 -0.006376 0.999907
5.003109 -1.021682 -0.746365 38.906237 0.002427 -0.012839 -0.006444 0.999894
5.211513 -1.090856 -0.790301 41.075661 0.000802 -0.013589 -0.006275 0.999888
5.628235 -1.246942 -0.877841 45.402291 0.003516 -0.014340 -0.008152 0.999858
5.732480 -1.287415 -0.902760 46.504496 0.003659 -0.014291 -0.008348 0.999856
6.149354 -1.437302 -0.998131 50.912592 0.001070 -0.013919 -0.008196 0.999869
6.253481 -1.472946 -1.018889 52.004213 0.001965 -0.013722 -0.007808 0.999873
6.357731 -1.509627 -1.042618 53.082554 0.003063 -0.013598 -0.007898 0.999872
6.774485 -1.643379 -1.163992 57.435823 0.005658 -0.013284 -0.005005 0.999883
6.982859 -1.707833 -1.217355 59.645186 -0.000303 -0.013028 -0.003678 0.999908
7.399507 -1.837790 -1.308084 64.034337 0.004419 -0.012873 -0.001605 0.999906
7.607858 -1.909597 -1.364467 66.218248 0.006938 -0.012458 -0.003233 0.999893
8.024607 -2.050087 -1.482491 70.629538 0.003277 -0.011997 -0.004821 0.999911
8.232862 -2.112596 -1.535641 72.833159 0.001500 -0.012323 -0.003489 0.999917
8.441112 -2.176839 -1.587353 75.043485 0.001263 -0.012930 -0.002576 0.999912
8.857735 -2.327288 -1.694968 79.409729 0.001187 -0.014079 -0.004504 0.999890
9.065987 -2.407172 -1.741321 81.565424 -0.001152 -0.014596 -0.005752 0.999876
9.482610 -2.560231 -1.827204 85.793168 0.000192 -0.015840 -0.004784 0.999863
9.690863 -2.635311 -1.871079 87.815731 -0.001917 -0.016446 -0.004155 0.999854
10.107490 -2.804636 -1.952214 91.663702 -0.001787 -0.020719 -0.002238 0.999781
10.315740 -2.898121 -1.989115 93.442864 -0.002515 -0.023848 -0.002668 0.999709
10.732490 -3.108190 -2.052458 96.720262 -0.004466 -0.029468 -0.005315 0.999542
10.940860 -3.217989 -2.084794 98.190080 -0.002031 -0.032118 -0.006906 0.999458
11.149240 -3.327795 -2.114417 99.518179 0.001150 -0.034393 -0.009045 0.999367
11.462110 -3.473809 -2.162014 101.296727 0.000686 -0.032917 -0.013087 0.999372
11.775110 -3.556088 -2.198754 102.858048 -0.002362 -0.021691 -0.014625 0.999655
12.401640 -3.460115 -2.264346 105.434377 0.003005 0.030048 -0.011865 0.999474
12.924370 -3.037355 -2.324530 107.291123 0.007001 0.112416 -0.004755 0.993625
13.133360 -2.772832 -2.355164 107.980115 0.008052 0.154400 -0.003670 0.987969
13.342370 -2.457967 -2.382806 108.631963 0.007492 0.201289 -0.004568 0.979493
13.760010 -1.659524 -2.439581 109.775302 0.010196 0.299261 -0.003058 0.954112
14.177490 -0.611332 -2.487038 110.768683 0.014951 0.401638 -0.008792 0.915634
14.594740 0.720849 -2.538943 111.526659 0.011836 0.502089 -0.004390 0.864724
15.011990 2.246279 -2.601555 112.007575 0.011028 0.595480 -0.007969 0.803255
15.220240 3.100126 -2.633352 112.145439 0.014538 0.631378 -0.005865 0.775317
15.739890 5.512273 -2.717949 112.338792 0.010100 0.685739 -0.003911 0.727767
16.259530 8.389147 -2.801929 112.288055 0.018797 0.716268 -0.002443 0.697568
16.778640 11.741858 -2.919674 112.175762 0.018792 0.718010 0.001376 0.695777
17.090490 13.953561 -2.996417 112.124469 0.018781 0.716986 0.000237 0.696835
17.610870 17.897156 -3.134659 112.035635 0.015016 0.717646 0.001879 0.696244
17.819120 19.509186 -3.181681 111.983582 0.014953 0.718452 0.004766 0.695400
18.339870 23.696649 -3.321800 111.869090 0.014906 0.720589 -0.000849 0.693201
18.548250 25.405248 -3.383541 111.818795 0.010022 0.721103 0.001006 0.692755
18.964900 28.783132 -3.490129 111.712264 0.013516 0.720589 -0.003324 0.693223
19.173270 30.460929 -3.549218 111.656568 0.014723 0.719975 -0.001905 0.693841
19.590340 33.809719 -3.667481 111.557503 0.011620 0.719963 0.001526 0.693913
19.798650 35.451685 -3.723369 111.506005 0.010740 0.721415 0.000656 0.692420
20.215660 38.683299 -3.833707 111.383335 0.008842 0.724358 -0.000210 0.689368
20.424610 40.256130 -3.886756 111.312092 0.009061 0.725700 -0.000736 0.687951
20.841310 43.345538 -3.990486 111.153794 0.008743 0.727435 0.000529 0.686121
21.049750 44.839816 -4.036596 111.079251 0.007122 0.728219 0.000362 0.685308
21.466850 47.669880 -4.132074 110.928259 0.009007 0.728660 -0.002511 0.684811
21.675510 49.069996 -4.182877 110.848629 0.009910 0.728706 -0.002037 0.684752
22.092530 51.829510 -4.282107 110.702106 0.008189 0.728851 -0.002725 0.684618
22.301210 53.182683 -4.328422 110.625187 0.006789 0.730457 -0.003371 0.682917
22.509770 54.510747 -4.375833 110.534260 0.007775 0.734296 -0.004731 0.678769
23.135720 58.589187 -4.519375 110.146167 0.005931 0.745842 -0.008376 0.666044
23.343940 60.009793 -4.564128 109.985258 0.004673 0.747359 -0.005108 0.664384
23.760760 62.916253 -4.649169 109.646416 0.008320 0.748582 -0.004513 0.662974
23.969260 64.402875 -4.698175 109.458892 0.013072 0.749047 -0.003798 0.662377
24.177660 65.912302 -4.751439 109.285803 0.010107 0.749196 -0.001730 0.662269
24.386170 67.413768 -4.803775 109.105456 0.010054 0.749603 0.000002 0.661811
24.594630 68.901227 -4.852654 108.930488 0.009836 0.750949 -0.001365 0.660285
25.012020 71.880360 -4.949182 108.549158 0.009613 0.753510 -0.001769 0.657364
25.220150 73.402744 -4.999156 108.350739 0.009884 0.754209 -0.002860 0.656554
25.428740 74.955516 -5.048718 108.143923 0.009517 0.755034 -0.002210 0.655613
25.845770 78.090885 -5.142453 107.710312 0.007092 0.757267 -0.001575 0.653065
26.054250 79.686170 -5.187824 107.476921 0.009009 0.758527 -0.003057 0.651572
26.471270 82.955363 -5.304865 106.977599 0.014783 0.758777 -0.002844 0.651177
26.679760 84.641803 -5.367273 106.733946 0.013523 0.758569 -0.001548 0.651450
27.096690 88.036270 -5.478165 106.254241 0.009919 0.756400 0.001309 0.654033
27.305190 89.737411 -5.533565 106.018598 0.014038 0.755305 -0.002006 0.655220
27.722410 93.192939 -5.661241 105.565465 0.012313 0.753844 -0.001570 0.656936
27.930640 94.933771 -5.726161 105.341811 0.011711 0.753504 -0.001976 0.657336
28.347630 98.382000 -5.849969 104.884417 0.014592 0.752473 0.000582 0.658462
28.556140 100.093591 -5.911194 104.676753 0.010994 0.752092 -0.001287 0.658965
28.764800 101.792414 -5.977614 104.474683 0.007642 0.752620 -0.003650 0.658401
29.181800 105.139696 -6.111897 104.046842 0.009266 0.753652 -0.006955 0.657171
29.390270 106.780138 -6.185703 103.829163 0.011380 0.754060 -0.007445 0.656665
29.807270 109.992081 -6.337429 103.402652 0.010468 0.756479 -0.009558 0.653865
30.015910 111.566936 -6.413806 103.177746 0.011037 0.758643 -0.011836 0.651306
30.432920 114.683426 -6.577882 102.700203 0.011670 0.762148 -0.013933 0.647148
30.641400 116.214527 -6.664277 102.453183 0.015532 0.763566 -0.016987 0.645320
31.058390 119.263561 -6.841619 101.934839 0.012293 0.766965 -0.013992 0.641418
31.266890 120.758683 -6.926725 101.677940 0.013096 0.768673 -0.017575 0.639267
31.683900 123.719180 -7.121681 101.129207 0.017118 0.771599 -0.019287 0.635586
31.892590 125.189078 -7.221509 100.828237 0.017547 0.774839 -0.014939 0.631738
32.309930 128.082016 -7.408454 100.181761 0.016445 0.786692 -0.016416 0.616909
32.727140 130.891464 -7.593636 99.386181 0.020063 0.800942 -0.012568 0.598274
33.144180 133.635858 -7.763771 98.496903 0.024135 0.809488 -0.006278 0.586606
33.352510 134.988441 -7.838003 98.031727 0.026829 0.810445 0.000554 0.585200
33.769250 137.633787 -7.980273 97.157584 0.031042 0.810002 0.000228 0.585605
33.977780 138.940167 -8.054768 96.729798 0.030781 0.808907 0.003387 0.587120
34.394020 141.481969 -8.191967 95.932220 0.033513 0.804806 0.003679 0.592580
34.602300 142.733081 -8.262058 95.561147 0.032875 0.801668 0.005685 0.596838
35.019540 145.177572 -8.382351 94.862935 0.033303 0.796797 0.010280 0.603241
35.227510 146.370256 -8.445116 94.548883 0.031638 0.794737 0.008596 0.606068
35.644150 148.691392 -8.557995 93.972522 0.033503 0.786825 0.005572 0.616241
35.852390 149.830514 -8.618770 93.727960 0.032827 0.779571 0.006862 0.625415
36.268770 152.094848 -8.736180 93.370488 0.031505 0.757607 0.006768 0.651916
36.476890 153.227577 -8.799372 93.282660 0.028966 0.743071 0.002892 0.668579
36.893640 155.472050 -8.923059 93.240925 0.019710 0.721005 -0.007005 0.692615
37.102920 156.585803 -8.985197 93.226071 0.012484 0.722372 -0.010162 0.691318
37.520670 158.768453 -9.094899 93.049554 0.010152 0.739738 -0.007427 0.672777
37.729650 159.830698 -9.140142 92.928707 0.006981 0.749957 -0.009207 0.661385
38.147940 161.888908 -9.228470 92.559981 0.006876 0.769947 -0.005845 0.638044
38.355860 162.890639 -9.267704 92.344401 0.005807 0.778348 -0.005874 0.627779
38.564400 163.869094 -9.306338 92.096280 0.010119 0.784958 -0.004200 0.619452
39.085300 166.262470 -9.399522 91.486038 0.010379 0.790547 -0.001953 0.612310
39.710790 169.127659 -9.501200 90.721679 0.010751 0.797337 -0.004040 0.603425
40.023700 170.652370 -9.558746 90.260970 0.012973 0.802563 -0.003408 0.596416
40.336550 172.239992 -9.617425 89.755364 0.015850 0.807496 -0.002758 0.589654
40.649320 173.875922 -9.681209 89.214401 0.015719 0.811372 -0.000792 0.584318
41.691270 179.358502 -9.868906 87.343444 0.016782 0.811020 0.004382 0.584761
42.524580 183.278093 -10.014497 86.130011 0.016656 0.800004 0.009180 0.599693
42.940920 184.906928 -10.069707 85.743459 0.015456 0.784587 0.007907 0.619775
43.252900 186.073085 -10.107877 85.559988 0.018668 0.762908 0.005158 0.646217
43.565080 187.246446 -10.145435 85.512663 0.012751 0.732401 0.002423 0.680750
44.085170 189.138969 -10.201026 85.674188 0.003199 0.675361 0.002738 0.737476
44.293150 189.878485 -10.216253 85.828179 0.003040 0.648793 0.001940 0.760956
44.709450 191.347870 -10.242612 86.339406 0.005169 0.583400 -0.003441 0.812161
45.125340 192.820480 -10.290039 87.187943 0.010537 0.502996 -0.007629 0.864191
45.229310 193.181036 -10.300774 87.446120 0.012551 0.480945 -0.006105 0.876640
45.645680 194.622614 -10.367634 88.829675 0.007335 0.392699 -0.010143 0.919582
45.853900 195.320621 -10.399098 89.680033 0.007696 0.349213 -0.009339 0.936965
46.271110 196.627353 -10.462856 91.706289 0.005602 0.275340 -0.009135 0.961287
46.479940 197.245215 -10.492611 92.868800 0.002422 0.248017 -0.008548 0.968715
46.897820 198.463213 -10.540049 95.454836 0.001078 0.210380 -0.001901 0.977617
47.106530 199.034920 -10.562028 96.862805 0.001705 0.193053 -0.000346 0.981187
47.524300 200.109704 -10.610624 99.898375 -0.000212 0.171452 -0.003790 0.985185
47.733280 200.662845 -10.633325 101.489422 -0.000816 0.170443 -0.003766 0.985360
47.942180 201.246666 -10.659542 103.132822 0.000538 0.170401 -0.001471 0.985374
48.359390 202.457441 -10.713681 106.558665 -0.001162 0.171589 -0.000412 0.985168
48.567920 203.083915 -10.743338 108.309864 -0.001682 0.172356 0.000942 0.985033
48.985000 204.339549 -10.798403 111.810008 -0.003726 0.173035 0.004142 0.984900
49.193280 204.970923 -10.819338 113.562557 -0.002975 0.172923 0.006033 0.984912
49.610180 206.212237 -10.870291 117.049514 -0.001220 0.171480 0.006721 0.985164
49.818560 206.826079 -10.897286 118.806352 -0.002029 0.170374 0.006164 0.985358
50.026950 207.437270 -10.922751 120.562908 -0.001947 0.169026 0.005769 0.985593
50.235330 208.043652 -10.947572 122.318681 -0.002501 0.167582 0.006370 0.985834
50.652030 209.227089 -10.993850 125.788893 -0.003162 0.164156 0.008536 0.986392
50.860320 209.793974 -11.017010 127.490577 -0.002646 0.162396 0.008525 0.986685
51.277040 210.878679 -11.053909 130.805644 -0.005562 0.157805 0.010001 0.987404
51.485450 211.371615 -11.071760 132.366980 -0.001686 0.155506 0.008590 0.987796
52.006530 212.470418 -11.132425 135.979931 -0.006314 0.146900 0.008544 0.989094
52.215240 212.837775 -11.150950 137.267722 -0.005682 0.143179 0.007462 0.989652
52.736490 213.611783 -11.197379 140.054244 -0.001349 0.139330 0.004429 0.990235
52.944900 213.884148 -11.217048 141.030762 -0.000736 0.138807 0.003982 0.990311
53.257570 214.264781 -11.247347 142.427054 -0.000880 0.134357 0.004609 0.990922
53.570100 214.592417 -11.276331 143.785082 -0.000509 0.118600 0.007648 0.992913
53.777930 214.737294 -11.293835 144.654320 0.000434 0.098365 0.006688 0.995128
53.985990 214.817528 -11.307793 145.503132 -0.000564 0.070505 0.005785 0.997494
54.193810 214.831635 -11.322676 146.346166 -0.002728 0.035577 0.004699 0.999352
54.609440 214.624842 -11.349083 147.943901 -0.005647 -0.049607 -0.004200 0.998744
55.025330 214.138776 -11.354384 149.435823 -0.013012 -0.152737 -0.006256 0.988161
55.441330 213.354231 -11.347860 150.745810 -0.017164 -0.266010 -0.011995 0.963743
55.857760 212.304536 -11.306048 151.814192 -0.021982 -0.379819 -0.010278 0.924743
55.961860 212.005520 -11.295602 152.035279 -0.023567 -0.407136 -0.010131 0.913007
56.274310 211.034984 -11.257698 152.561995 -0.024469 -0.484698 -0.013059 0.874242
56.587120 209.979474 -11.214476 152.919317 -0.019968 -0.554538 -0.015560 0.831773
56.795690 209.239435 -11.188571 153.085789 -0.016741 -0.592591 -0.017034 0.805149
57.213710 207.715704 -11.124327 153.329913 -0.020533 -0.643428 -0.011755 0.765140
57.736570 205.527126 -11.044477 153.492324 -0.018767 -0.675948 -0.014761 0.736562
58.153820 203.453915 -10.965153 153.542369 -0.019475 -0.699492 -0.011642 0.714280
58.362580 202.290418 -10.925290 153.509386 -0.017582 -0.708501 -0.015977 0.705310
58.571560 201.046042 -10.876337 153.472878 -0.016950 -0.712920 -0.017103 0.700832
58.989420 198.333011 -10.771770 153.371722 -0.011517 -0.714761 -0.022436 0.698914
59.407510 195.336495 -10.656349 153.343160 -0.006802 -0.702897 -0.027758 0.710717
59.720720 192.898436 -10.563511 153.409305 -0.003896 -0.692032 -0.029842 0.721239
59.929310 191.200060 -10.500862 153.500133 -0.003358 -0.684296 -0.031617 0.728511
60.137820 189.449198 -10.434245 153.612178 -0.004114 -0.676578 -0.033545 0.735595
60.554790 185.905179 -10.304804 153.973917 -0.005454 -0.665157 -0.034380 0.745892
60.763240 184.134853 -10.241109 154.186929 -0.006003 -0.662850 -0.033039 0.747999
61.179820 180.573234 -10.117222 154.609411 -0.004895 -0.661038 -0.033143 0.749604
61.388180 178.785434 -10.056424 154.829887 -0.004775 -0.660495 -0.033627 0.750062
61.596570 177.002751 -9.996655 155.048437 -0.004311 -0.660606 -0.034212 0.749940
62.013230 173.430418 -9.878561 155.470951 -0.002983 -0.661581 -0.034238 0.749086
62.221590 171.637552 -9.816718 155.684106 -0.005315 -0.662191 -0.036099 0.748446
62.638450 168.040239 -9.683224 156.102386 -0.004153 -0.662123 -0.036338 0.748503
62.849550 166.255942 -9.618411 156.320586 -0.004320 -0.660904 -0.037106 0.749540
63.263940 162.697776 -9.494866 156.762457 -0.003268 -0.659486 -0.036105 0.750842
63.472300 160.918964 -9.436633 156.987295 -0.003080 -0.658996 -0.036395 0.751259
63.889570 157.388318 -9.317525 157.441049 -0.004064 -0.658056 -0.036411 0.752077
64.306310 153.870573 -9.201168 157.897673 -0.001997 -0.657321 -0.034470 0.752819
64.515140 152.094088 -9.147262 158.137287 -0.002892 -0.656554 -0.034304 0.753493
64.723370 150.286820 -9.089387 158.382641 -0.003030 -0.655804 -0.034354 0.754143
65.140170 146.643403 -8.964592 158.891182 -0.004906 -0.654326 -0.032814 0.755485
65.349010 144.802849 -8.904558 159.151003 -0.003176 -0.654142 -0.031278 0.755718
65.765550 141.093640 -8.792636 159.637293 -0.005044 -0.657643 -0.030808 0.752683
65.973960 139.166754 -8.727306 159.869609 -0.005208 -0.661773 -0.031028 0.749044
66.390840 135.254055 -8.592800 160.268672 -0.004270 -0.669080 -0.032265 0.742478
66.599380 133.307459 -8.532577 160.452791 -0.001365 -0.669339 -0.030677 0.742322
66.807680 131.340212 -8.480711 160.652083 -0.003528 -0.669303 -0.028640 0.742429
66.911930 130.353476 -8.453928 160.753056 -0.005069 -0.669284 -0.028723 0.742434
67.224690 127.404181 -8.356591 161.041779 -0.008751 -0.669961 -0.030636 0.741712
67.433190 125.471244 -8.283559 161.224218 -0.008606 -0.670116 -0.031893 0.741521
67.850040 121.542220 -8.142379 161.581662 -0.005823 -0.670929 -0.032240 0.740798
68.058600 119.605962 -8.077771 161.757894 -0.005488 -0.671097 -0.031922 0.740662
68.266970 117.661807 -8.013677 161.934632 -0.005147 -0.671052 -0.032227 0.740692
68.475450 115.719690 -7.949199 162.114591 -0.004987 -0.670725 -0.031947 0.741001
68.892240 111.800361 -7.821470 162.480837 -0.004927 -0.670536 -0.032759 0.741137
69.100450 109.848642 -7.755910 162.671421 -0.004579 -0.670306 -0.033145 0.741330
69.517240 105.919436 -7.617021 163.044574 -0.005302 -0.670460 -0.034555 0.741122
69.725600 103.933834 -7.543824 163.232095 -0.005068 -0.670614 -0.036070 0.740911
69.933920 101.980579 -7.472857 163.402071 -0.001840 -0.670905 -0.036678 0.740634
70.350780 98.082345 -7.348788 163.758440 0.001480 -0.668072 -0.038573 0.743095
70.559170 96.150443 -7.286050 163.962405 -0.000471 -0.666372 -0.038888 0.744604
70.976260 92.293618 -7.149873 164.388008 -0.000531 -0.662946 -0.039949 0.747600
71.184470 90.381554 -7.085671 164.609016 0.001841 -0.661700 -0.037999 0.748803
71.601510 86.493878 -6.971144 165.074287 0.000011 -0.660973 -0.036730 0.749510
71.809460 84.514915 -6.910746 165.308881 -0.000632 -0.661307 -0.035590 0.749270
72.017800 82.547146 -6.846845 165.538260 -0.003311 -0.662077 -0.036069 0.748560
72.226050 80.579866 -6.775906 165.760638 -0.005057 -0.661971 -0.038570 0.748519
72.642980 76.643019 -6.643552 166.226244 -0.002220 -0.661243 -0.032554 0.749462
72.851340 74.648001 -6.579011 166.458785 -0.005350 -0.661943 -0.033976 0.748765
73.059560 72.655134 -6.508296 166.683674 -0.005274 -0.662960 -0.034131 0.747858
73.476280 68.653729 -6.370354 167.110259 -0.007435 -0.667331 -0.031917 0.744040
73.684600 66.670128 -6.302974 167.304139 -0.007266 -0.669226 -0.031556 0.742353
74.101330 62.660020 -6.164456 167.664705 -0.007215 -0.671750 -0.033578 0.739982
74.309810 60.642553 -6.091967 167.841085 -0.006241 -0.672181 -0.034167 0.739572
74.726710 56.627467 -5.947178 168.194625 -0.006552 -0.673137 -0.033484 0.738730
74.935080 54.615944 -5.880924 168.363427 -0.007364 -0.674044 -0.033575 0.737891
75.143430 52.611643 -5.812382 168.520121 -0.007556 -0.674836 -0.032306 0.737222
75.351710 50.645544 -5.745305 168.675218 -0.007739 -0.676209 -0.031414 0.735999
75.768340 46.754065 -5.630512 168.953755 -0.005599 -0.679706 -0.026793 0.732974
76.185000 42.837328 -5.515031 169.203469 -0.008306 -0.681882 -0.029188 0.730832
76.393300 40.902695 -5.450989 169.320866 -0.007994 -0.681837 -0.030379 0.730829
76.601900 38.977204 -5.386143 169.436631 -0.008399 -0.681741 -0.032323 0.730831
77.018320 35.167333 -5.246135 169.655666 -0.007635 -0.683041 -0.032791 0.729603
77.226680 33.303241 -5.179388 169.761522 -0.007452 -0.684264 -0.034103 0.728398
77.643330 29.739577 -5.055101 169.935639 -0.006169 -0.687447 -0.034114 0.725407
77.851700 28.008123 -4.993629 170.010524 -0.006090 -0.688608 -0.034232 0.724300
78.268580 24.647963 -4.875334 170.139231 -0.005500 -0.689861 -0.036542 0.722998
78.477150 23.054713 -4.817085 170.202885 -0.004040 -0.688489 -0.036935 0.724294
78.894170 20.013913 -4.716440 170.359753 -0.003158 -0.684582 -0.035541 0.728063
79.102740 18.541504 -4.669263 170.449093 -0.002891 -0.682725 -0.034595 0.729850
79.311290 17.092427 -4.622498 170.544045 -0.003872 -0.681199 -0.034604 0.731270
79.521320 15.675160 -4.577063 170.639915 -0.004667 -0.680286 -0.034896 0.732101
80.145310 11.632044 -4.441633 170.936926 -0.006692 -0.676796 -0.035228 0.735297
80.458240 9.799353 -4.378214 171.089494 -0.006859 -0.673629 -0.035215 0.738198
81.083960 6.577524 -4.264709 171.431453 -0.009361 -0.663039 -0.034370 0.747737
81.396840 5.141254 -4.220621 171.632131 -0.007966 -0.653342 -0.031739 0.756355
81.709820 3.838607 -4.179997 171.881826 -0.007238 -0.639081 -0.029180 0.768551
82.336010 1.606847 -4.134785 172.511759 -0.008279 -0.597227 -0.023917 0.801673
82.649060 0.662155 -4.119556 172.901319 -0.006976 -0.568069 -0.019495 0.822721
83.275720 -1.057406 -4.094547 173.915097 -0.011543 -0.486550 -0.018402 0.873383
83.484740 -1.553221 -4.088342 174.322663 -0.007715 -0.453023 -0.016269 0.891317
83.901950 -2.482174 -4.066909 175.303858 0.001399 -0.377455 -0.012679 0.925940
84.110770 -2.910494 -4.071581 175.915527 -0.000922 -0.336410 -0.009802 0.941664
84.319310 -3.307590 -4.078761 176.592090 -0.000715 -0.293695 -0.009757 0.955849
84.737260 -4.051218 -4.103836 178.209036 0.004567 -0.209272 -0.009798 0.977798
85.154250 -4.593950 -4.138113 180.142591 0.005255 -0.125157 -0.013590 0.992030
85.570070 -4.872331 -4.187093 182.442773 0.009978 -0.049988 -0.013523 0.998608
85.778090 -4.918588 -4.225667 183.711428 0.010488 -0.023680 -0.011002 0.999604
85.985830 -4.929470 -4.266760 185.039181 0.010914 -0.008373 -0.007218 0.999879
86.401450 -4.898858 -4.355612 187.863120 0.009530 0.006248 -0.002208 0.999933
86.608970 -4.879533 -4.398501 189.349770 0.009604 0.005983 0.000348 0.999936
86.816720 -4.879427 -4.443993 190.891445 0.008652 0.003377 -0.000389 0.999957
87.232860 -4.898774 -4.549667 194.096482 0.011903 -0.002151 0.000460 0.999927
87.440900 -4.919467 -4.607478 195.744123 0.007470 -0.003544 0.000205 0.999966
87.857180 -4.981601 -4.711260 199.038666 0.008368 -0.005255 -0.003725 0.999944
88.065680 -5.016075 -4.763323 200.722965 0.007146 -0.005908 -0.004251 0.999948
88.482060 -5.082171 -4.864045 204.058678 0.005063 -0.008962 -0.002657 0.999943
88.690450 -5.122503 -4.910292 205.685229 0.003086 -0.010673 -0.002427 0.999935
89.107430 -5.229973 -4.991056 208.945338 0.002454 -0.014412 -0.002424 0.999890
89.315720 -5.291112 -5.034083 210.555130 0.005012 -0.015885 -0.001887 0.999859
89.732690 -5.416523 -5.123457 213.701956 0.002525 -0.015408 -0.003469 0.999872
89.941180 -5.472961 -5.164758 215.195064 0.003437 -0.015282 -0.004041 0.999869
90.149600 -5.533661 -5.207032 216.622612 0.004805 -0.016393 -0.005066 0.999841
90.357970 -5.589024 -5.245906 217.972367 0.002999 -0.018171 -0.004738 0.999819
90.566320 -5.650546 -5.284608 219.232525 0.002281 -0.021132 -0.004750 0.999763
91.087510 -5.812117 -5.366372 221.978947 0.003406 -0.027204 -0.004615 0.999613
91.400350 -5.886404 -5.407787 223.393850 0.003405 -0.021379 -0.005745 0.999749
92.026880 -5.811659 -5.493552 226.050329 0.006539 0.027387 -0.006807 0.999580
92.444850 -5.521261 -5.557870 227.687930 0.011708 0.088907 -0.006994 0.995947
92.654030 -5.270568 -5.587964 228.446919 0.011912 0.126399 -0.000505 0.991908
92.862950 -4.964484 -5.622384 229.170288 0.011556 0.165906 0.006747 0.986051
93.280830 -4.229401 -5.698141 230.512308 0.014020 0.252597 0.004465 0.967460
93.698450 -3.204547 -5.751277 231.705579 0.024001 0.343866 0.008390 0.938674
94.115820 -1.950592 -5.843942 232.784346 0.017789 0.437626 -0.004562 0.898970
94.533080 -0.390207 -5.908252 233.581188 0.021859 0.529945 -0.008831 0.847704
94.741610 0.510779 -5.970983 233.906129 0.014726 0.572203 -0.011072 0.819905
95.158090 2.530089 -6.064845 234.313680 0.021091 0.636115 -0.008048 0.771264
95.677890 5.436530 -6.197364 234.584045 0.014889 0.685888 -0.007680 0.727514
95.885910 6.707808 -6.246290 234.593908 0.019519 0.700609 -0.005489 0.713258
96.301480 9.460747 -6.357568 234.528788 0.015402 0.721215 -0.001727 0.692538
96.509210 10.913340 -6.400563 234.443096 0.020546 0.725113 0.000646 0.688323
96.717080 12.434602 -6.455615 234.366973 0.018128 0.727081 0.001794 0.686310
97.132730 15.611432 -6.560161 234.190560 0.017503 0.728627 0.004363 0.684673
97.548460 18.841800 -6.668146 234.033687 0.018780 0.724465 0.006041 0.689029
97.964520 22.086248 -6.778010 233.922524 0.018684 0.720040 0.005453 0.693660
98.068570 22.900328 -6.803166 233.903151 0.018878 0.719174 0.003969 0.694562
98.276660 24.561124 -6.859445 233.870416 0.015046 0.717761 0.003490 0.696118
98.693070 27.872620 -6.971536 233.818579 0.013025 0.716077 -0.000176 0.697900
98.901370 29.537989 -7.030761 233.789457 0.011988 0.716000 0.000075 0.697998
99.317990 32.877566 -7.143687 233.721060 0.011513 0.716730 0.000971 0.697255
99.526340 34.543478 -7.200633 233.689852 0.009346 0.717759 -0.000383 0.696229
99.943090 37.844661 -7.302776 233.604832 0.004376 0.720927 -0.000785 0.692997
100.151300 39.482913 -7.347132 233.551736 0.002187 0.721863 0.000254 0.692032
100.568000 42.718656 -7.435447 233.430929 0.007774 0.722044 -0.001886 0.691801
100.776300 44.322819 -7.489326 233.375080 0.006833 0.722725 -0.002586 0.691097
101.193100 47.479183 -7.585496 233.253506 0.003085 0.724934 -0.001574 0.688810
101.401500 49.027037 -7.629162 233.183218 0.004789 0.725213 -0.002302 0.688504
101.922300 52.856967 -7.734007 233.028144 0.001037 0.724284 -0.001302 0.689500
102.130600 54.354094 -7.773619 232.964405 0.002744 0.724193 -0.001464 0.689590
102.547400 57.336200 -7.854389 232.837487 0.003533 0.724490 -0.001136 0.689275
102.755600 58.788935 -7.904644 232.777585 0.010044 0.724256 -0.008238 0.689408
103.172400 61.699305 -8.023800 232.659700 0.008123 0.722502 -0.003452 0.691312
103.380700 63.131856 -8.068830 232.609124 0.007866 0.721172 -0.002227 0.692708
103.797500 65.952770 -8.164571 232.540435 0.003425 0.721762 -0.007126 0.692096
104.006000 67.350097 -8.211588 232.493172 0.002101 0.722823 -0.007604 0.690989
104.422700 70.077939 -8.299341 232.382029 0.001647 0.723706 -0.005516 0.690084
104.630800 71.396936 -8.342048 232.336704 0.001954 0.722981 -0.007380 0.690826
105.047500 74.006531 -8.433224 232.244636 0.003509 0.722434 -0.008678 0.691376
105.256000 75.295496 -8.479453 232.206070 0.001522 0.722387 -0.008483 0.691435
105.464400 76.567045 -8.521934 232.147403 0.003146 0.723428 -0.006238 0.690364
105.672800 77.824515 -8.562402 232.097709 0.001443 0.725498 -0.007086 0.688186
105.881400 79.081544 -8.603400 232.026412 0.003195 0.727296 -0.006265 0.686288
106.402800 82.342554 -8.713079 231.790549 0.004470 0.737044 -0.009276 0.675766
106.611300 83.704175 -8.761244 231.658940 0.005882 0.741109 -0.008877 0.671300
107.132400 87.284108 -8.873654 231.255770 0.005162 0.750549 -0.007648 0.660750
107.340700 88.801931 -8.918604 231.049546 0.008509 0.753583 -0.007644 0.657253
107.549200 90.379929 -8.967997 230.824357 0.008378 0.756437 -0.004600 0.653997
107.965800 93.694029 -9.054808 230.329657 0.009022 0.758680 0.001044 0.651400
108.174000 95.420812 -9.095232 230.072372 0.012499 0.758363 0.001056 0.651711
108.590400 99.037750 -9.191864 229.542136 0.017894 0.754934 0.006655 0.655523
109.006700 102.855329 -9.287465 229.070102 0.018974 0.748588 0.007821 0.662718
109.318900 105.825451 -9.367551 228.756700 0.018080 0.743587 0.008861 0.668336
109.527200 107.810960 -9.430607 228.567308 0.022149 0.741757 0.003631 0.670293
109.943800 111.847106 -9.583102 228.184014 0.020935 0.740053 0.009923 0.672149
110.152000 113.870938 -9.641687 228.002452 0.019186 0.739498 0.011557 0.672786
110.568500 117.873688 -9.764179 227.655224 0.021309 0.738187 0.009118 0.674198
110.776900 119.880153 -9.833126 227.491966 0.020471 0.737237 0.008538 0.675270
111.193300 123.866980 -9.974181 227.191661 0.018495 0.733957 0.009032 0.678884
111.401600 125.860216 -10.036501 227.053477 0.018109 0.732108 0.009200 0.680886
111.818700 129.792574 -10.156831 226.833255 0.010198 0.730155 0.004865 0.683189
112.026400 131.727984 -10.211724 226.720451 0.011461 0.730491 0.002286 0.682823
112.234700 133.651364 -10.278385 226.604514 0.013671 0.730472 -0.000663 0.682806
112.651700 137.464937 -10.417750 226.368097 0.010107 0.731941 0.001652 0.681291
112.859700 139.338596 -10.475232 226.246899 0.008338 0.733928 -0.000129 0.679176
113.276200 143.084740 -10.589300 225.950214 0.006750 0.739439 -0.001054 0.673189
113.484600 144.955125 -10.644159 225.776872 0.008200 0.742514 -0.002213 0.669776
113.692900 146.830993 -10.704621 225.581242 0.007412 0.746930 -0.002211 0.664858
113.901400 148.694492 -10.756021 225.352518 0.006245 0.752557 -0.000537 0.658497
114.318100 152.425282 -10.849402 224.789037 0.004996 0.764597 0.001154 0.644489
114.526500 154.292340 -10.895315 224.445918 0.007134 0.770768 0.001594 0.637074
114.943300 158.013738 -10.986923 223.632390 0.011245 0.784141 0.004636 0.620464
115.151800 159.853642 -11.028651 223.166525 0.014851 0.788730 0.007392 0.614516
115.568000 163.545326 -11.122048 222.193897 0.024257 0.790210 0.012349 0.612232
115.775900 165.397802 -11.173788 221.726493 0.027189 0.787135 0.015068 0.615997
116.191900 169.097171 -11.261045 220.861020 0.029521 0.779550 0.022005 0.625257
116.400000 170.932666 -11.308859 220.471351 0.033460 0.775868 0.019040 0.629720
116.816100 174.628254 -11.421514 219.781538 0.030304 0.767457 0.021134 0.640035
117.024500 176.464316 -11.474748 219.474573 0.030275 0.764532 0.019032 0.643593
117.441200 179.999590 -11.587404 218.882658 0.029965 0.763234 0.022761 0.645026
117.858100 183.281443 -11.673226 218.342894 0.032015 0.762524 0.022233 0.645784
118.170700 185.727790 -11.743881 217.947715 0.032085 0.762829 0.020272 0.645486
118.379200 187.348419 -11.787015 217.675298 0.030490 0.763688 0.023637 0.644432
118.796200 190.537775 -11.855788 217.115413 0.034018 0.765142 0.025741 0.642447
119.005100 192.113659 -11.893170 216.842547 0.037997 0.764011 0.023898 0.643640
119.421900 195.250219 -11.981344 216.358015 0.032983 0.758629 0.026053 0.650166
119.629500 196.796977 -12.025260 216.137929 0.033807 0.756186 0.024644 0.653019
120.046300 199.865894 -12.105395 215.721059 0.031500 0.752719 0.027598 0.657008
120.254600 201.383874 -12.144641 215.527667 0.031333 0.752166 0.025057 0.657752
120.463100 202.866434 -12.182415 215.344715 0.030997 0.752176 0.020130 0.657925
120.671400 204.291232 -12.225873 215.168228 0.027528 0.752397 0.020308 0.657821
121.192500 207.433027 -12.317594 214.760557 0.026179 0.752449 0.019396 0.657844
121.505100 209.015861 -12.364668 214.558977 0.027047 0.751600 0.017490 0.658832
121.713700 209.968693 -12.400114 214.442394 0.026701 0.751628 0.015867 0.658856
122.443800 213.015628 -12.514324 213.976562 0.029688 0.761494 0.014643 0.647326
123.173800 215.348867 -12.602312 213.533279 0.031642 0.770954 0.015753 0.635909
123.591600 216.559110 -12.643464 213.269343 0.031040 0.778042 0.016254 0.627234
124.008300 217.733565 -12.683755 212.967362 0.031992 0.788871 0.013680 0.613573
124.842600 220.221551 -12.763091 212.069874 0.029733 0.828660 0.008743 0.558893
125.155700 221.225008 -12.792783 211.575889 0.026695 0.849095 0.005275 0.527539
125.781800 223.361809 -12.851223 210.099054 0.022191 0.895689 0.007147 0.444069
125.990400 224.066348 -12.863754 209.448229 0.022198 0.911121 0.007837 0.411465
126.408300 225.421469 -12.881341 207.902354 0.018780 0.939602 0.009920 0.341609
126.616000 226.044332 -12.884866 207.002288 0.018423 0.951995 0.010347 0.305384
126.824500 226.628794 -12.882292 206.022176 0.019431 0.962590 0.009991 0.270081
127.241400 227.643523 -12.880256 203.837375 0.016722 0.979468 0.011632 0.200566
127.449800 228.042478 -12.866683 202.628894 0.018347 0.986207 0.016848 0.163629
127.658400 228.363672 -12.849279 201.369322 0.016372 0.991828 0.020243 0.124900
128.075400 228.683818 -12.785319 198.720618 0.021987 0.998543 0.018662 0.045603
128.283700 228.703216 -12.760025 197.355125 0.022810 0.999608 0.013837 0.008473
128.700300 228.482286 -12.711334 194.499176 0.026463 0.998264 0.014614 -0.050551
128.908300 228.274282 -12.680806 193.041346 0.025835 0.996861 0.016100 -0.073086
129.116400 228.007254 -12.642758 191.559170 0.024145 0.995216 0.018966 -0.092746
129.532700 227.278743 -12.530057 188.521857 0.018679 0.990686 0.028063 -0.131924
129.740800 226.827939 -12.461600 186.990801 0.017284 0.988583 0.024452 -0.147669
130.261000 225.494191 -12.316205 183.088002 0.020866 0.984755 0.020919 -0.171422
130.469000 224.913244 -12.259149 181.489032 0.021613 0.984006 0.019711 -0.175718
130.885300 223.722250 -12.158942 178.282360 0.024719 0.983432 0.018239 -0.178654
131.093400 223.123883 -12.111540 176.667281 0.028076 0.983839 0.018086 -0.175911
131.509500 222.008369 -12.015202 173.441922 0.030490 0.985796 0.019433 -0.164008
131.717500 221.499137 -11.966092 171.851094 0.030810 0.986842 0.019535 -0.157520
132.133900 220.563764 -11.875088 168.743912 0.030339 0.988551 0.021172 -0.146283
132.342200 220.143326 -11.832829 167.274572 0.029637 0.988993 0.022152 -0.143263
132.760700 219.359578 -11.753614 164.535335 0.027992 0.989114 0.021413 -0.142870
132.967600 218.989184 -11.716926 163.260050 0.027329 0.988821 0.021851 -0.144944
133.178000 218.626590 -11.680858 162.052671 0.026944 0.988285 0.021635 -0.148654
133.802200 217.489969 -11.580475 158.736173 0.024542 0.983287 0.021466 -0.179118
134.011100 217.052291 -11.546432 157.731856 0.025116 0.979127 0.021365 -0.200555
134.220100 216.574340 -11.511327 156.796664 0.023558 0.973023 0.020969 -0.228543
134.429100 216.043560 -11.479584 155.935272 0.020860 0.963567 0.019918 -0.265906
134.847300 214.779095 -11.420324 154.443813 0.021029 0.935001 0.015835 -0.353668
135.056400 214.058980 -11.389408 153.821243 0.019468 0.915221 0.017630 -0.402095
135.473900 212.476406 -11.329274 152.867688 0.017184 0.867563 0.020058 -0.496625
135.891300 210.677600 -11.260475 152.224271 -0.012535 -0.811187 -0.024977 0.584118
136.099700 209.708546 -11.221426 152.034866 -0.011132 -0.781995 -0.024846 0.622690
136.517700 207.600159 -11.136497 151.854373 -0.013710 -0.733122 -0.029427 0.679322
136.932000 205.318454 -11.039397 151.851310 -0.006901 -0.701340 -0.028992 0.712203
137.141300 204.097473 -10.985988 151.899208 -0.004650 -0.691014 -0.029825 0.722211
137.555600 201.477752 -10.889449 152.099306 -0.004645 -0.673522 -0.032328 0.738445
137.763500 200.080612 -10.835724 152.244167 -0.005106 -0.668774 -0.030928 0.742805
137.971500 198.628403 -10.780512 152.391181 -0.004275 -0.667562 -0.030879 0.743901
138.387700 195.564131 -10.668156 152.690718 -0.002288 -0.667879 -0.033602 0.743507
138.491800 194.758704 -10.636960 152.768079 -0.001657 -0.667377 -0.033856 0.743948
138.700000 193.121386 -10.576547 152.936069 -0.001171 -0.666160 -0.034488 0.745010
139.116700 189.706357 -10.457189 153.323987 -0.000955 -0.663734 -0.036063 0.747098
139.325000 187.936945 -10.396399 153.548609 -0.000766 -0.661835 -0.036331 0.748769
139.741900 184.342388 -10.268730 154.018072 -0.002224 -0.658146 -0.034837 0.752081
139.950100 182.458038 -10.201710 154.253630 -0.002833 -0.658193 -0.034426 0.752056
140.366800 178.641548 -10.071798 154.723238 -0.002650 -0.659002 -0.035539 0.751296
140.575000 176.732605 -10.007699 154.948758 -0.002229 -0.659335 -0.036593 0.750955
140.783300 174.821361 -9.947168 155.177068 -0.001694 -0.659455 -0.035323 0.750912
141.199900 170.995626 -9.817563 155.644197 -0.003627 -0.658362 -0.038551 0.751705
141.408100 169.108467 -9.747832 155.877665 -0.003069 -0.657854 -0.038056 0.752177
141.824800 165.361294 -9.615602 156.354975 -0.003069 -0.657084 -0.037986 0.752853
142.033000 163.508084 -9.547374 156.590234 -0.002577 -0.656998 -0.037046 0.752977
142.449700 159.787105 -9.418044 157.065044 -0.002198 -0.657256 -0.036885 0.752761
142.658200 157.922635 -9.349758 157.301771 -0.002761 -0.657136 -0.037396 0.752839
142.866700 156.065625 -9.283124 157.539773 -0.002178 -0.656353 -0.036837 0.753551
143.283500 152.330969 -9.159825 158.050723 -0.002204 -0.653000 -0.035963 0.756501
143.492000 150.465851 -9.095839 158.315829 -0.002565 -0.651650 -0.035689 0.757675
143.908900 146.674356 -8.959218 158.871132 -0.005213 -0.651259 -0.033486 0.758098
144.117400 144.749734 -8.888409 159.143411 -0.003230 -0.652127 -0.031500 0.757448
144.325700 142.794528 -8.825806 159.416382 -0.002706 -0.654115 -0.032611 0.755687
144.742200 138.865332 -8.700589 159.902491 -0.003567 -0.661031 -0.032379 0.749651
145.158900 134.810810 -8.563768 160.322902 -0.001583 -0.666470 -0.033412 0.744781
145.471400 131.674309 -8.467470 160.640684 -0.000771 -0.669058 -0.030654 0.742577
145.575600 130.616987 -8.434247 160.745145 -0.002240 -0.669941 -0.030246 0.741795
145.679900 129.554477 -8.399515 160.847961 -0.004033 -0.670280 -0.030709 0.741462
146.096700 125.242694 -8.252483 161.244657 -0.005869 -0.670905 -0.033429 0.740766
146.305000 123.115824 -8.177319 161.436114 -0.005048 -0.670861 -0.033887 0.740792
146.513400 120.979903 -8.104639 161.629078 -0.003449 -0.670416 -0.034076 0.741195
146.721700 118.814827 -8.034180 161.830939 -0.003434 -0.670075 -0.033968 0.741508
147.138400 114.491268 -7.894808 162.242154 -0.003223 -0.669537 -0.033781 0.742003
147.346700 112.395606 -7.827515 162.456995 -0.003501 -0.669261 -0.034341 0.742226
147.763200 108.134184 -7.685310 162.857974 -0.004142 -0.670030 -0.035526 0.741472
147.971700 106.002831 -7.609885 163.047147 -0.003537 -0.670420 -0.035806 0.741109
148.179900 103.866600 -7.532802 163.234956 -0.002556 -0.670015 -0.037774 0.741381
148.596800 99.549749 -7.387934 163.649368 0.005389 -0.665835 -0.038225 0.745100
149.013600 95.213186 -7.253247 164.157746 -0.000204 -0.660652 -0.039249 0.749666
149.326100 91.979214 -7.139830 164.570077 -0.000635 -0.657386 -0.039134 0.752537
149.534300 89.797092 -7.067758 164.860977 0.001383 -0.655980 -0.036223 0.753907
149.742500 87.596855 -7.003948 165.160297 0.000708 -0.655614 -0.035085 0.754280
150.158900 83.209700 -6.870495 165.761825 -0.004555 -0.656735 -0.031602 0.753445
150.367100 80.999095 -6.790661 166.050050 -0.008902 -0.658159 -0.033606 0.752076
150.575300 78.789413 -6.707893 166.322491 -0.006457 -0.660760 -0.029054 0.750007
150.783500 76.646884 -6.636575 166.565638 -0.005180 -0.663219 -0.026824 0.747926
150.991800 74.388215 -6.567787 166.810324 -0.007039 -0.665194 -0.029067 0.746071
151.200100 72.100883 -6.487708 167.041490 -0.006619 -0.667011 -0.030585 0.744391
151.616500 67.481292 -6.319103 167.502505 -0.008114 -0.670170 -0.028896 0.741600
151.824600 65.135515 -6.235023 167.716099 -0.007285 -0.671732 -0.028731 0.740201
152.241200 60.415290 -6.061310 168.112912 -0.008329 -0.675610 -0.031154 0.736553
152.449400 58.005208 -5.975749 168.304142 -0.007555 -0.676815 -0.031453 0.735442
152.657600 55.663831 -5.887875 168.480351 -0.007581 -0.678050 -0.032275 0.734268
152.865900 53.387068 -5.805332 168.650602 -0.007711 -0.679114 -0.031922 0.733297
153.282500 48.801918 -5.655770 168.957831 -0.005114 -0.680568 -0.028596 0.732109
153.490800 46.521589 -5.594009 169.107658 -0.004615 -0.681347 -0.027048 0.731446
153.907300 41.964557 -5.461278 169.391061 -0.008394 -0.683238 -0.029140 0.729566
154.115600 39.709975 -5.384517 169.513638 -0.008422 -0.683999 -0.032468 0.728711
154.532200 35.430821 -5.237623 169.738835 -0.006729 -0.685724 -0.035086 0.726984
154.740400 33.435721 -5.171420 169.825044 -0.007388 -0.687046 -0.036078 0.725680
155.157200 29.509365 -5.027855 169.983924 -0.006299 -0.689564 -0.036473 0.723278
155.365300 27.645239 -4.961537 170.054424 -0.005906 -0.690691 -0.036329 0.722213
155.782100 24.066767 -4.833256 170.180855 -0.003606 -0.689515 -0.038574 0.723235
155.990600 22.379309 -4.774743 170.260887 -0.002237 -0.685904 -0.038470 0.726671
156.407900 19.160958 -4.673511 170.506680 -0.000996 -0.672021 -0.037920 0.739560
156.929500 15.418065 -4.565800 171.012637 -0.005609 -0.651288 -0.034114 0.758042
157.242100 13.296850 -4.500928 171.393887 -0.008981 -0.641672 -0.029835 0.766346
157.867100 9.393438 -4.376604 172.117293 -0.017859 -0.641906 -0.022987 0.766231
158.179400 7.656909 -4.316526 172.400721 -0.021274 -0.646912 -0.021598 0.761962
159.012900 4.097772 -4.193229 172.883489 -0.019411 -0.658939 -0.018363 0.751722
159.534000 2.693691 -4.154140 173.009507 -0.016528 -0.665326 -0.019802 0.746107
160.367900 1.028267 -4.115352 173.159748 -0.012714 -0.671317 -0.016185 0.740884
161.097700 -0.333198 -4.078101 173.264673 -0.015086 -0.676891 -0.016271 0.735749
162.035400 -2.718469 -4.023295 173.359410 -0.004263 -0.687710 -0.015099 0.725816
162.348200 -3.878196 -3.996266 173.392889 0.000856 -0.687775 -0.017397 0.725715
162.660800 -5.265714 -3.966505 173.460948 -0.002609 -0.686449 -0.021967 0.726841
163.182100 -7.975382 -3.879598 173.643342 -0.015656 -0.685012 -0.018608 0.728126
163.390600 -9.195552 -3.829116 173.698881 -0.012598 -0.686061 -0.019058 0.727185
163.598900 -10.513789 -3.773903 173.786215 -0.019027 -0.687854 -0.015679 0.725431
163.807300 -11.899375 -3.726148 173.847142 -0.018655 -0.689699 -0.014738 0.723706
164.224100 -14.866118 -3.639752 173.944314 -0.009248 -0.692350 -0.010018 0.721433
164.641600 -18.132716 -3.561550 174.045219 -0.009719 -0.693930 -0.012713 0.719865
165.058000 -21.641614 -3.478457 174.140414 -0.011066 -0.694997 -0.015492 0.718760
165.475000 -25.349957 -3.375264 174.240374 -0.011446 -0.694733 -0.017196 0.718971
165.683600 -27.272401 -3.320118 174.297185 -0.009978 -0.693588 -0.016470 0.720115
165.787800 -28.252705 -3.294964 174.330797 -0.010939 -0.692924 -0.017170 0.720723
166.204900 -32.250028 -3.185509 174.485600 -0.012336 -0.690735 -0.017052 0.722802
166.308900 -33.256032 -3.159091 174.528059 -0.012506 -0.690519 -0.016637 0.723015
166.517400 -35.295549 -3.105717 174.611496 -0.012546 -0.690688 -0.016326 0.722860
166.934000 -39.431664 -2.999522 174.758300 -0.010177 -0.691887 -0.017061 0.721732
167.142500 -41.537850 -2.946217 174.827892 -0.010406 -0.692236 -0.019786 0.721324
167.559000 -45.781210 -2.827871 174.983321 -0.013325 -0.692009 -0.019907 0.721491
167.767400 -47.919288 -2.765366 175.059155 -0.012601 -0.692088 -0.020257 0.721419
167.975600 -50.063451 -2.708286 175.125951 -0.009406 -0.692001 -0.020339 0.721549
168.392100 -54.347145 -2.582449 175.266237 -0.013436 -0.692146 -0.028867 0.721055
168.600500 -56.467096 -2.501152 175.333170 -0.009551 -0.692335 -0.027854 0.720975
169.017300 -60.731031 -2.384206 175.486435 -0.006398 -0.691895 -0.023353 0.721592
169.121700 -61.802685 -2.353595 175.530532 -0.008070 -0.691736 -0.022996 0.721739
169.538100 -66.076807 -2.248661 175.687159 -0.008295 -0.692658 -0.019802 0.720946
169.746400 -68.229048 -2.195486 175.762112 -0.011821 -0.693296 -0.020895 0.720253
169.954800 -70.375306 -2.134968 175.828690 -0.011942 -0.693717 -0.021000 0.719843
170.371500 -74.676807 -2.026493 175.945050 -0.009442 -0.694486 -0.022666 0.719087
170.580000 -76.837007 -1.963914 176.005969 -0.010509 -0.694971 -0.023290 0.718584
170.996500 -81.165919 -1.844879 176.094244 -0.006043 -0.697091 -0.025182 0.716515
171.413200 -85.506981 -1.742043 176.160999 -0.005784 -0.701059 -0.020112 0.712797
171.725500 -88.801464 -1.682826 176.177137 -0.004498 -0.703492 -0.020237 0.710401
171.933900 -91.001809 -1.633563 176.176949 -0.007571 -0.704936 -0.023707 0.708834
172.351200 -95.390760 -1.531160 176.150136 -0.004790 -0.708526 -0.019061 0.705411
172.558700 -97.605749 -1.490341 176.118140 -0.005653 -0.710408 -0.020148 0.703479
172.975200 -102.022207 -1.395445 176.018992 -0.006284 -0.713891 -0.021037 0.699913
173.183400 -104.208456 -1.351035 175.957891 -0.006221 -0.715802 -0.019192 0.698012
173.599900 -108.630819 -1.266828 175.803745 -0.006992 -0.718549 -0.017037 0.695232
173.704000 -109.742798 -1.245558 175.763401 -0.007874 -0.719301 -0.016769 0.694452
173.912300 -111.976334 -1.201047 175.668792 -0.010184 -0.720389 -0.017840 0.693266
174.329000 -116.438629 -1.106141 175.454496 -0.009051 -0.722254 -0.016086 0.691382
174.537200 -118.677481 -1.064054 175.342066 -0.009275 -0.723008 -0.014939 0.690615
174.953800 -123.184576 -0.970918 175.117972 -0.011401 -0.723084 -0.013328 0.690538
175.058000 -124.310091 -0.950598 175.062791 -0.010595 -0.722979 -0.011761 0.690689
175.266300 -126.584053 -0.913349 174.937300 -0.008237 -0.722790 -0.014481 0.690867
175.682800 -131.135182 -0.822693 174.699249 -0.010492 -0.723498 -0.017027 0.690037
175.891100 -133.425612 -0.774665 174.573767 -0.008602 -0.723950 -0.016337 0.689605
176.307600 -138.014035 -0.688089 174.313614 -0.007336 -0.724128 -0.018536 0.689377
176.515700 -140.294619 -0.641259 174.192878 -0.008422 -0.723870 -0.017244 0.689669
176.723900 -142.587928 -0.596863 174.072569 -0.008797 -0.723966 -0.016631 0.689579
177.140500 -147.170336 -0.518792 173.818617 -0.008008 -0.724021 -0.017774 0.689502
177.244500 -148.307453 -0.496406 173.760970 -0.009209 -0.724109 -0.016399 0.689429
177.452500 -150.587187 -0.453192 173.643690 -0.011448 -0.724582 -0.014579 0.688939
177.869000 -155.144644 -0.369870 173.385065 -0.011429 -0.724988 -0.014374 0.688517
178.077300 -157.433936 -0.316405 173.260216 -0.015189 -0.724961 -0.017277 0.688405
178.493800 -161.935536 -0.244460 173.005083 -0.008126 -0.724698 -0.010647 0.688937
178.702100 -164.175289 -0.206475 172.886489 -0.014892 -0.724238 -0.015298 0.689220
179.118400 -168.514136 -0.122247 172.653656 -0.010920 -0.724300 -0.007144 0.689362
179.326700 -170.731437 -0.088195 172.543760 -0.018382 -0.725326 -0.010343 0.688082
179.744400 -175.012867 0.036031 172.291260 -0.016639 -0.725142 -0.012803 0.688279
179.951300 -177.097616 0.066830 172.162482 -0.010618 -0.725579 -0.008853 0.688000
180.367800 -181.208533 0.161112 171.908423 -0.017663 -0.725943 -0.019275 0.687258
180.784300 -185.158938 0.264731 171.668611 -0.014871 -0.726565 -0.013919 0.686795
180.992700 -187.117652 0.310627 171.553671 -0.015494 -0.725876 -0.014061 0.687507
181.201300 -189.049323 0.350795 171.435854 -0.012058 -0.724919 -0.013234 0.688602
181.617500 -192.845745 0.412912 171.218074 -0.012545 -0.725064 -0.015475 0.688393
182.033900 -196.533626 0.479049 170.973277 -0.009966 -0.728799 -0.016471 0.684457
182.137800 -197.433010 0.494555 170.900407 -0.009607 -0.730180 -0.018462 0.682938
182.345900 -199.249567 0.539393 170.765279 -0.013897 -0.733275 -0.016918 0.679580
182.762300 -202.810007 0.610268 170.423615 -0.013033 -0.741436 -0.012829 0.670774
182.970500 -204.569380 0.644831 170.213350 -0.015511 -0.746034 -0.016464 0.665523
183.387100 -208.000596 0.720733 169.735471 -0.009511 -0.752660 -0.015975 0.658147
183.595900 -209.696655 0.755402 169.477819 -0.007591 -0.752871 -0.021663 0.657768
184.012900 -213.042785 0.842073 168.994892 -0.006151 -0.751440 -0.027583 0.659196
184.221600 -214.647399 0.887389 168.769051 -0.000888 -0.748798 -0.029064 0.662160
184.430300 -216.206752 0.925015 168.582342 0.002017 -0.741801 -0.032221 0.669842
184.639000 -217.730517 0.959854 168.449010 0.002771 -0.733086 -0.033134 0.679323
185.056200 -220.666272 1.029258 168.316497 0.002160 -0.715983 -0.033962 0.697287
185.264800 -222.074035 1.061346 168.312109 0.001568 -0.705800 -0.034474 0.707570
185.473400 -223.430609 1.092910 168.351063 0.001597 -0.695458 -0.033851 0.717768
185.994600 -226.575628 1.151029 168.621374 0.001404 -0.668923 -0.028380 0.742789
186.619800 -229.930796 1.194298 169.167905 -0.001406 -0.639489 -0.027129 0.768320
187.244300 -232.889242 1.238425 169.773811 -0.006612 -0.634929 -0.022404 0.772217
187.452300 -233.790747 1.252465 169.935084 -0.007881 -0.640775 -0.021716 0.767381
187.972000 -235.808426 1.292746 170.160808 -0.010648 -0.673923 -0.019877 0.738458
188.179900 -236.535635 1.310665 170.173380 -0.013378 -0.693257 -0.019139 0.720312
188.387800 -237.220803 1.330912 170.118755 -0.013250 -0.716139 -0.020165 0.697541
188.595700 -237.873103 1.349494 170.000296 -0.009671 -0.740810 -0.021566 0.671299
189.011700 -239.092372 1.384046 169.637691 -0.006397 -0.788492 -0.019762 0.614695
189.219900 -239.653891 1.404271 169.386310 -0.003866 -0.810060 -0.022002 0.585921
189.636500 -240.685783 1.438117 168.783539 0.003073 -0.847908 -0.028565 0.529364
189.844800 -241.168705 1.452394 168.463402 0.001624 -0.864320 -0.029062 0.502100
190.366500 -242.300037 1.519373 167.518993 -0.009686 0.894152 0.033244 -0.446423
190.678900 -242.972958 1.534096 166.937015 -0.005811 0.906588 0.028489 -0.421013
191.304400 -244.255869 1.605091 165.599100 -0.002285 0.928980 0.019836 -0.369592
191.616900 -244.866331 1.630139 164.806160 0.003417 0.942572 0.021900 -0.333268
192.034000 -245.601159 1.669930 163.583970 0.004912 0.960500 0.023038 -0.277282
192.241400 -245.943214 1.703166 162.890479 0.007064 0.969055 0.019975 -0.245936
192.449700 -246.242623 1.740779 162.111992 0.002914 0.976868 0.018308 -0.213036
192.657900 -246.547356 1.764834 161.253241 0.006801 0.983281 0.019477 -0.180924
193.075100 -247.079878 1.832402 159.280019 0.004003 0.989974 0.020999 -0.139621
193.283700 -247.373502 1.874261 158.163135 0.008541 0.991444 0.021055 -0.128539
193.492200 -247.655621 1.914010 156.958717 0.013276 0.993262 0.018598 -0.113613
193.909100 -248.140727 2.015843 154.200393 0.017232 0.996281 0.020092 -0.081993
194.117500 -248.345330 2.072168 152.660767 0.018559 0.997271 0.019739 -0.068682
194.326200 -248.531905 2.129596 151.020586 0.018860 0.997906 0.017876 -0.059225
194.743500 -248.886499 2.244871 147.451740 0.018724 0.998357 0.018640 -0.050838
194.952100 -249.067797 2.306775 145.530859 0.019686 0.998426 0.018858 -0.049013
195.160600 -249.256300 2.374636 143.516489 0.021974 0.998428 0.020292 -0.047412
195.577500 -249.626322 2.523305 139.192100 0.023123 0.998610 0.016901 -0.044255
195.994400 -249.993237 2.670629 134.485257 0.022471 0.998615 0.023517 -0.041352
196.202800 -250.177791 2.752146 132.111307 0.025317 0.998565 0.026126 -0.039294
196.411200 -250.340778 2.823941 129.758152 0.024620 0.998725 0.023400 -0.037347
196.828000 -250.628474 2.971608 125.038358 0.021375 0.998942 0.024305 -0.032669
197.036300 -250.760349 3.044937 122.687438 0.022221 0.999002 0.024580 -0.029934
197.453100 -250.987863 3.192790 117.976413 0.020859 0.999119 0.025589 -0.025897
197.661500 -251.085800 3.267606 115.632709 0.019051 0.999178 0.025810 -0.024774
198.078100 -251.284711 3.414851 110.941307 0.019399 0.999231 0.024885 -0.023255
198.286400 -251.379487 3.488485 108.603432 0.019840 0.999214 0.026263 -0.022081
198.494500 -251.463377 3.564736 106.281090 0.019030 0.999282 0.025581 -0.020468
198.702800 -251.533740 3.638536 103.963915 0.018081 0.999321 0.026132 -0.018660
199.119200 -251.652054 3.779007 99.381619 0.017093 0.999452 0.023452 -0.015916
199.327500 -251.706747 3.847960 97.100540 0.016295 0.999416 0.025818 -0.015370
199.744000 -251.817307 3.983409 92.581997 0.015388 0.999486 0.022290 -0.017169
199.952500 -251.887775 4.044345 90.331918 0.014813 0.999399 0.023076 -0.021221
200.160900 -251.987147 4.105899 88.093480 0.017430 0.999297 0.021780 -0.025044
200.577400 -252.203077 4.251650 83.645043 0.015558 0.998962 0.030794 -0.029753
200.785700 -252.306003 4.340174 81.461105 0.011076 0.999003 0.029563 -0.031557
201.202300 -252.560949 4.488926 77.104532 0.014808 0.999089 0.024579 -0.031579
201.410600 -252.688287 4.567140 74.904560 0.014264 0.999002 0.028191 -0.031565
201.827200 -252.937115 4.734196 70.545315 0.014070 0.999006 0.027362 -0.032248
202.035500 -253.061584 4.811631 68.387641 0.014331 0.999038 0.027269 -0.031205
202.452100 -253.277290 4.968539 64.076847 0.013216 0.999129 0.028432 -0.027538
202.660400 -253.374176 5.048464 61.930744 0.012929 0.999194 0.028072 -0.025609
203.077100 -253.535850 5.200463 57.690763 0.010822 0.999306 0.027617 -0.022513
203.285500 -253.609798 5.274669 55.589090 0.010025 0.999319 0.028081 -0.021726
203.702200 -253.755976 5.424228 51.417978 0.008359 0.999343 0.027324 -0.022301
203.910700 -253.836149 5.496845 49.340733 0.007100 0.999316 0.027206 -0.024028
204.327700 -254.034288 5.644880 45.219229 0.006600 0.999139 0.027813 -0.030068
204.536200 -254.148877 5.718010 43.181708 0.006751 0.999076 0.027347 -0.032453
204.953000 -254.398614 5.861230 39.132847 0.006737 0.998971 0.027532 -0.035416
205.161200 -254.530326 5.929167 37.131612 0.007159 0.998942 0.026954 -0.036574
205.369400 -254.665217 5.999055 35.141461 0.007254 0.998911 0.027202 -0.037200
205.577700 -254.795221 6.067872 33.169832 0.008820 0.998948 0.027885 -0.035309
205.993700 -254.979514 6.204551 29.253667 0.010641 0.999344 0.027461 -0.021061
206.201800 -255.009907 6.273469 27.304615 0.010504 0.999488 0.028179 -0.010927
206.409700 -254.999609 6.342792 25.371426 0.010785 0.999532 0.028615 -0.000030
206.825800 -254.852474 6.473537 21.531989 0.014187 0.999185 0.027049 0.026391
207.033600 -254.688744 6.533960 19.638178 0.016026 0.998525 0.026346 0.044687
207.449700 -254.112597 6.647757 15.872997 0.015421 0.995905 0.025652 0.085306
207.657600 -253.707679 6.703116 14.002010 0.015970 0.993796 0.025152 0.107154
207.865600 -253.214635 6.753095 12.147528 0.016197 0.991120 0.023248 0.129919
208.281600 -251.945800 6.840250 8.457018 0.016019 0.983888 0.022919 0.176585
208.698000 -250.321378 6.923844 4.863095 0.018246 0.974196 0.023043 0.223782
208.905800 -249.358682 6.963150 3.089326 0.016647 0.968950 0.024019 0.245523
209.114100 -248.313972 7.002584 1.346492 0.016431 0.963669 0.020290 0.265821
209.531200 -245.973639 7.050279 -2.118479 0.013243 0.954587 0.017734 0.297109
209.739400 -244.711620 7.074612 -3.851402 0.010955 0.952046 0.016964 0.305287
210.156700 -242.098886 7.110009 -7.364452 0.010958 0.949831 0.014111 0.312252
210.364800 -240.752485 7.120876 -9.150942 0.010449 0.949342 0.014281 0.313747
210.574900 -239.391968 7.130309 -10.949984 0.009852 0.949281 0.014842 0.313923
210.990100 -236.685061 7.146817 -14.563247 0.006812 0.951477 0.014824 0.307286
211.198700 -235.366209 7.157134 -16.393773 0.006148 0.953401 0.015109 0.301266
211.615300 -232.840481 7.180455 -20.085768 0.005770 0.958148 0.015556 0.285793
211.823900 -231.637060 7.196292 -21.960575 0.007877 0.960387 0.016875 0.278045
212.240100 -229.319553 7.228617 -25.698648 0.014498 0.962079 0.018825 0.271735
212.448400 -228.186721 7.245618 -27.538616 0.016150 0.962538 0.019458 0.269964
212.656400 -227.074397 7.263988 -29.367547 0.019059 0.962752 0.020394 0.268942
213.072700 -224.880894 7.297789 -32.987760 0.023198 0.962907 0.021454 0.267975
213.280800 -223.797263 7.315059 -34.780283 0.024877 0.963021 0.022820 0.267305
213.697100 -221.675988 7.355656 -38.281426 0.025650 0.963069 0.023948 0.266957
213.905100 -220.669338 7.374665 -39.924943 0.026796 0.962058 0.025135 0.270361
214.113100 -219.700674 7.389567 -41.469481 0.027583 0.960372 0.026577 0.276077
214.529200 -217.866767 7.414759 -44.234374 0.027903 0.956290 0.026556 0.289872
214.737400 -217.010563 7.425158 -45.465254 0.027112 0.954349 0.025813 0.296340
215.153700 -215.434855 7.440857 -47.636323 0.026512 0.950688 0.025394 0.307970
215.362200 -214.702600 7.446066 -48.601070 0.027168 0.948175 0.026087 0.315509
215.986200 -212.598507 7.453459 -51.082061 0.029209 0.935160 0.022827 0.352281
216.298300 -211.593873 7.447055 -52.101178 0.031272 0.925580 0.022141 0.376607
216.610300 -210.635170 7.435083 -52.927535 0.031309 0.911452 0.022175 0.409614
217.339000 -208.727894 7.384275 -54.092498 0.024865 0.872961 0.010099 0.487051
217.651400 -207.942778 7.361237 -54.423455 0.020140 0.852141 0.009608 0.522836
217.963700 -207.153986 7.338149 -54.670567 0.016478 0.828810 0.007859 0.559232
218.588500 -205.408335 7.285582 -54.999626 0.016167 0.775765 0.003027 0.630808
218.796700 -204.732985 7.267485 -55.061072 0.017970 0.755540 0.001514 0.654855
219.004900 -203.999078 7.243170 -55.084654 0.019303 0.734582 0.000256 0.678245
219.421400 -202.334670 7.186288 -54.989349 0.018807 0.691023 -0.003291 0.722581
219.629700 -201.386325 7.150075 -54.871386 0.016951 0.670398 -0.001196 0.741807
220.151400 -198.670480 7.053467 -54.326226 0.016703 0.626312 0.000314 0.779394
220.359200 -197.445036 7.017912 -53.981952 0.016510 0.606505 0.003767 0.794899
220.567600 -196.144118 6.977396 -53.554658 0.016095 0.585005 0.010802 0.810798
220.984200 -193.419557 6.900178 -52.400165 0.026464 0.536713 0.017384 0.843171
221.401400 -190.540256 6.778850 -50.774381 0.024399 0.496491 0.018147 0.867509
221.610100 -189.044972 6.714077 -49.819938 0.023063 0.483398 0.016270 0.874946
222.027700 -185.896040 6.579636 -47.702201 0.019004 0.474310 0.009509 0.880101
222.241200 -184.247181 6.504919 -46.600970 0.019842 0.475118 0.007780 0.879664
222.445200 -182.549760 6.427551 -45.479366 0.020576 0.475993 0.007444 0.879177
222.862400 -178.986452 6.272253 -43.135880 0.016353 0.478833 0.006743 0.877728
223.279400 -175.203355 6.109940 -40.699273 0.016620 0.484158 0.002254 0.874820
223.696300 -171.213853 5.955752 -38.231348 0.011880 0.493821 0.002186 0.869480
223.800700 -170.189476 5.919232 -37.622949 0.012334 0.496509 0.002837 0.867939
224.217200 -165.992052 5.766778 -35.226283 0.012359 0.507564 0.006517 0.861501
224.425500 -163.860696 5.687457 -34.056108 0.013260 0.514244 0.004485 0.857530
224.529600 -162.782311 5.645923 -33.482237 0.012585 0.517681 0.004625 0.855469
224.841700 -159.521248 5.526869 -31.813083 0.010351 0.527025 0.005215 0.849771
224.945800 -158.438772 5.490310 -31.274290 0.008963 0.529571 0.005966 0.848197
225.361700 -154.089419 5.354958 -29.174768 0.015188 0.534002 0.007040 0.845317
225.465900 -153.011418 5.314156 -28.658258 0.016019 0.533986 0.007613 0.845307
225.673700 -150.838934 5.233641 -27.609699 0.013361 0.534530 0.008610 0.845000
226.089900 -146.511680 5.078738 -25.538535 0.016805 0.535389 0.007602 0.844404
226.297800 -144.327387 4.985247 -24.500312 0.019203 0.536050 0.007779 0.843932
226.505900 -142.135106 4.887268 -23.457545 0.017764 0.536460 0.009010 0.843691
226.922100 -137.792138 4.700453 -21.407806 0.019764 0.537213 0.009418 0.843163
227.026100 -136.713910 4.651301 -20.899473 0.019080 0.537446 0.009599 0.843027
227.234600 -134.542497 4.558386 -19.875445 0.016174 0.537919 0.010871 0.842771
227.650500 -130.240480 4.381882 -17.846307 0.019150 0.535416 0.011047 0.844299
227.754500 -129.170249 4.334514 -17.333741 0.018484 0.534744 0.011453 0.844735
227.962600 -127.032228 4.242050 -16.304010 0.017516 0.533545 0.011046 0.845518
228.379100 -122.822622 4.064624 -14.263930 0.008567 0.538165 0.006706 0.842770
228.587400 -120.725175 3.995390 -13.293901 0.010048 0.545228 0.000841 0.838227
229.004600 -116.501717 3.830918 -11.509130 0.005779 0.563254 -0.000982 0.826263
229.212500 -114.375700 3.759282 -10.694990 0.009636 0.570372 -0.001390 0.821329
229.628900 -110.133900 3.608653 -9.153570 0.009515 0.578396 0.001942 0.815699
229.837100 -108.006291 3.531991 -8.398769 0.012060 0.582335 -0.002596 0.812855
230.253300 -103.680832 3.368651 -6.917773 0.008468 0.585426 0.000385 0.810682
230.461600 -101.536150 3.301568 -6.175429 0.002846 0.587446 -0.003657 0.809250
230.878200 -97.260582 3.136732 -4.805606 0.010332 0.597058 -0.009623 0.802074
231.295200 -92.902549 2.955206 -3.572273 0.008403 0.610178 -0.005041 0.792203
231.711800 -88.496657 2.782814 -2.480249 0.009655 0.622921 -0.002962 0.782219
231.920100 -86.286167 2.700722 -1.983077 0.009235 0.628311 -0.001394 0.777906
232.336500 -81.850925 2.541965 -1.070438 0.014466 0.634202 0.001975 0.773029
232.752900 -77.436039 2.385713 -0.203549 0.011588 0.638672 0.006225 0.769367
232.960900 -75.250627 2.317893 0.203340 0.012888 0.641059 0.006504 0.767356
233.169100 -73.063859 2.249292 0.598301 0.012380 0.642727 0.007974 0.765953
233.793200 -66.546863 2.051560 1.734171 0.012056 0.647147 0.008670 0.762220
234.105200 -63.297240 1.958982 2.263519 0.015420 0.648981 0.009459 0.760589
234.313200 -61.153837 1.893085 2.603850 0.015698 0.650503 0.010721 0.759266
234.729300 -56.890023 1.773008 3.268128 0.014461 0.653620 0.010069 0.756618
234.937900 -54.787312 1.711157 3.578422 0.015898 0.655316 0.009067 0.755133
235.353500 -50.607135 1.568420 4.169592 0.014138 0.660200 0.006676 0.750927
235.769400 -46.466829 1.431006 4.700346 0.016421 0.663635 0.005482 0.747856
235.977600 -44.413648 1.354503 4.947989 0.016567 0.665296 0.006317 0.746369
236.081600 -43.396753 1.317686 5.065924 0.016617 0.666082 0.007225 0.745658
236.497800 -39.359602 1.179660 5.513977 0.017373 0.669117 0.009186 0.742897
236.914000 -35.444305 1.038537 5.931088 0.018315 0.671189 0.009317 0.741002
237.330200 -31.717263 0.903602 6.308817 0.017918 0.673126 0.009627 0.739248
237.538300 -29.902939 0.846499 6.481392 0.015848 0.673887 0.013257 0.738545
237.954600 -26.471084 0.766395 6.797074 0.014297 0.675764 0.015693 0.736813
238.162700 -24.872477 0.726121 6.941712 0.015409 0.676698 0.012838 0.735988
238.579300 -21.899082 0.640536 7.202722 0.015740 0.676608 0.013226 0.736057
238.787500 -20.516273 0.601142 7.327121 0.014960 0.675882 0.014546 0.736715
238.995800 -19.197783 0.565930 7.451710 0.015478 0.675826 0.013828 0.736769
239.621100 -15.651236 0.460950 7.737783 0.019239 0.679855 0.015910 0.732921
239.933700 -14.154855 0.412877 7.850319 0.019628 0.681922 0.014354 0.731020
240.662800 -11.510524 0.304017 8.036026 0.026265 0.682090 0.009075 0.730740
241.079100 -10.379739 0.243660 8.166334 0.023325 0.672561 0.007685 0.739634
241.495100 -9.364272 0.199648 8.345326 0.024041 0.651018 0.007445 0.758645
241.911500 -8.463038 0.160627 8.593163 0.016031 0.630266 0.006066 0.776190
249.311300 -8.104244 0.143010 8.696232 0.020232 0.622912 0.003349 0.782023
250.352700 -7.543539 0.115087 8.912851 0.022918 0.601233 -0.002470 0.798741
250.768500 -6.807758 0.077536 9.251377 0.021231 0.562842 -0.000931 0.826291
251.080000 -6.058942 0.043157 9.689128 0.017618 0.519055 0.000660 0.854559
251.495200 -4.932228 -0.022163 10.619905 0.010527 0.442841 -0.004511 0.896527
251.910600 -3.761974 -0.071698 11.916887 0.010493 0.350739 -0.006553 0.936392
252.118500 -3.194745 -0.103998 12.754463 0.006310 0.303611 -0.004866 0.952763
252.534700 -2.190487 -0.155077 14.818884 0.004662 0.212366 -0.004664 0.977168
252.951700 -1.361288 -0.203146 17.410511 0.005766 0.137652 0.005337 0.990449
253.368700 -0.829261 -0.261107 20.421743 0.007386 0.070836 0.010169 0.997409
253.785800 -0.633290 -0.347602 23.826768 0.010685 0.021396 0.005325 0.999700
253.994600 -0.623861 -0.404350 25.674046 0.011396 0.007166 0.001936 0.999908
254.412300 -0.673265 -0.518603 29.660683 0.009815 -0.003499 -0.002519 0.999943
254.621100 -0.703183 -0.576491 31.789651 0.010618 -0.003581 -0.003454 0.999931
254.829700 -0.728876 -0.633298 34.011647 0.008072 -0.004169 -0.002282 0.999956
255.246700 -0.803954 -0.733442 38.637824 0.002598 -0.006346 -0.002157 0.999974
255.455200 -0.848987 -0.781565 40.961533 0.001021 -0.008037 -0.002003 0.999965
255.872000 -0.972223 -0.878754 45.599200 0.003580 -0.011322 -0.003612 0.999923
256.080400 -1.045477 -0.933886 47.923414 0.001535 -0.012707 -0.004394 0.999908
256.497000 -1.194840 -1.029848 52.538356 0.002069 -0.013763 -0.003529 0.999897
256.705200 -1.266640 -1.088701 54.836246 0.004355 -0.013442 -0.002862 0.999896
257.121800 -1.405232 -1.212112 59.393738 -0.000333 -0.013668 0.000163 0.999907
257.330100 -1.472845 -1.254736 61.661190 -0.000917 -0.013572 0.002498 0.999904
257.538200 -1.539361 -1.302751 63.904407 0.003524 -0.013537 0.004178 0.999893
257.954800 -1.698464 -1.429119 68.378745 0.004042 -0.012300 -0.001522 0.999915
258.163100 -1.766050 -1.487084 70.591670 0.002491 -0.012367 -0.001613 0.999919
258.579600 -1.895949 -1.592313 74.992229 0.001072 -0.013476 0.001361 0.999908
258.787800 -1.966702 -1.645063 77.164912 0.004189 -0.014022 0.001390 0.999892
259.204500 -2.125000 -1.750849 81.480036 -0.001022 -0.015073 -0.001494 0.999885
259.412800 -2.204227 -1.790429 83.584224 0.000953 -0.015555 -0.001428 0.999878
259.829300 -2.361927 -1.885233 87.833402 0.001156 -0.016615 -0.000410 0.999861
260.037600 -2.441622 -1.927802 89.934442 0.000316 -0.017029 -0.001296 0.999854
260.246000 -2.518601 -1.952034 91.952198 0.001250 -0.015751 -0.001234 0.999874
260.662500 -2.664084 -2.037342 96.146595 -0.000529 -0.013529 -0.001643 0.999907
261.079100 -2.786687 -2.129577 100.290936 0.006540 -0.010166 -0.002583 0.999924
261.287500 -2.838101 -2.190859 102.331187 0.005240 -0.007794 -0.003359 0.999950
261.495800 -2.871704 -2.241537 104.368670 -0.000951 -0.003912 -0.003779 0.999985
261.704200 -2.884154 -2.287301 106.372570 0.003128 -0.001315 -0.001476 0.999993
262.120700 -2.906741 -2.428232 110.370167 0.011840 -0.000130 -0.001932 0.999928
262.225000 -2.912431 -2.465306 111.391640 0.010318 0.000102 -0.002196 0.999944
262.537300 -2.935849 -2.548112 114.534594 0.001890 -0.000962 -0.003734 0.999991
262.641500 -2.946156 -2.562528 115.601613 -0.000555 -0.001770 -0.004056 0.999990
262.745600 -2.956799 -2.576567 116.686510 -0.003278 -0.002570 -0.003566 0.999985
262.954000 -2.981197 -2.591985 118.846248 -0.003194 -0.004032 -0.001922 0.999985
263.370700 -3.039964 -2.676426 123.230163 0.011748 -0.005453 0.001754 0.999915
263.787300 -3.120097 -2.807579 127.764617 0.004921 -0.006969 0.001458 0.999963
263.995700 -3.171897 -2.868351 130.064256 0.007216 -0.008410 0.000763 0.999938
264.204000 -3.229435 -2.930946 132.389784 0.003331 -0.010065 0.000413 0.999944
264.620500 -3.364844 -3.039582 137.028215 0.002636 -0.013391 0.000662 0.999907
264.828700 -3.443195 -3.094040 139.345662 0.001318 -0.014542 0.000000 0.999893
265.245300 -3.601056 -3.201707 143.935121 0.002715 -0.014924 0.000134 0.999885
265.453600 -3.680285 -3.250952 146.199208 -0.001619 -0.016410 0.001359 0.999863
266.078300 -3.956299 -3.391189 152.868488 0.001010 -0.017133 0.000187 0.999853
266.182600 -3.997392 -3.417555 153.960961 0.000376 -0.016451 0.000402 0.999865
266.599200 -4.148171 -3.516638 158.247600 0.000107 -0.013385 -0.000668 0.999910
266.807600 -4.215801 -3.564103 160.337531 0.001399 -0.012099 -0.001807 0.999924
267.224300 -4.321220 -3.668178 164.467837 0.005678 -0.008718 -0.001185 0.999945
267.432700 -4.354806 -3.724967 166.510708 0.003624 -0.006988 0.000561 0.999969
267.849300 -4.451586 -3.843067 170.578825 0.010470 -0.005685 -0.008021 0.999897
268.057600 -4.499485 -3.914142 172.649526 0.008973 -0.007354 -0.009956 0.999883
268.266000 -4.536029 -3.977099 174.741234 0.007798 -0.009551 -0.005471 0.999909
268.682600 -4.632621 -4.059334 178.998181 -0.004871 -0.013123 0.001282 0.999901
268.890800 -4.701636 -4.081214 181.152028 -0.000894 -0.014726 0.002202 0.999889
269.307600 -4.862945 -4.172428 185.528716 0.005925 -0.014149 -0.000681 0.999882
269.516000 -4.928239 -4.233351 187.758765 0.007139 -0.013818 0.001505 0.999878
269.724200 -5.001336 -4.297823 189.986622 0.006803 -0.013437 0.001297 0.999886
270.141000 -5.145164 -4.425757 194.530212 0.004532 -0.011735 0.000829 0.999921
270.349200 -5.203348 -4.493867 196.783549 0.009000 -0.011393 0.001943 0.999893
270.765900 -5.332784 -4.628579 201.312028 0.004744 -0.009816 -0.002290 0.999938
270.974100 -5.391794 -4.691009 203.558268 0.003700 -0.009878 -0.002822 0.999940
271.390600 -5.510939 -4.806182 207.989469 0.000823 -0.010171 -0.004267 0.999939
271.598900 -5.565055 -4.854245 210.148799 -0.000541 -0.009358 -0.003649 0.999949
272.015500 -5.650850 -4.952841 214.227903 0.003903 -0.006935 -0.004032 0.999960
272.223700 -5.693245 -5.011034 216.179085 0.002077 -0.006445 -0.005504 0.999962
272.640500 -5.760733 -5.114864 219.996615 0.004266 -0.006294 -0.004209 0.999962
272.848800 -5.787133 -5.165446 221.888343 0.003581 -0.005782 -0.002392 0.999974
273.265600 -5.817299 -5.264175 225.645295 0.003871 -0.002742 0.002039 0.999987
273.474100 -5.832803 -5.314982 227.490174 0.004442 -0.000804 0.000802 0.999989
273.890900 -5.832217 -5.435581 231.196441 0.017035 -0.000215 0.005388 0.999840
274.099100 -5.858549 -5.522886 233.088361 0.015616 -0.005069 0.003859 0.999858
274.515600 -6.019594 -5.647209 236.965492 -0.000142 -0.021042 -0.001986 0.999777
274.724000 -6.130558 -5.674676 238.933422 -0.000736 -0.026626 -0.001741 0.999644
275.141200 -6.368980 -5.737965 242.969892 0.004237 -0.023705 -0.003273 0.999705
275.349900 -6.456784 -5.783315 245.060576 0.006715 -0.021889 0.001261 0.999737
275.558400 -6.552940 -5.842833 247.205053 0.010200 -0.020212 0.001715 0.999742
275.975400 -6.744767 -5.962871 251.663103 0.005033 -0.018176 0.001127 0.999821
276.183900 -6.828561 -6.016960 253.965857 0.006840 -0.017375 0.003915 0.999818
276.600600 -7.011530 -6.158556 258.670708 0.006114 -0.016654 0.002625 0.999839
277.017400 -7.192912 -6.281436 263.390514 0.002444 -0.016308 0.001163 0.999863
277.121500 -7.241521 -6.315995 264.574874 0.004179 -0.016174 0.000111 0.999860
277.329900 -7.326042 -6.381314 266.908035 0.006935 -0.016071 0.001038 0.999846
277.746600 -7.485356 -6.522010 271.556911 0.002042 -0.015450 0.003079 0.999874
277.954900 -7.575146 -6.580435 273.849201 0.005180 -0.015090 -0.000238 0.999873
278.371500 -7.738490 -6.714536 278.373413 0.002941 -0.015079 -0.001615 0.999881
278.579900 -7.816789 -6.776121 280.582891 0.001338 -0.016321 -0.000578 0.999866
278.996200 -7.993762 -6.895315 284.802140 0.002529 -0.018960 -0.001885 0.999815
279.204500 -8.084525 -6.945552 286.825019 -0.002539 -0.020208 -0.002018 0.999791
279.621000 -8.270335 -7.023217 290.662669 0.002014 -0.021527 -0.002236 0.999764
279.829400 -8.361435 -7.068211 292.551830 0.002082 -0.021891 -0.001631 0.999757
280.037700 -8.454733 -7.112178 294.435455 0.001722 -0.021156 -0.002800 0.999771
280.246100 -8.546399 -7.164090 296.298222 0.006203 -0.019021 -0.005771 0.999783
280.454600 -8.629713 -7.221967 298.155250 0.009837 -0.016680 -0.008243 0.999779
280.871400 -8.750864 -7.352375 301.917081 0.007659 -0.010674 -0.009091 0.999872
281.079700 -8.786773 -7.408505 303.815170 0.006411 -0.007437 -0.008232 0.999918
281.288100 -8.812791 -7.456036 305.743095 0.004791 -0.004304 -0.007989 0.999947
281.705000 -8.836839 -7.546070 309.690216 0.006300 0.003408 -0.010235 0.999922
281.913400 -8.813530 -7.591467 311.726725 0.003371 0.007490 -0.008139 0.999933
282.121900 -8.775605 -7.644143 313.781910 0.010335 0.011074 -0.006543 0.999864
282.330200 -8.726027 -7.715983 315.890280 0.011690 0.015330 -0.006457 0.999793
282.747000 -8.573127 -7.855245 320.216203 0.011074 0.023918 -0.006808 0.999629
282.955500 -8.467905 -7.942286 322.412965 0.013694 0.028102 -0.007167 0.999486
283.372200 -8.190737 -8.103762 326.911345 0.006923 0.036624 -0.006454 0.999284
283.580600 -8.015995 -8.169550 329.196046 0.006641 0.039998 -0.004314 0.999168
283.788900 -7.833808 -8.241895 331.493917 0.010771 0.041360 -0.003435 0.999080
284.205400 -7.457107 -8.409839 336.206538 0.008883 0.042850 -0.003047 0.999037
284.413600 -7.260048 -8.491958 338.592862 0.010474 0.042618 -0.001833 0.999035
284.830100 -6.873849 -8.664260 343.422168 0.005561 0.041533 0.000305 0.999122
285.038200 -6.686265 -8.739161 345.828768 0.005798 0.040613 0.001309 0.999157
285.454600 -6.343514 -8.901075 350.608537 0.007521 0.038381 -0.001134 0.999234
285.662700 -6.182009 -8.984413 352.988239 0.006979 0.037275 -0.002408 0.999278
286.079200 -5.880739 -9.149325 357.686341 0.006966 0.034151 -0.003580 0.999386
286.287400 -5.738862 -9.236445 359.971448 0.011632 0.031798 -0.001630 0.999425
286.703900 -5.488698 -9.375593 364.548587 -0.001219 0.029198 -0.001033 0.999572
286.912200 -5.392163 -9.428321 366.797775 0.004824 0.028601 -0.007228 0.999553
