0.1033914  0.000135581818262442  3.52612197084885e-05 -0.000177535495834069 3.32500501093739e-06 -1.03290573505785e-05 4.53479099912854e-06 0.999999999930845
0.3102615 -0.00313861323939003  0.00848219803215781     1.92005485560814 -0.00157198683976871 0.000422104563045863 0.00186038237794251 0.999996944826594
0.5179293 -0.00303943534549752   0.0179230571908147     3.82105501819067 -0.00458811945412962 -0.000548560797445172 0.0048229913491131 0.999977693248891
0.7242193 -0.0113133872276176  0.0306173102589547    5.70152390034348 -0.00144904073550731 -0.00140459157897615 0.00641340500356091 0.999977397564417
0.930557 -0.0273411921344585  0.0375418744518181    7.55530472418214 -0.00210366820043434 -0.00228111498503597 0.0060125294748478 0.999977110029945
1.137437999 -0.0487456190889853  0.0483033515620871     9.4176212168972 -0.00428321430248704 -0.0030261266090747 0.00602406851430097 0.999968103107054
1.344228999 -0.0681637214407848  0.0644412350588695    11.2516520137772 -0.00464605241840565 -0.00372536599446553 0.0067938546607208 0.999959188859216
1.551083 -0.0905500928399761  0.0786093165507156    13.0638929501851 -0.00292392761430543 -0.00482247620295944 0.00720584112541301 0.999958134235756
1.757843 -0.118881621272355 0.0891316142909445   14.8679059723841 -0.00191379792287817 -0.00639593833628049 0.00768460190540183 0.999948186779627
1.964723999 -0.159810576067459 0.0944299377131029   16.6697460554998 -0.00150155257632656 -0.00791643101049443 0.00632955662502852 0.999947504708546
2.171619999 -0.19953833327195 0.100343351870763  18.4501368371132 -0.00257091237723914 -0.00937835413226589 0.0063369255787499 0.999932637859935
2.378626 -0.244938407068998  0.108983498009826   20.2135022901355 -0.00276700917735613 -0.0108085360773013 0.00670750689744627 0.999915260689274
2.585513999 -0.293686767887213  0.117860067568701   21.9530135936914 -0.00273533527726268 -0.0121580013572884 0.00668519868064942 0.999899999531212
2.793693999 -0.343972015690848  0.129174421135231   23.6664411318614 -0.00509046054089233 -0.0130464839904654 0.00717373911984264 0.999876199303698
2.999556 -0.396852161135914  0.140304561251302   25.3412191320374 -0.00529715866602533 -0.0137284766529642 0.00676638139793833 0.999868833958552
3.206573 -0.453163771539489  0.153750751233586   26.9621879067718 -0.00310949215069004 -0.0145583303468386 0.00581652405360654 0.999872268904389
3.413962999 -0.512185469554076  0.160094619708248     28.54380843085 -0.00269331591999297 -0.0156089225530613 0.00561462974348812 0.999858781788174
3.620721 -0.573007229913657  0.165883257193517   30.0873705820261 -0.00223707797064951 -0.0175912875580596 0.0052994328564836 0.999828714378419
3.827725 -0.638008808357089  0.174912403208017   31.6033134617355 -0.00396176153486682 -0.0195846638937715 0.00547113555691236 0.999785383000485
4.034870999 -0.711071446585658  0.182572967975125   33.0702956270468 -0.00483641437906264 -0.0215222042399128 0.00435585294719155 0.999747183224695
4.243437 -0.79065363298557 0.192815739492791  34.4963670282578 -0.00404471098571983 -0.0233445605088623 0.00224998345679053 0.999716764579916
4.449182999 -0.868884146126077  0.205802063815213   35.9018734199851 -0.00552208961596672 -0.0247185252830277 0.00145298362545891 0.999678143140426
4.760815 -0.989187308282549  0.217650231877799   37.8906741582897 -0.00315369835691804 -0.0233064522151098 -0.00242013596030677 0.999720464136727
5.073256999 -1.08290172290456 0.232932527707401  39.8409175405484 -0.003919740739263 -0.0191384244202084 -0.00563226115841719 0.999793295625397
5.381141999 -1.16027576961996 0.246725011468758  41.6436788452005 -0.00625928595496006 -0.0124200572169842 -0.0120487916631686 0.999830680734252
5.691619 -1.19991066695991 0.262737396842364  43.3331957551898 -0.00783464872409287 -0.00282629546612259 -0.0181129343842452 0.999801256221105
6.002373 -1.20180918733265 0.277905532742549  44.8084166154722 -0.00654025646674005 0.00837574766284985 -0.0242166226886028 0.999650252379299
6.313021 -1.15640250361133 0.288422154846771  46.0521640071311 -0.00584134947723449 0.0203604850171695 -0.0250123406225005 0.999462711712015
6.727293999 -1.07721057141907  0.29434606287251  47.4519898626477 -0.00675413018185981 0.0374999792268954 -0.0318551744067283 0.99876592910801
7.141701 -0.930642663468644  0.296026906101348   48.5254367526372 -0.00255177548519498 0.0601464500246399 -0.0306444539669347 0.997715796423197
7.55658 -0.723945555643758  0.292629646587258   49.5426948052126 -0.000745577447422984 0.0937804763464654 -0.0321353338697753 0.995073859915724
7.970621 -0.42700449082178  0.28659087334485  50.5135798268991 0.000733138237374512 0.136297846873763 -0.0332881821703312 0.99010820437652
8.283920999 -0.133496025784775  0.271255176866337   51.2233648890731 0.000458184919072942 0.176657447872997 -0.0365597460896129 0.983593066843927
8.593446 0.272585505580525 0.251742482043377  51.9367987595481 0.00238651150415401 0.224971065541236 -0.0343743088043052 0.973755991574022
8.903911 0.779564017062781 0.232453533870713   52.610482347369 0.00764278484025584 0.282549881120063 -0.0348448507349735 0.95858906153585
9.11058  1.19618159560424 0.212487211881861  53.0882136923528 0.00866430299764104 0.324767097748735 -0.0382273492477567 0.944981445237375
9.317831999  1.67520569375704 0.180780570314577  53.5223120175669 0.00878089439320614 0.369721377405595 -0.0414431487666809 0.92817641879293
9.525112  2.27572461283814 0.146099417277576  53.9737313146251 0.00921412456925076 0.417720665646595 -0.0394182633309866 0.90767325944756
9.732383999   2.9776078074038 0.109716841876652  54.4172972021978 0.010716999674531 0.467472649455225 -0.0387239735167678 0.883093948458691
9.939685   3.76674844793888 0.0663836932658097   54.7875537068269 0.0105855425915399 0.516698087118339 -0.0376745215364585 0.85527285908258
10.14677   4.65586466007407 0.0233592836145846   55.1258071933002 0.00741333337122972 0.562736219038414 -0.039103442774111 0.825677849426694
10.353669999    5.59946435771917 -0.0272066617297531    55.3471517141498 0.011057358531006 0.604186244999203 -0.0355974062463201 0.795970816578481
10.562989999    6.62684254120663 -0.0817541832973008    55.4814322366615 0.0164827991578988 0.639183722424357 -0.0273652724292294 0.768390283765052
10.767049999   7.71237968949048 -0.134874568607949   55.5769357119148 0.0212999144911623 0.666441917035516 -0.0248118273310896 0.744839484778558
10.97342  8.84272513645585 -0.20228723919389  55.6129391948503 0.0246092517225339 0.686524969913216 -0.0193589509388509 0.726431745887982
11.180189999  10.0177040008216 -0.25687584253741  55.6203654400988 0.0271539331321465 0.699429036712725 -0.0174302860744212 0.713973298972678
11.385899999   11.2324987545447 -0.326329924740457   55.6130751370568 0.0274823787162622 0.708365294992486 -0.0173479867909123 0.705097422392542
11.69527   13.1433521793979 -0.425634560317303   55.5596488448141 0.0320712607781435 0.715463588244558 -0.0156892188759287 0.697737154334916
12.00482   15.1623163584108 -0.532306868319302   55.5063302082949 0.0255559421024156 0.718117615109745 -0.011399628968153 0.69535892397505
12.3145   17.2559604811321 -0.633128969299875   55.4324945787754 0.0304742258891068 0.717892373339428 -0.0114533945512677 0.695392465885846
12.52105   18.7093038934996 -0.700508205727315   55.3980395832613 0.0340741362414897 0.716379087624696 -0.0142043969381187 0.696733945750477
12.72743   20.1913335343763 -0.786142447282912   55.3687814625758 0.0299774584769538 0.714778240900937 -0.010584663393823 0.698628215303866
12.934129999  21.6641681751413 -0.86987172422915  55.3415894610911 0.0334678176221381 0.7126768494377 -0.00979951684444513 0.700625137237297
13.14165   23.1426749234205 -0.948989120146944   55.3370744264456 0.0342604687637337 0.710629716207341 -0.0135593365169649 0.702600719552993
13.348029999  24.6406113892055 -1.04451915373599     55.3377188613 0.0316569593385806 0.707840032079671 -0.0110746216078428 0.705576132438683
13.55488  26.1384616035562 -1.13314464631894  55.3395168313098 0.0353515932099981 0.705581222076285 -0.0114775641306908 0.707653636627748
13.761269999     27.6391337725 -1.22160784996452  55.3682156329869 0.0340196783640503 0.702987570608062 -0.0130933788820551 0.710267344373956
13.96817  29.1531107628252 -1.31802997870725  55.3852874233288 0.036277004180428 0.700474996071978 -0.0090860310965901 0.712696431087295
14.17505  30.635222938517  -1.406042400451 55.4214532973924 0.0378552938383629 0.698291715415459 -0.00820704267640947 0.714764507625452
14.4855   32.880649357125 -1.53973124647076  55.4949348715648 0.0379600646599482 0.694648771709986 -0.00679732006901347 0.71831463433004
14.79597  35.1502401148242 -1.67681264060202  55.5976838603165 0.0374708792893966 0.691566581843544 -0.00839561108121642 0.721291279440622
15.002869999  36.6518797152658 -1.76782325525895  55.6813614011827 0.0360693655096229 0.689687255985308 -0.0101188113378761 0.723137676698081
15.20987  38.1762739413858 -1.86314403451275  55.7710309723628 0.0373060949278949 0.687244851719952 -0.0127957016759904 0.725354423081759
15.41675  39.7451738894626 -1.96460127837691  55.8816228828796 0.0368862881213998 0.684880423513886 -0.0163780594639797 0.727536917554195
15.62392  41.2966107785778 -2.07235204742927  55.9962971688361 0.0363409685972727 0.682567999608975 -0.0168127289869561 0.729724326067883
15.830619999  42.8618977410707 -2.18118322441464  56.1245901119065 0.0355517856526033 0.679742289956354 -0.0189912031439835 0.732342695727176
16.03941  44.4559068004148 -2.29517391758956  56.2615815784968 0.0348184934637904 0.676426926078656 -0.0183244278066599 0.735458021598957
16.244299999  46.0277864834799 -2.41105088742605  56.4256332913411 0.03769845275401 0.672159303129518 -0.0240814913088223 0.739053976142973
16.45345    47.65341854933 -2.54199449005643  56.6172580002688 0.0387349166651717 0.666556317304171 -0.0284922185466337 0.74390219489872
16.65802  49.2557317300511 -2.68181734999058  56.8320362256997 0.0362780179756811 0.661050749867909 -0.0284400460079029 0.748923878170472
16.864709999  50.9076151143828 -2.81765127702378  57.0712086054162 0.0322543676502052 0.655537714179362 -0.0261456063732716 0.75402013787654
17.073429999 52.5408508518372   -2.94372378421 57.3347422212942 0.0276997980069079 0.649991841889991 -0.0234039273819497 0.759075479020323
17.279479999  54.1185083232303 -3.06244354929064  57.6108155432807 0.0312992032539665 0.644930452079305 -0.0260369895375826 0.763156043697663
17.48544  55.6791101797681 -3.18808925997848  57.9028150112503 0.0329526879971228 0.640922186020768 -0.0289950991722325 0.76634989139695
17.69388  57.2072520315725 -3.31504137213455   58.199120398892 0.032437288111643 0.636839887165425 -0.0273261844251028 0.769828591375936
17.89936  58.7259338277678 -3.43305466228702  58.5088076517729 0.0271005406146167 0.633934712144884 -0.023394066588154 0.772557479469747
18.106339999  60.1925209802256 -3.53936192638177  58.8263003729872 0.0238074178089047 0.631372954884551 -0.0240303625457718 0.774741208645533
18.313369999  61.6187126114395 -3.64092623874626  59.1461425094312 0.0240296309833706 0.629834621752157 -0.028037395626163 0.775851036297318
18.520469999  62.9880558213342 -3.74590631771745  59.4531243434368 0.0271662727357051 0.628048288161749 -0.0316671980788367 0.777055036614899
18.727489999  64.3369291630741 -3.85290403394668  59.7604028066303 0.0272870219403844 0.626829471800055 -0.0328199174227167 0.777986558198055
18.93468  65.6621408947148 -3.96434717045298  60.0611508597331 0.0250820757874068 0.626431278576458 -0.0310332101175967 0.778454675986378
19.14151  66.9407769830225 -4.06449296612055  60.3474596018339 0.024539288112467 0.627096643046632 -0.030241885150256 0.7779672563811
19.3518  68.1908155477921 -4.16621218539239  60.6271284544981 0.025119853451831 0.628578727737439 -0.0321305487708133 0.776675867936057
19.557749999  69.378778918726 -4.2635711501614 60.8747114967765 0.0284093351301197 0.630108601557271 -0.0323174393744331 0.775313899677598
19.76396  70.5663031932186 -4.35795039883856  61.1263112850189 0.0262727976615359 0.63205393748538 -0.0314672189718477 0.773839372442654
19.96985  71.7117387260625 -4.45828156329899  61.3546682791143 0.0257307118395626 0.633743179897196 -0.0287039389267968 0.772582420387694
20.177179999  72.8132160814659 -4.54126714627703  61.5616571378437 0.0301085040154916 0.635467033520343 -0.0273858505480192 0.771054565179771
20.383849999   73.895695261418 -4.62691986647837  61.7740418558117 0.031399119852677 0.636548285511179 -0.0291533762027896 0.770045749381966
20.59089  74.9810363969364 -4.71343463458571  61.9761739361966 0.0332605692100597 0.636893330290662 -0.0255246649227875 0.76981108841564
20.90208  76.6377700452913 -4.84219847706019  62.2981335746271 0.0342694766455271 0.634007122363719 -0.0229115548197897 0.772227707621436
21.21357  78.3273200964117 -4.96912996412743  62.6751314833264 0.0338395794518802 0.626259908834113 -0.0232521276836981 0.778532432213192
21.52429   80.061120270648 -5.10314767584011  63.1192074015729 0.0317015189688316 0.615437847704481 -0.0233457668392133 0.787201527233423
21.832999999  81.8378817743968 -5.23329949334771   63.646353576228 0.0306884482777909 0.602966906909163 -0.0299144518544474 0.796614244088659
22.141919999  83.6952084097538 -5.38019103660453  64.2481926585006 0.0304027763963919 0.590101543577373 -0.0320438271587594 0.806119738373905
22.34879  84.9916614910024 -5.47738899757835   64.707184461323 0.0275588475660668 0.581294272745955 -0.0317875944231292 0.812605086886843
22.555689999  86.3183276654006 -5.57648228799406  65.1971761637459 0.0253127757615899 0.572189851138332 -0.0264394048712864 0.819303970152464
22.762489999  87.7149809345081 -5.66601357011058  65.7409939824747 0.0255888402531649 0.563685779105174 -0.0229022088876629 0.82527513140598
22.969529999  89.1304728888531 -5.74388879479882  66.3049740581216 0.0265483044287246 0.557005346305987 -0.0132642270539329 0.829978488877374
23.17661  90.5657781962889 -5.82986581745092  66.9128500089468 0.0282280369783146 0.550591690179897 -0.00964460495245582 0.834241541898092
23.384669999   91.974577014018 -5.91263960922387   67.533336767601 0.0362448168963892 0.543867435340138 -0.0108932200657988 0.838317281094269
23.59065  93.3831848059905 -6.01680982045317  68.2001127896623 0.0341690477610187 0.539254982275553 -0.0145603132438047 0.841323087490377
23.90351    95.42965297251 -6.18654149143233   69.200767963727 0.0346377463372353 0.533465112848278 -0.020907128380318 0.844853887891475
24.21321  97.4195644732928 -6.36073542089837  70.1935192035985 0.0326476363743136 0.52806255173896 -0.021326821387662 0.848309636854143
24.52242  99.3157996261842 -6.52413724292281  71.1670781905652 0.0303975190615402 0.523127344484636 -0.0216037920640982 0.851438223511141
24.8322  101.114937846779 -6.67263951744611  72.1006279508806 0.0317284337618672 0.520021269583651 -0.0194496578709324 0.853342191902129
25.142499999  102.839540791327 -6.81607007455571   73.017111192977 0.032231653764625 0.516943326679343 -0.0198051872136159 0.855183297344332
25.45275  104.467816424664 -6.95707284701867  73.8866245397776 0.0350325641266401 0.512677265690164 -0.0167411306522394 0.857703022753013
25.659629999  105.527416454635 -7.04953705584191  74.4706178825536 0.0357471166131584 0.509501907343533 -0.0155690994348164 0.859585686950368
25.86653  106.543368697265 -7.13782151924268  75.0428611377416 0.0364094540532072 0.506191786450252 -0.0145343669918014 0.861529441842818
26.074529999  107.526890057684 -7.22356874523099  75.6070904013999 0.0382501637885686 0.502103080670848 -0.0144270017802737 0.863841005608453
26.280039999  108.504572331835 -7.31725416800076  76.2001755421005 0.0403800012118741 0.496915424589752 -0.0187199663500823 0.866656840489226
26.48695  109.458453120202 -7.41256519489505  76.8052827879494 0.0424085019019523 0.490611836506354 -0.0254275978645287 0.869974127266515
26.69358 110.430782437733 -7.5120536828631 77.4413141012181 0.0414622286648276 0.484361883462114 -0.0289407492292968 0.87340533687242
26.900359999  111.432157346066 -7.61856762696787  78.1279052561795 0.0335727314458734 0.478538611561702 -0.0316169596637359 0.876854626953341
27.10725  112.438416648406 -7.71882204393964  78.8300241640969 0.0274206074895606 0.472214782991337 -0.032909107676683 0.880442104650427
27.31399  113.466907692731 -7.80821670085642  79.5694664115532 0.027112089231011 0.465340105016078 -0.0374398580029343 0.88392407949658
27.520749999  114.527279920559 -7.90068852552475  80.3499630738049 0.0277818958258561 0.458441879704666 -0.0402851046381348 0.887376086865918
27.727689999  115.624702246803 -7.99772516560584  81.1935242231261 0.024951039131068 0.45132884806128 -0.0436085091625901 0.8909422060283
27.93446  116.747918266611 -8.09762747479431   82.071119109094 0.0228560394934355 0.443280779476273 -0.0423652435980816 0.895089346456798
28.141049999   117.91722567328 -8.19841421804763  83.0252927448277 0.0217394004010366 0.43464105827318 -0.0443480408062616 0.899248464113239
28.34803  119.096525476916 -8.29407635171465  84.0234480619044 0.0214450605230967 0.426119882543649 -0.0453029611978395 0.903277142845348
28.554809999  120.275819918381 -8.39685420531999  85.0421706695298 0.0209869115856481 0.420972388531745 -0.0441237165625049 0.905756532006635
28.761829999  121.514159104806 -8.50148360130012  86.1055659919753 0.0227067134015712 0.417081291681448 -0.0397802437723437 0.907714235594687
28.97069  122.785672610985 -8.60623390217161  87.2021344690826 0.0238295889500771 0.413096199688412 -0.0326012583998159 0.909791645622343
29.176739999  124.076259177957 -8.71101640837302  88.3492746103614 0.023326140690002 0.409324250711166 -0.0290612574573549 0.911627660975275
29.38483 125.362102563867 -8.8125680630838 89.5425758509804 0.0235147010219708 0.40529970735774 -0.0324801819669295 0.913304025957935
29.589379999  126.645461056209 -8.91300392500995  90.7541247232826 0.0200126013993273 0.401618580745322 -0.034305873119756 0.914945418292718
29.79633  127.949251578039 -9.00416600348646  92.0028327267891 0.0134673600158913 0.397445785517044 -0.0326942233212896 0.916944145272961
30.00317  129.26488488252 -9.0846703700728 93.2668442185226 0.0141795860178537 0.391955805462851 -0.0285369806352666 0.919432013060538
30.211629999   130.56290952054 -9.17084598657482  94.5221604010096 0.0238976821239247 0.385480761858667 -0.0236120455223598 0.922104090833684
30.416689999  131.855170726239 -9.26730263001942  95.8336558499937 0.0252677417628373 0.378158658144209 -0.0209570476862896 0.925158566219355
30.62358  133.155378187779 -9.37538712488009   97.189429655807 0.0259140164772569 0.370969651860262 -0.0161892374105899 0.928142171081972
30.83033  134.410358263955 -9.47570969197391  98.5481195265534 0.0296682233527066 0.365370305251852 -0.0167040549376676 0.930239383767373
31.037349999  135.684080050902 -9.58979446838743  99.9421741419148 0.0281259273453763 0.361672769215304 -0.0127975801949135 0.93179287513924
31.24424  136.958793204268 -9.69333559271517  101.341151143217 0.0266585794574112 0.360420676795751 -0.00870484773061786 0.932368211333587
31.45126  138.221009322309 -9.79029831752263  102.747319351982 0.025437967261854 0.360321060244744 -0.00898320976638337 0.932438172378191
31.661729999  139.484037159715 -9.88510616218323  104.157057125126 0.0257452790118982 0.361423887968502 -0.0121231200947181 0.93196726539804
31.86588  140.741778082144 -9.98336384380266  105.560481107351 0.0248864400905506 0.364020900747124 -0.0159078285105464 0.93092233291019
32.074109999  142.033222982844 -10.0853026020606  106.965291503263 0.0231513270208029 0.367113360433503 -0.016951397941206 0.929733535350982
32.280169999  143.308923245101 -10.1804883418824  108.325803423712 0.0213492504882467 0.370684581080558 -0.0147547930059677 0.928396169173523
32.486109999  144.554016557517 -10.2794230961309  109.648351541437 0.0266027476364179 0.374681483055879 -0.0203454078064209 0.926548511657339
32.694679999  145.825448614646 -10.3873724617331  110.968591540031 0.0269932329813177 0.379100626758509 -0.0228460744657053 0.924679478006314
32.90229  147.100700186905 -10.4966743077028  112.273150180462 0.0212034908520754 0.38387414076794 -0.0232468828592976 0.922849195948443
33.106799999  148.407534690555 -10.5954026120696  113.567038932147 0.0214249337321058 0.388018707705055 -0.0222594250487917 0.92113352597871
33.31472  149.686761979152 -10.6934900022796  114.794444592672 0.0249341525442059 0.392179659677671 -0.0198437249608933 0.919336515728427
33.520519999   151.01232277606 -10.7965771698155  116.051136917812 0.0268491634136995 0.397058218579674 -0.0194890969911289 0.917193582936989
33.72776  152.344178086381 -10.9061513181668  117.294515450479 0.0264048605019397 0.402615084772912 -0.0202864666989518 0.914763541099035
33.934649999  153.675403380695 -11.0159844491038  118.510503127227 0.0279729358445561 0.409625807887454 -0.0249449497737595 0.911483385396339
34.142229999  155.042199612592 -11.1330371263705  119.716373601723 0.0306688058146686 0.416985956103298 -0.0281179314489493 0.907960086509067
34.348069999   156.45518652984 -11.2505070299259  120.924153967319 0.0207081828517149 0.425111507411644 -0.0275042163954809 0.904485984142182
34.555089999  157.911129596397 -11.3478742476917  122.114800764939 0.0159159505437904 0.433332633090511 -0.0276195217633919 0.900670124759722
34.76471  159.389056981983 -11.4435247395287  123.263928007854 0.0203588587264143 0.441633246530504 -0.0261563580796559 0.896583201583821
34.969029999  160.883217724804 -11.5504449162592  124.389227595519 0.0280805894901555 0.449584620122431 -0.0275573393543796 0.892370855021029
35.176789999  162.424909868495 -11.6796910059549    125.4923425511 0.0258046065487525 0.457482052460626 -0.0228507552128642 0.88855058209619
35.38277  163.949450291885 -11.7970354168769  126.564101944342 0.0253170616141664 0.465032842367444 -0.0235685785065761 0.884617445011153
35.58968  165.460795377057 -11.9112298468282  127.579995345761 0.0258545950551644 0.471261561888752 -0.0184357712236632 0.881421693935483
35.79654  166.977135655005 -12.0240692231854  128.585194891419 0.022996856540652 0.476059749822585 -0.0177469930230949 0.878933048318667
36.00601  168.449720955436 -12.1293158658764  129.540212978221 0.0257279182306849 0.480428373197744 -0.0190082835887254 0.876450419365006
36.210299999    169.8757595281 -12.2331582357364  130.453288717238 0.0285352661452645 0.483801764326547 -0.0224096061198105 0.87442518317698
36.41707  171.347230790095 -12.3485989549995   131.37382865126 0.0236167660151413 0.486384154960738 -0.0175476854798354 0.873249552476505
36.623969999 172.767205662488 -12.446162423528 132.233939212317 0.0250192802163024 0.489074807173234 -0.0127373865256823 0.871789898765991
36.830739999  174.139850513065 -12.5428183142203  133.069805751485 0.0292819072240805 0.491167546340023 -0.0159252524507023 0.870427135184803
37.04037  175.495910052869 -12.6489528355442  133.885008124773 0.0351608846058054 0.493214297178648 -0.0179935820324192 0.869010702038791
37.2447 176.854645433606 -12.752913420401 134.706051711868 0.0241584663670466 0.49630544261365 -0.0162714075738732 0.867659217337329
37.451399999  178.148622068715 -12.8457977674672  135.487021033815 0.01885031196332 0.498831479332711 -0.0185927196780779 0.866294483268015
37.658149999  179.446986607431 -12.9228526741896  136.236446092139 0.0230395905715911 0.501218942615999 -0.0186794527578651 0.864812018229315
37.86507  180.716840202407 -13.0065641588904  136.967224647765 0.0215139361952188 0.503727089785875 -0.0184443229693911 0.863397924780597
38.072389999   181.95893070417 -13.0871191864874  137.666257382484 0.0220831987551014 0.506320862858565 -0.0178825536380871 0.861876865011634
38.27881  183.169906259924 -13.1674448365809  138.334780824906 0.0240586366388174 0.510172398258495 -0.0186582209613339 0.859533115620809
38.48583  184.350611689912 -13.2483681291596  138.968524030946 0.0258620003924145 0.514854619021281 -0.0200516396554447 0.856652677550991
38.69272  185.536556094002 -13.3352627280845  139.579821891248 0.0297708630246652 0.520540264089132 -0.0208554026020296 0.853063058254834
38.89992  186.729628755086 -13.4224499614509  140.185591034591 0.0286812563035659 0.526689005362196 -0.0240042641338882 0.849234874737737
39.21038  188.587939779993 -13.5646759188806  141.084509041349 0.0284205541933665 0.535870333808523 -0.0272255056319249 0.843382492874004
39.41743   189.86471230573 -13.6634298101946  141.678636107544 0.0297278935795208 0.542722651879067 -0.0313913765010405 0.838798519885465
39.624299999  191.175484490237 -13.7745390329172  142.256221596113 0.0308879524794584 0.549333460187971 -0.0336342068015009 0.834354495428874
39.83129  192.545034199387 -13.8925276799035  142.829436951618 0.0327710037606908 0.555873329115659 -0.0339504802468785 0.829926664339324
40.038299999  193.959145577972 -14.0133724067858  143.390880633029 0.0322341213645555 0.562567165982845 -0.0321705508759345 0.825496336051363
40.24519  195.422255718998 -14.1325055547333  143.965317357496 0.0287922138729308 0.568843902871571 -0.03051133268615 0.821374872493583
40.45208  196.951087812359 -14.2427545860589  144.516918886037 0.0258549990691321 0.573971842044888 -0.0267310767383103 0.818030129701311
40.660159999   198.52745995174 -14.3498834860421  145.075700181136 0.0255743208918235 0.578677181873805 -0.0232273638327352 0.814824620920904
40.865859999  200.110802313927 -14.4603419238492  145.609945784446 0.0369094903583016 0.582562112985489 -0.026740174864677 0.811507262495894
41.07276  201.758283345431 -14.5962189037477  146.137151845484 0.0428792144213516 0.586123558511824 -0.0236126212259291 0.808741609691801
41.385109999  204.306774393011 -14.8238762545008  146.935286409839 0.0418776081548703 0.592214928295703 -0.0195216138112011 0.804454256768617
41.693289999  206.911351252697 -15.0498222004191  147.747290895491 0.0403427162025215 0.598333012993033 -0.0256704240191327 0.799819417207885
42.00356 209.616959555142 -15.289070106682 148.532633541884 0.0386571658695504 0.604937916918113 -0.028253203682452 0.794831741114675
42.31383  212.376314977253 -15.5352280770101  149.264426492827 0.0413324375431086 0.610235618003413 -0.0249058324854801 0.790748897966316
42.623969999  215.236603841388 -15.7884015633285  150.003874992038 0.0402918956397006 0.614015764718939 -0.0237724484327079 0.787906133062746
42.93415  217.981021855137 -16.0271690032516  150.700489733449 0.0381986570610444 0.616890934013759 -0.0257735321206739 0.785698519263203
43.244709999  220.877850967313 -16.2855010577016  151.409291926886 0.0381484436554724 0.618899087638133 -0.0258628248475981 0.784117165899494
43.45091  222.725872512975 -16.4456726535886  151.843716770613 0.0370151806267833 0.620051142119142 -0.0225024592834289 0.783364600225279
43.762279999  225.507411991656 -16.6841429131776  152.499543037412 0.0403841496607061 0.62203531615401 -0.02641152459469 0.781500874780026
44.07164  228.300789469282 -16.9370830669687  153.146538596945 0.0357878493624519 0.625670522595277 -0.0246935432694263 0.778874736985457
44.382089999   231.12818614598 -17.1710454083037  153.758864771158 0.0344403438063478 0.630322531020162 -0.024304349196018 0.775188150204191
44.589149999  232.985543252629 -17.3205273111668  154.140525977929 0.0343839254650913 0.633558164958147 -0.0242646098317125 0.7725496916019
44.796759999  234.831326358625 -17.4711067910189  154.505086975404 0.0336382193670847 0.636730134436734 -0.0238716964945428 0.769982693444771
45.003059999  236.683780154246 -17.6143805722682  154.867045626086 0.0325646749700577 0.640016572971752 -0.0258889304548543 0.767234052649837
45.209899999  238.523649079247 -17.7646518168921  155.206699013115 0.030085133307513 0.642894430738195 -0.0281815238163364 0.764844714563074
45.41689   240.36359299271 -17.9162739845786  155.543240609331 0.0307494406212892 0.645370197916309 -0.0338683465229311 0.762498993210316
45.62368  242.217839996814 -18.0731653892336  155.862674641756 0.0293132802842923 0.647980848872429 -0.0348404039723489 0.760294480674814
45.83055  244.058935900368 -18.2286146321488  156.159980673555 0.0271082115081816 0.65059323396549 -0.0323723894818159 0.758251684591858
46.037439999  245.902188404048 -18.3761115360418  156.442006772264 0.0272103492341902 0.653212657301199 -0.0316171045843231 0.756024589503386
46.244199999   247.70028945396 -18.5206360357873   156.70682791659 0.0287401178882206 0.656521623177742 -0.0335726919280345 0.753011446314424
46.451099999  249.552928822917 -18.6634872471485  156.944152255321 0.0283431002860338 0.660353171006424 -0.0271740175885575 0.749927950523271
46.65798   251.34934123232 -18.8145955186482  157.164127866585 0.0341907490941701 0.663865420777327 -0.0309342150788488 0.746429347031571
46.86495 253.148252893643 -18.975219708486 157.379058720452 0.0402352543696356 0.667690904895592 -0.0364500364804317 0.742456311621156
47.07177   254.96251517806 -19.1506706800691  157.577346784454 0.0332503171756508 0.671735564476869 -0.0347338392930044 0.739228860524688
47.27852   256.76004162635 -19.3121751618361  157.752009122921 0.029319948700093 0.675953388024011 -0.0352731080751346 0.735515578131289
47.48546  258.540600832556 -19.4586998433325  157.905678558775 0.023882551527444 0.681330962687444 -0.0361178197390621 0.730693674608749
47.6923  260.291925598741 -19.6032622627718   158.01506196563 0.0239947576361472 0.686450535999566 -0.0348192790319195 0.725945956004708
47.899189999 262.034432481552 -19.739606364411 158.093818822018 0.0276093085165104 0.691078390672618 -0.0355600077253419 0.721376371860875
48.105949999  263.798545603671 -19.8844937858589  158.163468244616 0.0256861559323951 0.69566909260661 -0.0345783041072623 0.717069784519176
48.4161 266.425411129131 -20.097904417116 158.219167510823 0.028816746983845 0.701278539223633 -0.0348699058321769 0.711450697648749
48.622869999   268.17310676183 -20.2447977699388   158.22949501153 0.0314952079582038 0.703466016731019 -0.0324309316692125 0.709289679786285
48.82938   269.91094525938 -20.3905338765779  158.235203689508 0.0313971469745369 0.704965052359482 -0.0295980766957856 0.707928278831665
49.036149999  271.655166089205 -20.5343992373777  158.238804194181 0.033064375907662 0.705933418716958 -0.0282805916580242 0.706940565762
49.24278  273.362336008484 -20.6760003699177  158.238983428626 0.0360112496688575 0.705957228080888 -0.0275612532738735 0.706801216280511
49.45221  275.055710200703 -20.8240756391179  158.243808618974 0.0376219866679657 0.705139334189369 -0.0267753595251544 0.707563555887687
49.656579999  276.717697264214 -20.9727338923116  158.256500717255 0.0382834521281978 0.703718637976517 -0.0252164096004657 0.708998299394636
49.86354  278.342103306784 -21.1129173458145  158.280280451691 0.036840096805898 0.701773110450995 -0.0230570872488733 0.711073610425015
50.06933  279.937833573163 -21.2473263087893  158.321238301615 0.0342525150901453 0.699327321674804 -0.0221247203600086 0.71363755444773
50.276119999  281.484472689736 -21.3737709430436  158.380836748555 0.0323217399979937 0.696519604808659 -0.0251410314031209 0.716368392505336
50.483679999  282.979379123661 -21.4900328873199  158.441889214933 0.0314072564525085 0.693779953963615 -0.0243800142753891 0.719088711234088
50.691  284.433034225399 -21.6071436654146  158.516851768791 0.027937413816339 0.69129218864883 -0.0242520097208268 0.721627640024179
50.99958  286.503110291521 -21.7635804097226  158.632251508509 0.029890311393773 0.687087370165022 -0.0253504582390614 0.725516966935693
51.20627  287.810276553395 -21.8683853491729  158.724802394865 0.0296126498198207 0.68474011396292 -0.0279455761849672 0.727649030833125
51.413609999  289.061921933758 -21.9693690059247  158.822598154423 0.0284665402116368 0.682266595750931 -0.0294812488624896 0.729953974149277
51.723399999   290.84221365442 -22.1151289558469  158.974127407288 0.0282603357832596 0.67875125768372 -0.0323391285025995 0.733111358786561
51.930129999   291.99096391208 -22.2147470862266  159.081680247628 0.0272625103608604 0.676614910883731 -0.0329028227266405 0.735096199252345
52.240389999  293.621787298757 -22.3518253795237   159.24520160034 0.0267668419402321 0.67333887790699 -0.0339984343436784 0.738066662391467
52.44713  294.658899312265 -22.4420407543301  159.353098915384 0.0278899632899353 0.671425481608922 -0.0346924013857339 0.739734012926271
52.75746  296.138305085219 -22.5685246900697  159.518363245549 0.0284823214022187 0.669452361986875 -0.0370233895044274 0.741384893983779
53.067799999  297.609784920199 -22.7004826772292  159.680493837537 0.0292259666189723 0.669230611446042 -0.0378253161855744 0.741515662028932
53.481549999   299.58690726173 -22.8713422853714  159.888507918608 0.0307037108788553 0.671567784120114 -0.0377606552518156 0.739343037016797
53.79207  301.190868917026 -23.0151564540601  160.027601883675 0.0377055544706066 0.673789696275407 -0.0393660316858991 0.736909799028663
54.102389999  302.921194186928 -23.1800039980333   160.16308286363 0.039830823003822 0.675904703272873 -0.0322473915538641 0.735205034919117
54.412739999   304.71447284534 -23.3429656779694  160.318176064616 0.0392115985803227 0.678373334366848 -0.0355704280766887 0.732807487955207
54.619689999  305.974609882019 -23.4570822587085  160.399504479713 0.0414414595831044 0.679410051418737 -0.0312766834918743 0.731919638026307
54.826639999  307.274731241994 -23.5827202107829  160.500324819823 0.0408206450705587 0.680928397886547 -0.0325525823267214 0.730486496296506
55.03352  308.606894826675 -23.7050370585955  160.599246159669 0.0415068020239613 0.682086667633296 -0.0354272140053556 0.72923238801528
55.343739999  310.698572686789 -23.9101458003703  160.746079579369 0.0395392062800211 0.684028998665571 -0.0375259108983664 0.727415140179643
55.65399  312.861761968164 -24.1317353701007  160.873951189485 0.0454161580655308 0.68568523853848 -0.0402121340003524 0.725366190634863
55.964159999  315.122202631293 -24.3771267221961   160.99077380018 0.0468777201882843 0.686874463927411 -0.0356445925457689 0.724386232045189
56.170949999  316.672561433053 -24.5441088908408   161.06347393456 0.0480745146740651 0.687789885407653 -0.0330667879137467 0.723560987137123
56.37767  318.236588335089 -24.7080409073415  161.138276941211 0.0498058222151368 0.688202921384539 -0.0335194433591422 0.723030127994784
56.58442  319.857033720118 -24.8795163060337  161.221289860652 0.0491067927900955 0.687902987674729 -0.0322051296820802 0.72342299664319
56.791049999  321.492499250912 -25.0521603977959  161.309370183333 0.0488755245587207 0.687163238613298 -0.031171044229421 0.724186600676401
56.99768  323.173640194566 -25.2231739313039  161.408709036516 0.0479415601869368 0.686078530639202 -0.0297004398793044 0.725338362747877
57.30763  325.730314465669 -25.4791412800521  161.564800913943 0.0486664880576155 0.683855213528847 -0.0280789722857558 0.727451160687045
57.5142  327.482798091511 -25.6523204674805  161.681460159731 0.0493127879612151 0.68181049211695 -0.0259680323466622 0.729402744085034
57.720779999   329.25262134691 -25.8284617390632  161.811642237735 0.0500457767466594 0.679647431532619 -0.025185625691233 0.731396249169681
57.92736  331.049928691199 -26.0044411532768  161.954604856658 0.0509017021837085 0.677416118045751 -0.025635507581382 0.733388873980013
58.133899999  332.859096411581 -26.1877189629971  162.118177895523 0.050126654712591 0.675411750982403 -0.027849857142462 0.735207909763866
58.340499999  334.688674878684 -26.3754511551129  162.290603394807 0.0489240566150367 0.673964323327113 -0.0284318945257257 0.736593615869859
58.547069999   336.54267696373 -26.5631985690039  162.469082580403 0.0470369735305008 0.672876129528844 -0.0265553463513229 0.737780489720035
58.75366   338.39837428824 -26.7466106813985  162.642228919697 0.0488866683412422 0.672187152609252 -0.0262138587591303 0.738300317712593
58.96041  340.244006102429 -26.9281865636377  162.826673060573 0.0466505196013408 0.67189713893569 -0.0265833173534721 0.738695668695467
59.16711  342.079088372698 -27.1113839710939  163.014500877663 0.0448992626283226 0.671681778454239 -0.0278551665711534 0.73895313410478
59.37386  343.911767711554 -27.2906229292045  163.198015655416 0.0452232162421693 0.671532727186443 -0.0285754920930258 0.73904133732958
59.580539999  345.743541273069 -27.4772555785793  163.384997129323 0.0452050097927425 0.671368932084664 -0.0293391562309455 0.739161334238197
59.78717  347.561999257004 -27.6595796811812  163.568869892677 0.0447672823754944 0.671179235999574 -0.0284248596627854 0.739395936521761
59.993679999  349.352499833515 -27.8438709400277  163.753694578975 0.0456290999093983 0.670987360479599 -0.0298207863623344 0.739462418259921
60.20033  351.168384688792 -28.0211031196404  163.928154696743 0.0470155664583862 0.670240414328266 -0.027108333193719 0.740157052106599
60.406759999  352.969209719479 -28.2065092461181  164.109271683021 0.0485592640286233 0.668851005650831 -0.0245850769520548 0.741401311104946
60.613289999  354.745968077707 -28.3823977118257  164.291697644393 0.0551726364424306 0.666387776913591 -0.0244482729895842 0.743159197558625
60.81992  356.556165927517 -28.5802033691871  164.493295744026 0.05637989848239 0.663933364038698 -0.0226159009631041 0.745320277590111
61.026629999  358.340801531619 -28.7723895422063  164.710639131899 0.0576897419609878 0.661303471061139 -0.0230822119984804 0.747540516844553
61.233199999 360.136655325114 -28.968185200038 164.951253300853 0.0537729150524518 0.658353274672929 -0.0214578432161511 0.75047918045653
61.43983  361.928223567508 -29.1522394452625  165.211205343402 0.051763655898694 0.65467887899313 -0.02213781914672 0.753807671950696
61.64643  363.727442232248 -29.3329707758427  165.495510966325 0.0504954129173029 0.650233207325648 -0.0229074452870075 0.757708544438912
61.95629   366.38911319355 -29.6090074707932  165.966630083681 0.0500059048350771 0.640729113106749 -0.0259240299086067 0.765698085261
62.26619   369.04922838478 -29.8903016407006  166.515171218333 0.0488540614560917 0.629719282768316 -0.0274445257064848 0.77479913758196
62.47279  370.817723736859 -30.0781908220092  166.921286843576 0.0478375194999019 0.622919629766698 -0.0281798991936685 0.780313142181298
62.67943  372.603156917837 -30.2690225669608  167.358216514524 0.04686277099134 0.617757286903346 -0.0290099565440633 0.784434979838446
62.886159999  374.352363626802 -30.4573133320912  167.808175806327 0.0464787287500507 0.613823398587706 -0.0296554774835842 0.787515787635549
63.092919999  376.157179465508 -30.6489904578925  168.281328180418 0.0462017866711285 0.610158356290909 -0.0298953040083729 0.790366020243165
63.299559999  377.944191191524 -30.8387686194665  168.770354442873 0.0462082781633515 0.606555070600389 -0.0299639558117908 0.793131705777952
63.609459999  380.608860601921 -31.1198836320405  169.536110190101 0.0440062450776825 0.601082865736222 -0.0284922612942902 0.797465378533032
63.919449999  383.234347163006 -31.3908985682578  170.333266137364 0.0422015555671298 0.595688320366131 -0.0277305457530014 0.801626765096658
64.229119999  385.865944267349 -31.6596366540493   171.17350583966 0.0429372982661725 0.590004481619841 -0.0316096891614598 0.805637590754813
64.53906  388.431915272268 -31.9291061138938  172.034020459612 0.0369563437906248 0.587078693990803 -0.0328311765804427 0.808019151728488
64.84905  390.790256356402 -32.1754254860367  172.840772453506 0.038690857489637 0.585773498628213 -0.0379953256978719 0.808658630743957
65.15882  393.384279853588 -32.4409507746765   173.72139396483 0.0317339321334725 0.585792065131554 -0.0371483765274568 0.808987399223023
65.468779999  395.803979230778 -32.6720499894739  174.532959410851 0.0325003380050279 0.58631767167318 -0.0374416438226138 0.808562575946451
65.77866  398.172816160208 -32.8986860514952  175.312526912057 0.0340958480458936 0.586852787294014 -0.0342005869357971 0.808252187775898
66.088539999  400.518289384154 -33.1232715532542   176.09498360298 0.0382274625841611 0.587048397169358 -0.0360377429082452 0.807845357461033
66.398399999  403.049648737347 -33.3733895177218  176.926590023791 0.0372251988785154 0.587336488171709 -0.0353121570944601 0.807714792356754
66.60504  404.740131268131 -33.5376721245579  177.481965539683 0.0399863452160677 0.587019384039063 -0.0358482960326843 0.807789721790401
66.81153  406.470306943665 -33.7112007649835  178.054532285737 0.0385988693366448 0.586964156940244 -0.0341138402348078 0.80797243248628
67.01818  408.199358329789 -33.8850219112179  178.619869001576 0.0414996657816536 0.586513102828622 -0.0316924502831974 0.808254753493848
67.327989999  410.862087353315 -34.1559435135199  179.487211760947 0.0453693948025679 0.585110463030759 -0.026811947666178 0.809239447586143
67.53461 412.595504775929 -34.328862217755 180.062743715983 0.0445105052747884 0.584444977927938 -0.024714318306881 0.809834603586202
67.74123 414.261502316469 -34.489528704231    180.638341482 0.0397625715199877 0.584041280939101 -0.022463152277294 0.810438231363069
67.947739999  415.998441731143 -34.6511545630532  181.221092630418 0.0417499096204426 0.583698251333854 -0.0234189239600199 0.81055835720634
68.154889999 417.669574762574  -34.81099221321 181.786384508094 0.0431842882322999 0.582876965997065 -0.0224711172539498 0.811100862192419
68.464299999  420.232468386754 -35.0611482080349  182.659117763142 0.0417240866596658 0.582679331939679 -0.0213684783178038 0.811349052416485
68.670919999  421.875953480153 -35.2142734377163  183.222260424914 0.0411567798329546 0.582982984734896 -0.0205914779519079 0.811179973877024
68.98102 424.235689958193 -35.439002500772 184.016913000793 0.0397049660305391 0.584287223830961 -0.0185617040545935 0.810362523123455
69.18764  425.783334785846 -35.5814622397566  184.533589601313 0.0428164308358578 0.585274332163508 -0.0199678807992247 0.809457838986952
69.497519999  428.046706757328 -35.8043010591628  185.289583370332 0.046322132496126 0.586705036293155 -0.024205439867609 0.808112341886989
69.70449  429.579946326852 -35.9595626541794  185.790899470875 0.0423489673205338 0.587961890794343 -0.0219002325574469 0.807482358788324
69.910949999  431.053738272502 -36.1037226503603  186.266875084895 0.043219810883305 0.588587747910156 -0.0203699530670772 0.807020183123884
70.117999999  432.507758451754 -36.2407554238293  186.737006645769 0.0444848230318483 0.588727112455939 -0.021300768044262 0.806825733885479
70.32429  433.967517591942 -36.3835680746394  187.203011561983 0.0460383305499063 0.588697823968229 -0.0206537047317955 0.806776777464561
70.530929999 435.438827941574 -36.527393545476 187.678845592427 0.0472263651078203 0.588639115893825 -0.0215601487528818 0.806727228785661
70.738029999  436.923423354891 -36.6755803964074  188.158398083074 0.0469866708436206 0.588595204864387 -0.0209224599316179 0.806790052147455
70.94638  438.401371314921 -36.8226468933129  188.636686088499 0.0460784819810673 0.587694683181151 -0.0194010290229747 0.807536583030006
71.151219999  439.846921907227 -36.9645474793096  189.113563585534 0.044926702873836 0.586389983625039 -0.0182023441288949 0.808577178221922
71.35974  441.219933179883 -37.1015558238146  189.579886145216 0.0446238981602053 0.584781860573449 -0.0198766483247675 0.809718347395325
71.564459999  442.595626396521 -37.2358853215675  190.045696465797 0.0442902774311938 0.583097458295086 -0.0204835003959135 0.810935356034258
71.77195  443.903537212902 -37.3676152713947  190.497585503424 0.042496379106849 0.582113395219387 -0.0205232375718672 0.811736933734404
72.08441  445.828611627486 -37.5555099650677  191.164098704496 0.042209525991457 0.580733462890378 -0.0205015429703226 0.812740233857512
72.495109999  448.197703865281 -37.7869626158347  191.994360560597 0.0426023613453271 0.578633773951945 -0.0200408608208043 0.814227461062014
72.90819  450.429775942048 -38.0055172003997  192.793713491394 0.041671354055743 0.577076835807879 -0.0207507081267693 0.815362025076815
73.322239999  452.466578805611 -38.2027251185124  193.528628635144 0.0410767237513645 0.575857104650208 -0.0204379521074694 0.816261960343238
73.735299999  454.345868051644 -38.3874323508814  194.206828139599 0.0444236782001429 0.574466256038098 -0.0233966499571291 0.816986936406896
74.150729999  456.041110243155 -38.5646975082048   194.82905572372 0.0425011028272918 0.575568285906138 -0.0226130227222554 0.816335381887186
74.562489999  457.543258921027 -38.7122743274321  195.358051338613 0.0414944260597052 0.577581267134604 -0.0218611898749832 0.814984773378258
75.079509999  459.178505511542 -38.8745836456117  195.944667586633 0.0399388424243651 0.579788100865572 -0.0219709586829946 0.813491194749547
76.009519999  461.671672410857 -39.1067026454626  196.822109711181 0.039589503534595 0.579636770432115 -0.0231672153680769 0.813582918764277
76.526719999  463.007591722486 -39.2304876681793  197.332283565317 0.0398721847877786 0.566839705102322 -0.0241951715087343 0.822506870047555
76.9389  464.123074368634 -39.3389740100173  197.839604995437 0.039926647793548 0.543045044284417 -0.0266120980421101 0.838331520886518
77.351389999  465.222566237773 -39.4550781498816  198.458884470004 0.0419061104610902 0.507280272988781 -0.0304494461300731 0.86022289772641
78.283029999  467.415504117595 -39.7076058695591  199.771170036421 0.0430921893662259 0.517389101970517 -0.0368029278091894 0.853871843359669
78.593919999  468.160004064821 -39.7927342498197   200.07141768312 0.0433385871829337 0.546499520921585 -0.035661151030453 0.83557664088978
78.90433   468.94358617564 -39.8848405599773  200.320172153834 0.0456274239316172 0.571421311451806 -0.0315713159619815 0.818779014760693
79.833669999  471.147755402631 -40.1219127705757  200.986264936807 0.0459030350154536 0.588365767664321 -0.0252912384383123 0.80689465735956
