0.310262 -0.003139 0.008482 1.920055 -0.001572 0.000422 0.001860 0.999997
0.724219 -0.011313 0.030617 5.701524 -0.001449 -0.001405 0.006413 0.999977
1.137438 -0.048746 0.048303 9.417621 -0.004283 -0.003026 0.006024 0.999968
1.344229 -0.068164 0.064441 11.251652 -0.004646 -0.003725 0.006794 0.999959
1.757843 -0.118882 0.089132 14.867906 -0.001914 -0.006396 0.007685 0.999948
2.171620 -0.199538 0.100343 18.450137 -0.002571 -0.009378 0.006337 0.999933
2.378626 -0.244938 0.108983 20.213502 -0.002767 -0.010809 0.006708 0.999915
2.585514 -0.293687 0.117860 21.953014 -0.002735 -0.012158 0.006685 0.999900
2.999556 -0.396852 0.140305 25.341219 -0.005297 -0.013728 0.006766 0.999869
3.206573 -0.453164 0.153751 26.962188 -0.003109 -0.014558 0.005817 0.999872
3.620721 -0.573007 0.165883 30.087371 -0.002237 -0.017591 0.005299 0.999829
3.827725 -0.638009 0.174912 31.603313 -0.003962 -0.019585 0.005471 0.999785
4.243437 -0.790654 0.192816 34.496367 -0.004045 -0.023345 0.002250 0.999717
4.760815 -0.989187 0.217650 37.890674 -0.003154 -0.023306 -0.002420 0.999720
5.073257 -1.082902 0.232933 39.840918 -0.003920 -0.019138 -0.005632 0.999793
5.691619 -1.199911 0.262737 43.333196 -0.007835 -0.002826 -0.018113 0.999801
6.002373 -1.201809 0.277906 44.808417 -0.006540 0.008376 -0.024217 0.999650
6.727294 -1.077211 0.294346 47.451990 -0.006754 0.037500 -0.031855 0.998766
7.141701 -0.930643 0.296027 48.525437 -0.002552 0.060146 -0.030644 0.997716
7.556580 -0.723946 0.292630 49.542695 -0.000746 0.093780 -0.032135 0.995074
7.970621 -0.427004 0.286591 50.513580 0.000733 0.136298 -0.033288 0.990108
8.593446 0.272586 0.251742 51.936799 0.002387 0.224971 -0.034374 0.973756
8.903911 0.779564 0.232454 52.610482 0.007643 0.282550 -0.034845 0.958589
9.317832 1.675206 0.180781 53.522312 0.008781 0.369721 -0.041443 0.928176
9.525112 2.275725 0.146099 53.973731 0.009214 0.417721 -0.039418 0.907673
9.939685 3.766748 0.066384 54.787554 0.010586 0.516698 -0.037675 0.855273
10.353670 5.599464 -0.027207 55.347152 0.011057 0.604186 -0.035597 0.795971
10.562990 6.626843 -0.081754 55.481432 0.016483 0.639184 -0.027365 0.768390
10.973420 8.842725 -0.202287 55.612939 0.024609 0.686525 -0.019359 0.726432
11.180190 10.017704 -0.256876 55.620365 0.027154 0.699429 -0.017430 0.713973
11.385900 11.232499 -0.326330 55.613075 0.027482 0.708365 -0.017348 0.705097
12.004820 15.162316 -0.532307 55.506330 0.025556 0.718118 -0.011400 0.695359
12.314500 17.255960 -0.633129 55.432495 0.030474 0.717892 -0.011453 0.695392
12.727430 20.191334 -0.786142 55.368781 0.029977 0.714778 -0.010585 0.698628
12.934130 21.664168 -0.869872 55.341589 0.033468 0.712677 -0.009800 0.700625
13.348030 24.640611 -1.044519 55.337719 0.031657 0.707840 -0.011075 0.705576
13.554880 26.138462 -1.133145 55.339517 0.035352 0.705581 -0.011478 0.707654
13.968170 29.153111 -1.318030 55.385287 0.036277 0.700475 -0.009086 0.712696
14.175050 30.635223 -1.406042 55.421453 0.037855 0.698292 -0.008207 0.714765
14.795970 35.150240 -1.676813 55.597684 0.037471 0.691567 -0.008396 0.721291
15.002870 36.651880 -1.767823 55.681361 0.036069 0.689687 -0.010119 0.723138
15.209870 38.176274 -1.863144 55.771031 0.037306 0.687245 -0.012796 0.725354
15.623920 41.296611 -2.072352 55.996297 0.036341 0.682568 -0.016813 0.729724
15.830620 42.861898 -2.181183 56.124590 0.035552 0.679742 -0.018991 0.732343
16.039410 44.455907 -2.295174 56.261582 0.034818 0.676427 -0.018324 0.735458
16.244300 46.027786 -2.411051 56.425633 0.037698 0.672159 -0.024081 0.739054
16.658020 49.255732 -2.681817 56.832036 0.036278 0.661051 -0.028440 0.748924
16.864710 50.907615 -2.817651 57.071209 0.032254 0.655538 -0.026146 0.754020
17.279480 54.118508 -3.062444 57.610816 0.031299 0.644930 -0.026037 0.763156
17.485440 55.679110 -3.188089 57.902815 0.032953 0.640922 -0.028995 0.766350
17.693880 57.207252 -3.315041 58.199120 0.032437 0.636840 -0.027326 0.769829
18.106340 60.192521 -3.539362 58.826300 0.023807 0.631373 -0.024030 0.774741
18.520470 62.988056 -3.745906 59.453124 0.027166 0.628048 -0.031667 0.777055
18.727490 64.336929 -3.852904 59.760403 0.027287 0.626829 -0.032820 0.777987
19.141510 66.940777 -4.064493 60.347460 0.024539 0.627097 -0.030242 0.777967
19.351800 68.190816 -4.166212 60.627128 0.025120 0.628579 -0.032131 0.776676
19.763960 70.566303 -4.357950 61.126311 0.026273 0.632054 -0.031467 0.773839
19.969850 71.711739 -4.458282 61.354668 0.025731 0.633743 -0.028704 0.772582
20.177180 72.813216 -4.541267 61.561657 0.030109 0.635467 -0.027386 0.771055
20.383850 73.895695 -4.626920 61.774042 0.031399 0.636548 -0.029153 0.770046
20.902080 76.637770 -4.842198 62.298134 0.034269 0.634007 -0.022912 0.772228
21.213570 78.327320 -4.969130 62.675131 0.033840 0.626260 -0.023252 0.778532
21.524290 80.061120 -5.103148 63.119207 0.031702 0.615438 -0.023346 0.787202
22.141920 83.695208 -5.380191 64.248193 0.030403 0.590102 -0.032044 0.806120
22.348790 84.991661 -5.477389 64.707184 0.027559 0.581294 -0.031788 0.812605
22.762490 87.714981 -5.666014 65.740994 0.025589 0.563686 -0.022902 0.825275
22.969530 89.130473 -5.743889 66.304974 0.026548 0.557005 -0.013264 0.829978
23.384670 91.974577 -5.912640 67.533337 0.036245 0.543867 -0.010893 0.838317
23.590650 93.383185 -6.016810 68.200113 0.034169 0.539255 -0.014560 0.841323
23.903510 95.429653 -6.186541 69.200768 0.034638 0.533465 -0.020907 0.844854
24.522420 99.315800 -6.524137 71.167078 0.030398 0.523127 -0.021604 0.851438
25.142500 102.839541 -6.816070 73.017111 0.032232 0.516943 -0.019805 0.855183
25.659630 105.527416 -7.049537 74.470618 0.035747 0.509502 -0.015569 0.859586
25.866530 106.543369 -7.137822 75.042861 0.036409 0.506192 -0.014534 0.861529
26.280040 108.504572 -7.317254 76.200176 0.040380 0.496915 -0.018720 0.866657
26.486950 109.458453 -7.412565 76.805283 0.042409 0.490612 -0.025428 0.869974
26.693580 110.430782 -7.512054 77.441314 0.041462 0.484362 -0.028941 0.873405
26.900360 111.432157 -7.618568 78.127905 0.033573 0.478539 -0.031617 0.876855
27.313990 113.466908 -7.808217 79.569466 0.027112 0.465340 -0.037440 0.883924
27.520750 114.527280 -7.900689 80.349963 0.027782 0.458442 -0.040285 0.887376
27.727690 115.624702 -7.997725 81.193524 0.024951 0.451329 -0.043609 0.890942
28.141050 117.917226 -8.198414 83.025293 0.021739 0.434641 -0.044348 0.899248
28.348030 119.096525 -8.294076 84.023448 0.021445 0.426120 -0.045303 0.903277
28.761830 121.514159 -8.501484 86.105566 0.022707 0.417081 -0.039780 0.907714
28.970690 122.785673 -8.606234 87.202134 0.023830 0.413096 -0.032601 0.909792
29.176740 124.076259 -8.711016 88.349275 0.023326 0.409324 -0.029061 0.911628
29.589380 126.645461 -8.913004 90.754125 0.020013 0.401619 -0.034306 0.914945
29.796330 127.949252 -9.004166 92.002833 0.013467 0.397446 -0.032694 0.916944
30.211630 130.562910 -9.170846 94.522160 0.023898 0.385481 -0.023612 0.922104
30.416690 131.855171 -9.267303 95.833656 0.025268 0.378159 -0.020957 0.925159
30.830330 134.410358 -9.475710 98.548120 0.029668 0.365370 -0.016704 0.930239
31.244240 136.958793 -9.693336 101.341151 0.026659 0.360421 -0.008705 0.932368
31.451260 138.221009 -9.790298 102.747319 0.025438 0.360321 -0.008983 0.932438
31.661730 139.484037 -9.885106 104.157057 0.025745 0.361424 -0.012123 0.931967
32.074110 142.033223 -10.085303 106.965292 0.023151 0.367113 -0.016951 0.929734
32.280170 143.308923 -10.180488 108.325803 0.021349 0.370685 -0.014755 0.928396
32.694680 145.825449 -10.387372 110.968592 0.026993 0.379101 -0.022846 0.924679
32.902290 147.100700 -10.496674 112.273150 0.021203 0.383874 -0.023247 0.922849
33.314720 149.686762 -10.693490 114.794445 0.024934 0.392180 -0.019844 0.919337
33.520520 151.012323 -10.796577 116.051137 0.026849 0.397058 -0.019489 0.917194
33.934650 153.675403 -11.015984 118.510503 0.027973 0.409626 -0.024945 0.911483
34.142230 155.042200 -11.133037 119.716374 0.030669 0.416986 -0.028118 0.907960
34.555090 157.911130 -11.347874 122.114801 0.015916 0.433333 -0.027620 0.900670
34.764710 159.389057 -11.443525 123.263928 0.020359 0.441633 -0.026156 0.896583
35.176790 162.424910 -11.679691 125.492343 0.025805 0.457482 -0.022851 0.888551
35.382770 163.949450 -11.797035 126.564102 0.025317 0.465033 -0.023569 0.884617
35.796540 166.977136 -12.024069 128.585195 0.022997 0.476060 -0.017747 0.878933
36.006010 168.449721 -12.129316 129.540213 0.025728 0.480428 -0.019008 0.876450
36.417070 171.347231 -12.348599 131.373829 0.023617 0.486384 -0.017548 0.873250
36.623970 172.767206 -12.446162 132.233939 0.025019 0.489075 -0.012737 0.871790
36.830740 174.139851 -12.542818 133.069806 0.029282 0.491168 -0.015925 0.870427
37.040370 175.495910 -12.648953 133.885008 0.035161 0.493214 -0.017994 0.869011
37.244700 176.854645 -12.752913 134.706052 0.024158 0.496305 -0.016271 0.867659
37.658150 179.446987 -12.922853 136.236446 0.023040 0.501219 -0.018679 0.864812
37.865070 180.716840 -13.006564 136.967225 0.021514 0.503727 -0.018444 0.863398
38.072390 181.958931 -13.087119 137.666257 0.022083 0.506321 -0.017883 0.861877
38.278810 183.169906 -13.167445 138.334781 0.024059 0.510172 -0.018658 0.859533
38.485830 184.350612 -13.248368 138.968524 0.025862 0.514855 -0.020052 0.856653
38.692720 185.536556 -13.335263 139.579822 0.029771 0.520540 -0.020855 0.853063
38.899920 186.729629 -13.422450 140.185591 0.028681 0.526689 -0.024004 0.849235
39.210380 188.587940 -13.564676 141.084509 0.028421 0.535870 -0.027226 0.843382
39.417430 189.864712 -13.663430 141.678636 0.029728 0.542723 -0.031391 0.838799
39.624300 191.175484 -13.774539 142.256222 0.030888 0.549333 -0.033634 0.834354
39.831290 192.545034 -13.892528 142.829437 0.032771 0.555873 -0.033950 0.829927
40.038300 193.959146 -14.013372 143.390881 0.032234 0.562567 -0.032171 0.825496
40.452080 196.951088 -14.242755 144.516919 0.025855 0.573972 -0.026731 0.818030
40.660160 198.527460 -14.349883 145.075700 0.025574 0.578677 -0.023227 0.814825
40.865860 200.110802 -14.460342 145.609946 0.036909 0.582562 -0.026740 0.811507
41.072760 201.758283 -14.596219 146.137152 0.042879 0.586124 -0.023613 0.808742
41.693290 206.911351 -15.049822 147.747291 0.040343 0.598333 -0.025670 0.799819
42.003560 209.616960 -15.289070 148.532634 0.038657 0.604938 -0.028253 0.794832
42.623970 215.236604 -15.788402 150.003875 0.040292 0.614016 -0.023772 0.787906
43.244710 220.877851 -16.285501 151.409292 0.038148 0.618899 -0.025863 0.784117
43.450910 222.725873 -16.445673 151.843717 0.037015 0.620051 -0.022502 0.783365
43.762280 225.507412 -16.684143 152.499543 0.040384 0.622035 -0.026412 0.781501
44.382090 231.128186 -17.171045 153.758865 0.034440 0.630323 -0.024304 0.775188
44.589150 232.985543 -17.320527 154.140526 0.034384 0.633558 -0.024265 0.772550
44.796760 234.831326 -17.471107 154.505087 0.033638 0.636730 -0.023872 0.769983
45.209900 238.523649 -17.764652 155.206699 0.030085 0.642894 -0.028182 0.764845
45.416890 240.363593 -17.916274 155.543241 0.030749 0.645370 -0.033868 0.762499
45.623680 242.217840 -18.073165 155.862675 0.029313 0.647981 -0.034840 0.760294
45.830550 244.058936 -18.228615 156.159981 0.027108 0.650593 -0.032372 0.758252
46.037440 245.902188 -18.376112 156.442007 0.027210 0.653213 -0.031617 0.756025
46.244200 247.700289 -18.520636 156.706828 0.028740 0.656522 -0.033573 0.753011
46.451100 249.552929 -18.663487 156.944152 0.028343 0.660353 -0.027174 0.749928
46.864950 253.148253 -18.975220 157.379059 0.040235 0.667691 -0.036450 0.742456
47.071770 254.962515 -19.150671 157.577347 0.033250 0.671736 -0.034734 0.739229
47.278520 256.760042 -19.312175 157.752009 0.029320 0.675953 -0.035273 0.735516
47.485460 258.540601 -19.458700 157.905679 0.023883 0.681331 -0.036118 0.730694
47.692300 260.291926 -19.603262 158.015062 0.023995 0.686451 -0.034819 0.725946
47.899190 262.034432 -19.739606 158.093819 0.027609 0.691078 -0.035560 0.721376
48.105950 263.798546 -19.884494 158.163468 0.025686 0.695669 -0.034578 0.717070
48.416100 266.425411 -20.097904 158.219168 0.028817 0.701279 -0.034870 0.711451
48.622870 268.173107 -20.244798 158.229495 0.031495 0.703466 -0.032431 0.709290
48.829380 269.910945 -20.390534 158.235204 0.031397 0.704965 -0.029598 0.707928
49.036150 271.655166 -20.534399 158.238804 0.033064 0.705933 -0.028281 0.706941
49.242780 273.362336 -20.676000 158.238983 0.036011 0.705957 -0.027561 0.706801
49.452210 275.055710 -20.824076 158.243809 0.037622 0.705139 -0.026775 0.707564
49.656580 276.717697 -20.972734 158.256501 0.038283 0.703719 -0.025216 0.708998
49.863540 278.342103 -21.112917 158.280280 0.036840 0.701773 -0.023057 0.711074
50.069330 279.937834 -21.247326 158.321238 0.034253 0.699327 -0.022125 0.713638
50.276120 281.484473 -21.373771 158.380837 0.032322 0.696520 -0.025141 0.716368
50.483680 282.979379 -21.490033 158.441889 0.031407 0.693780 -0.024380 0.719089
50.999580 286.503110 -21.763580 158.632252 0.029890 0.687087 -0.025350 0.725517
51.206270 287.810277 -21.868385 158.724802 0.029613 0.684740 -0.027946 0.727649
51.413610 289.061922 -21.969369 158.822598 0.028467 0.682267 -0.029481 0.729954
51.723400 290.842214 -22.115129 158.974127 0.028260 0.678751 -0.032339 0.733111
51.930130 291.990964 -22.214747 159.081680 0.027263 0.676615 -0.032903 0.735096
52.240390 293.621787 -22.351825 159.245202 0.026767 0.673339 -0.033998 0.738067
52.447130 294.658899 -22.442041 159.353099 0.027890 0.671425 -0.034692 0.739734
52.757460 296.138305 -22.568525 159.518363 0.028482 0.669452 -0.037023 0.741385
53.067800 297.609785 -22.700483 159.680494 0.029226 0.669231 -0.037825 0.741516
53.792070 301.190869 -23.015156 160.027602 0.037706 0.673790 -0.039366 0.736910
54.102390 302.921194 -23.180004 160.163083 0.039831 0.675905 -0.032247 0.735205
54.619690 305.974610 -23.457082 160.399504 0.041441 0.679410 -0.031277 0.731920
55.033520 308.606895 -23.705037 160.599246 0.041507 0.682087 -0.035427 0.729232
55.343740 310.698573 -23.910146 160.746080 0.039539 0.684029 -0.037526 0.727415
55.964160 315.122203 -24.377127 160.990774 0.046878 0.686874 -0.035645 0.724386
56.170950 316.672561 -24.544109 161.063474 0.048075 0.687790 -0.033067 0.723561
56.584420 319.857034 -24.879516 161.221290 0.049107 0.687903 -0.032205 0.723423
56.791050 321.492499 -25.052160 161.309370 0.048876 0.687163 -0.031171 0.724187
57.307630 325.730314 -25.479141 161.564801 0.048666 0.683855 -0.028079 0.727451
57.514200 327.482798 -25.652320 161.681460 0.049313 0.681810 -0.025968 0.729403
57.927360 331.049929 -26.004441 161.954605 0.050902 0.677416 -0.025636 0.733389
58.133900 332.859096 -26.187719 162.118178 0.050127 0.675412 -0.027850 0.735208
58.340500 334.688675 -26.375451 162.290603 0.048924 0.673964 -0.028432 0.736594
58.753660 338.398374 -26.746611 162.642229 0.048887 0.672187 -0.026214 0.738300
58.960410 340.244006 -26.928187 162.826673 0.046651 0.671897 -0.026583 0.738696
59.167110 342.079088 -27.111384 163.014501 0.044899 0.671682 -0.027855 0.738953
59.373860 343.911768 -27.290623 163.198016 0.045223 0.671533 -0.028575 0.739041
59.580540 345.743541 -27.477256 163.384997 0.045205 0.671369 -0.029339 0.739161
59.787170 347.561999 -27.659580 163.568870 0.044767 0.671179 -0.028425 0.739396
60.200330 351.168385 -28.021103 163.928155 0.047016 0.670240 -0.027108 0.740157
60.406760 352.969210 -28.206509 164.109272 0.048559 0.668851 -0.024585 0.741401
60.819920 356.556166 -28.580203 164.493296 0.056380 0.663933 -0.022616 0.745320
61.026630 358.340802 -28.772390 164.710639 0.057690 0.661303 -0.023082 0.747541
61.233200 360.136655 -28.968185 164.951253 0.053773 0.658353 -0.021458 0.750479
61.439830 361.928224 -29.152239 165.211205 0.051764 0.654679 -0.022138 0.753808
61.956290 366.389113 -29.609007 165.966630 0.050006 0.640729 -0.025924 0.765698
62.266190 369.049228 -29.890302 166.515171 0.048854 0.629719 -0.027445 0.774799
62.472790 370.817724 -30.078191 166.921287 0.047838 0.622920 -0.028180 0.780313
62.679430 372.603157 -30.269023 167.358217 0.046863 0.617757 -0.029010 0.784435
63.092920 376.157179 -30.648990 168.281328 0.046202 0.610158 -0.029895 0.790366
63.299560 377.944191 -30.838769 168.770354 0.046208 0.606555 -0.029964 0.793132
63.609460 380.608861 -31.119884 169.536110 0.044006 0.601083 -0.028492 0.797465
64.229120 385.865944 -31.659637 171.173506 0.042937 0.590004 -0.031610 0.805638
64.539060 388.431915 -31.929106 172.034020 0.036956 0.587079 -0.032831 0.808019
65.158820 393.384280 -32.440951 173.721394 0.031734 0.585792 -0.037148 0.808987
65.468780 395.803979 -32.672050 174.532959 0.032500 0.586318 -0.037442 0.808563
65.778660 398.172816 -32.898686 175.312527 0.034096 0.586853 -0.034201 0.808252
66.398400 403.049649 -33.373390 176.926590 0.037225 0.587336 -0.035312 0.807715
66.605040 404.740131 -33.537672 177.481966 0.039986 0.587019 -0.035848 0.807790
66.811530 406.470307 -33.711201 178.054532 0.038599 0.586964 -0.034114 0.807972
67.018180 408.199358 -33.885022 178.619869 0.041500 0.586513 -0.031692 0.808255
67.327990 410.862087 -34.155944 179.487212 0.045369 0.585110 -0.026812 0.809239
67.534610 412.595505 -34.328862 180.062744 0.044511 0.584445 -0.024714 0.809835
67.947740 415.998442 -34.651155 181.221093 0.041750 0.583698 -0.023419 0.810558
68.464300 420.232468 -35.061148 182.659118 0.041724 0.582679 -0.021368 0.811349
68.981020 424.235690 -35.439003 184.016913 0.039705 0.584287 -0.018562 0.810363
69.187640 425.783335 -35.581462 184.533590 0.042816 0.585274 -0.019968 0.809458
69.497520 428.046707 -35.804301 185.289583 0.046322 0.586705 -0.024205 0.808112
69.910950 431.053738 -36.103723 186.266875 0.043220 0.588588 -0.020370 0.807020
70.118000 432.507758 -36.240755 186.737007 0.044485 0.588727 -0.021301 0.806826
70.324290 433.967518 -36.383568 187.203012 0.046038 0.588698 -0.020654 0.806777
70.530930 435.438828 -36.527394 187.678846 0.047226 0.588639 -0.021560 0.806727
70.738030 436.923423 -36.675580 188.158398 0.046987 0.588595 -0.020922 0.806790
70.946380 438.401371 -36.822647 188.636686 0.046078 0.587695 -0.019401 0.807537
71.151220 439.846922 -36.964547 189.113564 0.044927 0.586390 -0.018202 0.808577
71.564460 442.595626 -37.235885 190.045696 0.044290 0.583097 -0.020484 0.810935
71.771950 443.903537 -37.367615 190.497586 0.042496 0.582113 -0.020523 0.811737
72.084410 445.828612 -37.555510 191.164099 0.042210 0.580733 -0.020502 0.812740
72.908190 450.429776 -38.005517 192.793713 0.041671 0.577077 -0.020751 0.815362
73.322240 452.466579 -38.202725 193.528629 0.041077 0.575857 -0.020438 0.816262
74.150730 456.041110 -38.564698 194.829056 0.042501 0.575568 -0.022613 0.816335
75.079510 459.178506 -38.874584 195.944668 0.039939 0.579788 -0.021971 0.813491
76.009520 461.671672 -39.106703 196.822110 0.039590 0.579637 -0.023167 0.813583
76.526720 463.007592 -39.230488 197.332284 0.039872 0.566840 -0.024195 0.822507
77.351390 465.222566 -39.455078 198.458884 0.041906 0.507280 -0.030449 0.860223
78.283030 467.415504 -39.707606 199.771170 0.043092 0.517389 -0.036803 0.853872
78.593920 468.160004 -39.792734 200.071418 0.043339 0.546500 -0.035661 0.835577
78.904330 468.943586 -39.884841 200.320172 0.045627 0.571421 -0.031571 0.818779
79.833670 471.147755 -40.121913 200.986265 0.045903 0.588366 -0.025291 0.806895
