0.207353 -0.00866122 -0.0231612 1.51537 -0.000402793 -0.000711814 0.000184161 1
0.829465 -0.105786 -0.151718 10.5387 -0.000330271 -0.00521092 0.00101721 0.999986
0.933038 -0.131328 -0.172312 12.0342 -0.000308144 -0.00583779 0.000872624 0.999983
1.34775 -0.247383 -0.251993 17.9659 -0.00138647 -0.00725935 -0.00122028 0.999972
1.55511 -0.308289 -0.288575 20.9063 -0.00143198 -0.00775081 -0.00152173 0.999968
1.76259 -0.372771 -0.323352 23.815 -0.00234005 -0.00768917 -0.00234575 0.999965
2.1773 -0.489914 -0.395831 29.5605 -0.00194126 -0.00730615 -0.00122256 0.999971
2.59201 -0.599406 -0.466574 35.1935 -0.000948721 -0.00665455 -0.000433457 0.999977
2.79937 -0.650131 -0.509156 37.9163 -0.00100289 -0.00558861 -0.00105044 0.999983
3.2142 -0.715197 -0.584318 43.0993 -0.00262062 -0.00116248 -0.00100824 0.999995
3.42169 -0.722146 -0.621753 45.6243 -0.000885054 0.00237042 -0.000579905 0.999997
3.83666 -0.674106 -0.69724 50.5177 -0.000744616 0.0140713 -0.00236604 0.999898
4.04426 -0.598978 -0.733459 52.8885 -0.00163655 0.0234848 -0.00409818 0.999714
4.25186 -0.473237 -0.766833 55.2166 -0.00199328 0.0374221 -0.00630923 0.999278
4.45961 -0.271095 -0.797847 57.4912 -0.00321472 0.054419 -0.00760042 0.998484
4.87495 0.404148 -0.850873 61.7991 -0.00307915 0.0955619 -0.00313366 0.995414
5.08253 0.883721 -0.87595 63.8507 -0.00298595 0.119361 0.00201105 0.992844
5.49787 2.11813 -0.91935 67.6347 -0.00351148 0.174329 0.010169 0.984629
5.70547 2.88006 -0.936955 69.4322 -0.000680775 0.204728 0.0120302 0.978745
6.12082 4.71033 -0.981501 72.8078 -3.92553e-05 0.268914 0.0136871 0.963067
6.32844 5.76603 -1.00215 74.3361 0.000143317 0.304789 0.01075 0.952359
6.74326 8.17345 -1.0487 77.0949 0.00299509 0.373027 0.00883991 0.927773
6.95068 9.50231 -1.07461 78.3354 0.00581641 0.406312 0.00789662 0.913682
7.15813 10.9271 -1.10499 79.4877 0.00670676 0.439033 0.00659797 0.898422
7.57293 14.0331 -1.20399 81.5216 0.0174308 0.503595 -0.00326037 0.863758
7.98782 17.4826 -1.34801 83.1374 0.00873619 0.566834 -0.00951885 0.823731
8.1953 19.3044 -1.41172 83.7426 0.0057386 0.597679 -0.0124978 0.801618
8.61008 23.1252 -1.5396 84.5058 0.00811049 0.654266 -0.0085872 0.756173
8.81744 25.0848 -1.60859 84.6971 0.0120621 0.679133 -0.0106956 0.733838
9.02454 27.0823 -1.68853 84.7685 0.0156438 0.698987 -0.00857252 0.714912
9.4388 31.0924 -1.84937 84.6666 0.0180824 0.724365 -0.00716047 0.689142
9.6461 33.1013 -1.94186 84.5186 0.0243077 0.731477 -0.00677963 0.681399
10.0604 37.1383 -2.17911 84.178 0.0327488 0.736441 -0.0101176 0.675633
10.2677 39.1642 -2.31966 83.9957 0.0358747 0.737788 -0.0119938 0.673972
10.475 41.2035 -2.46718 83.7991 0.0368375 0.739215 -0.0110162 0.672371
10.8899 45.3015 -2.7689 83.3954 0.037311 0.742302 -0.0144044 0.668871
11.0973 47.3684 -2.93638 83.1861 0.0379224 0.743797 -0.019447 0.667046
11.5121 51.5604 -3.29359 82.7224 0.0337317 0.747365 -0.0202972 0.663247
11.927 55.7639 -3.64593 82.2165 0.0358736 0.748669 -0.0228935 0.661577
12.0308 56.8244 -3.73848 82.0924 0.0344809 0.74861 -0.0235567 0.661694
12.2381 58.9694 -3.92751 81.845 0.0320295 0.748582 -0.0266444 0.661732
12.6529 63.3489 -4.3054 81.3309 0.0259189 0.749135 -0.0227846 0.661517
13.0676 67.7623 -4.6251 80.7637 0.0364411 0.748219 -0.0174028 0.662222
13.2749 69.9777 -4.80375 80.5005 0.0362144 0.747899 -0.018799 0.662558
13.4824 72.1971 -4.98031 80.2399 0.0329355 0.74777 -0.0175176 0.662909
13.8971 76.7226 -5.33977 79.7128 0.0350903 0.747246 -0.0207161 0.663297
14.1044 79.069 -5.52816 79.4379 0.0326171 0.747228 -0.0171854 0.663545
14.5191 83.7232 -5.89455 78.907 0.031888 0.746905 -0.0195902 0.663877
14.7264 86.0757 -6.07883 78.6368 0.032461 0.746265 -0.018463 0.6646
14.9338 88.4405 -6.2604 78.3665 0.0331112 0.745549 -0.0174853 0.665398
15.3485 93.2091 -6.61898 77.8501 0.0327296 0.743876 -0.0160383 0.667323
15.6597 96.8646 -6.89287 77.4778 0.03238 0.742385 -0.0182562 0.668942
15.7635 98.1097 -6.99125 77.3582 0.0307115 0.742223 -0.0190626 0.669178
16.1785 103.085 -7.36804 76.8739 0.0259614 0.743075 -0.0215498 0.668357
16.2822 104.339 -7.46082 76.7464 0.0250664 0.743518 -0.0219865 0.667884
16.697 109.382 -7.83162 76.2011 0.0216704 0.747368 -0.021264 0.663717
17.1118 114.343 -8.21135 75.5527 0.0219923 0.75817 -0.0228153 0.651287
17.2157 115.486 -8.29052 75.3696 0.0224035 0.762427 -0.023282 0.646268
17.4232 117.903 -8.47033 74.9285 0.0223041 0.771787 -0.0219136 0.635112
17.838 122.666 -8.84377 73.8378 0.0244503 0.791424 -0.0254323 0.610248
18.2528 127.309 -9.20998 72.4809 0.0182145 0.810456 -0.0287443 0.584811
18.4601 129.568 -9.39763 71.6917 0.019787 0.819043 -0.0286597 0.572674
18.6674 131.797 -9.58622 70.8387 0.0183219 0.827748 -0.0280768 0.560097
19.0823 136.171 -9.96732 68.9172 0.0212784 0.845147 -0.0314647 0.533182
19.2895 138.326 -10.1711 67.8427 0.0229602 0.853791 -0.034666 0.518952
19.7042 142.591 -10.5885 65.4421 0.0184445 0.872075 -0.0358432 0.487709
20.1189 146.733 -11.023 62.6894 0.0156361 0.889655 -0.0372515 0.454842
20.3261 148.745 -11.2368 61.1764 0.0143307 0.898109 -0.0351714 0.438129
20.5335 150.714 -11.4489 59.5861 0.0132931 0.9062 -0.0375153 0.420973
20.948 154.483 -11.8809 56.1485 0.00689732 0.923685 -0.0379124 0.381211
21.3627 157.974 -12.3112 52.297 0.00440293 0.941657 -0.0402608 0.33413
21.5701 159.572 -12.5344 50.2187 0.00639308 0.949601 -0.0380085 0.311083
21.7775 161.054 -12.7591 48.0844 0.00764867 0.956856 -0.0411062 0.287538
22.1921 163.682 -13.2277 43.656 0.0107222 0.968404 -0.0415162 0.245673
22.3994 164.876 -13.4735 41.3704 0.00874492 0.972805 -0.0423137 0.227561
22.9174 167.529 -14.0745 35.4843 0.00326373 0.980815 -0.0392094 0.190928
23.1246 168.472 -14.2953 33.0631 0.00604043 0.982771 -0.0379658 0.180788
23.5391 170.261 -14.7401 28.2051 0.00563787 0.984748 -0.0375936 0.169784
23.7464 171.15 -14.9565 25.7634 -0.000730213 0.985613 -0.0383972 0.164597
24.1609 172.834 -15.4123 20.8725 -0.000643565 0.985971 -0.0427261 0.161353
24.2645 173.257 -15.5327 19.6443 -0.000319293 0.985842 -0.0433935 0.161965
24.5754 174.517 -15.902 16.0002 0.000433649 0.9853 -0.0440359 0.165061
24.679 174.95 -16.0256 14.7825 -0.000210776 0.984962 -0.0440986 0.167049
24.7826 175.382 -16.1468 13.5852 -0.000869152 0.984581 -0.0430625 0.169547
25.1972 177.185 -16.6101 8.81696 -0.00201902 0.981994 -0.0401595 0.184583
25.6117 179.158 -17.0559 4.1479 0.00127812 0.977124 -0.0415436 0.208569
26.0265 181.383 -17.5033 -0.381838 0.00387449 0.970576 -0.0392928 0.237536
26.2339 182.584 -17.7213 -2.57501 0.00590146 0.966788 -0.0360924 0.25295
26.4412 183.862 -17.9298 -4.74724 0.00911136 0.962349 -0.0335694 0.269581
26.6485 185.19 -18.1262 -6.81898 0.0123243 0.956849 -0.031451 0.288616
27.2704 189.644 -18.695 -12.6138 0.0179798 0.935457 -0.0267452 0.351968
27.7891 193.869 -19.1492 -16.7651 0.018237 0.909717 -0.0271215 0.413941
28.1003 196.652 -19.4142 -18.9445 0.0177677 0.891726 -0.02642 0.451455
28.5154 200.614 -19.7595 -21.4489 0.0195508 0.862185 -0.0250481 0.505596
28.6191 201.651 -19.843 -21.9949 0.0187101 0.853955 -0.023979 0.519458
28.9303 204.856 -20.0899 -23.4202 0.0215563 0.826204 -0.0234863 0.562469
29.0341 205.956 -20.175 -23.8289 0.0227012 0.816171 -0.0222864 0.576934
29.4492 210.47 -20.5 -25.0361 0.02323 0.773417 -0.0176617 0.633225
29.7605 213.925 -20.7291 -25.5083 0.0246428 0.738135 -0.015542 0.674024
29.8642 215.083 -20.8067 -25.5813 0.0247502 0.726195 -0.0158659 0.68686
30.1755 218.559 -21.0355 -25.5558 0.0245415 0.690416 -0.0158062 0.722823
30.2792 219.709 -21.1112 -25.474 0.0252214 0.678353 -0.0151772 0.734146
30.383 220.88 -21.1873 -25.3565 0.0251934 0.666447 -0.01385 0.744998
30.7978 225.469 -21.492 -24.5186 0.0286738 0.619048 -0.0101447 0.784764
31.1089 228.848 -21.7266 -23.5163 0.0318776 0.581614 -0.00629479 0.812816
31.2125 229.962 -21.8069 -23.1087 0.0324947 0.56911 -0.00566204 0.8216
31.5236 233.236 -22.0552 -21.6794 0.0347884 0.530814 -0.00414503 0.846764
31.7311 235.345 -22.2284 -20.5639 0.037464 0.504131 -0.00297294 0.862809
32.0423 238.406 -22.5069 -18.6258 0.0371155 0.465677 -0.00181544 0.884174
32.4573 242.247 -22.8727 -15.6551 0.0355739 0.423184 -3.77528e-05 0.905345
32.6648 244.078 -23.0479 -14.0382 0.0357262 0.404166 0.00196599 0.913985
32.7684 244.964 -23.1357 -13.1995 0.0359758 0.3947 0.00204267 0.918103
33.1832 248.379 -23.4859 -9.62987 0.0342308 0.356283 0.00468413 0.933739
33.3906 249.997 -23.6576 -7.72588 0.0358714 0.337551 0.00546014 0.940608
33.805 253.034 -24.0128 -3.70465 0.0349621 0.304039 0.00748261 0.951988
34.0123 254.479 -24.1894 -1.60013 0.0363664 0.289507 0.0101243 0.956431
34.1159 255.184 -24.2807 -0.526137 0.0365077 0.282746 0.011622 0.958429
34.2199 255.88 -24.3693 0.570616 0.0368237 0.276603 0.0123401 0.960199
34.5306 257.916 -24.6416 3.92795 0.0351191 0.265288 0.0133566 0.963437
34.6342 258.579 -24.7311 5.05393 0.0350254 0.262751 0.0138314 0.964129
34.7378 259.238 -24.8175 6.18808 0.034902 0.260388 0.0144278 0.964765
34.9451 260.564 -24.9918 8.49317 0.0339012 0.256109 0.0161663 0.965918
35.3595 263.156 -25.3399 13.1561 0.0336953 0.247553 0.0172764 0.968134
35.6705 265.044 -25.6043 16.6871 0.0327982 0.24359 0.0150844 0.969206
35.7741 265.671 -25.6921 17.8698 0.0327855 0.243094 0.0149671 0.969333
35.8778 266.294 -25.7799 19.0528 0.0330204 0.242546 0.0137911 0.96948
36.2923 268.779 -26.1499 23.7791 0.0336597 0.241431 0.0111855 0.96977
36.4997 270.025 -26.3308 26.1308 0.032673 0.241086 0.0135167 0.969859
36.9145 272.539 -26.685 30.8812 0.0347134 0.240721 0.0158589 0.969844
37.3292 275.059 -27.0372 35.6768 0.032393 0.240654 0.0158461 0.969941
37.5364 276.331 -27.2087 38.0988 0.032664 0.240489 0.0154528 0.969979
37.8473 278.249 -27.4737 41.7665 0.0305955 0.240302 0.0144678 0.970108
37.951 278.899 -27.5572 43.0049 0.0279511 0.24011 0.0149875 0.970227
38.0547 279.541 -27.635 44.2342 0.026797 0.239967 0.0151254 0.970293
38.1584 280.175 -27.7127 45.4502 0.027216 0.23972 0.0146459 0.97035
38.3659 281.437 -27.8645 47.8756 0.0259495 0.23911 0.014551 0.970537
38.7806 283.939 -28.1575 52.7029 0.0250462 0.235262 0.0153563 0.971488
38.8842 284.549 -28.2311 53.8991 0.0245065 0.233722 0.0153852 0.971873
39.0915 285.745 -28.371 56.279 0.0217789 0.230666 0.0159751 0.972658
39.5061 288.04 -28.6227 60.9628 0.0219262 0.224499 0.017126 0.974077
39.7135 289.149 -28.75 63.2801 0.0209552 0.222451 0.0165701 0.974578
40.1283 291.3 -29.0196 67.8088 0.0266381 0.22293 0.0126776 0.974388
40.3358 292.379 -29.1675 70.0617 0.0258652 0.228215 0.00794428 0.973235
40.7508 294.629 -29.4525 74.4244 0.0246042 0.247752 0.00522343 0.968497
40.9582 295.811 -29.5865 76.5156 0.0236959 0.261075 0.00563655 0.965011
41.3732 298.4 -29.8422 80.6241 0.0247219 0.295975 0.00152874 0.954875
41.7882 301.31 -30.1159 84.4852 0.0215473 0.340859 -0.00261215 0.939864
41.9957 302.892 -30.2484 86.2786 0.0216996 0.365866 -0.00517937 0.9304
42.2033 304.563 -30.3848 87.973 0.0211928 0.393006 -0.00789141 0.919258
42.6183 308.139 -30.6497 90.9667 0.0181616 0.45349 -0.0101865 0.891018
42.8257 310.033 -30.7762 92.246 0.0186458 0.48421 -0.0122745 0.874667
43.2405 314.019 -31.0267 94.3548 0.0167413 0.543762 -0.0135397 0.838963
43.6554 318.211 -31.2802 95.8509 0.0167898 0.601343 -0.0158347 0.798657
43.8627 320.359 -31.4049 96.3773 0.0146938 0.629431 -0.0159371 0.776754
44.0702 322.507 -31.5291 96.7444 0.0159254 0.656793 -0.0194394 0.753653
44.4849 326.868 -31.8043 97.0113 0.0125151 0.708673 -0.0214402 0.7051
44.6924 329.032 -31.9385 96.9101 0.0117366 0.733822 -0.0224905 0.678868
45.107 333.316 -32.2068 96.2369 0.00878335 0.78195 -0.0246898 0.622791
45.3144 335.409 -32.3368 95.6673 0.00632305 0.804391 -0.0240008 0.593582
45.7289 339.44 -32.5758 94.0709 0.00314249 0.84572 -0.0236038 0.533095
46.1438 343.223 -32.8046 91.8741 0.00169124 0.882885 -0.0255861 0.468889
46.662 347.524 -33.1263 88.2947 -0.00201261 0.923896 -0.0301843 0.381445
46.9729 349.783 -33.3418 85.7285 -0.00323277 0.944354 -0.0320233 0.327354
47.2839 351.725 -33.5739 82.9022 -0.00281451 0.961676 -0.0307373 0.272446
47.3877 352.307 -33.6532 81.9118 -0.00375409 0.966686 -0.029941 0.25418
47.5948 353.335 -33.8064 79.8962 -0.00417522 0.975399 -0.0260139 0.218868
47.6984 353.77 -33.8797 78.8948 -0.00528821 0.979104 -0.0260629 0.201615
47.9056 354.55 -34.0237 76.8389 -0.00397993 0.985165 -0.0303244 0.168862
48.32 355.752 -34.3318 72.6083 0.00171703 0.992141 -0.0288027 0.121757
48.5271 356.236 -34.4797 70.4705 0.00355807 0.993718 -0.0285606 0.108145
48.9412 357.1 -34.7807 66.1483 0.00416037 0.995443 -0.0287833 0.0908144
49.1484 357.479 -34.9324 63.9635 0.00449307 0.996145 -0.0291759 0.0826061
49.563 358.121 -35.2391 59.6234 0.00451214 0.997357 -0.0278949 0.0669297
49.9773 358.645 -35.5342 55.4078 0.00896328 0.997747 -0.0257155 0.0613096
50.1845 358.893 -35.6739 53.3634 0.0123775 0.997588 -0.0254838 0.0633691
50.5986 359.47 -35.9509 49.4311 0.0139342 0.996258 -0.0260834 0.0812137
50.8059 359.83 -36.0848 47.5757 0.012191 0.994954 -0.0243125 0.0965722
51.2199 360.703 -36.3268 44.2616 0.0144409 0.988681 -0.0236381 0.147454
51.4269 361.261 -36.4357 42.7887 0.0156187 0.982312 -0.0241932 0.185024
51.6337 361.938 -36.5382 41.4295 0.0143727 0.972316 -0.0221753 0.232171
52.0476 363.68 -36.6991 39.0838 9.07388e-05 0.939558 -0.0168966 0.341972
52.4621 365.877 -36.7848 37.3281 -0.0102554 0.888901 -0.0114826 0.457841
52.8769 368.552 -36.8119 36.1221 -0.0136213 0.821358 -0.00917866 0.570177
53.2921 371.746 -36.7622 35.5086 -0.0179164 0.750254 0.00251915 0.660902
53.396 372.595 -36.7424 35.4568 -0.0145603 0.733617 3.49271e-05 0.679407
53.708 375.262 -36.7128 35.4992 -0.00466708 0.690578 -0.00505321 0.723225
53.9157 377.124 -36.7269 35.6972 -0.00283087 0.664446 -0.00441332 0.747318
54.3315 380.861 -36.7707 36.4716 -0.000972627 0.615658 -0.0077424 0.787974
55.1617 388.055 -36.913 39.4195 0.00206685 0.510974 -0.00700571 0.859565
55.4729 390.504 -36.9777 41.0114 0.00589343 0.460897 -0.00681092 0.887408
55.5768 391.283 -37.0046 41.6094 0.00622762 0.443609 -0.00636212 0.896176
55.8883 393.483 -37.0895 43.593 0.00774121 0.390967 -0.00682213 0.920347
56.0959 394.829 -37.151 45.0545 0.00906711 0.358848 -0.00824547 0.933315
56.1995 395.469 -37.1853 45.8196 0.00959337 0.344709 -0.00888881 0.938619
56.4072 396.673 -37.2626 47.381 0.0124569 0.320807 -0.0109443 0.946999
56.8225 398.875 -37.4351 50.6295 0.0135934 0.280523 -0.00710893 0.959725
57.0298 399.865 -37.5175 52.2927 0.0150578 0.260443 -0.0037916 0.965364
57.1336 400.33 -37.5583 53.137 0.015596 0.25037 -0.00338796 0.968019
57.2373 400.776 -37.5999 53.9822 0.0162254 0.240295 -0.00216037 0.970562
57.6517 402.376 -37.7654 57.4752 0.0156369 0.198576 0.00244602 0.979958
58.0663 403.659 -37.9221 61.1301 0.0168608 0.149473 0.00743488 0.988594
58.2734 404.146 -38.0026 63.0138 0.0161227 0.121373 0.00884166 0.992437
58.688 404.801 -38.1617 66.875 0.0161594 0.0633524 0.0137523 0.997766
58.999 405.007 -38.2857 69.8618 0.018557 0.0229045 0.0166907 0.999426
59.3104 405.012 -38.4196 72.9706 0.0179075 -0.00479398 0.0153844 0.99971
59.518 404.941 -38.5094 75.0868 0.0210048 -0.0159241 0.0134593 0.999562
59.7258 404.841 -38.6108 77.2484 0.0200765 -0.0223989 0.0135444 0.999456
60.1409 404.585 -38.8288 81.6591 0.0224627 -0.0303357 0.0162886 0.999155
60.4521 404.348 -39.0036 85.0674 0.0208798 -0.0345642 0.0165412 0.999047
60.5557 404.26 -39.0617 86.2219 0.020949 -0.0360396 0.0167306 0.998991
60.8668 403.978 -39.24 89.7214 0.0221975 -0.0402542 0.0180499 0.99878
61.0742 403.774 -39.365 92.0993 0.0224086 -0.0421945 0.0187174 0.998683
61.489 403.339 -39.616 96.9686 0.0209687 -0.0452873 0.0212644 0.998528
61.6964 403.099 -39.7421 99.4521 0.0216265 -0.0473142 0.0208577 0.998428
62.1111 402.578 -40.014 104.494 0.0223423 -0.0514671 0.020095 0.998222
62.2147 402.442 -40.0861 105.748 0.0223634 -0.0533574 0.0209066 0.998106
62.4219 402.164 -40.2332 108.267 0.023715 -0.0572455 0.0237086 0.997797
62.8366 401.533 -40.5563 113.265 0.0248322 -0.0647643 0.0236534 0.997311
63.044 401.186 -40.7114 115.758 0.0226573 -0.0682019 0.0222717 0.997166
63.4587 400.441 -41.0064 120.706 0.0239119 -0.0748097 0.0192702 0.996725
63.8734 399.626 -41.3214 125.651 0.0265823 -0.0791713 0.0129641 0.996422
64.1845 399.014 -41.5776 129.353 0.030811 -0.0803087 0.0159893 0.996165
64.5995 398.212 -41.9433 134.27 0.0309488 -0.0799756 0.0178624 0.996156
64.7032 398.003 -42.0364 135.503 0.0318463 -0.0791896 0.0149166 0.996239
64.807 397.796 -42.1302 136.725 0.0318668 -0.0781607 0.0129386 0.996347
65.0143 397.401 -42.3169 139.168 0.0321148 -0.076391 0.0127073 0.99648
65.4291 396.653 -42.6904 144.051 0.0305618 -0.0730682 0.013753 0.996764
65.6366 396.286 -42.8726 146.48 0.0318018 -0.0711833 0.0120903 0.996883
66.0512 395.581 -43.2555 151.344 0.0334496 -0.0694428 0.0119647 0.996953
66.4659 394.892 -43.6258 156.211 0.0334049 -0.0683488 0.014166 0.997001
66.6733 394.552 -43.819 158.66 0.0346268 -0.0683292 0.0151125 0.996947
66.8806 394.21 -44.021 161.121 0.0355594 -0.0680034 0.0151149 0.996937
67.2954 393.524 -44.4163 166.063 0.033854 -0.0675337 0.0165631 0.997005
67.7102 392.848 -44.8098 170.99 0.0366423 -0.0667074 0.0181652 0.996934
68.0213 392.351 -45.1207 174.702 0.0341949 -0.0661825 0.0203895 0.997013
68.1249 392.187 -45.2193 175.948 0.0329874 -0.0659512 0.0211968 0.997052
68.436 391.687 -45.5129 179.664 0.0348926 -0.0642047 0.01917 0.997142
68.5398 391.526 -45.6135 180.925 0.0360545 -0.062576 0.0191896 0.997204
68.7472 391.212 -45.8232 183.419 0.0372082 -0.0581206 0.0168508 0.997474
69.1622 390.675 -46.2372 188.44 0.0329859 -0.0474171 0.0173613 0.998179
69.5771 390.254 -46.6154 193.443 0.0338704 -0.0357953 0.0192674 0.998599
69.7845 390.083 -46.8139 195.961 0.0357967 -0.0302523 0.0188936 0.998722
69.992 389.935 -47.0191 198.488 0.0360671 -0.0246884 0.0167002 0.998905
70.4066 389.724 -47.4056 203.564 0.034567 -0.0141434 0.015075 0.999189
70.7175 389.651 -47.7225 207.382 0.0382144 -0.00629852 0.0183415 0.999081
70.8213 389.644 -47.8304 208.671 0.0369165 -0.00333425 0.0197173 0.999118
71.1324 389.656 -48.1419 212.487 0.0363786 0.00516946 0.0203115 0.999118
71.4434 389.716 -48.453 216.34 0.0357173 0.0127461 0.0163061 0.999148
71.6507 389.782 -48.6598 218.901 0.0371884 0.018427 0.0130603 0.999053
72.2728 390.19 -49.2564 226.611 0.0329359 0.0374183 0.010928 0.998697
72.5837 390.511 -49.5404 230.483 0.0321513 0.0477038 0.00971876 0.998297
72.8947 390.91 -49.8192 234.361 0.0320863 0.0561911 0.00971871 0.997857
72.9984 391.058 -49.91 235.652 0.030988 0.058736 0.0105083 0.997737
73.2058 391.371 -50.086 238.233 0.0299649 0.0637955 0.0106658 0.997456
73.3094 391.54 -50.1734 239.539 0.0299708 0.0664155 0.0101479 0.99729
73.6204 392.083 -50.4281 243.467 0.0270177 0.0749546 0.00648536 0.9968
73.724 392.282 -50.5087 244.764 0.0302773 0.0780558 0.00694972 0.996465
74.0351 392.941 -50.7703 248.68 0.0278339 0.0874784 0.0105502 0.995722
74.1389 393.174 -50.8523 249.981 0.0276178 0.0912659 0.0103206 0.99539
74.4499 393.939 -51.0995 253.904 0.0275722 0.104747 0.00798683 0.994085
74.6574 394.521 -51.2598 256.519 0.0244891 0.113889 0.00877535 0.993153
74.8648 395.154 -51.4043 259.136 0.022545 0.12292 0.0104328 0.992106
75.2794 396.548 -51.6721 264.367 0.0191454 0.13786 0.00968508 0.990219
75.5903 397.677 -51.8546 268.245 0.0156091 0.147724 0.00786416 0.988874
75.6941 398.066 -51.9112 269.513 0.0147893 0.150798 0.00841578 0.988418
75.9014 398.86 -52.0184 272.017 0.0155396 0.156563 0.00889331 0.987506
76.1088 399.671 -52.1222 274.491 0.0137707 0.1621 0.00808156 0.986645
76.5233 401.363 -52.3053 279.395 0.015433 0.171561 0.00717302 0.985026
76.8343 402.705 -52.4558 283.07 0.0155351 0.176522 0.0100576 0.984123
77.1453 404.069 -52.5863 286.724 0.0102078 0.181403 0.0112511 0.983292
77.4563 405.437 -52.7033 290.315 0.0121815 0.183826 0.0108975 0.982823
77.56 405.893 -52.7459 291.503 0.0116479 0.18444 0.0110101 0.982713
77.871 407.259 -52.8618 295.029 0.00931485 0.186268 0.0125878 0.982374
77.9746 407.716 -52.8967 296.195 0.00922193 0.186938 0.0133468 0.982238
78.2856 409.063 -53.0013 299.631 0.0096105 0.189 0.0112551 0.981866
78.3892 409.501 -53.0372 300.754 0.0097648 0.189631 0.00913625 0.981764
78.4929 409.939 -53.0731 301.874 0.00953415 0.190156 0.00755375 0.981679
78.8039 411.261 -53.1775 305.211 0.00851242 0.191339 0.00524678 0.981473
78.9077 411.701 -53.2092 306.316 0.00836455 0.191639 0.00442551 0.98142
79.0113 412.141 -53.2401 307.415 0.00753683 0.192034 0.0041114 0.981351
79.115 412.584 -53.2694 308.519 0.006798 0.192318 0.00429204 0.9813
79.5296 414.349 -53.3837 312.927 0.00745101 0.190334 0.00514165 0.981678
79.7369 415.235 -53.4341 315.163 0.00637934 0.189737 0.00530694 0.9818
80.1519 417.041 -53.5286 319.68 0.00466769 0.196085 0.00179836 0.980574
80.5667 419.003 -53.6034 324.25 0.00305985 0.211703 0.000248245 0.977329
80.6705 419.521 -53.6192 325.372 0.00188174 0.21607 0.00184349 0.976374
80.8778 420.62 -53.6447 327.669 0.00169862 0.224485 0.00400154 0.974468
81.2925 422.924 -53.7296 332.254 0.00322014 0.240908 0.000589029 0.970542
81.707 425.436 -53.7818 336.862 0.00108172 0.253 0.00428516 0.967456
81.9144 426.743 -53.7997 339.176 -0.00180297 0.258467 0.00547235 0.966003
82.329 429.445 -53.8204 343.75 -0.00251164 0.268009 0.0117961 0.963341
82.4327 430.138 -53.8211 344.89 -0.00346718 0.269771 0.0141377 0.962815
82.8473 432.874 -53.8159 349.346 -0.00247113 0.273385 0.0191082 0.961712
83.1584 434.916 -53.7999 352.668 -0.00309729 0.276043 0.0178289 0.960975
83.6768 438.386 -53.7383 358.247 -0.00454229 0.276817 0.0164991 0.96077
83.7805 439.083 -53.7255 359.376 -0.00304498 0.276141 0.0152342 0.960992
83.9879 440.501 -53.7004 361.634 -0.00843534 0.274239 0.0238194 0.96133
84.0915 441.189 -53.6796 362.745 -0.00747356 0.273867 0.0249317 0.961415
84.299 442.564 -53.6487 364.992 -0.00502751 0.273097 0.0225746 0.961708
84.4026 443.258 -53.6366 366.132 -0.00611575 0.272891 0.0222439 0.961768
84.8174 446.007 -53.5492 370.623 -0.0102117 0.271595 0.0259926 0.962007
85.0247 447.366 -53.4944 372.869 -0.0117647 0.27135 0.0256896 0.962066
85.4394 450.085 -53.3747 377.352 -0.0120877 0.27119 0.0243635 0.962142
85.6468 451.446 -53.3166 379.595 -0.0122747 0.272672 0.022821 0.961758
85.854 452.828 -53.2545 381.837 -0.0133768 0.274185 0.0241741 0.96128
86.2687 455.6 -53.1167 386.294 -0.0128509 0.277712 0.0253572 0.960244
86.3723 456.293 -53.0831 387.395 -0.012703 0.27856 0.0256696 0.959992
86.5797 457.692 -53.0206 389.607 -0.0120114 0.280906 0.0246613 0.959343
86.6833 458.379 -52.9909 390.685 -0.0125548 0.283013 0.0234975 0.958746
86.9943 460.495 -52.9016 393.96 -0.0114012 0.288872 0.0187856 0.957116
87.2016 461.93 -52.8472 396.114 -0.0144773 0.291861 0.0210372 0.95612
87.6162 464.735 -52.7124 400.295 -0.0163666 0.297797 0.0148767 0.954373
87.8237 466.118 -52.6666 402.282 -0.0114128 0.299475 0.0183114 0.95386
88.2383 468.822 -52.5612 406.178 -0.0162945 0.303362 0.0168621 0.952587
88.4455 470.153 -52.5059 408.088 -0.0152176 0.304576 0.0128329 0.95228
88.8604 472.837 -52.408 411.88 -0.0147644 0.306725 0.011596 0.951613
89.0677 474.16 -52.3606 413.725 -0.0140701 0.307417 0.0135289 0.951375
89.4826 476.727 -52.2806 417.312 -0.0131888 0.306485 0.0155594 0.951657
89.6899 477.975 -52.2438 419.057 -0.0134105 0.306411 0.0180472 0.951634
90.1049 480.43 -52.1688 422.454 -0.0113004 0.311741 0.019542 0.949899
90.5196 482.828 -52.1019 425.678 -0.0119445 0.319394 0.0199572 0.947337
90.7269 483.986 -52.069 427.192 -0.0129052 0.323905 0.0200338 0.94579
91.1416 486.195 -52.0052 430.013 -0.0127575 0.329963 0.0193644 0.943709
91.349 487.235 -51.9782 431.322 -0.00688546 0.331005 0.0174332 0.943443
91.8673 489.718 -51.9337 434.441 -0.0094816 0.327708 0.025065 0.944399
92.0748 490.632 -51.9107 435.598 -0.00908378 0.32585 0.0277888 0.944969
92.5931 492.664 -51.8706 438.27 -0.00725915 0.323644 0.0177013 0.945985
92.8006 493.388 -51.8697 439.257 -0.00571423 0.323183 0.00895666 0.946277
93.2151 494.781 -51.8667 441.127 -0.00382784 0.31237 0.0114812 0.949883
93.4222 495.409 -51.8728 442.064 -0.00402968 0.294987 0.0130822 0.955403
93.6292 495.974 -51.8738 443.003 -0.00193919 0.268572 0.0153899 0.963135
94.043 496.854 -51.8894 444.959 -0.00534906 0.188401 0.0182154 0.981909
94.25 497.134 -51.8879 445.99 -0.00809901 0.141703 0.0132162 0.989788
94.4573 497.329 -51.8763 447.063 -0.00896943 0.0930223 0.01306 0.995538
94.8718 497.391 -51.8258 449.368 -0.0184489 -0.00625697 0.0104007 0.999756
95.2865 496.993 -51.7583 451.762 -0.0183325 -0.101344 0.0149767 0.99457
95.7015 496.141 -51.7133 454.174 -0.0166299 -0.181629 0.0175072 0.983071
96.1168 494.903 -51.6749 456.585 -0.0156533 -0.235904 0.0111355 0.971586
96.3248 494.214 -51.6537 457.823 -0.020319 -0.247879 0.0104588 0.968521
96.7408 492.761 -51.5859 460.359 -0.0198832 -0.256054 0.0111871 0.966393
96.9485 491.999 -51.5511 461.68 -0.0226265 -0.256979 0.0113342 0.966086
97.3636 490.416 -51.4638 464.414 -0.022559 -0.257132 0.0115546 0.966044
97.5711 489.598 -51.4183 465.831 -0.0219059 -0.256838 0.0119843 0.966132
97.7784 488.762 -51.3749 467.284 -0.02213 -0.256482 0.0122644 0.966218
98.1933 487.023 -51.2681 470.308 -0.0271252 -0.256579 0.0123129 0.966064
98.4008 486.122 -51.2055 471.869 -0.0255209 -0.256707 0.0134687 0.966058
98.6082 485.201 -51.1434 473.465 -0.0275109 -0.256674 0.0136241 0.96601
98.8156 484.271 -51.0828 475.077 -0.0279895 -0.256337 0.0129625 0.966095
99.2308 482.386 -50.9409 478.34 -0.0280301 -0.255704 0.0110006 0.966286
99.334 481.91 -50.9047 479.166 -0.0262253 -0.255588 0.0109088 0.966369
99.7489 479.999 -50.7784 482.5 -0.0304108 -0.255179 0.0115888 0.966346
100.164 478.074 -50.6221 485.851 -0.0293749 -0.255488 0.0106058 0.966308
100.475 476.613 -50.5403 488.35 -0.0188989 -0.255055 0.00774381 0.966711
100.786 475.147 -50.457 490.894 -0.0281206 -0.25609 0.00598721 0.966225
101.097 473.674 -50.3568 493.425 -0.0247249 -0.256877 0.0050584 0.966114
101.304 472.678 -50.2956 495.125 -0.0243213 -0.257619 0.00318818 0.965935
101.719 470.697 -50.1667 498.5 -0.0277146 -0.258965 0.000492149 0.965489
101.926 469.73 -50.1034 500.143 -0.0283812 -0.259617 -0.00039763 0.965294
102.341 467.88 -49.9735 503.301 -0.0254578 -0.260226 0.0016813 0.96521
102.549 466.978 -49.9146 504.849 -0.0264353 -0.259922 0.00115909 0.965267
102.963 465.26 -49.8032 507.759 -0.0281502 -0.260156 -0.000812147 0.965156
103.171 464.457 -49.7503 509.115 -0.0270913 -0.260117 -0.00111478 0.965196
103.585 462.979 -49.6505 511.635 -0.0284926 -0.258688 -0.00151746 0.965539
103.793 462.299 -49.6016 512.801 -0.0270187 -0.258054 -0.000739931 0.965752
104 461.631 -49.5533 513.96 -0.0263051 -0.257423 0.00100909 0.96594
104.208 460.963 -49.5076 515.122 -0.0272023 -0.256558 0.00113778 0.966145
104.933 458.803 -49.3518 518.888 -0.0291206 -0.253975 0.00113515 0.966772
105.348 457.752 -49.2758 520.727 -0.0262368 -0.254978 0.00341013 0.966585
105.762 456.752 -49.2218 522.392 -0.0290506 -0.270841 0.00987821 0.962135
106.28 455.273 -49.1462 524.259 -0.0284933 -0.337048 0.017245 0.940898
106.487 454.598 -49.127 524.893 -0.0294818 -0.377449 0.0189663 0.925367
106.693 453.871 -49.1124 525.445 -0.0296336 -0.42334 0.0190471 0.905286
106.9 453.091 -49.1009 525.915 -0.0286815 -0.472742 0.0185188 0.880539
107.315 451.285 -49.0876 526.626 -0.0290365 -0.576708 0.0194533 0.816203
107.937 447.957 -49.0604 526.845 -0.0326953 -0.723984 0.0232415 0.688649
108.04 447.362 -49.0568 526.751 -0.032157 -0.744661 0.0239838 0.666236
108.248 446.14 -49.0577 526.455 -0.0326696 -0.781567 0.0245353 0.622482
108.352 445.523 -49.0665 526.258 -0.0315215 -0.797079 0.0253591 0.602519
108.56 444.287 -49.0898 525.765 -0.0253581 -0.822429 0.0264779 0.567685
108.872 442.39 -49.1345 524.843 -0.0235203 -0.849241 0.0253621 0.526871
109.288 439.786 -49.2047 523.29 0.0223634 0.872383 -0.0194118 -0.487925
109.704 437.143 -49.2682 521.525 0.0202126 0.882288 -0.0149043 -0.470039
110.119 434.557 -49.3334 519.65 0.0209662 0.893388 -0.0132749 -0.448601
110.326 433.307 -49.364 518.665 0.0194991 0.898567 -0.0130423 -0.438209
110.534 432.078 -49.3955 517.653 0.0191007 0.903704 -0.0121607 -0.427558
110.948 429.705 -49.4624 515.539 0.0161393 0.914268 -0.0127399 -0.404588
111.156 428.572 -49.4984 514.439 0.0127086 0.919456 -0.0143315 -0.392726
111.57 426.388 -49.5841 512.164 0.0114979 0.928944 -0.00883834 -0.369935
111.778 425.353 -49.6227 511.007 0.0101061 0.933584 -0.00867503 -0.358112
112.192 423.407 -49.6937 508.628 0.00706812 0.942577 -0.00367483 -0.333895
112.4 422.482 -49.7208 507.414 0.00897605 0.946946 0.000302847 -0.321266
112.814 420.744 -49.7493 504.939 0.00967703 0.95492 -0.00147679 -0.2967
113.23 419.116 -49.7813 502.352 0.00824231 0.961514 -0.00111179 -0.274631
113.437 418.337 -49.7973 501.018 0.00765873 0.964344 -0.000969628 -0.264539
113.644 417.577 -49.816 499.659 0.00652861 0.966789 -0.000921727 -0.255492
114.059 416.093 -49.8489 496.839 0.00490257 0.971032 -0.000643813 -0.238899
114.266 415.373 -49.865 495.386 0.00367745 0.972918 -0.000595465 -0.23112
114.681 413.974 -49.8949 492.408 0.00217899 0.975956 0.0024686 -0.217944
114.889 413.295 -49.9047 490.895 0.0013961 0.977181 0.00363931 -0.212371
115.096 412.635 -49.916 489.383 -0.000389081 0.97807 0.0018085 -0.208268
115.511 411.314 -49.9431 486.323 0.00322044 0.979492 0.00252458 -0.20144
115.926 410.044 -49.9658 483.246 0.004479 0.981186 0.00204528 -0.193001
116.133 409.428 -49.9792 481.692 0.00575453 0.982052 0.00465022 -0.188463
116.341 408.829 -49.9757 480.134 0.00615932 0.982898 0.00753799 -0.183895
116.756 407.694 -49.9663 477.032 0.00281563 0.984312 0.00692662 -0.17628
116.963 407.141 -49.965 475.481 0.0022702 0.984868 0.00752871 -0.17313
117.378 406.068 -49.9595 472.388 0.00123955 0.985774 0.00984016 -0.167781
117.585 405.547 -49.9533 470.859 0.00110035 0.985984 0.00990766 -0.166541
118 404.545 -49.9351 467.906 0.00127136 0.986243 0.013285 -0.164759
118.207 404.079 -49.9214 466.502 -0.00104451 0.986218 0.0144011 -0.164819
118.726 402.968 -49.8847 463.266 -0.00097321 0.985532 0.0166339 -0.168667
118.933 402.54 -49.8661 462.055 -0.00110079 0.985216 0.0157075 -0.17059
119.555 401.259 -49.8109 458.489 -0.00328884 0.98447 0.0124162 -0.175083
119.763 400.822 -49.7969 457.301 -0.0025031 0.984206 0.0131086 -0.176525
120.074 400.162 -49.7705 455.509 -0.00114117 0.983986 0.0174201 -0.177387
120.696 398.823 -49.6884 451.828 -0.010374 0.983623 0.0184208 -0.178996
120.903 398.345 -49.667 450.544 -0.0105284 0.983333 0.0176502 -0.180648
121.318 397.325 -49.6227 447.913 -0.00782652 0.982524 0.0133748 -0.185489
121.526 396.767 -49.6017 446.546 -0.0017797 0.981799 0.0208082 -0.188773
121.733 396.207 -49.5645 445.165 -0.00152206 0.981271 0.018721 -0.191713
122.148 395.023 -49.4982 442.327 0.00266045 0.980339 0.0143025 -0.196785
122.355 394.409 -49.4716 440.88 0.00530887 0.980022 0.0138302 -0.198338
122.77 393.146 -49.4037 437.914 0.00880987 0.979566 0.018655 -0.200063
122.977 392.519 -49.3605 436.411 0.00604215 0.979507 0.019404 -0.200384
123.185 391.88 -49.317 434.891 0.004482 0.979363 0.0189471 -0.20117
123.6 390.546 -49.2359 431.793 0.0050139 0.978605 0.0165473 -0.205019
123.807 389.845 -49.1906 430.195 0.00426201 0.977945 0.0209438 -0.207765
124.222 388.38 -49.0684 426.965 0.00540532 0.976139 0.0239408 -0.215756
124.43 387.599 -49.0004 425.319 0.00813833 0.975158 0.0258233 -0.219848
124.637 386.803 -48.9326 423.663 0.00855064 0.974318 0.0226043 -0.223877
125.051 385.157 -48.8043 420.319 0.0100235 0.972889 0.0233354 -0.229875
125.259 384.337 -48.7459 418.651 0.00570808 0.97243 0.0196693 -0.232293
125.674 382.598 -48.6147 415.256 0.00858019 0.971285 0.0248542 -0.23646
125.881 381.718 -48.5482 413.559 0.00808146 0.970813 0.0214424 -0.238741
126.088 380.824 -48.4851 411.838 0.00639486 0.97025 0.0233569 -0.240891
126.503 378.998 -48.3595 408.4 0.00600471 0.969264 0.0211968 -0.245036
126.71 378.059 -48.3007 406.661 0.00708224 0.968674 0.0227092 -0.247195
127.125 376.143 -48.1731 403.183 0.00716806 0.967093 0.0207663 -0.253475
127.332 375.157 -48.1153 401.443 0.00707249 0.966106 0.0200932 -0.257265
127.747 373.128 -47.9908 397.982 0.0114764 0.963909 0.0219181 -0.265081
127.955 372.086 -47.9204 396.251 0.0130225 0.962766 0.022855 -0.269053
128.162 371.03 -47.8497 394.52 0.0125903 0.961742 0.0225576 -0.272737
128.577 368.864 -47.7097 391.044 0.0112246 0.959918 0.0188127 -0.279423
128.784 367.761 -47.6544 389.32 0.0111131 0.9591 0.0173249 -0.282318
129.198 365.491 -47.549 385.835 0.0154786 0.958038 0.0185816 -0.285618
129.406 364.351 -47.4802 384.075 0.0140707 0.957579 0.0219197 -0.286993
129.821 362.051 -47.3176 380.572 0.0109166 0.95616 0.0257387 -0.291506
130.236 359.729 -47.1597 377.143 0.00934442 0.954048 0.0244019 -0.298512
130.443 358.589 -47.0992 375.504 0.007621 0.95287 0.0211463 -0.302545
130.65 357.462 -47.0443 373.906 0.00640837 0.951529 0.022724 -0.306653
131.065 355.213 -46.9368 370.805 0.00561436 0.949619 0.021536 -0.312614
131.273 354.087 -46.8831 369.272 0.0045247 0.949019 0.0214824 -0.314454
131.687 351.865 -46.7834 366.262 0.00413049 0.948683 0.0222884 -0.315415
131.894 350.782 -46.739 364.799 0.00504386 0.949132 0.0210653 -0.314132
132.102 349.725 -46.6905 363.36 0.00603644 0.949505 0.0221748 -0.312909
132.517 347.709 -46.5917 360.593 0.00705764 0.949747 0.0248748 -0.311948
132.724 346.754 -46.5378 359.282 0.00619852 0.949431 0.0255292 -0.312875
133.139 344.941 -46.4407 356.852 0.00189383 0.945927 0.0275174 -0.323205
133.347 344.078 -46.4003 355.757 0.000141909 0.943188 0.0271274 -0.331151
133.554 343.224 -46.3597 354.724 -0.000805314 0.939961 0.0261374 -0.340277
133.761 342.371 -46.3201 353.742 -0.00147263 0.935665 0.0278589 -0.351784
133.969 341.506 -46.276 352.826 0.00150374 0.929329 0.0325245 -0.367815
134.177 340.642 -46.2319 351.99 0.00318667 0.92102 0.0352398 -0.387905
134.592 338.859 -46.1277 350.557 0.00336959 0.896701 0.033714 -0.441338
134.8 337.913 -46.0803 349.961 0.00391378 0.878483 0.0371149 -0.476314
135.216 335.932 -45.9878 349.096 -0.00319896 -0.827614 -0.039256 0.559914
135.424 334.874 -45.938 348.852 -0.00734021 -0.795258 -0.0367664 0.605111
135.841 332.624 -45.8423 348.731 -0.00963166 -0.714356 -0.0325663 0.698958
136.256 330.392 -45.7857 349.167 0.00180621 -0.618751 -0.0237952 0.785225
136.671 328.275 -45.7807 350.167 0.000952194 -0.527287 -0.00988848 0.849629
137.085 326.212 -45.8099 351.548 0.00726019 -0.463238 0.00138327 0.886203
137.292 325.167 -45.8432 352.353 0.00773705 -0.445833 0.00564761 0.895065
137.499 324.102 -45.885 353.201 0.010693 -0.435601 0.010554 0.900015
137.913 321.865 -45.9939 355.041 0.0101489 -0.430681 0.0197645 0.902231
138.12 320.664 -46.0468 355.986 0.00471911 -0.438709 0.0203402 0.898387
138.327 319.407 -46.0973 356.918 -0.00399766 -0.453555 0.0198002 0.891
138.742 316.742 -46.1807 358.61 0.00164488 -0.491093 0.0225687 0.870813
138.949 315.323 -46.2421 359.37 0.00269307 -0.511949 0.0217288 0.858737
139.364 312.349 -46.3672 360.687 0.00190738 -0.555738 0.0184481 0.83115
139.571 310.798 -46.4262 361.234 0.00116799 -0.577265 0.0169732 0.81638
139.779 309.205 -46.4807 361.704 0.000900316 -0.598598 0.0157295 0.800894
140.193 305.893 -46.5841 362.408 0.000320332 -0.638615 0.0130831 0.769415
140.401 304.185 -46.6332 362.645 -0.000406754 -0.657144 0.0122919 0.753665
140.816 300.687 -46.7322 362.887 -0.00167434 -0.690649 0.0132278 0.723068
141.023 298.911 -46.7862 362.895 0.00151538 -0.704023 0.0145352 0.710027
141.231 297.111 -46.8492 362.846 0.0043238 -0.715008 0.0154705 0.698932
141.646 293.441 -46.9897 362.612 0.00639418 -0.729757 0.0110404 0.683588
141.853 291.58 -47.0584 362.451 0.00868944 -0.733764 0.00967637 0.67928
142.268 287.836 -47.2156 362.096 0.010525 -0.740434 0.0162106 0.671851
142.372 286.892 -47.26 361.996 0.0108237 -0.742071 0.016766 0.670024
142.475 285.94 -47.3063 361.894 0.0085808 -0.743532 0.0155142 0.668466
142.89 282.195 -47.4765 361.446 0.0112132 -0.74511 0.0125915 0.666728
143.098 280.334 -47.5703 361.239 0.0120317 -0.74413 0.0156987 0.667742
143.513 276.668 -47.7772 360.865 0.0115128 -0.739298 0.0198609 0.672987
143.72 274.848 -47.8861 360.709 0.0118619 -0.734843 0.0218738 0.677781
144.136 271.207 -48.1148 360.488 0.0124236 -0.722343 0.0246722 0.690983
144.343 269.385 -48.2356 360.436 0.012797 -0.714117 0.0252864 0.699452
144.551 267.563 -48.3548 360.434 0.0121721 -0.703944 0.0242648 0.709736
144.965 263.925 -48.5883 360.608 0.0103048 -0.681884 0.0261094 0.730922
145.173 262.11 -48.7063 360.781 0.00982921 -0.670747 0.028439 0.741076
145.588 258.505 -48.9585 361.284 0.012369 -0.647947 0.0327039 0.760883
145.795 256.702 -49.0899 361.618 0.011764 -0.635739 0.03172 0.771162
146.21 253.132 -49.348 362.468 0.0138899 -0.608952 0.0322182 0.792431
146.625 249.595 -49.6239 363.576 0.0179361 -0.577371 0.0300472 0.815732
147.04 246.103 -49.8982 365.006 0.0186638 -0.543698 0.0297893 0.838544
147.144 245.242 -49.9683 365.411 0.0190354 -0.535098 0.0292256 0.84407
147.559 241.845 -50.2484 367.227 0.0187281 -0.499603 0.0275644 0.865613
147.766 240.194 -50.3847 368.246 0.0175479 -0.481361 0.027034 0.875929
147.973 238.592 -50.5179 369.332 0.0173681 -0.463255 0.0274627 0.885629
148.388 235.551 -50.781 371.7 0.0142485 -0.427592 0.0334453 0.903241
148.595 234.11 -50.9069 372.965 0.012536 -0.410247 0.0364908 0.911158
149.01 231.36 -51.1477 375.648 0.0111304 -0.37538 0.0367237 0.926076
149.425 228.814 -51.3721 378.548 0.010304 -0.340059 0.0370406 0.939618
149.632 227.604 -51.4797 380.073 0.0106874 -0.321388 0.0331501 0.946307
149.84 226.458 -51.5804 381.644 0.0108639 -0.301417 0.0301404 0.952954
150.255 224.379 -51.7598 384.951 0.00733147 -0.261881 0.0306523 0.964585
150.463 223.441 -51.8383 386.671 0.0070481 -0.241768 0.0306999 0.969823
150.877 221.771 -51.9832 390.26 0.00570633 -0.199541 0.0302893 0.979405
151.085 221.043 -52.048 392.131 0.00446617 -0.177981 0.0302762 0.983558
151.5 219.803 -52.1562 396.042 0.00379273 -0.134589 0.0275149 0.990512
151.604 219.54 -52.1832 397.053 0.00440024 -0.123533 0.0263435 0.991981
151.811 219.078 -52.2339 399.108 0.00634016 -0.101921 0.0246088 0.994468
152.226 218.382 -52.3267 403.4 0.00321261 -0.0608725 0.0179383 0.997979
152.537 218.072 -52.3755 406.736 0.000833683 -0.0323345 0.014593 0.99937
152.848 217.951 -52.4193 410.126 0.000789356 -0.005414 0.0140475 0.999886
152.951 217.952 -52.4335 411.259 -0.000588471 0.0032748 0.0142772 0.999893
153.159 218.011 -52.4564 413.532 -0.000799686 0.0193361 0.0156104 0.999691
153.573 218.348 -52.4906 418.097 -0.00125701 0.0440759 0.0255296 0.998701
153.781 218.579 -52.4995 420.395 -0.00455849 0.0524011 0.0279614 0.998224
153.988 218.834 -52.4983 422.691 -0.00357196 0.0606707 0.0271594 0.997782
154.403 219.469 -52.4993 427.301 -0.00557626 0.0740201 0.0311088 0.996756
154.506 219.646 -52.494 428.445 -0.00519876 0.0757518 0.0332383 0.996559
154.921 220.365 -52.4724 433.082 -0.0057967 0.0799874 0.0336576 0.996211
155.128 220.737 -52.4599 435.419 -0.00505783 0.081725 0.0331351 0.996091
155.543 221.513 -52.432 440.149 -0.00568003 0.0838204 0.0331273 0.995914
155.854 222.111 -52.4097 443.74 -0.0058869 0.0836812 0.0342179 0.995888
155.958 222.31 -52.4021 444.948 -0.00516267 0.0836911 0.034291 0.995888
156.269 222.909 -52.3841 448.605 -0.00655164 0.0841936 0.0327365 0.99589
156.476 223.322 -52.3659 451.064 -0.00749787 0.0847427 0.0336624 0.995806
156.891 224.144 -52.3249 455.997 -0.00935211 0.0869248 0.0289638 0.99575
157.099 224.569 -52.301 458.453 -0.00814765 0.0890161 0.0290421 0.995573
157.306 225.017 -52.2841 460.917 -0.00571839 0.0909434 0.0325035 0.995309
157.721 225.938 -52.2452 465.853 -0.00802077 0.0945396 0.0359385 0.99484
157.928 226.406 -52.2217 468.315 -0.00793041 0.0959852 0.0364306 0.994684
158.343 227.36 -52.1604 473.241 -0.0109656 0.0973337 0.0384517 0.994448
158.447 227.597 -52.1441 474.475 -0.0100618 0.0969344 0.037763 0.994523
158.55 227.832 -52.1274 475.71 -0.009092 0.0965449 0.0369842 0.9946
158.965 228.756 -52.0853 480.643 -0.00647944 0.095668 0.0329528 0.994847
159.173 229.219 -52.0706 483.105 -0.00781831 0.0955135 0.032792 0.994857
159.588 230.158 -52.0286 488.011 -0.00854875 0.096249 0.0346151 0.994718
159.795 230.625 -52.0053 490.45 -0.00829989 0.0972186 0.0334222 0.994667
160.002 231.093 -51.9804 492.879 -0.010181 0.0984987 0.03249 0.994555
160.417 232.054 -51.9411 497.712 -0.00856519 0.100365 0.0330068 0.994366
160.625 232.532 -51.9127 500.142 -0.0106805 0.101625 0.0303291 0.994303
160.936 233.266 -51.8783 503.77 -0.0073807 0.103059 0.0296365 0.994206
161.04 233.514 -51.871 504.971 -0.00808827 0.103165 0.0306901 0.994158
161.247 234.013 -51.8489 507.369 -0.00887559 0.103048 0.0328873 0.994093
161.662 234.995 -51.795 512.148 -0.0101331 0.102949 0.0324776 0.994105
161.766 235.236 -51.7802 513.356 -0.0104146 0.102799 0.0306096 0.994177
161.869 235.473 -51.7674 514.535 -0.0100008 0.102834 0.0298912 0.994199
162.284 236.427 -51.7063 519.259 -0.010538 0.101105 0.0298083 0.994373
162.388 236.661 -51.6909 520.433 -0.0093035 0.100302 0.0301185 0.994458
162.595 237.115 -51.6653 522.782 -0.0101895 0.0987541 0.0281257 0.994662
162.803 237.557 -51.6369 525.12 -0.0119708 0.096846 0.0262913 0.99488
163.217 238.412 -51.5787 529.759 -0.00969553 0.0931286 0.0237114 0.995324
163.321 238.621 -51.5696 530.914 -0.0079607 0.0925427 0.0242422 0.995382
163.736 239.453 -51.5361 535.518 -0.00961485 0.0901855 0.0264496 0.995527
164.047 240.052 -51.5024 538.937 -0.0104634 0.0908575 0.0243173 0.995512
164.255 240.463 -51.4796 541.198 -0.00954854 0.0929956 0.0247035 0.995314
164.669 241.319 -51.4383 545.693 -0.0106443 0.097663 0.0268003 0.994802
164.877 241.757 -51.415 547.906 -0.0102804 0.100354 0.0275458 0.994517
165.292 242.666 -51.3635 552.29 -0.0112817 0.105623 0.0305271 0.993874
165.707 243.604 -51.2968 556.611 -0.00950372 0.112901 0.028389 0.993155
165.914 244.097 -51.2718 558.742 -0.00893723 0.117608 0.0277095 0.992633
166.329 245.128 -51.2146 562.96 -0.00908302 0.127201 0.0243237 0.991537
166.433 245.398 -51.1984 564.017 -0.0119028 0.130613 0.0234288 0.991085
166.744 246.25 -51.1386 567.125 -0.0127124 0.140989 0.0207511 0.989712
167.055 247.164 -51.0914 570.175 -0.0112437 0.150964 0.0204326 0.988264
167.159 247.482 -51.0761 571.18 -0.012154 0.154258 0.0211322 0.98773
167.366 248.133 -51.0398 573.175 -0.014677 0.160648 0.0222618 0.986652
167.781 249.503 -50.9499 577.101 -0.0143794 0.1713 0.0269363 0.984746
167.988 250.208 -50.9069 579.034 -0.0123411 0.174889 0.0297584 0.984061
168.403 251.651 -50.8129 582.923 -0.013502 0.176823 0.0346667 0.983539
168.61 252.37 -50.7575 584.876 -0.0149026 0.175589 0.0369872 0.983656
168.817 253.077 -50.7004 586.841 -0.0151192 0.173138 0.0374859 0.984068
169.232 254.437 -50.605 590.767 -0.0155152 0.166328 0.036436 0.985275
169.336 254.772 -50.5783 591.751 -0.0172948 0.164627 0.0375561 0.985489
169.543 255.422 -50.5245 593.703 -0.00775941 0.161498 0.0374812 0.98613
169.958 256.707 -50.4459 597.661 -0.0139725 0.158366 0.0378791 0.986555
170.166 257.344 -50.3937 599.623 -0.01404 0.15827 0.0380949 0.986561
170.581 258.645 -50.2833 603.515 -0.0159203 0.167796 0.0373632 0.984985
170.788 259.339 -50.2235 605.431 -0.0159982 0.178341 0.0356631 0.983192
171.203 260.881 -50.0876 609.203 -0.0196983 0.206905 0.0333066 0.977595
171.411 261.737 -50.0123 611.045 -0.0194662 0.223077 0.0309718 0.974114
171.826 263.656 -49.8553 614.628 -0.0190234 0.257838 0.0307204 0.965512
172.033 264.721 -49.7728 616.374 -0.0192665 0.275868 0.030756 0.96051
172.241 265.856 -49.6826 618.099 -0.022494 0.294133 0.0299168 0.955031
172.656 268.335 -49.4737 621.436 -0.0231344 0.327701 0.0299372 0.944024
173.07 271.046 -49.2548 624.599 -0.0254405 0.359098 0.033204 0.932362
173.278 272.477 -49.1352 626.105 -0.026384 0.375687 0.0343569 0.925733
173.693 275.492 -48.8788 628.943 -0.0273442 0.410318 0.0362311 0.910812
173.797 276.275 -48.8147 629.615 -0.0264853 0.419648 0.0349529 0.906627
174.004 277.879 -48.6872 630.907 -0.0256207 0.438622 0.0335057 0.897681
174.419 281.282 -48.4249 633.29 -0.0253662 0.475288 0.0381944 0.878635
174.833 284.89 -48.1229 635.459 -0.0284976 0.504358 0.0377939 0.862196
175.248 288.705 -47.7926 637.461 -0.028142 0.529604 0.0330873 0.847132
175.456 290.686 -47.632 638.394 -0.0272324 0.538223 0.0347221 0.841646
175.87 294.767 -47.2894 640.207 -0.0280051 0.550593 0.0369003 0.833488
176.078 296.872 -47.1116 641.094 -0.0296626 0.555552 0.0382614 0.830071
176.285 299.005 -46.9246 641.971 -0.0313078 0.55894 0.0391721 0.827691
176.7 303.31 -46.5433 643.707 -0.030997 0.563516 0.0364528 0.824718
176.907 305.481 -46.3621 644.558 -0.0315704 0.565786 0.036774 0.823126
177.322 309.839 -45.9951 646.219 -0.0294943 0.569516 0.0384954 0.820549
177.529 312.021 -45.8119 647.032 -0.0292126 0.570345 0.040855 0.819869
177.944 316.363 -45.4386 648.688 -0.0297444 0.566852 0.0409275 0.822265
178.151 318.518 -45.2539 649.538 -0.0283255 0.561728 0.0427248 0.825733
178.566 322.76 -44.8855 651.327 -0.028931 0.54888 0.0439821 0.834242
178.773 324.842 -44.705 652.273 -0.0292324 0.54299 0.0412763 0.838214
179.188 328.928 -44.3636 654.225 -0.0314291 0.533588 0.0375862 0.844324
179.395 330.906 -44.1985 655.203 -0.0325098 0.529716 0.0392263 0.846643
179.81 334.661 -43.8797 657.12 -0.0303985 0.522842 0.0365656 0.851102
180.226 338.216 -43.5903 659.005 -0.0330597 0.517921 0.0327629 0.854162
180.329 339.063 -43.5219 659.462 -0.0326952 0.517179 0.0319198 0.854657
180.537 340.729 -43.3889 660.359 -0.0350826 0.515889 0.0317267 0.855349
180.952 343.861 -43.1315 662.059 -0.0346712 0.513605 0.0292683 0.856827
181.159 345.35 -43.014 662.868 -0.0335245 0.51334 0.027622 0.857085
181.574 348.164 -42.8114 664.38 -0.0311444 0.516941 0.0235593 0.85513
182.093 351.3 -42.6238 665.998 -0.027842 0.525307 0.0185021 0.850256
182.715 354.356 -42.5044 667.528 -0.0284515 0.536601 0.00169612 0.843354
183.96 358.21 -42.3862 669.374 -0.0374249 0.529434 -0.0103866 0.847461
184.582 359.562 -42.316 670.225 -0.0404307 0.464649 -0.00568354 0.884553
184.996 360.461 -42.2391 671.055 -0.0372478 0.388457 -0.00237084 0.920711
185.203 360.904 -42.1906 671.62 -0.0371584 0.339004 0.00102827 0.94005
185.41 361.32 -42.1338 672.293 -0.0354145 0.283786 0.00541262 0.958218
185.824 361.928 -41.9808 673.995 -0.0383991 0.158958 0.00888278 0.986498
186.135 362.115 -41.8602 675.532 -0.0425482 0.0602749 0.013646 0.997181
186.239 362.105 -41.8125 676.085 -0.0431839 0.0280409 0.012586 0.998594
186.343 362.064 -41.7625 676.662 -0.0442514 -0.00320197 0.012505 0.998937
186.654 361.766 -41.6104 678.475 -0.0502137 -0.084138 0.0165393 0.995051
186.758 361.608 -41.5586 679.105 -0.0522031 -0.106499 0.018002 0.992778
187.07 360.991 -41.3889 681.042 -0.0514805 -0.157581 0.0257238 0.985828
187.382 360.196 -41.2136 683.062 -0.0525939 -0.192966 0.0348537 0.979175
187.693 359.198 -41.0408 685.146 -0.0512359 -0.2253 0.0389913 0.97216
187.797 358.819 -40.9847 685.856 -0.0518704 -0.235186 0.0391132 0.969777
188.213 357.123 -40.7515 688.767 -0.0504481 -0.257853 0.0323521 0.964324
188.421 356.209 -40.6272 690.308 -0.0524228 -0.261305 0.0321611 0.963295
188.525 355.738 -40.5636 691.092 -0.0496721 -0.262288 0.0326796 0.963156
188.732 354.772 -40.4357 692.697 -0.0440451 -0.263432 0.0329438 0.963109
189.148 352.709 -40.1774 696.105 -0.0517121 -0.265156 0.0285602 0.962394
189.355 351.64 -40.0277 697.878 -0.0507212 -0.265833 0.0307661 0.962192
189.563 350.533 -39.8773 699.693 -0.0482098 -0.266338 0.0306289 0.962186
189.978 348.235 -39.5593 703.448 -0.0533441 -0.266942 0.0273999 0.961845
190.185 347.054 -39.3921 705.379 -0.0519178 -0.267148 0.027941 0.96185
190.6 344.644 -39.0659 709.339 -0.0526368 -0.267733 0.0315723 0.961536
190.807 343.411 -38.9037 711.354 -0.0490695 -0.267798 0.0329214 0.961661
191.015 342.139 -38.7484 713.401 -0.0476575 -0.268291 0.0287377 0.961729
191.429 339.571 -38.4151 717.586 -0.0501845 -0.267957 0.0300026 0.961655
191.533 338.93 -38.3302 718.646 -0.0518382 -0.267685 0.0314657 0.961596
191.637 338.269 -38.2424 719.72 -0.0529137 -0.267184 0.0295691 0.961737
192.052 335.623 -37.8623 724.07 -0.0533204 -0.265526 0.0282846 0.962212
192.259 334.351 -37.685 726.192 -0.0547752 -0.265739 0.0245824 0.962174
192.467 333.063 -37.4919 728.339 -0.0575076 -0.265581 0.0217214 0.962127
192.881 330.375 -37.0526 732.796 -0.0574532 -0.264096 0.0163174 0.962645
193.089 328.951 -36.8069 735.138 -0.0575929 -0.263234 0.0130494 0.962923
193.296 327.529 -36.5592 737.503 -0.0560364 -0.262621 0.013538 0.963175
193.711 324.692 -36.0596 742.26 -0.059249 -0.261911 0.0153521 0.963149
193.815 323.963 -35.9275 743.474 -0.0594953 -0.261945 0.0149563 0.963131
193.918 323.234 -35.7988 744.681 -0.0592277 -0.261954 0.0136623 0.963164
194.022 322.507 -35.6706 745.884 -0.0587435 -0.261874 0.0124705 0.963232
194.436 319.729 -35.1962 750.509 -0.0577476 -0.262407 0.00963148 0.96318
194.54 319.121 -35.0958 751.511 -0.0579474 -0.262855 0.00764548 0.963063
194.747 317.846 -34.8805 753.627 -0.0545708 -0.263394 0.00862776 0.963105
195.369 313.807 -34.215 760.296 -0.0591782 -0.264442 0.000416907 0.962584
195.68 311.838 -33.8754 763.53 -0.0531605 -0.264055 -0.000587756 0.963041
195.784 311.238 -33.7789 764.518 -0.0534038 -0.264175 -0.00101047 0.962995
195.888 310.641 -33.6805 765.502 -0.0541784 -0.264441 -0.000611809 0.962879
196.302 307.991 -33.2352 769.86 -0.0541518 -0.267587 0.00101036 0.96201
196.406 307.305 -33.1148 770.965 -0.0539467 -0.268955 0.000803209 0.961641
196.51 306.511 -32.9876 772.233 -0.05456 -0.270911 0.00027589 0.961057
196.821 304.36 -32.6104 775.636 -0.057891 -0.277302 0.00128873 0.959036
197.132 302.134 -32.2329 779.019 -0.055048 -0.287412 0.00197821 0.956222
197.339 300.593 -31.9865 781.263 -0.055554 -0.295416 -0.000368408 0.953752
197.754 297.378 -31.4849 785.67 -0.0564433 -0.31542 -0.00180447 0.94727
197.961 295.687 -31.2281 787.835 -0.05618 -0.327122 -0.0017648 0.943309
198.376 292.124 -30.6996 792.057 -0.0588474 -0.349674 -0.00587383 0.935003
198.583 290.363 -30.4475 793.997 -0.0574688 -0.358324 -0.00734006 0.931798
198.998 286.646 -29.9364 797.92 -0.053693 -0.36958 -0.0093883 0.927599
199.413 282.717 -29.4435 801.906 -0.0538327 -0.381286 -0.00884958 0.922846
199.724 279.685 -29.0883 804.83 -0.0519606 -0.393318 -0.00547264 0.917917
199.931 277.589 -28.844 806.756 -0.0554977 -0.402653 -0.00642562 0.913646
200.345 273.35 -28.3534 810.412 -0.0509615 -0.420625 -0.00952408 0.905752
200.761 269.028 -27.8774 813.858 -0.0548769 -0.44019 -0.0107799 0.896161
200.968 266.844 -27.6342 815.493 -0.0536532 -0.449585 -0.0101624 0.891567
201.175 264.647 -27.4083 817.059 -0.0528425 -0.458761 -0.0110696 0.886918
201.59 260.205 -26.9521 820.008 -0.053163 -0.476008 -0.0162215 0.877683
201.798 258.014 -26.715 821.382 -0.0530169 -0.482213 -0.0186639 0.874249
202.005 255.813 -26.4836 822.727 -0.0497492 -0.48665 -0.0193348 0.871965
202.42 251.405 -26.0085 825.344 -0.0536595 -0.494581 -0.0222044 0.867189
202.524 250.325 -25.8865 825.975 -0.053954 -0.496498 -0.0222577 0.866073
202.939 246.024 -25.4189 828.395 -0.0528337 -0.505526 -0.0207374 0.860943
203.146 243.911 -25.1889 829.551 -0.0569187 -0.509153 -0.021211 0.85853
203.561 239.806 -24.7379 831.701 -0.0544098 -0.516529 -0.0194644 0.854317
203.769 237.82 -24.5329 832.703 -0.0556104 -0.519505 -0.0194559 0.852434
204.184 233.97 -24.12 834.626 -0.0582188 -0.522365 -0.0196571 0.850505
204.392 232.103 -23.917 835.552 -0.0557 -0.522889 -0.0198536 0.850347
204.91 227.938 -23.4793 837.612 -0.0534696 -0.522275 -0.0210512 0.850839
205.221 225.709 -23.2505 838.737 -0.0575282 -0.519537 -0.0205999 0.85226
205.533 223.569 -23.0262 839.855 -0.0545109 -0.51755 -0.0157554 0.85377
205.74 222.235 -22.8999 840.557 -0.0574355 -0.518624 -0.0148821 0.852942
205.947 220.929 -22.7785 841.202 -0.0548251 -0.524839 -0.0128656 0.849337
206.362 218.492 -22.5571 842.257 -0.0547719 -0.553219 -0.0104221 0.831168
206.569 217.31 -22.4567 842.645 -0.0539116 -0.575034 -0.0134137 0.816241
206.776 216.169 -22.3666 842.943 -0.0522465 -0.600181 -0.0125502 0.798058
206.983 215.06 -22.2784 843.136 -0.0497861 -0.631122 -0.00968924 0.774023
207.398 212.777 -22.1275 843.2 -0.0540564 -0.708385 -0.00617881 0.703726
207.812 210.495 -21.9996 842.689 -0.0548843 -0.79233 -0.00378247 0.607607
208.227 208.359 -21.8932 841.624 -0.0532634 -0.864218 0.00261368 0.500284
208.642 206.483 -21.8445 839.992 0.0459854 0.918239 -0.011471 -0.39318
209.058 204.917 -21.8827 837.934 0.0306139 0.949968 -0.0217153 -0.310085
209.474 203.603 -21.9975 835.52 0.0172972 0.970672 -0.0265865 -0.238304
209.681 203.038 -22.0654 834.175 0.00913611 0.977881 -0.029685 -0.206841
209.889 202.517 -22.1523 832.729 0.00151066 0.982837 -0.0244526 -0.18284
210.305 201.563 -22.3532 829.673 -0.00799904 0.988093 -0.040311 -0.148268
210.513 201.118 -22.4884 828.05 -0.00965594 0.989634 -0.0459795 -0.135709
210.929 200.256 -22.7956 824.596 -0.0108645 0.991563 -0.0374537 -0.12362
211.137 199.826 -22.9474 822.813 -0.0131371 0.991562 -0.0404068 -0.122473
211.345 199.384 -23.1094 820.986 -0.0142624 0.991604 -0.0408547 -0.121858
211.76 198.471 -23.4437 817.209 -0.0151969 0.99166 -0.0382794 -0.122126
211.968 197.999 -23.6086 815.269 -0.0149001 0.991733 -0.0364621 -0.122126
212.175 197.523 -23.7742 813.295 -0.0164966 0.991708 -0.0367615 -0.12203
212.59 196.55 -24.1169 809.246 -0.0200355 0.991605 -0.0374662 -0.122128
213.005 195.546 -24.4734 805.058 -0.0233921 0.991518 -0.0371773 -0.122324
213.109 195.293 -24.5648 803.983 -0.0248329 0.991486 -0.036941 -0.122365
213.316 194.778 -24.7502 801.819 -0.0268599 0.991461 -0.036021 -0.122418
213.731 193.71 -25.1023 797.407 -0.0251777 0.991672 -0.0308688 -0.122474
213.939 193.171 -25.2694 795.179 -0.0254612 0.991716 -0.0305582 -0.122136
214.146 192.632 -25.4373 792.933 -0.0258713 0.991787 -0.027714 -0.12215
214.561 191.545 -25.7663 788.408 -0.025058 0.991908 -0.0285876 -0.121138
215.079 190.16 -26.1676 782.664 -0.0251579 0.991709 -0.0262101 -0.123264
215.183 189.873 -26.248 781.496 -0.0249205 0.991531 -0.0272626 -0.12451
215.39 189.283 -26.4098 779.169 -0.0235033 0.991208 -0.0259444 -0.1276
215.805 188.034 -26.7151 774.492 -0.0229684 0.990012 -0.0243722 -0.136946
215.909 187.708 -26.791 773.318 -0.0235601 0.989676 -0.0236896 -0.139374
216.324 186.321 -27.0747 768.59 -0.0217665 0.988339 -0.0200317 -0.149369
216.738 184.836 -27.3444 763.817 -0.0166213 0.98793 -0.0209475 -0.152575
217.05 183.696 -27.5445 760.178 -0.00881775 0.988361 -0.0191247 -0.150664
217.361 182.581 -27.7328 756.49 -0.00189889 0.989559 -0.0200234 -0.14272
217.775 181.196 -27.9714 751.496 0.00436564 0.991418 -0.0161759 -0.129648
218.19 179.938 -28.1824 746.431 0.00479997 0.992857 -0.0171318 -0.117974
218.397 179.35 -28.2914 743.882 0.00599117 0.993603 -0.0147267 -0.111806
218.812 178.256 -28.4889 738.755 0.00911343 0.994624 -0.0134332 -0.102268
219.019 177.739 -28.5824 736.183 0.0095678 0.994927 -0.0129045 -0.0993039
219.434 176.754 -28.7827 731.013 0.00771791 0.995361 -0.0171726 -0.0943487
219.641 176.276 -28.8966 728.411 0.00771107 0.995585 -0.0161926 -0.0921324
220.056 175.35 -29.1275 723.185 0.00628002 0.995951 -0.0179573 -0.0878594
220.264 174.901 -29.2473 720.551 0.00535789 0.996037 -0.0168804 -0.0871536
220.471 174.448 -29.3614 717.91 0.00571288 0.996132 -0.016785 -0.0860637
220.886 173.581 -29.5841 712.641 0.00533131 0.996573 -0.0157667 -0.081032
221.093 173.168 -29.6972 709.98 0.00424876 0.99675 -0.0170633 -0.0786089
221.508 172.373 -29.9297 704.594 0.00281344 0.997136 -0.0134668 -0.0743692
221.923 171.6 -30.1735 699.242 0.00652562 0.997317 -0.0189065 -0.0704184
222.13 171.23 -30.3002 696.581 0.00893647 0.997483 -0.015956 -0.0685126
222.545 170.55 -30.5273 691.324 0.00648744 0.997717 -0.014449 -0.0656554
222.752 170.229 -30.6305 688.726 0.00383886 0.997875 -0.0109888 -0.0641093
223.167 169.606 -30.8279 683.601 0.00248299 0.99792 -0.0142437 -0.062825
223.375 169.294 -30.936 681.075 0.00393838 0.997938 -0.0140312 -0.0625121
223.789 168.671 -31.132 676.051 0.00660979 0.997931 -0.0125925 -0.0627034
223.997 168.37 -31.2246 673.555 0.00486888 0.997915 -0.011931 -0.0632353
224.412 167.77 -31.388 668.619 0.00144149 0.997903 -0.00862444 -0.0641349
224.619 167.47 -31.4602 666.16 -0.00043421 0.997876 -0.00893443 -0.064522
225.034 166.847 -31.6119 661.257 0.00121553 0.99785 -0.00953598 -0.0648237
225.241 166.541 -31.6872 658.806 0.000203081 0.997843 -0.00947193 -0.0649637
225.449 166.232 -31.7619 656.352 0.000335004 0.997821 -0.00951446 -0.0652827
226.071 165.274 -32.0026 648.976 0.00799431 0.997825 -0.00958314 -0.06473
226.382 164.809 -32.1032 645.259 0.00915361 0.997947 -0.00829388 -0.0628431
226.797 164.22 -32.2404 640.278 0.00731559 0.998101 -0.00811333 -0.0606304
226.9 164.073 -32.2726 639.026 0.00780329 0.998122 -0.0073573 -0.060304
227.315 163.48 -32.395 634.021 0.00890888 0.998061 -0.00727769 -0.0611689
227.523 163.176 -32.4535 631.508 0.00856716 0.998011 -0.00539572 -0.0622191
227.938 162.567 -32.5728 626.464 0.00310206 0.997846 -0.00830531 -0.0649978
228.145 162.239 -32.6385 623.924 0.00472236 0.997804 -0.00616326 -0.0657781
228.353 161.905 -32.6956 621.38 0.00596785 0.997786 -0.00496997 -0.0660585
228.768 161.239 -32.7882 616.252 0.00857355 0.997771 -0.00345586 -0.0660866
228.871 161.068 -32.8112 614.966 0.00983992 0.997776 -0.00442408 -0.0657822
229.182 160.558 -32.887 611.098 0.0143322 0.997782 -0.004083 -0.0648785
229.597 159.892 -32.9883 605.952 0.0176173 0.997761 -0.00581997 -0.064249
229.908 159.402 -33.0654 602.086 0.0165125 0.99775 -0.00440881 -0.0648343
230.426 158.583 -33.1792 595.6 0.0121066 0.997751 -0.00500793 -0.0657367
230.737 158.075 -33.2669 591.692 0.013579 0.997722 -0.008177 -0.0655757
230.841 157.903 -33.2986 590.385 0.0147164 0.997748 -0.00650349 -0.0651137
231.152 157.403 -33.3728 586.45 0.0139368 0.997822 -0.00438821 -0.0643221
231.464 156.909 -33.4471 582.521 0.0136977 0.997855 -0.00435893 -0.0638617
231.671 156.582 -33.5011 579.896 0.0126121 0.997852 -0.00738844 -0.0638619
231.775 156.418 -33.5327 578.572 0.0124169 0.997852 -0.00731983 -0.0639065
231.983 156.085 -33.5948 575.902 0.0123462 0.997862 -0.00592392 -0.0639005
232.086 155.916 -33.6249 574.569 0.0126183 0.997863 -0.00580275 -0.0638504
232.397 155.418 -33.7116 570.576 0.0114284 0.997886 -0.00490983 -0.0637901
232.501 155.254 -33.7392 569.243 0.0113245 0.997897 -0.00424406 -0.0636885
232.812 154.76 -33.8204 565.237 0.0101103 0.99794 -0.0042663 -0.0632102
232.916 154.599 -33.8478 563.906 0.00892083 0.997962 -0.00429353 -0.063039
233.434 153.79 -33.984 557.229 0.00590927 0.997967 -0.00355151 -0.0633521
233.744 153.279 -34.056 553.237 0.0107501 0.997898 -0.00246709 -0.0638591
233.952 152.938 -34.1031 550.582 0.0123876 0.997856 -0.00406754 -0.0641402
234.159 152.606 -34.156 547.923 0.010632 0.997831 -0.0046722 -0.0647993
234.574 151.941 -34.2727 542.598 0.00570035 0.997789 -0.00403803 -0.0660993
234.781 151.599 -34.3263 539.935 0.00593719 0.997782 -0.00432197 -0.0661579
235.196 150.914 -34.4353 534.604 0.00643065 0.997884 -0.00376943 -0.0645902
235.611 150.239 -34.546 529.265 0.0102253 0.997971 -0.00502924 -0.062649
235.922 149.749 -34.6311 525.269 0.011986 0.998024 -0.00657844 -0.0613267
236.129 149.435 -34.701 522.589 0.0112474 0.998064 -0.00676099 -0.0608013
236.544 148.814 -34.8327 517.235 0.00978406 0.99818 -0.0056537 -0.0592387
236.751 148.519 -34.8997 514.54 0.00726226 0.998227 -0.00540388 -0.0588308
237.166 147.899 -35.0312 509.2 0.00659617 0.998149 -0.00471628 -0.0602743
237.27 147.735 -35.0593 507.882 0.00622686 0.998128 -0.00579943 -0.060563
237.685 147.071 -35.1858 502.557 0.00801087 0.997997 -0.00571173 -0.0624909
238.099 146.414 -35.295 497.274 0.00597693 0.997892 -0.00327429 -0.0645324
238.514 145.754 -35.4095 492.008 -0.000836628 0.997749 -0.00783953 -0.0665943
238.618 145.584 -35.4491 490.666 -0.00180104 0.997722 -0.0081521 -0.0669428
238.825 145.233 -35.5269 488.009 0.000243492 0.997685 -0.00971552 -0.0673122
239.136 144.691 -35.6501 484.012 0.00693967 0.997723 -0.00785835 -0.0666289
239.239 144.514 -35.6877 482.653 0.00733386 0.997712 -0.00874573 -0.0666442
239.654 143.829 -35.8736 477.309 0.00256962 0.997658 -0.0132307 -0.0670612
239.757 143.653 -35.9259 475.967 0.00282667 0.997692 -0.0133002 -0.0665289
240.172 142.979 -36.1223 470.689 0.00127367 0.997828 -0.0131968 -0.0645182
240.379 142.646 -36.222 468.059 -0.000604255 0.997835 -0.0144125 -0.0641718
240.587 142.316 -36.3258 465.419 -0.0023424 0.997855 -0.0141185 -0.06388
241.002 141.674 -36.5475 460.09 -0.00620042 0.997852 -0.0145202 -0.0635749
241.209 141.364 -36.6671 457.463 -0.00748826 0.99785 -0.016545 -0.0629749
241.624 140.751 -36.9164 452.261 -0.0111649 0.997852 -0.0171915 -0.0622185
