231.256 157.199 -33.4025 585.022 0.0144292 0.997852 -0.00441247 -0.0637472
231.671 156.539 -33.5079 579.742 0.0128088 0.997874 -0.00761926 -0.0634401
231.775 156.375 -33.5412 578.413 0.012627 0.997873 -0.0075425 -0.0635065
231.983 156.045 -33.6055 575.755 0.0125983 0.997886 -0.00613675 -0.0634669
232.086 155.878 -33.6353 574.428 0.0128515 0.997886 -0.00601039 -0.0634269
232.397 155.384 -33.7233 570.437 0.0116369 0.997909 -0.00513272 -0.0633643
232.708 154.892 -33.8066 566.436 0.0110239 0.997944 -0.00414658 -0.0630023
233.019 154.411 -33.8879 562.437 0.00777292 0.997999 -0.0043692 -0.0625913
233.33 153.931 -33.9723 558.432 0.00539211 0.997996 -0.00476961 -0.0628717
233.434 153.764 -33.9993 557.096 0.0061054 0.997989 -0.00383028 -0.0629727
233.744 153.254 -34.073 553.097 0.0109543 0.99792 -0.00272514 -0.063469
233.952 152.914 -34.1218 550.441 0.0125864 0.997878 -0.00433055 -0.0637423
234.367 152.258 -34.2368 545.124 0.00759895 0.997838 -0.00568737 -0.0650298
234.47 152.092 -34.2667 543.779 0.00640087 0.997827 -0.00500224 -0.0653837
234.885 151.41 -34.3777 538.468 0.00678276 0.997827 -0.00503599 -0.0653512
235.093 151.069 -34.4345 535.796 0.00671689 0.997884 -0.00439917 -0.0645218
235.3 150.734 -34.4901 533.132 0.00675778 0.997928 -0.00429381 -0.0638441
235.714 150.066 -34.6026 527.818 0.0118749 0.998015 -0.00459667 -0.0616709
236.129 149.429 -34.7254 522.509 0.01135 0.998082 -0.00676439 -0.0604781
236.233 149.272 -34.7529 521.201 0.0115573 0.998101 -0.00624839 -0.0601843
236.647 148.657 -34.8723 515.887 0.00890973 0.998212 -0.00493691 -0.0588993
236.751 148.507 -34.8979 514.56 0.00736255 0.99823 -0.00500724 -0.0587987
236.855 148.36 -34.9259 513.233 0.00589782 0.998224 -0.00639525 -0.0589347
237.27 147.735 -35.0387 507.898 0.00738649 0.998115 -0.00499582 -0.0607269
237.685 147.094 -35.1592 502.576 0.00993551 0.997964 -0.00499513 -0.0627949
237.788 146.929 -35.1952 501.213 0.00977636 0.99794 -0.00542386 -0.0631659
238.203 146.271 -35.3098 495.858 0.00532391 0.99784 -0.00333899 -0.0653866
238.307 146.109 -35.336 494.547 0.00263355 0.997805 -0.00574031 -0.0659256
238.721 145.43 -35.4734 489.253 -0.000413604 0.997673 -0.00859848 -0.067634
239.032 144.884 -35.5904 485.282 0.00636001 0.997664 -0.00901622 -0.0674136
239.239 144.527 -35.6645 482.634 0.00826313 0.997665 -0.00874649 -0.0672285
239.343 144.356 -35.7025 481.324 0.00699144 0.997623 -0.0112439 -0.0676227
239.446 144.187 -35.7437 480.012 0.00479919 0.997598 -0.0126445 -0.0679343
239.861 143.486 -35.9448 474.705 0.00429241 0.997668 -0.0132662 -0.066812
240.276 142.821 -36.1493 469.356 0.00128676 0.997812 -0.0139937 -0.0646007
240.483 142.498 -36.2609 466.65 -0.000729063 0.997851 -0.0145902 -0.0638696
240.69 142.181 -36.3741 463.942 -0.00265583 0.997895 -0.0138388 -0.0632982
241.105 141.54 -36.603 458.607 -0.00592519 0.997899 -0.0158228 -0.0625517
241.312 141.222 -36.7256 455.963 -0.00764941 0.99788 -0.0175896 -0.0621876
241.727 140.617 -36.9826 450.762 -0.0110075 0.997894 -0.0180134 -0.0613343
241.935 140.314 -37.1141 448.184 -0.0106052 0.997934 -0.0181776 -0.0607038
242.35 139.72 -37.3772 443.062 -0.00929178 0.998027 -0.0207331 -0.0585261
242.453 139.577 -37.4458 441.782 -0.00849669 0.998083 -0.0202868 -0.0578507
242.661 139.296 -37.5818 439.225 -0.00718157 0.998209 -0.0195164 -0.0560892
243.076 138.773 -37.8484 434.116 -0.00779907 0.998406 -0.0199014 -0.0522326
243.283 138.53 -37.9733 431.558 -0.0100237 0.998547 -0.0168311 -0.050207
243.697 138.078 -38.216 426.433 -0.0116735 0.998715 -0.0191916 -0.0454242
243.905 137.863 -38.3485 423.861 -0.0102394 0.998841 -0.0199875 -0.0425621
244.32 137.512 -38.6233 418.798 -0.0142863 0.999056 -0.0221454 -0.0345311
244.423 137.438 -38.6927 417.502 -0.0159098 0.999186 -0.0179877 -0.0324088
244.838 137.186 -38.9483 412.385 -0.0164042 0.999286 -0.0241704 -0.02397
244.942 137.135 -39.0236 411.069 -0.0160595 0.999347 -0.0237909 -0.0219658
245.252 137.015 -39.2301 407.2 -0.0160177 0.999541 -0.0194868 -0.016762
245.667 136.921 -39.5004 402.052 -0.0167842 0.999583 -0.0215351 -0.00945024
245.771 136.914 -39.5697 400.781 -0.0181235 0.999564 -0.0219805 -0.00778795
245.978 136.913 -39.7144 398.233 -0.0211973 0.999527 -0.021819 -0.00458521
246.393 136.96 -40.0094 393.217 -0.025799 0.999346 -0.0253096 0.000989866
246.601 136.986 -40.1683 390.751 -0.0225225 0.999424 -0.0249664 0.0045619
247.015 137.104 -40.4726 385.902 -0.0230338 0.999391 -0.0240481 0.0104291
247.223 137.175 -40.6176 383.507 -0.0218001 0.999412 -0.0230478 0.0130019
247.637 137.353 -40.9041 378.823 -0.0214082 0.999309 -0.0246711 0.0177419
247.845 137.465 -41.0449 376.53 -0.0216955 0.999258 -0.024577 0.0202154
248.259 137.701 -41.3217 371.988 -0.0173445 0.999183 -0.0260603 0.0255494
248.467 137.835 -41.4602 369.773 -0.0159919 0.999198 -0.0232811 0.0283816
248.882 138.152 -41.7188 365.463 -0.0172316 0.99888 -0.0256854 0.0357922
249.089 138.333 -41.853 363.37 -0.01734 0.998708 -0.0253522 0.0404931
249.504 138.758 -42.0953 359.28 -0.013647 0.998068 -0.0215268 0.0566664
249.711 139.029 -42.2072 357.296 -0.0125992 0.997312 -0.0226233 0.0685368
249.918 139.358 -42.3225 355.342 -0.0127066 0.996211 -0.0237155 0.0827042
250.125 139.737 -42.4378 353.423 -0.0123024 0.994723 -0.0239185 0.0990069
250.54 140.676 -42.6543 349.705 -0.0149014 0.991194 -0.0252676 0.129125
250.748 141.232 -42.7606 347.86 -0.0183003 0.98953 -0.0261712 0.140753
251.163 142.445 -42.9727 344.201 -0.0231956 0.986549 -0.0255401 0.159784
251.37 143.099 -43.0745 342.404 -0.0245546 0.984817 -0.0244029 0.170109
251.785 144.499 -43.2583 338.926 -0.0261229 0.98074 -0.0215939 0.192355
251.993 145.244 -43.3384 337.227 -0.0257185 0.978369 -0.0194607 0.20434
252.407 146.84 -43.4737 333.954 -0.0220524 0.971834 -0.0188591 0.233872
252.615 147.706 -43.5361 332.374 -0.0188513 0.967652 -0.0176088 0.250966
253.03 149.618 -43.6545 329.317 -0.00975997 0.956423 -0.0139197 0.291488
253.237 150.685 -43.7043 327.85 -0.00779124 0.949957 -0.0106696 0.312102
253.652 153.059 -43.7878 324.994 -0.00335594 0.935372 -0.00773963 0.353564
253.859 154.362 -43.8263 323.622 -0.000740181 0.926638 -0.00497115 0.375922
254.067 155.746 -43.8563 322.296 0.00119306 0.917186 -0.00120553 0.398457
254.274 157.208 -43.885 321.033 0.00284038 0.90768 -0.00134002 0.419652
254.689 160.351 -43.9301 318.693 0.000295997 0.886526 0.00208418 0.462674
254.793 161.19 -43.9375 318.144 -0.00073105 0.880436 0.00233324 0.474159
255 162.885 -43.9469 317.141 -0.0013337 0.866859 0.00391971 0.498535
255.415 166.488 -43.9204 315.416 -0.00197122 0.834437 0.0126521 0.550955
255.622 168.363 -43.8894 314.728 -0.00356049 0.81866 0.0144338 0.574086
256.037 172.332 -43.8057 313.6 -0.00657609 0.789601 0.0170351 0.613349
256.245 174.394 -43.7525 313.15 -0.00739477 0.778548 0.0168823 0.627314
256.66 178.644 -43.6353 312.394 -0.00921563 0.763312 0.0184177 0.645702
256.868 180.828 -43.5711 312.062 -0.0091808 0.758095 0.0194766 0.651788
257.386 186.461 -43.3778 311.313 -0.0110641 0.751025 0.0228811 0.659785
257.593 188.785 -43.2782 311.032 -0.0154049 0.750484 0.0249062 0.66024
258.008 193.515 -43.0323 310.448 -0.0189295 0.750938 0.0268951 0.659553
258.216 195.872 -42.9076 310.146 -0.0190916 0.752303 0.0271632 0.65798
258.631 200.65 -42.6116 309.48 -0.0244314 0.756825 0.0374769 0.652084
258.838 203.031 -42.4313 309.11 -0.0246284 0.76 0.0401485 0.648215
259.045 205.418 -42.2388 308.713 -0.0237807 0.763669 0.0421425 0.643792
259.46 210.232 -41.8107 307.831 -0.0285788 0.772586 0.0468957 0.632531
259.667 212.62 -41.5759 307.331 -0.0302085 0.777978 0.0487764 0.625666
260.082 217.352 -41.0939 306.202 -0.0301318 0.789721 0.0488583 0.610775
260.497 221.908 -40.66 304.904 -0.026 0.8031 0.0483477 0.59331
260.705 224.115 -40.4512 304.185 -0.025365 0.811624 0.0479469 0.581656
260.913 226.266 -40.2488 303.411 -0.0256954 0.820831 0.0471 0.568646
261.327 230.408 -39.8581 301.691 -0.0272051 0.838881 0.0452765 0.541745
261.43 231.413 -39.763 301.227 -0.0278497 0.843369 0.0446614 0.534751
261.638 233.398 -39.573 300.245 -0.0275294 0.852076 0.0435291 0.520877
262.053 237.194 -39.2135 298.109 -0.021969 0.86839 0.0432223 0.493505
262.26 239.001 -39.0477 296.978 -0.0202487 0.875691 0.0433263 0.480497
262.675 242.424 -38.7566 294.635 -0.016557 0.889501 0.0370204 0.45513
262.882 244.031 -38.6306 293.424 -0.0148035 0.89608 0.0369244 0.442107
263.297 246.995 -38.4038 291.001 -0.0163057 0.90914 0.032561 0.414895
263.504 248.337 -38.3084 289.794 -0.0184996 0.915016 0.032908 0.401648
263.919 250.691 -38.1362 287.455 -0.0180544 0.926682 0.0309936 0.374131
264.127 251.716 -38.0583 286.307 -0.0153676 0.933037 0.0340705 0.357833
264.334 252.63 -37.9825 285.184 -0.0104661 0.939699 0.0379339 0.33973
264.542 253.441 -37.9141 284.1 -0.00533152 0.946729 0.0354574 0.320028
264.75 254.148 -37.8506 283.036 0.00155749 0.954643 0.0316144 0.296066
265.165 255.269 -37.7562 280.937 0.0115155 0.971359 0.0325078 0.2351
265.373 255.666 -37.7188 279.913 0.0151225 0.979944 0.0283296 0.196669
265.788 256.17 -37.6535 277.767 0.0218766 0.993796 0.020547 0.107093
266.204 256.261 -37.6035 275.55 0.0186985 0.99968 0.0169046 -0.0021307
266.619 255.809 -37.5282 273.258 0.0152557 0.991864 0.0240505 -0.124071
267.035 254.731 -37.3969 270.963 0.00498575 0.96723 0.0370996 -0.251127
267.45 253.003 -37.228 268.808 -0.00258931 0.933158 0.0387731 -0.35736
267.656 251.924 -37.1354 267.788 -0.00014862 0.917892 0.0387844 -0.394931
268.07 249.412 -36.9395 265.763 0.00918456 0.899557 0.033626 -0.43541
268.484 246.624 -36.7246 263.601 0.0157269 0.898258 0.0315332 -0.438054
268.691 245.164 -36.6072 262.438 0.0184786 0.900449 0.0320558 -0.433384
268.898 243.667 -36.4834 261.211 0.0209903 0.903504 0.0312173 -0.426925
269.312 240.588 -36.2121 258.568 0.0259044 0.909903 0.0311403 -0.412839
269.519 239.016 -36.0704 257.148 0.0262562 0.913537 0.0300108 -0.404797
269.727 237.453 -35.9346 255.67 0.0246909 0.917143 0.0307122 -0.396606
270.142 234.332 -35.6603 252.567 0.0248297 0.923903 0.032233 -0.380456
270.349 232.776 -35.5197 250.954 0.0256794 0.927178 0.0302626 -0.372512
270.764 229.687 -35.2436 247.588 0.0271494 0.932463 0.0310646 -0.358903
270.971 228.15 -35.0962 245.844 0.0272999 0.934525 0.0312846 -0.353466
271.386 225.198 -34.8201 242.339 0.0204542 0.938213 0.034071 -0.343769
271.594 223.783 -34.6875 240.616 0.0199137 0.939985 0.0360393 -0.338723
272.008 221.127 -34.4164 237.276 0.0250447 0.944443 0.0381549 -0.325492
272.216 219.898 -34.2775 235.649 0.0250433 0.946719 0.0396338 -0.318631
272.63 217.64 -34.0164 232.513 0.0173184 0.949751 0.039603 -0.310007
272.838 216.584 -33.8995 231.031 0.014637 0.949466 0.0410121 -0.310835
273.046 215.559 -33.7905 229.63 0.0104558 0.947487 0.0408056 -0.317007
273.461 213.556 -33.5971 227.177 0.00784246 0.935697 0.0432464 -0.350057
273.67 212.559 -33.5115 226.153 0.00669791 0.925275 0.0420829 -0.376895
273.877 211.538 -33.4388 225.242 0.00229771 0.911383 0.038459 -0.409753
274.086 210.476 -33.3671 224.449 -0.000732447 0.892555 0.037996 -0.449335
274.502 208.2 -33.2542 223.212 0.00889189 -0.840942 -0.0460355 0.539089
274.918 205.632 -33.139 222.491 0.0130487 -0.775749 -0.050873 0.628852
275.334 202.923 -33.0409 222.396 0.0093807 -0.699195 -0.0506409 0.713073
275.542 201.576 -33.0042 222.579 0.0113112 -0.657189 -0.0473692 0.75215
275.957 198.908 -32.9639 223.452 0.00931626 -0.572743 -0.0289267 0.819171
276.371 196.291 -32.9637 224.864 -0.00400432 -0.513228 -0.00268336 0.858239
276.578 194.967 -32.9664 225.683 -0.00573335 -0.498188 0.0109802 0.86698
276.992 192.168 -33.0116 227.396 -0.00242742 -0.493348 0.0223578 0.869541
277.406 189.123 -33.1056 229.132 -0.00111162 -0.508171 0.0253384 0.860883
277.614 187.504 -33.1628 229.979 -0.00110411 -0.519103 0.0257406 0.854323
278.029 184.032 -33.2729 231.61 -0.00519553 -0.544081 0.0254405 0.838631
278.236 182.2 -33.3284 232.375 -0.00490951 -0.556943 0.0280345 0.830063
278.651 178.3 -33.4591 233.761 -0.00432277 -0.581914 0.019067 0.813016
278.858 176.273 -33.515 234.389 -0.00176461 -0.592298 0.0181984 0.805512
279.066 174.214 -33.5724 234.998 -0.00479531 -0.602351 0.0229064 0.797888
279.481 170.003 -33.7078 236.064 -0.00565946 -0.619583 0.0229317 0.784576
279.896 165.721 -33.8205 236.993 -0.00756131 -0.628087 0.0199183 0.777851
280 164.65 -33.8483 237.22 -0.00805365 -0.629788 0.0218533 0.776418
280.207 162.498 -33.9131 237.663 -0.00709126 -0.633142 0.0268281 0.773538
280.622 158.111 -34.0427 238.481 -0.0111359 -0.639299 0.0216223 0.768574
280.726 157.003 -34.0683 238.675 -0.0108532 -0.6407 0.0199651 0.767455
281.14 152.566 -34.1537 239.412 -0.0111253 -0.645382 0.0149184 0.763634
281.555 148.163 -34.2484 240.102 -0.00736638 -0.648722 0.0148705 0.760845
281.659 147.065 -34.2735 240.272 -0.0077741 -0.649163 0.0146516 0.760468
282.074 142.712 -34.3733 240.948 -0.00897354 -0.649757 0.0174452 0.759889
282.178 141.612 -34.3987 241.12 -0.00913437 -0.649316 0.0173197 0.760267
282.592 137.304 -34.4918 241.809 -0.00949191 -0.644836 0.0134955 0.764143
282.904 134.119 -34.5432 242.359 -0.0101025 -0.639601 0.00988884 0.768577
283.318 129.933 -34.5898 243.173 -0.011449 -0.631624 0.0128127 0.775085
283.526 127.89 -34.6144 243.619 -0.0133133 -0.625966 0.0146154 0.7796
283.734 125.865 -34.6388 244.097 -0.0164101 -0.618354 0.0155462 0.785574
284.149 121.865 -34.67 245.175 -0.0186021 -0.600249 0.0171555 0.799413
284.357 119.878 -34.6813 245.788 -0.0174389 -0.588317 0.0156784 0.80829
284.771 115.985 -34.7093 247.2 -0.00959082 -0.559914 0.014724 0.828364
284.978 114.056 -34.7231 248.033 -0.0152964 -0.543129 0.0100568 0.83945
285.601 108.522 -34.6871 251.016 -0.0235482 -0.491341 0.0149143 0.870521
285.705 107.648 -34.671 251.565 -0.025585 -0.4826 0.0133154 0.875366
286.12 104.183 -34.6049 253.979 -0.019258 -0.44704 0.01693 0.894146
286.327 102.496 -34.5743 255.314 -0.0260626 -0.429386 0.0137133 0.902641
286.534 100.864 -34.5293 256.701 -0.0218742 -0.412401 0.0146502 0.910622
286.949 97.6953 -34.4481 259.68 -0.0234013 -0.379716 0.00692054 0.924781
287.26 95.4508 -34.3637 262.088 -0.0227778 -0.354971 0.00675206 0.934576
287.364 94.7324 -34.3355 262.923 -0.0233369 -0.34663 0.00783892 0.937679
287.675 92.6352 -34.248 265.545 -0.0245588 -0.321549 0.010921 0.946511
287.883 91.3013 -34.1904 267.375 -0.0225853 -0.304528 0.0141873 0.95213
288.298 88.7983 -34.0844 271.228 -0.0252847 -0.269838 0.0165357 0.962432
288.505 87.6446 -34.0275 273.213 -0.0213824 -0.253197 0.0179894 0.967011
288.92 85.4563 -33.9119 277.333 -0.0254696 -0.221512 -0.000532903 0.974825
289.334 83.5976 -33.8172 281.619 -0.00771564 -0.193467 0.0191069 0.98089
289.646 82.2999 -33.761 284.999 -0.024711 -0.174363 0.018532 0.984197
290.06 80.7634 -33.6285 289.521 -0.0253846 -0.149485 0.0157339 0.988313
290.268 80.0857 -33.5443 291.834 -0.028735 -0.136014 0.0164809 0.990153
290.475 79.4707 -33.4525 294.161 -0.0269941 -0.122226 0.0174415 0.991982
291.097 78.0005 -33.1762 301.279 -0.027226 -0.0809457 0.0160107 0.996218
291.408 77.4772 -33.0409 304.878 -0.0266466 -0.0613415 0.014296 0.997659
291.616 77.2093 -32.9507 307.299 -0.026286 -0.0498386 0.0157423 0.998287
291.823 76.9955 -32.8628 309.722 -0.0257674 -0.040788 0.0185865 0.998663
292.238 76.6756 -32.6933 314.589 -0.0252009 -0.0258553 0.0214577 0.999118
292.652 76.4715 -32.5276 319.453 -0.0252319 -0.0137129 0.0208764 0.99937
292.86 76.4086 -32.4444 321.88 -0.0252731 -0.00895451 0.0202971 0.999434
293.067 76.3652 -32.3616 324.304 -0.0246537 -0.00475064 0.0193009 0.999498
293.482 76.323 -32.2063 329.121 -0.0222829 0.00114086 0.016459 0.999616
293.69 76.3227 -32.1333 331.531 -0.0216122 0.00254352 0.0181845 0.999598
294.104 76.3848 -31.9817 336.344 -0.0212173 0.000320533 0.0392474 0.999004
294.312 76.3915 -31.9089 338.752 -0.0224311 -0.00176617 0.0443301 0.998764
294.727 76.3189 -31.7667 343.547 -0.020728 -0.00297031 0.0351286 0.999163
294.83 76.3007 -31.7341 344.758 -0.020442 -0.00308605 0.0334119 0.999228
295.245 76.2334 -31.6068 349.525 -0.0213029 -0.00432407 0.0285504 0.999356
295.452 76.1806 -31.5406 351.903 -0.0215402 -0.00601666 0.0233101 0.999478
295.867 76.064 -31.4168 356.659 -0.0198045 -0.0117684 0.0208434 0.999517
295.971 76.0257 -31.3872 357.85 -0.0204126 -0.0144965 0.0209499 0.999467
296.385 75.7983 -31.2673 362.605 -0.021833 -0.0266985 0.0220132 0.999163
296.593 75.641 -31.1967 364.996 -0.0243626 -0.0329868 0.0223957 0.998908
296.696 75.5499 -31.1621 366.177 -0.0234851 -0.0359701 0.0221314 0.998832
297.007 75.2412 -31.0589 369.722 -0.021408 -0.0439803 0.0228862 0.998541
297.422 74.7498 -30.9266 374.444 -0.0202608 -0.0527229 0.0212374 0.998178
297.733 74.3078 -30.8278 377.996 -0.0257964 -0.0604998 0.0186543 0.99766
298.148 73.6483 -30.6774 382.68 -0.0190142 -0.0738194 0.022554 0.996835
298.459 73.0575 -30.5976 386.209 -0.0226548 -0.0814123 0.0194417 0.996233
298.667 72.637 -30.5264 388.579 -0.0251717 -0.0869514 0.0194014 0.995705
299.082 71.7151 -30.3848 393.258 -0.0243174 -0.0976179 0.0166337 0.994788
299.497 70.7018 -30.2349 397.931 -0.0224964 -0.105931 0.0140531 0.99402
299.808 69.9448 -30.1448 401.413 -0.0216646 -0.108709 0.0226354 0.99358
300.015 69.4289 -30.0899 403.739 -0.0209552 -0.110042 0.0258669 0.993369
300.223 68.8912 -30.0344 406.07 -0.0218046 -0.109505 0.0234495 0.99347
300.638 67.8339 -29.8969 410.732 -0.0263743 -0.108139 0.0220007 0.993542
300.742 67.5721 -29.8612 411.897 -0.0262396 -0.10775 0.0217045 0.993595
300.949 67.0586 -29.7919 414.213 -0.0198795 -0.107051 0.0232089 0.993784
301.364 66.0437 -29.653 418.9 -0.0260863 -0.103664 0.0242122 0.993975
301.571 65.5428 -29.5946 421.215 -0.0140048 -0.0990031 0.0194546 0.994798
301.987 64.6307 -29.4793 425.983 -0.0246056 -0.0892766 0.0234199 0.995427
302.194 64.2051 -29.4117 428.361 -0.0208718 -0.0838612 0.0219999 0.996016
302.609 63.447 -29.2857 433.158 -0.0240956 -0.0682941 0.0185002 0.997203
303.024 62.8239 -29.141 437.968 -0.0228435 -0.0523303 0.00916585 0.998326
303.232 62.5766 -29.0706 440.357 -0.0226191 -0.044989 0.00709021 0.998706
303.439 62.3656 -29.0029 442.74 -0.0214931 -0.0382758 0.00558646 0.99902
303.854 62.0207 -28.8669 447.496 -0.0230291 -0.0297363 0.00409439 0.999284
304.061 61.8705 -28.7926 449.886 -0.0228698 -0.0269768 0.00335811 0.999369
304.269 61.7246 -28.7201 452.289 -0.0208294 -0.0248066 0.00118308 0.999475
304.372 61.6586 -28.6875 453.485 -0.0204032 -0.0235211 0.00102827 0.999515
304.476 61.5971 -28.6565 454.683 -0.0195474 -0.0222648 0.00132667 0.99956
304.787 61.4391 -28.5694 458.28 -0.0193494 -0.0192193 0.00324126 0.999623
305.098 61.292 -28.4837 461.869 -0.0175409 -0.0139522 -0.000663123 0.999749
305.306 61.2337 -28.4337 464.268 -0.0170833 -0.0100835 0.00273568 0.999799
305.409 61.2102 -28.4091 465.491 -0.0166126 -0.00872105 0.00416326 0.999815
305.824 61.1371 -28.3192 470.284 -0.0111125 -0.00153821 0.00296295 0.999933
306.032 61.1331 -28.2911 472.689 -0.0135621 0.0011838 0.00496894 0.999895
306.447 61.1488 -28.2072 477.522 -0.0138793 0.00488675 0.00620025 0.999873
306.654 61.1736 -28.1774 479.909 -0.0100346 0.00517419 0.00995795 0.999887
307.069 61.2194 -28.1488 484.744 -0.00924326 0.00261847 0.018583 0.999781
307.38 61.2176 -28.1109 488.418 -0.0148634 0.00248166 0.0173063 0.999737
307.484 61.2128 -28.0933 489.624 -0.0142707 0.00249409 0.0151859 0.99978
307.587 61.2107 -28.0718 490.831 -0.0122052 0.00346881 0.0142547 0.999818
308.002 61.2091 -28.0198 495.793 -0.00954291 0.00870328 0.00452778 0.999906
308.21 61.2357 -27.994 498.29 -0.010281 0.0131729 8.18771e-06 0.99986
308.417 61.3078 -27.9668 500.768 -0.0109507 0.0184264 0.00154073 0.999769
308.832 61.557 -27.9076 505.798 -0.0154858 0.0261534 0.0135407 0.999446
308.936 61.6251 -27.8849 507.045 -0.0162924 0.0274274 0.0156276 0.999369
309.143 61.7515 -27.8373 509.61 -0.0118302 0.0283587 0.0152293 0.999412
309.558 62.0351 -27.7716 514.695 -0.00767573 0.0264066 0.0250299 0.999308
309.765 62.1567 -27.7569 517.222 -0.0108557 0.0241405 0.0267025 0.999293
310.18 62.3583 -27.6701 522.246 -0.0166299 0.0201513 0.0289225 0.99924
310.387 62.4751 -27.6272 524.697 -0.0121956 0.0180876 0.0389617 0.999003
310.802 62.6319 -27.5498 529.684 -0.0182974 0.0140759 0.0420319 0.99885
310.906 62.6604 -27.5232 530.969 -0.0181779 0.0131449 0.0412154 0.998898
311.114 62.6956 -27.4775 533.491 -0.0115035 0.0123122 0.0343633 0.999267
311.528 62.8043 -27.4286 538.483 -0.0164353 0.00980334 0.0404329 0.998999
311.736 62.8256 -27.3879 540.965 -0.0119284 0.00989544 0.0310725 0.999397
312.151 62.8871 -27.3563 545.94 -0.00872338 0.0124606 0.0220701 0.999641
312.358 62.9442 -27.3369 548.388 -0.0116776 0.0142037 0.0211942 0.999606
312.565 63.0068 -27.3022 550.847 -0.0155228 0.0165452 0.0204813 0.999533
312.98 63.2047 -27.2412 555.711 -0.00858237 0.0195893 0.0321109 0.999255
313.084 63.257 -27.2318 556.945 -0.0111183 0.0204779 0.0341447 0.999145
313.499 63.4538 -27.1504 561.81 -0.0174269 0.0200327 0.0370547 0.99896
313.81 63.573 -27.0693 565.466 -0.014959 0.019341 0.0344698 0.999107
314.018 63.6544 -27.0347 567.874 -0.00980659 0.0193901 0.033667 0.999197
314.433 63.8228 -27.0167 572.752 -0.0118126 0.0181249 0.0344784 0.999171
314.951 64.0026 -26.937 578.803 -0.0141354 0.0124256 0.0395795 0.999039
315.159 64.0407 -26.9034 581.185 -0.013216 0.0104767 0.0366856 0.999185
315.574 64.0714 -26.8479 586.007 -0.013523 0.0105379 0.0234198 0.999579
315.781 64.1011 -26.8217 588.414 -0.0085112 0.0111083 0.0214305 0.999672
315.989 64.1434 -26.8018 590.846 -0.0131313 0.0119504 0.0209114 0.999624
316.404 64.249 -26.7325 595.607 -0.00893571 0.0135382 0.0219998 0.999626
316.611 64.3032 -26.7249 597.994 -0.00615797 0.0142162 0.0206737 0.999666
317.026 64.3939 -26.6638 602.768 -0.0125611 0.0176635 0.00841074 0.99973
317.233 64.4862 -26.643 605.12 -0.00949856 0.0208412 0.0122546 0.999663
317.648 64.7086 -26.5929 609.818 -0.013082 0.0280185 0.0136742 0.999428
317.856 64.8452 -26.5619 612.17 -0.0120034 0.0321716 0.0143165 0.999308
318.271 65.1657 -26.4886 616.859 -0.0174783 0.0415981 0.00757067 0.998953
318.478 65.3357 -26.4454 619.163 -0.0143519 0.0477675 4.64978e-05 0.998755
318.893 65.8254 -26.3716 623.742 -0.0135427 0.0532255 0.0115857 0.998423
319.101 66.0519 -26.3411 626.005 -0.00948524 0.0556269 0.00740136 0.998379
319.516 66.553 -26.282 630.545 -0.0184434 0.0593907 0.00943325 0.99802
319.619 66.6969 -26.2625 631.656 -0.0158078 0.0594222 0.0151355 0.997993
320.034 67.1984 -26.2023 636.121 -0.0169532 0.0533254 0.0208688 0.998215
320.138 67.2977 -26.178 637.232 -0.02149 0.0512206 0.0174963 0.998303
320.345 67.497 -26.1253 639.439 -0.0142513 0.0481069 0.0149369 0.998629
320.449 67.5893 -26.1088 640.536 -0.00930939 0.047161 0.0133924 0.998754
320.864 67.96 -26.0663 644.939 -0.0139652 0.0427395 0.0150053 0.998876
321.279 68.2933 -26.0086 649.289 -0.0143479 0.0362161 0.017525 0.999087
321.59 68.4832 -25.962 652.554 -0.00979386 0.0305068 0.016018 0.999358
322.005 68.7105 -25.9153 656.909 -0.0137984 0.028808 0.0144344 0.999385
322.109 68.7693 -25.8991 657.994 -0.0153066 0.0286873 0.0139013 0.999375
322.316 68.8854 -25.8609 660.152 -0.0165079 0.0310764 0.0118959 0.99931
322.524 69.0221 -25.8236 662.302 -0.010027 0.034892 0.0120297 0.999268
322.939 69.3476 -25.7453 666.669 -0.0154648 0.0461751 0.0070117 0.998789
323.043 69.4504 -25.7267 667.74 -0.010297 0.0490819 0.00899061 0.998701
323.46 69.9379 -25.6577 672.091 -0.0158764 0.0584365 0.0169233 0.998021
323.666 70.1985 -25.6115 674.273 -0.011896 0.0610534 0.0180948 0.9979
323.873 70.4636 -25.572 676.49 -0.0164135 0.063867 0.0172363 0.997675
324.288 71.0454 -25.479 680.946 -0.0134284 0.068933 0.0185062 0.997359
324.703 71.7044 -25.4078 685.495 -0.0136188 0.073388 0.0265485 0.996857
325.014 72.2243 -25.3262 688.952 -0.0128439 0.074956 0.0299587 0.996654
325.117 72.3937 -25.3005 690.125 -0.0122096 0.0748786 0.0289244 0.996698
325.221 72.5622 -25.2785 691.307 -0.0128617 0.0743971 0.028109 0.996749
325.636 73.2255 -25.1564 696.065 -0.0194614 0.0720668 0.0232194 0.99694
325.844 73.5599 -25.0855 698.49 -0.016484 0.0712973 0.023489 0.997042
326.051 73.9035 -25.0312 700.936 -0.0117946 0.0701227 0.025046 0.997154
326.466 74.5633 -24.9606 705.849 -0.0101007 0.0710738 0.0203673 0.997212
326.673 74.9207 -24.9266 708.332 -0.0121418 0.071908 0.0235082 0.99706
326.881 75.2824 -24.8755 710.831 -0.0174228 0.0733004 0.0254673 0.996832
327.088 75.6414 -24.812 713.287 -0.0163415 0.0761228 0.0244368 0.996665
327.296 76.0243 -24.7589 715.734 -0.0128524 0.0794612 0.0256502 0.996425
327.503 76.4285 -24.7125 718.235 -0.0131329 0.0830723 0.0267981 0.996097
327.711 76.8527 -24.6613 720.732 -0.0154932 0.0868406 0.0287513 0.995687
327.918 77.2785 -24.6032 723.233 -0.0157297 0.0906483 0.0249719 0.995446
328.125 77.7296 -24.5477 725.705 -0.0157032 0.0950971 0.0241926 0.99505
328.54 78.7134 -24.4009 730.638 -0.0199749 0.101373 0.0286462 0.994235
328.748 79.2192 -24.3213 733.097 -0.0203997 0.104511 0.0285775 0.993904
329.162 80.2757 -24.1543 737.963 -0.020577 0.109454 0.0319259 0.993266
329.37 80.8128 -24.0636 740.431 -0.0240561 0.111835 0.0296814 0.992992
329.577 81.3515 -23.9562 742.883 -0.0273887 0.113947 0.0246525 0.992803
329.992 82.4557 -23.7509 747.728 -0.0156045 0.11789 0.0195639 0.992711
330.096 82.7279 -23.7227 748.878 -0.0124201 0.118807 0.0178338 0.992679
330.303 83.317 -23.6547 751.316 -0.0251219 0.121049 0.0196005 0.992135
330.718 84.5205 -23.4703 756.107 -0.0147491 0.125604 0.0223266 0.99172
330.925 85.1333 -23.4003 758.54 -0.0217607 0.128435 0.0200495 0.991276
331.34 86.3988 -23.2706 763.342 -0.012278 0.132934 0.0191725 0.990863
331.444 86.7293 -23.2468 764.561 -0.0140806 0.134357 0.0206618 0.990618
331.548 87.0603 -23.2152 765.767 -0.0187255 0.135458 0.0219753 0.990362
331.962 88.4028 -23.0524 770.527 -0.0156053 0.140427 0.023253 0.989695
332.17 89.0737 -23.0008 772.877 -0.0140555 0.142931 0.0210736 0.989408
332.584 90.461 -22.8676 777.57 -0.0191608 0.146851 0.0223019 0.988721
332.792 91.1759 -22.7983 779.917 -0.0158237 0.148752 0.0242797 0.98845
332.999 91.8837 -22.7434 782.255 -0.0136167 0.150922 0.0205891 0.988237
333.207 92.6058 -22.687 784.577 -0.0184053 0.153889 0.0207762 0.987698
333.622 94.088 -22.5531 789.137 -0.0154379 0.15874 0.0250398 0.986882
333.726 94.4707 -22.519 790.302 -0.0158248 0.159835 0.0249198 0.986702
333.933 95.2284 -22.4537 792.577 -0.0173699 0.162288 0.0258792 0.986251
334.14 95.9976 -22.3901 794.834 -0.0129869 0.164931 0.0278704 0.985826
334.555 97.5434 -22.2845 799.353 -0.0150259 0.169334 0.0249265 0.985129
334.659 97.9346 -22.255 800.489 -0.0158432 0.170347 0.0240411 0.984963
335.074 99.5251 -22.129 804.983 -0.0144636 0.174465 0.0232498 0.984283
335.281 100.333 -22.0747 807.211 -0.0138018 0.17635 0.0232181 0.983957
335.696 101.964 -21.9216 811.647 -0.0216178 0.177713 0.0241154 0.983549
335.903 102.748 -21.8469 813.798 -0.0193321 0.178614 0.0195303 0.983535
336.318 104.33 -21.6595 818.073 -0.0321234 0.18302 0.0174223 0.98243
336.526 105.139 -21.5349 820.155 -0.0366752 0.185214 0.0221043 0.981765
336.941 106.727 -21.245 824.25 -0.0392031 0.193789 0.0126601 0.980178
337.148 107.54 -21.1044 826.241 -0.0387607 0.201948 0.00643883 0.978608
337.563 109.339 -20.7774 830.17 -0.0516156 0.221654 0.014608 0.973649
337.771 110.31 -20.5762 832.088 -0.0536707 0.231934 0.0230994 0.970975
338.186 112.383 -20.0838 835.893 -0.0665233 0.253852 0.034551 0.964334
338.289 112.912 -19.9557 836.81 -0.0605651 0.259629 0.0341438 0.963202
338.704 115.144 -19.4541 840.494 -0.0654378 0.281933 0.0284541 0.956777
338.912 116.324 -19.1942 842.268 -0.0614949 0.292061 0.0305823 0.953931
339.327 118.77 -18.6838 845.729 -0.0635031 0.308964 0.0369849 0.94823
339.742 121.228 -18.1845 849.021 -0.0570879 0.322129 0.0355172 0.944305
339.949 122.446 -17.9585 850.575 -0.0586903 0.326787 0.0376854 0.942521
340.364 124.845 -17.5032 853.514 -0.060249 0.338109 0.0456641 0.938066
340.572 126.012 -17.2821 854.895 -0.0539469 0.343578 0.0451356 0.936486
340.987 128.332 -16.8583 857.583 -0.0584262 0.351378 0.0478136 0.933185
341.194 129.442 -16.6584 858.839 -0.0557822 0.352573 0.0485931 0.932856
341.609 131.555 -16.3212 861.259 -0.0368903 0.351541 0.043565 0.93443
341.816 132.581 -16.1885 862.459 -0.0388488 0.350264 0.0412457 0.934935
342.335 134.96 -15.9075 865.233 -0.0376287 0.354305 0.0311122 0.933854
342.854 137.063 -15.6979 867.517 -0.0380592 0.378665 0.0219927 0.924489
343.062 137.823 -15.6367 868.239 -0.0346507 0.393366 0.0206776 0.918496
343.581 139.476 -15.5246 869.599 -0.022805 0.435928 0.0153961 0.899561
343.789 140.116 -15.5052 870.065 -0.0218283 0.458845 0.00661557 0.888223
344.205 141.48 -15.4653 870.783 -0.010596 0.519 0.00317359 0.854703
344.412 142.182 -15.4602 871.069 -0.0082461 0.55124 -0.0034403 0.834299
344.827 143.754 -15.4744 871.475 -3.54455e-05 0.615357 -0.0105642 0.788177
345.035 144.618 -15.4975 871.586 0.00572121 0.647513 -0.0137538 0.761909
345.45 146.507 -15.5745 871.618 0.0105882 0.713045 -0.0296845 0.70041
345.865 148.598 -15.7105 871.262 0.0149647 0.770573 -0.0307644 0.636433
345.968 149.145 -15.7501 871.121 0.0150286 0.782667 -0.031873 0.621442
346.279 150.845 -15.8794 870.561 0.0152941 0.813545 -0.0329896 0.580364
346.487 152.015 -15.9679 870.068 0.0182609 0.828883 -0.0295104 0.558345
346.797 153.837 -16.1141 869.221 0.0192315 0.844097 -0.0289399 0.535064
347.212 156.414 -16.3121 867.923 0.0211871 0.851778 -0.0251922 0.522867
347.419 157.769 -16.4167 867.232 0.0217547 0.852745 -0.0245876 0.521294
347.626 159.171 -16.5208 866.527 0.0218153 0.852625 -0.0269269 0.521372
348.041 162.135 -16.7471 865.038 0.0193198 0.851897 -0.025112 0.522751
348.456 165.274 -16.9863 863.48 0.0224239 0.849575 -0.0281152 0.526241
348.767 167.763 -17.1851 862.263 0.0226968 0.847949 -0.0249108 0.529005
349.286 172.056 -17.5451 860.176 0.0207663 0.848949 -0.0252106 0.527464
349.389 172.918 -17.614 859.754 0.019422 0.849652 -0.0260137 0.526344
349.805 176.352 -17.8982 858.046 0.0157365 0.852651 -0.0289572 0.521441
350.012 178.049 -18.0416 857.174 0.0189114 0.853956 -0.0308228 0.519087
350.427 181.353 -18.3511 855.441 0.0220543 0.85587 -0.0294359 0.515882
350.634 182.947 -18.5058 854.605 0.0229697 0.85644 -0.032516 0.514709
350.842 184.5 -18.6697 853.775 0.0246323 0.856652 -0.0303087 0.514414
351.049 186.007 -18.8254 852.976 0.0264524 0.856095 -0.0311068 0.515203
351.671 190.288 -19.2759 850.824 0.0336885 0.844219 -0.0281896 0.534196
351.878 191.636 -19.4194 850.22 0.0367862 0.83723 -0.0276514 0.54491
352.086 192.954 -19.5598 849.685 0.0383065 0.826861 -0.0246514 0.560559
352.5 195.456 -19.8261 848.934 0.0376159 0.791823 -0.0278714 0.608953
352.707 196.666 -19.9512 848.734 0.0364034 0.764755 -0.0311832 0.642535
352.914 197.885 -20.0724 848.662 0.029571 0.73077 -0.0286454 0.681382
353.121 199.099 -20.1848 848.727 0.0217104 0.691766 -0.0280837 0.721249
353.536 201.494 -20.3494 849.255 0.0217062 0.599776 -0.0287481 0.799357
353.847 203.223 -20.4723 850.081 0.016802 0.521951 -0.0290495 0.852315
353.951 203.78 -20.5082 850.432 0.0144333 0.494699 -0.0277263 0.868502
354.366 205.827 -20.6288 852.215 0.00538047 0.390752 -0.026214 0.920107
354.781 207.625 -20.7123 854.55 0.00393248 0.30848 -0.029772 0.950757
355.197 209.283 -20.7899 857.276 0.00457327 0.25086 -0.0122499 0.967935
355.613 210.741 -20.8738 860.334 0.014827 0.20271 0.00381116 0.979119
355.821 211.393 -20.9342 861.987 0.0170423 0.188977 0.00273305 0.98183
356.029 212.04 -20.9974 863.7 0.017698 0.183651 0.000768355 0.982832
356.445 213.392 -21.1293 867.278 0.013914 0.181302 0.00270071 0.983325
356.86 214.788 -21.2524 871.011 0.0127753 0.176923 0.00745226 0.984114
356.964 215.136 -21.2836 871.968 0.0118984 0.175194 0.00864359 0.984424
357.379 216.507 -21.3975 875.825 0.00918385 0.1675 0.0132374 0.98574
357.483 216.84 -21.4241 876.798 0.00733731 0.165553 0.0139893 0.986074
357.69 217.496 -21.4654 878.746 0.00552963 0.16166 0.0157607 0.986705
358.105 218.742 -21.5316 882.655 0.0045094 0.157155 0.00975189 0.987515
358.52 219.973 -21.6137 886.512 0.00608353 0.156495 0.00989833 0.98761
358.935 221.232 -21.6917 890.297 0.00221983 0.163006 0.0164085 0.986486
359.351 222.542 -21.7278 893.993 -0.00137776 0.180411 0.0128475 0.983507
359.558 223.243 -21.7416 895.796 -0.00141317 0.194947 0.00761351 0.980783
359.974 224.845 -21.7821 899.211 0.00157719 0.23354 0.00729677 0.972319
360.286 226.227 -21.8242 901.605 0.00595328 0.267674 0.0118849 0.963418
360.597 227.753 -21.8731 903.836 0.00531252 0.306265 0.0144323 0.951822
360.804 228.848 -21.9052 905.225 0.00832995 0.33245 0.0140607 0.942979
361.219 231.239 -21.985 907.792 0.0110591 0.385954 0.0114843 0.92238
361.427 232.519 -22.03 908.946 0.0117296 0.412651 0.00967562 0.910762
361.842 235.285 -22.129 911.017 0.0120171 0.470035 0.00437927 0.882555
362.049 236.761 -22.1775 911.912 0.0112254 0.499759 0.00137412 0.866091
362.256 238.328 -22.2261 912.716 0.0110537 0.528688 0.00075306 0.848744
362.671 241.655 -22.3241 914.045 0.00648379 0.584187 -0.00703557 0.811563
363.086 245.249 -22.4393 914.951 0.0100887 0.634976 -0.0133405 0.772351
363.293 247.143 -22.5093 915.229 0.0155401 0.654871 -0.00851526 0.755533
363.501 249.098 -22.5807 915.436 0.0131753 0.672248 -0.00392438 0.740198
363.915 253.125 -22.7022 915.646 0.013911 0.699963 -0.00947114 0.713981
364.122 255.217 -22.782 915.65 0.013511 0.710218 -0.00783454 0.703809
364.537 259.498 -22.9382 915.519 0.0155166 0.722851 -0.0058832 0.690804
364.952 263.876 -23.0931 915.275 0.0124845 0.732393 -0.00771102 0.680724
365.159 266.106 -23.1679 915.105 0.00884663 0.737616 -0.00683857 0.675128
365.366 268.354 -23.2351 914.898 0.00790877 0.742565 -0.00964392 0.669658
365.781 272.938 -23.3863 914.381 0.00419014 0.751564 -0.0136163 0.659506
365.988 275.264 -23.4664 914.075 0.00369012 0.755554 -0.0175538 0.654841
366.611 282.329 -23.7477 912.944 0.00455544 0.768158 -0.0171255 0.640015
366.922 285.847 -23.8878 912.265 0.00227464 0.775077 -0.0138059 0.631712
367.129 288.184 -23.9688 911.767 0.00250554 0.780288 -0.0112376 0.625315
367.233 289.342 -24.0075 911.508 0.00276871 0.782578 -0.0125965 0.622419
367.337 290.495 -24.0461 911.231 0.00633132 0.784913 -0.0118331 0.61946
367.544 292.794 -24.1322 910.668 0.00451831 0.789712 -0.0109817 0.613363
367.752 295.082 -24.2123 910.073 0.00447773 0.794224 -0.0113829 0.607502
368.166 299.604 -24.4055 908.787 0.0124393 0.801134 -0.0160062 0.598141
368.27 300.729 -24.464 908.448 0.0142864 0.801926 -0.0149106 0.597066
368.374 301.851 -24.5239 908.11 0.0149519 0.80257 -0.0137294 0.596213
368.478 302.982 -24.5813 907.768 0.0156102 0.803186 -0.0127224 0.595388
368.685 305.248 -24.693 907.088 0.0127561 0.804375 -0.0129787 0.593844
369.099 309.802 -24.8974 905.701 0.0125677 0.805842 -0.0169629 0.591754
369.203 310.943 -24.9541 905.347 0.0129453 0.80615 -0.0171267 0.591322
369.41 313.238 -25.072 904.627 0.0118451 0.806586 -0.013684 0.590839
369.825 317.825 -25.2902 903.184 0.0142541 0.80737 -0.015105 0.589679
369.928 318.98 -25.3485 902.817 0.0152145 0.807462 -0.0152351 0.589526
370.136 321.322 -25.4674 902.073 0.0159363 0.8078 -0.0153631 0.589041
370.447 324.888 -25.6598 900.929 0.0193544 0.808495 -0.01608 0.587965
370.654 327.309 -25.7976 900.144 0.0198153 0.809182 -0.0150546 0.587031
370.861 329.763 -25.9322 899.35 0.016441 0.81057 -0.0155945 0.585203
371.276 334.709 -26.1932 897.684 0.0181153 0.813046 -0.0114868 0.581804
371.484 337.196 -26.3151 896.849 0.0143082 0.814695 -0.0109066 0.57961
371.898 342.068 -26.5446 895.17 0.0102799 0.817173 -0.010909 0.576198
372.106 344.451 -26.6508 894.326 0.00829526 0.818216 -0.00971024 0.574769
372.52 349.121 -26.8485 892.641 0.00637999 0.820312 -0.00961754 0.5718
372.728 351.449 -26.9329 891.796 0.00218415 0.821287 -0.00667708 0.570472
373.142 355.974 -27.068 890.149 -0.00340186 0.822487 -0.0122422 0.568642
373.35 358.163 -27.1426 889.327 -0.00192165 0.822461 -0.0100129 0.56873
373.557 360.294 -27.2159 888.534 -0.00194731 0.822403 -0.0092179 0.568828
373.972 364.31 -27.3524 887.055 -0.002147 0.822229 -0.00828363 0.569092
374.18 366.168 -27.4146 886.369 -0.00167195 0.822114 -0.00754502 0.569271
374.594 369.571 -27.5217 885.123 -0.00346291 0.821783 -0.00809071 0.569732
374.801 371.139 -27.5724 884.547 -0.00109877 0.821503 -0.0105322 0.570106
375.009 372.634 -27.6246 883.995 -0.000109001 0.82118 -0.00972252 0.570587
375.217 374.055 -27.6767 883.474 -2.86117e-05 0.820867 -0.00894491 0.57105
375.424 375.443 -27.7248 882.97 -0.000406561 0.820699 -0.00984756 0.571276
375.839 378.133 -27.81 881.998 -0.000630068 0.820411 -0.0118176 0.571652
376.358 381.443 -27.9183 880.808 -0.00144972 0.820241 -0.0149676 0.571821
376.565 382.815 -27.9649 880.31 -0.000918966 0.820722 -0.0165106 0.571088
376.773 384.226 -28.0076 879.793 0.00131621 0.821099 -0.0186517 0.57048
377.187 387.204 -28.1132 878.685 0.00161205 0.821613 -0.0137081 0.569878
377.395 388.77 -28.1567 878.109 0.000481203 0.821323 -0.0119636 0.570338
377.81 392.065 -28.2436 876.916 0.00123862 0.819891 -0.0139516 0.572348
378.017 393.798 -28.2957 876.295 0.00168723 0.818852 -0.0133742 0.573846
378.224 395.574 -28.3524 875.667 0.00241122 0.818154 -0.0140158 0.574823
378.639 399.263 -28.4692 874.365 0.00146723 0.817383 -0.0114035 0.57598
378.846 401.175 -28.5204 873.693 0.00162455 0.817126 -0.0119907 0.576332
379.262 405.132 -28.622 872.294 0.00265524 0.817801 -0.0124412 0.575361
379.469 407.172 -28.6818 871.573 0.00120552 0.818839 -0.0155473 0.573812
379.676 409.263 -28.7482 870.826 -0.00273168 0.820307 -0.0152414 0.571714
380.091 413.541 -28.8712 869.254 -0.00717881 0.824449 -0.019762 0.565546
380.506 417.94 -29.0115 867.53 -0.00725746 0.829431 -0.0191255 0.558234
380.61 419.063 -29.0462 867.07 -0.00764592 0.830942 -0.0158301 0.556082
381.024 423.56 -29.1591 865.163 -0.00379729 0.836862 -0.0133114 0.547239
381.336 426.894 -29.2652 863.687 -0.00676416 0.841487 -0.0103139 0.540137
381.44 427.985 -29.2957 863.184 -0.00460931 0.843075 -0.00988999 0.537685
381.543 429.05 -29.323 862.684 -0.00284769 0.844348 -0.0116549 0.535661
381.958 433.297 -29.4624 860.63 0.00124124 0.849519 -0.00830256 0.527492
382.165 435.367 -29.5299 859.602 0.00335048 0.850419 -0.00630211 0.526058
382.579 439.426 -29.6586 857.592 0.00749378 0.849256 -0.00376731 0.527915
382.994 443.39 -29.7823 855.666 0.0130715 0.845257 0.000883685 0.534199
383.409 447.155 -29.9028 853.933 0.0136781 0.84038 0.0023154 0.54182
383.616 448.937 -29.9614 853.156 0.0124772 0.838429 -0.00187457 0.544865
384.031 452.293 -30.1042 851.708 0.0165374 0.835071 -0.00675484 0.549852
384.238 453.908 -30.184 851.024 0.0183681 0.833839 -0.0090251 0.551628
384.653 457.063 -30.3677 849.703 0.0216631 0.832403 -0.0123263 0.55361
384.86 458.61 -30.4621 849.067 0.020437 0.831817 -0.0131117 0.554519
385.275 461.699 -30.6571 847.816 0.0185508 0.831646 -0.0217084 0.554572
385.483 463.277 -30.7667 847.171 0.0177319 0.831983 -0.0239293 0.554001
385.69 464.888 -30.8721 846.502 0.0185552 0.832551 -0.0240596 0.553114
386.105 468.202 -31.1288 845.141 0.0181318 0.832935 -0.0361601 0.551891
386.312 469.938 -31.2817 844.435 0.0118937 0.833619 -0.0351879 0.55109
386.52 471.696 -31.4274 843.701 0.0126373 0.833025 -0.0347651 0.551997
386.727 473.467 -31.5846 842.959 0.019265 0.832135 -0.0390267 0.552863
386.935 475.272 -31.7707 842.221 0.0213004 0.831786 -0.0449446 0.552864
387.142 477.095 -31.9789 841.46 0.0258138 0.83107 -0.0450874 0.553735
387.557 480.807 -32.4316 839.916 0.0340125 0.829884 -0.0450098 0.555077
387.764 482.689 -32.6746 839.141 0.0364113 0.829823 -0.0451075 0.555007
387.972 484.581 -32.9243 838.363 0.0387017 0.829905 -0.0463691 0.554627
388.179 486.498 -33.1806 837.575 0.0372702 0.830358 -0.0456734 0.554104
388.594 490.363 -33.6894 835.99 0.0360826 0.830755 -0.047955 0.553394
388.801 492.312 -33.9518 835.179 0.0373619 0.830435 -0.0464059 0.553921
389.32 497.246 -34.6112 833.154 0.0409703 0.828613 -0.0453993 0.556472
389.838 502.253 -35.285 831.129 0.0431489 0.827482 -0.0447107 0.558044
390.461 508.362 -36.0779 828.681 0.039751 0.827031 -0.0397334 0.55934
390.668 510.415 -36.3356 827.876 0.0401642 0.826729 -0.0435442 0.559473
390.875 512.461 -36.6089 827.062 0.0400342 0.826505 -0.0416929 0.559954
391.394 517.403 -37.2656 825.121 0.0383745 0.82491 -0.0394827 0.562576
392.12 523.722 -38.0809 822.721 0.037866 0.820858 -0.0370269 0.568672
392.638 527.847 -38.5673 821.211 0.0264666 0.822939 -0.0371581 0.566295
392.95 530.235 -38.8248 820.292 0.0215295 0.829432 -0.0400744 0.556753
393.365 533.335 -39.1474 818.923 0.0147632 0.845156 -0.0360296 0.5331
393.572 534.836 -39.2912 818.168 0.0128782 0.854226 -0.0341648 0.518619
393.988 537.759 -39.5244 816.49 -0.00225777 0.876424 -0.0280679 0.480716
394.195 539.135 -39.6184 815.55 -0.00560534 0.89051 -0.0346562 0.453607
394.61 541.657 -39.8442 813.377 -0.0109673 0.92077 -0.0362925 0.388259
394.818 542.8 -39.9545 812.146 -0.0133087 0.934401 -0.0383877 0.353899
395.026 543.868 -40.0773 810.811 -0.0160856 0.946986 -0.036682 0.318767
395.44 545.726 -40.3194 807.823 -0.0195979 0.968927 -0.0365507 0.243843
395.648 546.497 -40.4464 806.158 -0.0178189 0.977683 -0.032551 0.206784
396.062 547.72 -40.6922 802.564 -0.00715339 0.988882 -0.0316358 0.145122
396.166 547.974 -40.7578 801.626 -0.00429905 0.990193 -0.0325203 0.135802
396.373 548.468 -40.8954 799.708 -0.000610587 0.991634 -0.0349537 0.12426
396.787 549.411 -41.2051 795.744 0.00505387 0.992743 -0.0369185 0.114334
396.994 549.876 -41.3688 793.701 0.00909665 0.992895 -0.0362218 0.112978
397.409 550.82 -41.6974 789.484 0.0166811 0.993035 -0.0316093 0.112271
397.616 551.325 -41.8548 787.328 0.0146987 0.992987 -0.0313211 0.113052
397.824 551.845 -42.0151 785.142 0.0119384 0.992905 -0.0310073 0.114172
398.238 552.912 -42.3531 780.673 0.0129411 0.992493 -0.03347 0.116915
398.446 553.475 -42.5303 778.378 0.0107784 0.992312 -0.0330336 0.118785
398.964 554.946 -42.9982 772.524 0.0100483 0.991896 -0.0372017 0.121066
399.172 555.551 -43.1937 770.109 0.010526 0.99195 -0.0333284 0.12171
399.587 556.792 -43.5586 765.216 0.010202 0.992004 -0.0304445 0.122057
399.794 557.416 -43.7392 762.734 0.0105551 0.992034 -0.0285876 0.122231
400.209 558.655 -44.1015 757.823 0.0113533 0.992065 -0.0311547 0.121271
400.416 559.27 -44.2907 755.369 0.0119403 0.992042 -0.0314019 0.121339
400.623 559.885 -44.4798 752.927 0.0124964 0.991917 -0.0320575 0.122138
401.038 561.15 -44.8573 748.002 0.00801255 0.991882 -0.0301166 0.123287
401.245 561.806 -45.0343 745.523 0.000206268 0.991896 -0.0288925 0.123725
401.66 563.071 -45.4017 740.572 0.00608863 0.991572 -0.0365784 0.124139
401.867 563.702 -45.6109 738.067 0.00918169 0.991726 -0.0327384 0.123787
402.282 565.001 -45.9562 733.086 0.000506101 0.9922 -0.0260357 0.121903
402.49 565.636 -46.1254 730.617 -0.00149844 0.992233 -0.0291784 0.120916
402.904 566.862 -46.493 725.694 0.00203324 0.992255 -0.0306387 0.120363
403.111 567.482 -46.6744 723.233 0.00023486 0.992317 -0.0309 0.119804
403.526 568.715 -47.0295 718.29 -0.0024398 0.992609 -0.0285868 0.11792
403.733 569.323 -47.1964 715.8 -0.00435878 0.992974 -0.0276232 0.114982
404.148 570.448 -47.5134 710.806 -0.000463315 0.994016 -0.0314561 0.104605
404.356 570.956 -47.7016 708.295 0.00500296 0.994447 -0.0332257 0.0997264
404.978 572.395 -48.2812 700.674 0.0123902 0.995376 -0.0333031 0.0892396
405.081 572.625 -48.3814 699.407 0.0122756 0.995526 -0.0332533 0.0875914
405.496 573.512 -48.7812 694.268 0.0121814 0.996086 -0.0316314 0.0816296
405.911 574.358 -49.1562 689.075 0.00976233 0.99668 -0.0285979 0.075609
406.015 574.553 -49.2444 687.779 0.0107717 0.996749 -0.0289049 0.0744278
406.43 575.318 -49.604 682.527 0.0117047 0.99717 -0.0276466 0.0689276
406.533 575.502 -49.6912 681.211 0.0114851 0.997296 -0.0267998 0.0674632
406.741 575.86 -49.8643 678.576 0.0104212 0.99754 -0.0262428 0.0641556
407.155 576.509 -50.2134 673.332 0.00769999 0.99808 -0.0251791 0.0560574
407.363 576.804 -50.3717 670.725 0.00546993 0.998377 -0.0229429 0.0518447
407.777 577.319 -50.6587 665.56 0.00391376 0.998828 -0.0195332 0.044121
407.985 577.541 -50.796 663.004 0.00554744 0.998913 -0.0220592 0.040688
408.4 577.912 -51.0711 657.888 0.011909 0.999145 -0.0190941 0.0346712
408.607 578.089 -51.1956 655.339 0.00928432 0.999274 -0.0191319 0.0316044
408.814 578.263 -51.3192 652.766 0.00566164 0.999423 -0.0175246 0.028525
409.229 578.572 -51.5473 647.602 -0.00244068 0.999562 -0.017798 0.0235151
409.436 578.683 -51.6777 645.013 0.00419738 0.999438 -0.0246444 0.0223344
409.851 578.903 -51.9524 639.77 0.0109993 0.999528 -0.0180646 0.0222712
410.058 579.033 -52.0684 637.139 0.0105125 0.999555 -0.016059 0.0228321
410.473 579.303 -52.286 631.874 0.0117971 0.999516 -0.0126879 0.0258399
410.681 579.452 -52.3822 629.255 0.0113397 0.999493 -0.0115763 0.027408
411.095 579.774 -52.5615 624.031 0.00957451 0.999458 -0.0107279 0.029619
411.302 579.939 -52.6518 621.418 0.0100582 0.99941 -0.0120122 0.0305764
411.717 580.284 -52.8403 616.15 0.00918662 0.999409 -0.0105066 0.0314268
411.821 580.374 -52.8833 614.822 0.00853514 0.999406 -0.0116076 0.0313192
412.236 580.737 -53.0762 609.554 0.00548395 0.999423 -0.0117317 0.0314095
412.339 580.822 -53.1206 608.245 0.00617013 0.999438 -0.00990856 0.0314255
412.547 580.99 -53.2051 605.632 0.0085281 0.999415 -0.00920338 0.0318029
412.962 581.346 -53.3754 600.443 0.00682636 0.999424 -0.00904131 0.0319753
413.169 581.519 -53.4533 597.847 0.00760172 0.99943 -0.00758185 0.0319998
413.584 581.867 -53.6186 592.681 0.00968821 0.999334 -0.0111991 0.0333544
413.791 582.047 -53.7044 590.099 0.01331 0.999181 -0.00867655 0.0372094
414.205 582.52 -53.8691 584.991 0.014297 0.998455 -0.00842811 0.0530246
414.413 582.832 -53.9515 582.471 0.012702 0.997925 -0.0084194 0.0625547
414.827 583.601 -54.1151 577.492 0.0117701 0.996359 -0.00913302 0.0839507
414.931 583.828 -54.1542 576.246 0.0116585 0.995906 -0.00760142 0.0893169
415.138 584.321 -54.2258 573.766 0.00939191 0.995046 -0.00440283 0.0988707
415.553 585.426 -54.3354 568.846 0.0033236 0.993803 -0.00317607 0.111058
415.76 586.012 -54.386 566.401 0.0001935 0.993545 -0.00387925 0.113376
416.175 587.18 -54.5017 561.529 0.00176027 0.99308 -0.006912 0.117224
416.383 587.78 -54.5713 559.103 0.000545071 0.992864 -0.00832667 0.11896
416.797 588.988 -54.7194 554.287 -0.000600873 0.992551 -0.00847361 0.121534
417.005 589.596 -54.7862 551.877 -0.0018326 0.992637 -0.00553177 0.120989
417.42 590.784 -54.9096 547.119 -0.00640955 0.993304 -0.0066107 0.115162
417.627 591.334 -54.9839 544.766 -0.00581269 0.993905 -0.0113115 0.109506
418.042 592.323 -55.1377 540.064 -0.000246204 0.995051 -0.00633928 0.0991593
418.249 592.782 -55.2025 537.751 0.00105276 0.995416 -0.00554605 0.0954738
418.663 593.619 -55.3107 533.37 0.00750014 0.995429 0.00180756 0.0951951
418.871 594.022 -55.3537 531.326 0.00923837 0.995198 0.000886269 0.0974439
419.286 594.83 -55.4266 527.469 0.013492 0.994217 0.00358376 0.106476
419.493 595.234 -55.4586 525.68 0.0150311 0.993683 0.000953169 0.111213
419.908 596.047 -55.5252 522.293 0.013715 0.993049 0.00205092 0.116885
420.115 596.427 -55.5534 520.707 0.013465 0.993184 0.000976196 0.115774
420.323 596.784 -55.5846 519.192 0.00998954 0.993896 -0.000137437 0.109871
420.842 597.41 -55.6494 515.693 0.00251155 0.997839 0.000374688 0.0656583
421.05 597.521 -55.6706 514.33 0.00183987 0.999334 0.000705286 0.0364374
421.466 597.448 -55.7104 511.661 0.00344823 0.99942 0.00137711 -0.0338385
421.882 596.967 -55.7242 509.078 0.00708016 0.993879 0.0100218 -0.10979
422.297 596.059 -55.7056 506.601 0.00669981 0.980039 0.00531738 -0.198619
422.712 594.612 -55.672 504.208 0.0106888 0.956033 0.0130273 -0.292776
423.128 592.619 -55.5873 502.026 0.00764828 0.920519 0.0244864 -0.389854
423.335 591.428 -55.5278 501.056 0.00443956 0.900182 0.0257076 -0.434731
423.749 588.679 -55.4015 499.341 -0.00531859 -0.863906 -0.0259187 0.502957
423.956 587.157 -55.3296 498.575 -0.00937938 -0.850582 -0.026554 0.525088
424.267 584.76 -55.2155 497.487 -0.0150348 -0.840112 -0.0189669 0.541872
424.474 583.099 -55.1436 496.754 -0.0184815 -0.838433 -0.0172799 0.544417
424.681 581.384 -55.0685 495.989 -0.0199186 -0.838206 -0.0183572 0.544681
425.095 577.819 -54.9012 494.361 -0.0188836 -0.841194 -0.0187734 0.540078
425.303 575.979 -54.8141 493.482 -0.0166902 -0.843912 -0.0205344 0.535829
425.717 572.242 -54.6447 491.616 -0.0133484 -0.849959 -0.0235437 0.526153
425.925 570.354 -54.555 490.644 -0.0152664 -0.853015 -0.0249342 0.521067
426.339 566.564 -54.3617 488.609 -0.0140908 -0.857689 -0.0249816 0.513369
426.547 564.658 -54.2703 487.566 -0.0126362 -0.858413 -0.0240662 0.512239
427.065 559.838 -54.0413 484.917 -0.0124999 -0.85973 -0.0189138 0.510246
427.169 558.853 -54.0038 484.387 -0.0149691 -0.860043 -0.0157932 0.509757
427.376 556.875 -53.9317 483.309 -0.0203772 -0.860072 -0.0169416 0.509485
427.791 552.921 -53.7662 481.148 -0.0271667 -0.860388 -0.0120053 0.508773
427.998 550.929 -53.6846 480.04 -0.0276011 -0.860711 -0.0151444 0.50812
428.413 546.95 -53.5016 477.789 -0.0221855 -0.861258 -0.0179021 0.507368
428.62 544.938 -53.4157 476.654 -0.0204562 -0.861656 -0.0187144 0.506735
429.035 540.881 -53.2349 474.366 -0.0213506 -0.862145 -0.0206037 0.505792
429.243 538.843 -53.1388 473.221 -0.0221606 -0.862466 -0.0201158 0.505229
429.658 534.844 -52.9578 470.942 -0.0191898 -0.862984 -0.0207103 0.504441
429.865 532.87 -52.8725 469.82 -0.0198375 -0.863432 -0.0200048 0.503678
430.28 529.027 -52.7167 467.618 -0.0196582 -0.864357 -0.017778 0.502179
430.487 527.164 -52.6458 466.548 -0.0222974 -0.865292 -0.0180477 0.500447
430.902 523.561 -52.4895 464.418 0.0224574 0.868001 0.0210293 -0.495608
431.109 521.844 -52.4095 463.376 0.0215587 0.869698 0.0221846 -0.492614
431.317 520.196 -52.3317 462.353 0.0200596 0.871488 0.0242415 -0.489407
431.524 518.627 -52.2587 461.364 0.0182909 0.873647 0.0236342 -0.485641
431.731 517.132 -52.1923 460.408 0.0168893 0.875712 0.0213722 -0.482065
432.146 514.325 -52.0894 458.587 0.0158924 0.877607 0.0187294 -0.478752
432.354 512.994 -52.0425 457.722 0.0138742 0.876136 0.0217859 -0.481372
432.873 509.856 -51.956 455.879 -0.00591056 -0.857225 -0.0197533 0.51453
433.081 508.645 -51.9337 455.316 -0.00498897 -0.842389 -0.0167944 0.538586
433.289 507.446 -51.9187 454.857 -0.00463033 -0.82347 -0.0129415 0.567194
433.497 506.212 -51.9103 454.508 -0.00915005 -0.799532 -0.00833315 0.600496
433.913 503.659 -51.8741 454.129 -0.0153561 -0.738652 -0.00743268 0.673871
434.328 501.129 -51.845 454.267 -0.0076755 -0.66503 -0.00366821 0.746768
434.743 498.641 -51.8395 454.982 -0.00546467 -0.577604 -0.00149836 0.816297
435.159 496.274 -51.8372 456.313 -0.00481842 -0.47956 0.000614134 0.877496
435.573 494.108 -51.8153 458.282 -0.014238 -0.377034 -0.00388047 0.926082
435.988 492.19 -51.7416 460.858 -0.0153757 -0.295016 0.000748234 0.955368
436.402 490.409 -51.6426 463.929 -0.0210945 -0.252996 0.00751627 0.967208
436.61 489.512 -51.5845 465.579 -0.0206885 -0.247144 0.0104554 0.968702
437.022 487.59 -51.4619 469.08 -0.0231875 -0.247849 0.0115157 0.968453
437.437 485.506 -51.3046 472.844 -0.0247643 -0.250029 0.013375 0.967829
437.852 483.258 -51.1328 476.841 -0.0289365 -0.25327 0.0131312 0.966874
438.059 482.08 -51.0356 478.897 -0.0277299 -0.254488 0.0117046 0.966607
438.371 480.267 -50.9034 482.055 -0.0277011 -0.255853 0.0121454 0.966242
438.474 479.652 -50.8567 483.128 -0.030551 -0.256371 0.0123491 0.966017
438.785 477.778 -50.6902 486.364 -0.0304166 -0.258016 0.010929 0.9656
439.097 475.867 -50.5819 489.592 -0.0215956 -0.258694 0.00619216 0.965698
439.2 475.224 -50.5476 490.687 -0.0269888 -0.259412 0.00464181 0.965378
439.304 474.595 -50.4986 491.765 -0.0297315 -0.259746 0.00513346 0.965206
439.719 472.037 -50.32 496.085 -0.0250368 -0.261319 0.0020732 0.964926
440.133 469.403 -50.1333 500.493 -0.0277503 -0.263117 -0.000384877 0.964365
440.341 468.074 -50.0321 502.7 -0.0262143 -0.264514 0.00123849 0.964025
440.652 466.062 -49.8993 506.04 -0.0248713 -0.265248 0.00151711 0.963858
440.86 464.709 -49.8107 508.283 -0.0261583 -0.264421 -0.000135279 0.964052
440.963 464.037 -49.7671 509.399 -0.0254016 -0.263601 -0.000294366 0.964297
441.378 461.359 -49.5828 513.921 -0.0263951 -0.259919 0.0009229 0.965269
441.585 460.036 -49.4855 516.192 -0.0274594 -0.258961 0.00257548 0.965494
441.793 458.708 -49.3848 518.47 -0.0280309 -0.258233 0.00242949 0.965673
442.207 456.057 -49.2005 523.039 -0.0262514 -0.258227 0.00625319 0.965707
442.311 455.397 -49.1542 524.183 -0.0265786 -0.259105 0.00817047 0.965449
442.622 453.388 -49.0275 527.612 -0.0260962 -0.261464 0.0112513 0.964795
442.726 452.711 -48.9859 528.756 -0.0268267 -0.261463 0.0104021 0.964784
442.829 452.031 -48.9441 529.901 -0.0265939 -0.261047 0.00948142 0.964913
442.933 451.354 -48.9008 531.049 -0.0255832 -0.260364 0.00975879 0.965122
443.037 450.674 -48.8567 532.203 -0.0260729 -0.259749 0.00861732 0.965286
443.14 449.99 -48.8102 533.372 -0.028452 -0.259083 0.00730063 0.965408
443.555 447.289 -48.6247 538.01 -0.0261032 -0.256438 0.00489237 0.966196
443.97 444.601 -48.4131 542.686 -0.0276832 -0.255955 0.00675051 0.966269
444.281 442.572 -48.266 546.203 -0.0294288 -0.256294 0.00601619 0.966132
444.592 440.547 -48.1025 549.735 -0.0304 -0.25689 0.0104118 0.965906
445.214 436.436 -47.7859 556.828 -0.0300929 -0.2601 0.0171669 0.96496
445.525 434.346 -47.6441 560.37 -0.0303827 -0.260988 0.015729 0.964736
445.94 431.563 -47.4257 565.089 -0.0338001 -0.261581 0.0164032 0.96445
446.043 430.869 -47.3697 566.265 -0.0305096 -0.261931 0.0172627 0.96445
446.355 428.759 -47.2125 569.828 -0.0338128 -0.262034 0.0161784 0.96433
446.562 427.358 -47.1088 572.19 -0.0259704 -0.262395 0.0180522 0.964442
446.873 425.22 -46.9828 575.77 -0.0309582 -0.262227 0.0127049 0.964426
447.288 422.404 -46.7684 580.551 -0.030277 -0.262566 0.0197024 0.964238
447.599 420.255 -46.6307 584.135 -0.0281413 -0.262276 0.0132059 0.964492
447.91 418.119 -46.4789 587.744 -0.0318439 -0.262114 0.0137863 0.964413
448.222 415.992 -46.3172 591.36 -0.0316337 -0.261878 0.0165414 0.96444
448.429 414.572 -46.2155 593.76 -0.0287727 -0.261731 0.0162206 0.964576
448.533 413.861 -46.168 594.958 -0.0286202 -0.261534 0.0158698 0.964639
448.636 413.15 -46.12 596.165 -0.0308939 -0.261501 0.0158974 0.964578
449.052 410.305 -45.9212 600.979 -0.0270206 -0.261997 0.0165194 0.964549
449.259 408.863 -45.8264 603.402 -0.0327049 -0.262195 0.0142567 0.964355
449.362 408.145 -45.7633 604.626 -0.0362126 -0.262482 0.016007 0.964124
449.466 407.432 -45.6961 605.843 -0.0365343 -0.262959 0.0186537 0.963935
449.777 405.266 -45.528 609.467 -0.0291383 -0.263113 0.0175673 0.964165
449.881 404.536 -45.4795 610.681 -0.029913 -0.262979 0.0157058 0.96421
450.192 402.355 -45.3126 614.324 -0.0300689 -0.263101 0.0117757 0.964228
450.296 401.63 -45.2602 615.527 -0.0276269 -0.262657 0.00973651 0.964445
450.606 399.485 -45.113 619.134 -0.0307812 -0.262691 0.00984361 0.964339
450.71 398.78 -45.0601 620.328 -0.0311112 -0.262795 0.010794 0.964289
451.021 396.679 -44.8974 623.841 -0.0350173 -0.26253 0.0062676 0.964268
451.228 395.309 -44.7807 626.143 -0.0303586 -0.262449 0.00700674 0.964443
451.643 392.588 -44.5986 630.734 -0.0282892 -0.262401 0.00825868 0.964509
451.85 391.224 -44.4899 633.023 -0.034554 -0.262472 0.00523249 0.964306
452.265 388.52 -44.226 637.538 -0.0280451 -0.262437 0.00139709 0.96454
452.473 387.172 -44.1209 639.792 -0.0289296 -0.262565 -0.00165329 0.964479
452.887 384.481 -43.8635 644.297 -0.0302657 -0.262713 -0.00513393 0.964385
453.302 381.827 -43.6062 648.782 -0.0358992 -0.264036 0.000672922 0.963844
453.509 380.514 -43.4702 650.987 -0.0363621 -0.264987 0.00297836 0.963562
453.717 379.201 -43.3367 653.167 -0.0373894 -0.265944 0.0036245 0.963256
454.131 376.555 -43.0863 657.516 -0.0303315 -0.268111 0.00322311 0.962905
454.339 375.213 -42.967 659.693 -0.0337702 -0.268316 -0.000174564 0.962739
454.753 372.537 -42.7135 664.088 -0.0342795 -0.269311 0.0053695 0.962428
455.168 369.808 -42.4387 668.536 -0.041798 -0.269607 0.00442731 0.962053
455.272 369.128 -42.3549 669.656 -0.0441191 -0.26969 0.00699155 0.961911
455.479 367.774 -42.1789 671.903 -0.0454838 -0.270108 0.0143469 0.961648
455.583 367.088 -42.0937 673.029 -0.0449511 -0.270341 0.0155133 0.96159
455.79 365.7 -41.9331 675.284 -0.0414473 -0.269558 0.0158771 0.961961
455.894 365 -41.8569 676.42 -0.0414777 -0.269194 0.0150871 0.962074
456.205 362.91 -41.5922 679.875 -0.0521508 -0.267781 0.0175551 0.961907
456.516 360.804 -41.2878 683.336 -0.0487641 -0.266312 0.0161982 0.962516
456.62 360.094 -41.1941 684.495 -0.0453545 -0.265859 0.013915 0.962844
456.931 357.968 -40.9247 687.991 -0.0448936 -0.264334 0.00751913 0.963357
457.449 354.46 -40.4513 693.842 -0.0399142 -0.264855 0.00924296 0.963417
457.76 352.342 -40.178 697.345 -0.0501797 -0.26534 0.00332329 0.962842
458.071 350.263 -39.887 700.786 -0.0444573 -0.266291 0.00396142 0.962859
458.175 349.561 -39.7944 701.935 -0.0458924 -0.26642 0.00182962 0.962762
458.279 348.866 -39.6946 703.075 -0.0470567 -0.266748 0.000292148 0.962617
458.486 347.473 -39.4898 705.371 -0.0477931 -0.26746 0.00147214 0.962382
458.901 344.702 -39.1143 709.946 -0.0463776 -0.268552 0.0078889 0.962116
459.005 344.006 -39.0203 711.087 -0.0453958 -0.268806 0.00820584 0.962089
459.108 343.299 -38.931 712.227 -0.0427459 -0.269217 0.00595634 0.962112
459.316 341.89 -38.7604 714.501 -0.0426987 -0.269143 0.00187236 0.962151
459.731 339.102 -38.4001 719.051 -0.0446241 -0.269273 0.00314799 0.962024
460.042 337.016 -38.1143 722.447 -0.0454485 -0.268544 0.00030256 0.962194
460.145 336.327 -38.0172 723.578 -0.0449542 -0.2687 0.00105803 0.962174
460.457 334.199 -37.7053 727.051 -0.0500399 -0.266439 0.0025387 0.962549
460.56 333.637 -37.6134 727.964 -0.052782 -0.265839 0.00300909 0.962567
460.664 333.184 -37.5274 728.676 -0.0555689 -0.2664 0.00847679 0.962222
460.975 331.076 -37.1591 732.144 -0.0562464 -0.264629 0.0102972 0.962654
461.183 329.734 -36.9329 734.367 -0.0555136 -0.263532 0.00721204 0.963025
461.598 326.965 -36.4574 739.013 -0.0564478 -0.262023 0.00859056 0.963371
461.909 324.853 -36.0831 742.577 -0.0570445 -0.261848 0.00980785 0.963372
462.116 323.433 -35.8385 744.957 -0.055812 -0.262049 0.00767653 0.963409
462.22 322.731 -35.7217 746.133 -0.0552784 -0.262114 0.00594641 0.963434
462.634 319.859 -35.2327 750.945 -0.0580544 -0.263574 0.00427739 0.962881
462.842 318.445 -34.9933 753.301 -0.0540321 -0.265125 0.0054162 0.962684
463.049 316.913 -34.7508 755.835 -0.0511186 -0.267285 0.00737749 0.962232
463.153 316.103 -34.6209 757.176 -0.0542886 -0.26848 0.00741418 0.961726
463.568 313.045 -34.0872 762.064 -0.0537247 -0.272021 -0.0034249 0.960784
463.672 312.228 -33.9496 763.376 -0.0524386 -0.273169 -0.00314972 0.96053
463.775 311.409 -33.8135 764.693 -0.0529589 -0.274225 -0.00262834 0.960203
464.19 308.339 -33.2998 769.53 -0.0555909 -0.278219 -0.00202429 0.958906
464.294 307.578 -33.1788 770.718 -0.0551273 -0.279191 -0.0022079 0.958649
464.501 306.164 -32.9408 772.896 -0.0557358 -0.281639 -0.00255972 0.957897
464.916 303.214 -32.4484 777.322 -0.05671 -0.291351 -0.0027025 0.95493
465.123 301.69 -32.2095 779.518 -0.0537048 -0.296824 -0.00510881 0.953407
465.538 298.497 -31.7227 783.913 -0.0553477 -0.310538 -0.00952809 0.948901
465.745 296.852 -31.479 786.077 -0.0539277 -0.317867 -0.00949887 0.946553
466.16 293.541 -30.9853 790.227 -0.0568409 -0.332036 -0.0122845 0.941472
466.368 291.798 -30.7183 792.31 -0.0558405 -0.339556 -0.0114445 0.938857
466.782 288.067 -30.1826 796.558 -0.0549024 -0.35769 -0.0113949 0.932155
466.99 286.201 -29.9241 798.572 -0.0523052 -0.366855 -0.0096527 0.928756
467.197 284.281 -29.675 800.563 -0.051689 -0.375688 -0.00963335 0.925253
467.612 280.278 -29.1893 804.464 -0.049399 -0.392895 -0.00999812 0.918201
467.819 278.248 -28.9514 806.344 -0.0524276 -0.401346 -0.0111001 0.914358
468.234 274.087 -28.468 809.942 -0.0494797 -0.418258 -0.0139788 0.906872
468.441 271.976 -28.2434 811.668 -0.0508417 -0.426855 -0.0137313 0.902785
468.856 267.691 -27.7842 814.981 -0.0530928 -0.445398 -0.0106152 0.893694
469.063 265.762 -27.568 816.382 -0.0518139 -0.453959 -0.0115861 0.889439
469.478 261.256 -27.0921 819.429 -0.0503283 -0.470731 -0.0193475 0.880628
469.686 258.956 -26.8481 820.911 -0.0526133 -0.478432 -0.0192735 0.876335
469.893 256.82 -26.6091 822.217 -0.0516066 -0.485096 -0.016383 0.872783
470.308 252.187 -26.1163 824.931 -0.0541112 -0.498812 -0.0211557 0.864761
470.412 251.013 -25.9855 825.589 -0.0537006 -0.502112 -0.020765 0.862884
470.62 248.668 -25.7289 826.875 -0.0528102 -0.50753 -0.0207993 0.859762
471.035 243.975 -25.2294 829.375 -0.0543427 -0.513481 -0.0208435 0.856125
471.449 239.525 -24.75 831.686 -0.052327 -0.517491 -0.0188949 0.853878
471.657 237.222 -24.5091 832.876 -0.0531775 -0.518898 -0.0194023 0.85296
471.864 234.902 -24.2587 834.074 -0.055747 -0.520135 -0.0191643 0.852047
472.383 229.183 -23.6539 836.944 -0.0515604 -0.521151 -0.0209416 0.851648
472.59 226.779 -23.4037 838.158 -0.0503956 -0.52091 -0.0206391 0.851873
473.005 222.2 -22.9277 840.484 -0.0538722 -0.521578 -0.0130346 0.851401
473.213 219.963 -22.707 841.601 -0.0507613 -0.52192 -0.0138528 0.85137
473.42 217.795 -22.5089 842.696 -0.0476102 -0.522384 -0.0164582 0.851221
473.835 213.256 -22.1241 844.915 -0.0345778 -0.524152 -0.0205072 0.850675
474.042 210.981 -21.9607 846.026 -0.0327256 -0.525792 -0.0226292 0.849682
474.25 208.699 -21.7935 847.139 -0.0348815 -0.527792 -0.0224498 0.84836
474.457 206.403 -21.6067 848.236 -0.0382562 -0.530339 -0.0281142 0.846455
474.561 205.254 -21.5057 848.78 -0.0390174 -0.531195 -0.0292152 0.845847
474.768 202.951 -21.287 849.871 -0.0438531 -0.532742 -0.0301863 0.844602
474.976 200.631 -21.0372 850.984 -0.0530789 -0.533664 -0.0272949 0.843588
475.39 195.931 -20.4674 853.215 -0.0589371 -0.533195 -0.0194255 0.843713
475.598 193.552 -20.193 854.341 -0.0587526 -0.532085 -0.0172545 0.844474
476.013 188.845 -19.6833 856.579 -0.0555284 -0.528747 -0.0149759 0.846829
476.428 184.18 -19.2 858.865 -0.0514948 -0.52442 -0.0114583 0.849824
476.532 183.02 -19.0947 859.442 -0.049919 -0.523066 -0.00979888 0.850772
476.843 179.511 -18.7769 861.216 -0.0526465 -0.521009 -0.00728779 0.851895
476.947 178.352 -18.6723 861.807 -0.0513871 -0.52061 -0.00413241 0.852237
477.154 176.031 -18.4857 862.981 -0.0463147 -0.520498 -0.00190086 0.852604
477.569 171.373 -18.1125 865.335 -0.0485401 -0.519378 -0.0073421 0.853133
477.984 166.734 -17.7358 867.706 -0.0453287 -0.515567 -0.0110034 0.855579
478.191 164.426 -17.5461 868.932 -0.045337 -0.512101 -0.00773515 0.857693
478.295 163.277 -17.4544 869.555 -0.0456331 -0.510063 -0.00572079 0.858907
478.71 158.691 -17.0881 872.118 -0.0434801 -0.495545 -0.00685559 0.867466
479.022 155.317 -16.8094 874.161 -0.0448557 -0.480365 -0.00872006 0.875877
479.125 154.209 -16.7127 874.869 -0.0438022 -0.475057 -0.00880035 0.87882
479.333 152.002 -16.5206 876.338 -0.0449019 -0.464443 -0.00955487 0.884412
479.437 150.917 -16.4303 877.089 -0.0406953 -0.459036 -0.0082193 0.887447
479.644 148.766 -16.27 878.634 -0.0348063 -0.447787 -0.00686834 0.893436
479.748 147.707 -16.1978 879.438 -0.0369341 -0.441775 -0.00552273 0.896348
479.955 145.623 -16.0426 881.086 -0.038528 -0.43052 -0.00206583 0.901756
480.163 143.547 -15.8733 882.78 -0.0438271 -0.419902 -0.00944325 0.906461
480.578 139.506 -15.5291 886.301 -0.0409174 -0.406658 -0.00807078 0.912628
480.681 138.498 -15.4334 887.203 -0.0437835 -0.405339 -0.00911033 0.913072
480.785 137.489 -15.3317 888.099 -0.0460725 -0.404195 -0.012457 0.913427
481.303 132.519 -14.793 892.625 -0.0477242 -0.403058 -0.00484417 0.913916
481.822 127.496 -14.2904 897.095 -0.046811 -0.408586 -0.00513974 0.911504
481.926 126.483 -14.1903 897.986 -0.0464706 -0.40969 -0.00410037 0.911031
482.445 121.398 -13.7162 902.427 -0.0471621 -0.413295 0.00155805 0.909374
