0.1038725 -0.000807215350092824 -4.5176439781204e-05 -0.00191746618469257 2.89826785927874e-05 4.95996872501939e-06 5.13178981246329e-05 0.999999998250938
0.4158721 0.0844054722515326 -0.00116357783278672 0.481523223286506 -0.00216652406502815 0.0409386527267499 -0.00220919933258438 0.999156870728868
0.7282455 0.292522933565691 0.00243228120069773 1.07689773857567 -0.00377701121735442 0.102548676500893 0.000564878701008305 0.994720656288102
0.9366217 0.507848777230067 0.00700342331261394 1.52171748132791 -0.00880667910430172 0.151587969363892 0.00152218206029705 0.988403365488534
1.144873 0.792649461707762 0.0026658804277613 1.96693294823193 -0.0138539719056574 0.203412932909461 0.00725802372409174 0.978968113515057
1.353147 1.13040737223356 0.00634306531312358 2.39801032988344 -0.018231580963293 0.259466608915975 0.00747595896814167 0.965551033529937
1.561124 1.56004254755773 0.0162124050515804 2.84616705982658 -0.0209956480096588 0.317553639294912 0.0108325710826654 0.947945950114747
1.768996999 2.06776535340263 0.0343180583055809 3.27035466792696 -0.0218060004760714 0.373099923073437 0.0133471243477009 0.927438838963239
1.976766 2.67891058919272 0.0655100622997359 3.70949705725271 -0.0237635879540186 0.42545807014137 0.0124630762083961 0.9045802309196
2.184123 3.41408231510864 0.100684047880626 4.15401032883035 -0.0251978406425666 0.470656995142302 0.0120329519993912 0.881874293659108
2.391499 4.22196625836142 0.132473607772461 4.55651280262825 -0.02662046552422 0.509077216956121 0.0114299646769998 0.860233162519887
2.598751 5.17554543661071 0.180399878676269 4.95843048827816 -0.0239427027724552 0.542104110036183 0.0112373269481044 0.839894995430315
2.805874 6.23313426589057 0.228946402402019 5.33689629520564 -0.0199969778937138 0.566703385847242 0.0113281612565093 0.823601278597196
3.012875999 7.39726583984871 0.280122231851659 5.7195609285175 -0.0185859226363291 0.581697730051685 0.0121045400570903 0.813102573137289
3.220123 8.66617138672799 0.328800647442969 6.11633084848042 -0.0198638640205715 0.59121023111706 0.0131216656372946 0.806166056975601
3.427370999 10.0426022311428 0.387744964486621 6.52568058210797 -0.0219753502484801 0.599712918474643 0.0136289626315188 0.79979731855869
3.634758 11.4769306472099 0.448572233322414 6.9138146140324 -0.0235885757914777 0.60814382497082 0.0144146895140928 0.793345374958601
3.842137 13.006609807843 0.517374501727314 7.29606330281761 -0.0255844912765297 0.616552670284844 0.0153605806809449 0.786747920958101
4.049501 14.6027601085023 0.59594732361739 7.6629952169414 -0.0292468790802088 0.625848595722818 0.0170292251196883 0.779209959374024
4.257001999 16.1913443988885 0.671044371464201 7.97081065791388 -0.0304340448109951 0.636376691978413 0.0177143279863078 0.770574251715595
4.464540999 17.8237635826778 0.756315004833736 8.25296706881818 -0.029887511812735 0.648541190954395 0.0165150796895837 0.760413251078613
4.672273999 19.4769382860434 0.828443876961719 8.45419794463603 -0.0307484743462223 0.665838335120891 0.0135966264073742 0.745338161212183
4.880124999 21.1461463507656 0.901524031410987 8.56067073739138 -0.0321400175058111 0.689317419910689 0.0112285076201184 0.723659059570888
5.088125999 22.8262963553914 0.966820980179717 8.54507231938538 -0.0313728524142975 0.713688832435147 0.00999423782795017 0.699688580583523
5.295876999 24.5427508970063 1.03068868916276 8.42970286539191 -0.0303029788441588 0.736368504003002 0.00671730191196182 0.675868355259051
5.503627999 26.2078290435035 1.0718649674084 8.17510970469764 -0.0232810035961647 0.757683328905713 0.00628318748426691 0.65217673181811
5.711250999 27.8769908866004 1.09940792533711 7.81662962585224 -0.0149364092820331 0.777099569572159 0.00656190448048325 0.629166197485302
5.918751999 29.5245331700846 1.10424611507457 7.36244464900984 -0.0051063146015644 0.794387577036854 0.00584099915916371 0.607361659746093
6.126131 31.0887732713149 1.07341915825031 6.84129758827512 0.00702653912596022 0.810030977797178 -0.00553301266499123 0.58631887955933
6.333503 32.6377642717409 1.00480870772457 6.25145042994298 0.0158156899373752 0.825244701944694 -0.0154247717063773 0.564343089159267
6.540879999 34.1778175827052 0.905535060910528 5.57130119199245 0.0185860311492039 0.839037641595744 -0.0146419996871289 0.543558651183785
6.748254 35.6398346787236 0.806916113254874 4.82557662588187 0.0200289403123114 0.850532332290184 -0.00725903952081368 0.525491103277896
6.955504 37.0720530406664 0.71632596291082 4.05452292114831 0.0228921359294733 0.857886936937838 -0.00664404675587625 0.513285310706147
7.162753999 38.4740135376676 0.625829977571265 3.27812358680058 0.021733856883855 0.863749048291037 -0.0102333891045976 0.503349281104795
7.473752 40.5606125235684 0.492703099864856 2.02943324435986 0.0236877354202632 0.8716020943884 -0.00971597834187447 0.489544972411395
7.784654999 42.6873525522515 0.36067268573698 0.724455091146098 0.0260072411717089 0.871523299378643 -0.0110281693188926 0.489539724157575
8.095632999 44.9780653539759 0.216311117841146 -0.601425001468911 0.0236565268555228 0.865706189557839 -0.0121761359304558 0.499844879749892
8.303129999 46.6014981388954 0.115989890639827 -1.49568178865146 0.0204928182554243 0.862572583076742 -0.0138905385982607 0.505327256598848
8.510754999 48.2845742265065 0.0121482675398974 -2.41282990761371 0.0167907965504861 0.862290247001732 -0.0149677958350072 0.50591458188585
8.718382 50.0170224171058 -0.0930676825419288 -3.36907924992178 0.0158465077045516 0.862709551427795 -0.014752334889033 0.505236070252456
8.925883 51.7868498719345 -0.197916425229131 -4.35300349267131 0.0155475428490028 0.862778920162988 -0.014065352209378 0.505146488358549
9.133504999 53.5952218171903 -0.310719463826386 -5.35673140688237 0.0142605713939035 0.862851286271872 -0.0142394909606529 0.505055967967588
9.341006999 55.4061895939697 -0.426111363328771 -6.35832646476517 0.0133187555055184 0.862683192317132 -0.0143366110604008 0.505365988199256
9.548508 57.2039844132656 -0.539264918983502 -7.3475113802965 0.0121992352151324 0.861737208070283 -0.0125484425167961 0.507052955299349
9.755883 58.9946453499248 -0.646386185379319 -8.32203907630557 0.0118815739588463 0.860342273356678 -0.0114003470583351 0.509450716912513
9.963509 60.7653096300654 -0.748399264034879 -9.27584823955065 0.0122771482711015 0.859422394154275 -0.0115919937296043 0.510987324439497
10.171129999 62.5210355794937 -0.856829292565685 -10.2223451897914 0.0126375646595934 0.860487425693675 -0.0141630161874749 0.509117954068623
10.37888 64.3077353278976 -0.968600762772087 -11.2124272685856 0.0123199771956951 0.863405102539011 -0.0138635552770305 0.504170257855993
10.58651 66.0319304875971 -1.07881312862952 -12.1958256139713 0.010361465205158 0.866571103437013 -0.0123599853731513 0.498792936486009
10.794129999 67.7424136134059 -1.18297750956692 -13.2009471341142 0.0123629015974764 0.869457386257573 -0.0137556832685908 0.49366161824073
11.001749999 69.441597121241 -1.29742496521726 -14.2168059968369 0.0117672006326143 0.871893237860887 -0.0157122500653096 0.489302401342581
11.20913 71.0978852056478 -1.39994291435914 -15.2364534477959 0.0101541686170614 0.873610892418903 -0.0109496109230721 0.486395936997193
11.416629999 72.7732933154898 -1.49036545588163 -16.2736910667218 0.00730706392547017 0.874750312207027 -0.0053165837605414 0.484489661445541
11.62401 74.3804821057234 -1.56446826682623 -17.2768072733781 0.0109742490071609 0.875373060517687 -0.0102098066428374 0.483215615048751
11.831509999 75.9790126097008 -1.65416318628827 -18.2974337496491 0.0148811184580937 0.875447797036048 -0.0081360411362344 0.48301502234692
12.03893 77.6044001791936 -1.73443456912483 -19.3119404881701 0.0117268342422575 0.875141906693159 -0.00517992739727141 0.483696488368766
12.24638 79.2336249721954 -1.80748416042017 -20.3031863210894 0.00477668393785015 0.874815163302612 -0.00478337020364 0.484409674465609
12.453879999 80.842502130287 -1.86358409881139 -21.281960596581 0.00240938884088168 0.873796430032347 -0.00458440079100522 0.486264307735543
12.66139 82.4467526420433 -1.92266406764678 -22.2622201061486 0.00600092264026967 0.871349592518516 -0.00466933180295483 0.490603785030034
12.86876 84.0531703604946 -1.9851688802386 -23.2201448741235 0.011291412478835 0.866706521604391 -0.000952496884131636 0.498689685237559
13.076169999 85.6888850894995 -2.03685633283958 -24.1150441494492 0.00908168427053925 0.860649708244811 -0.00158960905898367 0.509114010661631
13.28368 87.3482091606473 -2.09183656526425 -24.9734383543721 0.00798057010713749 0.85400717415585 0.000363233568845031 0.520199889516019
13.38743 88.1760662283066 -2.11373013281808 -25.3767675179852 0.00795230358737681 0.850542833055113 0.00105200720789806 0.525844599940962
13.594889999 89.8365326887661 -2.17023306679388 -26.1575003862842 0.00993827364820431 0.843323713387409 -0.000592939618630713 0.537313682664021
13.80249 91.5086278645716 -2.22569647098241 -26.8889404357616 0.0148516588069364 0.836069400093651 -0.00591083117463666 0.548390780860281
14.01003 93.219580263221 -2.30264851003033 -27.5781863412302 0.0120101939351144 0.829020491341703 -0.00380607786557542 0.559076286340677
14.217639999 94.9149636374644 -2.38128036172766 -28.2123293743255 0.0112725852662156 0.823909544342211 -0.0095480521916384 0.566528751488017
14.42539 96.6164680222079 -2.470322372438 -28.8248962540728 0.0110774722429404 0.821213420780361 -0.0161477069354867 0.570285067926252
14.633119999 98.3262802735643 -2.5732439684972 -29.434450541556 0.0106796636582183 0.818555084671838 -0.0165707896762775 0.574089650726725
14.840759999 100.039288669123 -2.66921996162118 -30.0219962285666 0.00737033187862859 0.815196001425165 -0.0142403226007083 0.578963185945919
15.04826 101.748394966019 -2.75911381552181 -30.574455540181 0.00286400125622049 0.811627466736151 -0.0164574971133113 0.583936472165447
15.15201 102.602551818209 -2.80076978370505 -30.8338997121225 0.000747604604134985 0.809642429231498 -0.0195326195837653 0.586597864509982
15.359529999 104.313609415044 -2.89241157448954 -31.3665991875973 0.00436018162874045 0.805285944056052 -0.0208264851583408 0.592504679000821
15.56714 106.039506712485 -2.98383976243905 -31.8693418926549 0.00169285802143296 0.80108739414377 -0.0185797945876202 0.598256560690099
15.774639999 107.769249846186 -3.07103963294673 -32.3454115239252 0.000801748472498874 0.796815410577529 -0.0200462330943472 0.603889648200958
15.98216 109.493713950938 -3.15952842904167 -32.792416625768 0.00140070574258574 0.792631933556459 -0.0218494070360309 0.609307196200854
16.08605 110.372242207515 -3.20790128486007 -33.0142094906869 0.00121871241002184 0.79040140061069 -0.0215118889067543 0.612210241084208
16.29351 112.105863215238 -3.29974093401551 -33.4400939689665 0.0037264823085628 0.7854760976967 -0.0188504813470787 0.618593624789127
16.50103 113.856712256457 -3.39074871644949 -33.8246561611588 0.00199530897470658 0.781149297915407 -0.0204154887816123 0.624007212238905
16.604759999 114.734559675033 -3.43456544691194 -34.0028510597091 0.000147756530868515 0.779309604484494 -0.021293122861999 0.626277192180119
16.81239 116.481405847538 -3.52097904123311 -34.366568874028 0.00171204734129244 0.776372413603324 -0.0195822544483275 0.629967840131837
17.020009999 118.23423849004 -3.60642860699063 -34.7183940546943 0.0041032256852515 0.772978818301987 -0.0168690944784004 0.634194247566878
17.227519999 119.99740135372 -3.69231170339204 -35.0618645324611 0.00623521326154406 0.769734155772571 -0.0123136263333439 0.638215344659774
17.43514 121.755522699972 -3.76963537763219 -35.3673964547522 0.00625993661565501 0.767148342555318 -0.0150193826831532 0.641263324892367
17.64289 123.507652689897 -3.85495081704921 -35.6616823869708 0.00472348038200954 0.766277364424015 -0.0155066433256002 0.64230540517517
17.850539999 125.268106090624 -3.93318914390335 -35.9639616442301 0.00160778021496466 0.76565241084107 -0.0115779383180445 0.643148312724476
18.05814 126.98844879464 -4.00349026677182 -36.2542441938344 0.00264732434425421 0.764941750002847 -0.0124898153602198 0.643972915027228
18.265769999 128.717521028125 -4.0747092431792 -36.5420616059308 0.00254598475085057 0.764883323416794 -0.0148352315880035 0.643992962247461
18.369579999 129.579851885437 -4.11549452330877 -36.6831419790888 0.00172982172102493 0.764655065725989 -0.0151795384389378 0.644258659071943
18.577159999 131.277972884651 -4.18947858615478 -36.9712600166969 0.00363942005896881 0.764146264129362 -0.0153672549301586 0.644849663964156
18.68099 132.123060724201 -4.23160477158653 -37.098679099601 0.00121717021862139 0.764162325484412 -0.0190589679771002 0.644741199665853
18.784859999 132.967310827897 -4.27462793975025 -37.2275339625836 -0.000203787060818126 0.763935262364131 -0.0218920215890253 0.644921400465379
18.99237 134.626141325988 -4.36407865378325 -37.5017968386218 0.00283843207845818 0.763642719518984 -0.0218835517726082 0.645261846377733
19.096039999 135.450072812991 -4.40971045418242 -37.6311412595831 0.00289609093864735 0.763103516995899 -0.0225988163922447 0.645874545483435
19.199889999 136.27025977583 -4.45313288365566 -37.7708710032722 0.00545623660759223 0.762561828440214 -0.0190343767133828 0.646612232942691
19.303519999 137.096046547522 -4.49865687088892 -37.9124578305911 0.00617442224395439 0.761471243272251 -0.0156145372986857 0.647981179050992
19.51115 138.727643717673 -4.58153250660247 -38.1695388428341 0.0062515772027866 0.759684690075099 -0.0113086768801952 0.650163212797524
19.718389999 140.335420199637 -4.66299470074044 -38.4011728976039 0.00986400519346758 0.755804100436676 -0.0133295270340523 0.654587799209319
19.92567 141.941567563717 -4.73979048770776 -38.6018072356607 0.00925322212253855 0.74990154575632 -0.0110693766286887 0.661392106434364
20.132889999 143.534105586148 -4.81461965510018 -38.771963037097 0.0125493784543121 0.741274615392993 -0.00833471095433521 0.671032778832516
20.340389999 145.11383019196 -4.88797405136358 -38.8849046985682 0.013390324308991 0.731780700904306 -0.00817834500377897 0.681359537741934
20.547769999 146.677191430002 -4.97400786966709 -38.9490763248653 0.0157304659443348 0.722348198485982 -0.0116902640690091 0.691251741633414
20.755269999 148.200914225541 -5.06542733040858 -38.9526003848339 0.0183023356797 0.712910684622972 -0.0215029923591714 0.700686093467448
20.96289 149.735099398238 -5.16867513309379 -38.9306789339876 0.015887359403698 0.704110899329567 -0.0215671141081571 0.709584591747546
21.170639999 151.248715165139 -5.28338645856058 -38.8677838644294 0.0148532061814774 0.696970970149898 -0.0254851354928672 0.71649239835699
21.37853 152.756911719261 -5.38653845208955 -38.7918928306594 0.0167131424871339 0.693305996046938 -0.0314254484093403 0.719763786186718
21.690419999 155.021362688704 -5.56578126798407 -38.6952505417357 0.0116658691995939 0.69515875193439 -0.0281243181118913 0.718211138757664
21.89827 156.509797238348 -5.671449350614 -38.6530529259421 0.0130371469086316 0.69751845446229 -0.0270303958229021 0.715938123154983
22.00215 157.249969018738 -5.72685673840402 -38.6326895982974 0.0121190128093921 0.699231555887888 -0.0269325964958393 0.714284954360038
22.21007 158.736792691862 -5.82598196905271 -38.6026554296844 0.0107492622477152 0.703277377246515 -0.0273416510032963 0.710308255713537
22.3139 159.476113241831 -5.88170927131113 -38.5992894887111 0.0105277797062879 0.705405030400759 -0.0256246441974012 0.708262865431696
22.521519999 160.940772369938 -5.97882355386733 -38.5959678641859 0.0100698362893796 0.709185128807507 -0.02709288195838 0.70442957577218
22.729169999 162.381700562182 -6.08369953328035 -38.606292605514 0.0115801439850143 0.711376302094562 -0.0289419832673346 0.702119661231692
22.93652 163.813202625396 -6.18425963256793 -38.6262886428392 0.0136282826966951 0.71177432406919 -0.026727449773998 0.701767215631484
23.143769999 165.22758613935 -6.29130458515633 -38.6304359948371 0.013578515247833 0.707833584225 -0.0239152688565847 0.705843680202899
23.351019999 166.618224025381 -6.3894510973437 -38.6038178261797 0.0160380845625382 0.698755887839851 -0.0220415328136842 0.714840653491342
23.55827 167.988427733066 -6.47888605531467 -38.5126822924523 0.0115331058071542 0.687505671655036 -0.0213841702708818 0.725772454819295
23.76565 169.3455853421 -6.55720987178735 -38.3834641376912 0.00601489356916329 0.675383988048786 -0.0168612400161971 0.73724893240193
23.97302 170.684063140866 -6.62214433331488 -38.2059496781506 0.000344983323457116 0.66254540357544 -0.012864537091708 0.748911191579469
24.18054 171.968889583757 -6.67079017161924 -37.9867655559903 -0.000704485572155023 0.648973659285151 -0.0111510701065737 0.760728826119793
24.387899999 173.237085367971 -6.70870827341389 -37.7177145769861 -0.00361048559683023 0.636050030259354 -0.0123925269460423 0.771539855533544
24.5954 174.491445012502 -6.74277959106852 -37.42582438117 -0.00615886857839789 0.62563727256101 -0.00959261654861204 0.780030802743075
24.80311 175.706121276835 -6.77785286288799 -37.1174200981745 -0.00604000658896716 0.617339399500168 -0.0109016608248181 0.786598206161467
25.010539999 176.879235388536 -6.81456278621548 -36.7879621060171 -0.00084393692699319 0.609857430886102 -0.0174014695707784 0.792319626552469
25.218039999 178.062495668651 -6.8457615382824 -36.4565266505037 0.00335394027069307 0.603855429218296 -0.0165910017230851 0.796914117298767
25.425519999 179.266255354622 -6.88480542402255 -36.0833891361738 -0.00704347204549182 0.599746819968369 -0.0132700724901192 0.800048777647639
25.633209999 180.468395383177 -6.91968794137359 -35.722406055231 -0.00941816706101537 0.598568803742999 -0.00950539387016962 0.800959632442396
25.8408 181.667648777907 -6.93405121711102 -35.3673600860855 -0.00601955857192753 0.597405620920004 -0.00788407216991672 0.801877877493701
26.048149999 182.883532764398 -6.94715384552668 -34.9889203441998 -0.00935913608782582 0.5955120548496 -0.00661431012100669 0.803264620160829
26.255539999 184.11175525611 -6.9580052153683 -34.5996791624667 -0.0119801684367981 0.592392482343353 -0.00363022249936502 0.80555226019912
26.4628 185.335730394549 -6.95608202951242 -34.1957432691819 -0.01288375103882 0.58647783795666 -0.000799882359985602 0.809862404815202
26.67029 186.558209404021 -6.95881161424597 -33.7590976018386 -0.0125237001730216 0.57757964386977 -0.000460955543754449 0.81623813892836
26.877669999 187.772377804087 -6.95429851056278 -33.2825151282174 -0.010645588798228 0.567538490007032 -0.00321326182269766 0.823271770892295
27.08502 189.005754118186 -6.94885281238171 -32.7721485158494 -0.0111014362569038 0.557402989299356 -0.00170533570161944 0.830166102333335
27.292529999 190.236858416688 -6.94812742530907 -32.2205305962445 -0.0133624715495131 0.54735027365975 -0.00187314821405219 0.836794845583106
27.500019999 191.483700859081 -6.93485811421843 -31.625025395285 -0.0168855242738554 0.539808543895279 -0.00417852934717844 0.841608076779299
27.707779999 192.760365004695 -6.91956862295974 -31.0207508158564 -0.0186997743400179 0.536862121434868 -0.00127368349875573 0.843461770762867
27.91552 194.052782220343 -6.90196549797568 -30.4177353746285 -0.015591054183258 0.537305906702501 4.09000298407718e-05 0.843243310070851
28.12328 195.377631749669 -6.88024659839521 -29.8090201063455 -0.0128310134554706 0.537676363874846 0.00227743781110337 0.843050595220148
28.330899999 196.734975158905 -6.8615147918018 -29.1848586784438 -0.01514135426036 0.538501147439829 0.00602528198909731 0.842467180116888
28.53865 198.086345678225 -6.8383848339524 -28.5592453334044 -0.0162602322230366 0.539825899993607 0.00685698889640592 0.841591696874096
28.74615 199.451460191946 -6.81524857478505 -27.9280825415366 -0.0169338839647798 0.541468576229626 0.00581778828564049 0.840530295628416
28.9538 200.804575821917 -6.79495051862718 -27.3166659550221 -0.0123837299039151 0.542298423113072 0.00332992993496508 0.840088075792872
29.161269999 202.171566171855 -6.77838167701874 -26.6927499318232 -0.0137588394890285 0.543463728974141 0.0022912125662821 0.839316757827707
29.2649 202.860915474852 -6.77361876239189 -26.3791733435935 -0.0159159766383208 0.543921653228154 0.00259477094011406 0.838981039118864
29.472529999 204.221809166279 -6.75945019079299 -25.7639909505882 -0.0184988253958893 0.547225377849191 0.000210094598450117 0.836780816676053
29.68017 205.595928791941 -6.73919477427976 -25.183910022068 -0.018647340453653 0.554118440858663 0.000920877473307233 0.832228443505177
29.887779999 206.966003997643 -6.72629178430681 -24.6425899250071 -0.0158093211418299 0.563263396150065 6.3609172965888e-05 0.826126145256524
30.09553 208.357212187484 -6.70241668663743 -24.1298070042817 -0.0180806060977956 0.573016304580935 0.00310655995115398 0.819338608667268
30.303049999 209.766522254805 -6.67744181203522 -23.6464392291077 -0.0219849108325474 0.579676079847012 0.00883438814111408 0.814502461466543
30.5104 211.179802456952 -6.63185003255178 -23.1537246024915 -0.0249316030206786 0.582542058217489 0.00821054650889359 0.812376607556235
30.71778 212.595886893793 -6.58746085225601 -22.6740766762248 -0.0242099440266221 0.583619557138306 0.00821172117250616 0.811624703154913
30.92516 214.019310186805 -6.53803726907754 -22.1810719240349 -0.0253660842380304 0.58358728706154 0.00643758683574659 0.811628608186228
31.132529999 215.458325249199 -6.49334047979659 -21.6881502943863 -0.0264932563338869 0.5822547952595 0.00767790570703195 0.812538313269041
31.34005 216.90577513819 -6.4389458388067 -21.1905841242397 -0.0256733522663537 0.580204525204022 0.00988399015978985 0.81400607777504
31.547409999 218.366510232442 -6.38197589709304 -20.6589468028823 -0.0295907927338233 0.576161589020976 0.0104112243496363 0.816733625320856
31.754789999 219.827302852318 -6.31567941183688 -20.110984628965 -0.0322282139932316 0.572171050839902 0.0108930964528923 0.819428441813706
31.962279999 221.274770948496 -6.24563869750818 -19.5400033931408 -0.0320463346129267 0.568356803932666 0.00455758691554941 0.822145245235189
32.169649999 222.739751632094 -6.18284542371158 -18.9528218108038 -0.0334764527718736 0.564421418480014 0.0019370449877304 0.824805454229988
32.37715 224.206669949673 -6.12281912345577 -18.353312080662 -0.032346704865277 0.560966013771597 -0.000371819968572044 0.827206554511915
32.58453 225.667300040362 -6.06823059533684 -17.7454704965379 -0.0330632127751491 0.556951502527664 -4.31666243345438e-05 0.829886646434201
32.791899999 227.124439873119 -6.01633199046029 -17.1349135882382 -0.0303552558677408 0.553085000136029 0.00229542368375202 0.832568478922812
32.999409999 228.573430553829 -5.960878027838 -16.4926073439823 -0.0322046357998919 0.549282336894948 4.29830749262188e-05 0.835016032157872
33.20678 230.029682970785 -5.91238433117235 -15.8385791037258 -0.0314198513337828 0.545328910124299 -0.000631871045958698 0.837632839294037
33.414279999 231.458175045736 -5.86177239170877 -15.1766217554164 -0.0279658228164507 0.542023778051918 -0.00613084695067696 0.839875317827707
33.518169999 232.1767646152 -5.83673356719493 -14.833813781834 -0.0312005354192287 0.540611836207105 -0.00757765390110517 0.840659234353428
33.725529999 233.634721476724 -5.77951031005254 -14.1608804361585 -0.0395778116528163 0.538643927946875 0.000432217717497117 0.84160330851214
33.93305 235.082285241527 -5.70372164901251 -13.4709602291578 -0.0454544936124388 0.53689675818929 0.00220536112903374 0.842419667647046
34.14041 236.506867840043 -5.61791286645217 -12.7897577721828 -0.0401466416898306 0.533652345868683 -0.000112569025669249 0.844750500584696
34.34778 237.932110565353 -5.54507112879705 -12.0892188939642 -0.0365908551180192 0.529709287238547 -0.00133404439452421 0.847388577135966
34.55516 239.358345749549 -5.47255841934683 -11.3715215849768 -0.0356376461434988 0.526052569125129 -0.00100290926583047 0.849704446773822
34.762529999 240.802651258535 -5.4011042998753 -10.6378619406902 -0.0393113996617604 0.523058535191083 0.00335240315778998 0.851383077124193
34.97003 242.228412239935 -5.31044646312092 -9.90172324711723 -0.0430645685663092 0.52090900211337 0.00739659930795736 0.852493134734895
35.177559999 243.665240720362 -5.2074775005366 -9.15349695459997 -0.0461466661209131 0.519343707542397 0.00978102797826984 0.853262521228801
35.385049999 245.066954051751 -5.1160682434126 -8.39408292959072 -0.0392838173668022 0.518240298643219 -0.00056094216286843 0.854332171874131
35.59241 246.486551478852 -5.02830879420279 -7.64051948173416 -0.0366294307100359 0.517958685488411 -0.00198352520759861 0.854618716481641
35.799779999 247.93471214987 -4.95689900083092 -6.87242316788317 -0.0395749953773507 0.517091995514505 0.000328798936139654 0.855014374035296
36.007179999 249.363972123346 -4.87520191262107 -6.12139697420815 -0.0373625604516595 0.515970363125978 0.00310812527572405 0.855785582379963
36.21453 250.803595907766 -4.79581651532334 -5.34838835339987 -0.0410789695457307 0.51477894671203 0.00463169325485468 0.856325698376912
36.42204 252.238501769142 -4.70829119726881 -4.57096360251775 -0.0391198614261703 0.51376619928177 0.00323474124153088 0.857031776170909
36.62953 253.688218922667 -4.61970681725455 -3.78790939190027 -0.0383569135324592 0.512120190500749 0.00473372050449107 0.85804385060201
36.83704 255.124741079528 -4.53568176036156 -2.99387246516891 -0.0404915022047875 0.508655119075982 0.00629150398077363 0.859994665718723
37.044539999 256.564393252 -4.44266477791197 -2.17803177191429 -0.0393017360917452 0.504601514500283 0.00609759898055498 0.862435797257319
37.14829 257.273295684246 -4.40134446378199 -1.75897802600682 -0.0391441733577434 0.502597489290174 0.00336021748740003 0.86362735389159
37.35566 258.687575261498 -4.31824547902831 -0.930290290265816 -0.0351824480496618 0.496473749532391 0.00378779866971952 0.867330193153518
37.563029999 260.092553749543 -4.24528267556908 -0.0713970331918006 -0.0325134586441773 0.487090750785931 0.00808786813526611 0.872708463288181
37.770279999 261.468775805562 -4.16392748213239 0.835912589557836 -0.0329743360906628 0.473802785074846 0.00926775042879271 0.879964614525317
37.977789999 262.814584700076 -4.08046057387449 1.7920370201867 -0.0368722570627452 0.46030737863064 0.0112309177555307 0.886922443240476
38.185279999 264.133924052446 -3.99004457791934 2.79809778405199 -0.0385533463243139 0.449884548555648 0.00590819743298396 0.892234624782726
38.39316 265.432085953151 -3.89831135415672 3.80861168877182 -0.0398282661516327 0.445775463149881 0.000502000472680862 0.894258180652763
38.60116 266.739498374405 -3.81938487291039 4.81515844441635 -0.0403444759283586 0.451214713696878 -0.00777276443773711 0.891469118667891
38.809289999 268.080978810692 -3.74362677711422 5.76240617815579 -0.0366002444926458 0.461984889994615 -0.00797894088051391 0.886096337890055
39.017159999 269.445434772426 -3.67961941689865 6.68385612579046 -0.038589715501422 0.472384674532978 -0.00826101677457414 0.880508551193991
39.12116 270.133600388199 -3.64875968988625 7.12721733814753 -0.0384622645796287 0.477195627741268 -0.00678054813280288 0.877928819002454
39.32891 271.522706679745 -3.58258592030181 7.98325595482733 -0.0350109787992499 0.4860592755929 -0.00495164821271768 0.873210222772044
39.536409999 272.935150561461 -3.52065221789562 8.84633462195238 -0.0362342770933241 0.492939652923111 -0.00707728995200614 0.869279867307705
39.743819999 274.352662733043 -3.44900819377643 9.68768980472312 -0.0421178657395313 0.498031724442813 -0.00628146548323449 0.866112596620929
39.95129 275.796952105309 -3.36929147636706 10.5282704423006 -0.0436143262743395 0.501438424095091 -0.00731223359246382 0.864062398571166
40.158659999 277.22180588781 -3.3035194454115 11.3622759967554 -0.0367087811189262 0.503280624846083 -0.0157170715921612 0.863199890931333
40.36616 278.685089912769 -3.24359740613298 12.1981719164138 -0.0340749640836639 0.504626240653446 -0.017974583544668 0.862477923435182
40.57354 280.167915207995 -3.19822438973594 13.0430524312712 -0.0368134754034831 0.505146331410219 -0.016079607597894 0.862098253165503
40.781039999 281.662584381657 -3.14140990094285 13.8873217462738 -0.0378645140804046 0.504014403173286 -0.0132562163268941 0.862763022327699
40.98841 283.152228037219 -3.08183286651339 14.7520809610622 -0.0378909513480267 0.500297743692701 -0.0126991703832286 0.864930733951287
41.19579 284.635279750319 -3.0187995894386 15.6400542186923 -0.0391535231355867 0.496726603837681 -0.0143334057438773 0.866904975268764
41.403159999 286.120642533823 -2.95760895970604 16.5341732152378 -0.0357538073828019 0.492526696625089 -0.0141017499735719 0.869448249763547
41.61054 287.621410278132 -2.90341650263748 17.4630265229163 -0.0320383647169861 0.486499729466762 -0.0139570244618004 0.872981533529319
41.81792 289.125508539391 -2.84778822471061 18.4418401462863 -0.036256598649498 0.479100940383385 -0.0135489829728864 0.876906022922939
42.0253 290.612577226207 -2.77374471869098 19.4556000809407 -0.0439026954736682 0.471969059078043 -0.0135493224621036 0.880417046895362
42.232669999 292.071496051447 -2.69305944876575 20.4759134824469 -0.0442838293314826 0.464283260266121 -0.0138669995876946 0.884470295159106
42.44004 293.552952744643 -2.6144551368197 21.5426528494514 -0.0369111372524642 0.456244699857784 -0.0166700158604811 0.888932197847294
42.647419999 294.99853275321 -2.55889982738259 22.6096876522009 -0.0296828882850328 0.448818902444135 -0.014260533120549 0.893015764780789
42.85479 296.465539487525 -2.50512900507405 23.7247817774428 -0.0300768886737333 0.441058267175403 -0.00712707110764562 0.896946035490076
43.062289999 297.912273295899 -2.44171641006439 24.8729937017446 -0.03399006869447 0.432993957663258 -0.00160901538503374 0.900754305527731
43.26979 299.357160186182 -2.35680946157201 26.0856886524231 -0.0364899675525932 0.425521674357836 -0.00347924135027741 0.904205552846996
43.47733 300.759653386283 -2.26906304698219 27.2975491490285 -0.0390783091385781 0.41946094954986 -0.00328073216133163 0.906925925505543
43.684939999 302.197943739324 -2.1748689785297 28.551473498164 -0.036080873390375 0.414434533778717 -0.00374173858550382 0.909355918867504
43.892429999 303.578713579138 -2.09041919590289 29.7864667089851 -0.0342250192012949 0.409111131404026 -0.00379181633193339 0.911834608002402
44.09996 304.977423643757 -2.00332672528502 31.0796384647528 -0.0398280675386645 0.404326451307226 -0.00392142387215216 0.913738730843919
44.307299999 306.373831298708 -1.90817354637947 32.3885484233096 -0.0379357787950904 0.39912050497778 -0.00620052732684446 0.916092382161516
44.514789999 307.757899143067 -1.82196096498244 33.7013377960172 -0.0336311683607519 0.393919430996202 -0.00426852791667516 0.91851957304553
44.722329999 309.110074451484 -1.74766871146324 35.0074356333996 -0.0322665229997627 0.388749641359613 0.000889806856819257 0.920777821235957
44.82616 309.800042286776 -1.70475568912216 35.6830708748758 -0.0311535717015985 0.385584681389551 0.00272604448840642 0.922142330190627
45.03354 311.144436201079 -1.62284949380039 37.0278369088367 -0.031819392332164 0.380274523842443 0.00585931281979358 0.924307568529705
45.241039999 312.45359622949 -1.54148919835318 38.3900681270394 -0.0309758010656713 0.375627327972868 0.00556288692024683 0.926236289786476
45.34481 313.102375044532 -1.50042162576855 39.0795868357069 -0.0315127246646939 0.373172817600023 0.00425774911028742 0.927216731924732
45.44854 313.758748750348 -1.45726788261099 39.765749118936 -0.0301591628409623 0.370635915245142 0.00707332541077217 0.928261499414234
45.65617 315.033177959311 -1.37781912620635 41.1473682673838 -0.0302664621436609 0.365415562120229 0.00682729026123888 0.930327252281342
45.75992 315.676486122187 -1.33018395191926 41.8391048371459 -0.030062987514163 0.36280790380601 0.00878842111485868 0.931337428310449
45.967419999 316.927879692102 -1.24665303622529 43.2657180151136 -0.0347805561248125 0.358927324831982 0.00530853913345963 0.93270215386096
46.175049999 318.170210072564 -1.1433192761658 44.6699725089663 -0.0376345019355043 0.355941314441964 0.00709887217963291 0.933723208960327
46.382669999 319.409005911639 -1.04957033920368 46.0887576269195 -0.0355657022330792 0.353645594081127 0.00534691686190194 0.934687800868154
46.486539999 320.015329699587 -1.00142401889456 46.7792885098041 -0.0313000219510173 0.353242695080381 0.00479949258349619 0.934995653395863
46.694169999 321.250634192846 -0.91225215946334 48.1949651777588 -0.0327371872807756 0.354176817507665 0.0048717600353863 0.934592598121365
46.901919999 322.512373562099 -0.818224647317539 49.618982480653 -0.0357882805394776 0.35665612147077 0.00581589921830613 0.933531887676976
47.0058 323.141266159633 -0.768902881478415 50.3205988703646 -0.0358422949124211 0.359116227024565 0.0054450974116169 0.932588449583861
47.21356 324.413835997812 -0.675473534459829 51.7236881761446 -0.0329925056794217 0.36540515820273 0.000948088232751624 0.93026322406969
47.421169999 325.723504993842 -0.589735655880918 53.1149307440494 -0.0323950810857156 0.372781595461787 0.000399354282859404 0.927353374567954
47.628799999 327.069487979635 -0.505146231342259 54.4954300907055 -0.0345711597045911 0.38022876080244 -0.000239397268563645 0.924246107410936
47.83644 328.450655545896 -0.40535746088569 55.8749996033127 -0.0416431980794904 0.388531553338001 -5.38070715857392e-05 0.920493928942104
48.043919999 329.845261724724 -0.299169629126792 57.2270460606724 -0.0372676924720444 0.39612164742184 -0.00368820809547951 0.91743400670711
48.25142 331.274971260881 -0.208829568695494 58.5449031203811 -0.0343682812316614 0.402936383503655 -0.00319829483216032 0.914576876486796
48.458799999 332.740845412441 -0.121065340286008 59.8721683961699 -0.0362959291730741 0.408976515630446 -0.00253583418301168 0.91181927196854
48.66619 334.234113720554 -0.024047846993148 61.1905315518397 -0.0377376214397053 0.414021626684906 -0.00242628356529871 0.909481213502137
48.87355 335.740905391131 0.0742483844111632 62.5108403934455 -0.0395128361722801 0.418760185175247 -0.00479395948999242 0.907224151487395
49.08093 337.261305044782 0.171193691713503 63.8034948336759 -0.0399830867142705 0.422978281261718 -0.00664537052157404 0.905232879102562
49.288319999 338.811669035323 0.270017363941856 65.0981643245985 -0.0398023011134049 0.42680864319526 -0.00688104896257858 0.903439433545533
49.4958 340.387680961278 0.368485196657111 66.3945236970921 -0.0405070093548525 0.430292912861177 -0.00690998964611796 0.901753538045546
49.70317 341.960266489916 0.468575372558499 67.6689977586479 -0.042752204859719 0.433667145250324 -0.00812956223988898 0.900021647699573
49.91055 343.540355528884 0.566038315758991 68.9317275412962 -0.041586733338919 0.437049189578086 -0.00979634930968109 0.898422273232103
50.117989999 345.139073852622 0.666768462189361 70.1845926469983 -0.04258942225892 0.438695231068956 -0.00634780461537306 0.897603665726457
50.325299999 346.753621262565 0.782351033926028 71.4358522690975 -0.0473538431098319 0.439462542091109 -0.000864336967864517 0.897011449516201
50.428989999 347.563265178951 0.845693316012596 72.0687455003946 -0.0463064832531188 0.439904437580834 -0.000639023446939096 0.896849701485401
50.63645 349.146870964975 0.958658754046072 73.2959180955676 -0.0391145202371316 0.440629328606241 -0.00209110942989686 0.896834140931301
50.740209999 349.950170234992 1.01025881422694 73.9159229353235 -0.037327242148301 0.441212077975267 -0.00132129838010381 0.896625246919213
50.9476 351.559956350238 1.10986557064529 75.1496529267439 -0.0386161650341073 0.442349384563576 0.00304890409634892 0.896005869377034
51.154949999 353.176287083729 1.22290256918461 76.3835975256104 -0.0406996591493851 0.443007686944374 0.00686954784166947 0.895567159048259
51.36231 354.777052912081 1.3351283682204 77.6091254033115 -0.0392490640704912 0.443155156506156 0.00770277083299059 0.895552167968505
51.569679999 356.383815721546 1.45432000352068 78.8457568929686 -0.0378369403153791 0.443010900010226 0.00816627986268451 0.895680199788353
51.77693 357.992714143085 1.56793452326324 80.0747056779305 -0.0391606514653354 0.443353874230056 0.01049222180556 0.89542933772777
51.984299999 359.594909095849 1.68691811908558 81.3017314081125 -0.0370259761451467 0.443957303204501 0.010661186982827 0.895219151445054
52.19167 361.197889119543 1.80200621968221 82.5267760730412 -0.0378207649822826 0.444165068275016 0.0123192226123824 0.89506157252707
52.399169999 362.803221228673 1.92323596544823 83.7492424923177 -0.0373712046327524 0.443850887258958 0.0159582581909495 0.895178818415206
52.606679999 364.416417846169 2.0484842896906 84.9631477520312 -0.0362194970757743 0.443284081815892 0.0221408825848588 0.895375425259474
52.81418 365.999045367661 2.17507988336667 86.1624906359203 -0.0353411994278856 0.442322338816933 0.0270909109575427 0.895749982277425
52.917929999 366.788725802965 2.24298141312499 86.7685511013085 -0.0350042039093208 0.441759687043009 0.028659534337493 0.895992028817163
53.12543 368.314363334879 2.37389544472834 87.9538223099971 -0.0355581881418174 0.440398618400084 0.0302795562676978 0.896586761356423
53.332929999 369.823333658204 2.50360793922742 89.1279227659123 -0.035475463344166 0.438889863606412 0.0317785929862718 0.897277716290712
53.5403 371.280160990995 2.63546066732829 90.2784035478926 -0.0390552601784892 0.43763349299513 0.0326574845630307 0.897711034333035
53.747799999 372.684636732816 2.77621723211944 91.4033728002348 -0.0474030287263494 0.437560064149558 0.0301973844181786 0.897430922747431
53.9553 374.033512960596 2.92905459913089 92.4984687617005 -0.0523771437291665 0.437991738464737 0.0252878812312717 0.897095532769083
54.162799999 375.329807793202 3.07972908474378 93.5382025546087 -0.054345141548123 0.438823939397118 0.0207104856042212 0.896689038400798
54.370179999 376.58437988136 3.22425610710093 94.5238758522547 -0.052873036930641 0.439469999863428 0.0195800464581374 0.896486019392643
54.57757 377.807733437579 3.36120611099392 95.4720238301144 -0.0525361530857983 0.440063998687758 0.0195107665123445 0.896215911300389
54.78506 379.001890644768 3.49373408486879 96.4010976258525 -0.0531514453248735 0.442578212763165 0.0188599252308281 0.894954609277771
54.99268 380.160313168821 3.62315404695719 97.2746964779568 -0.0554884034849997 0.448355164345441 0.0172758653473879 0.891964252736598
55.20018 381.296516350433 3.74078394784239 98.1127569977308 -0.0538421534041676 0.454633465882528 0.0134228656964753 0.888948401704473
55.407809999 382.441342988491 3.86349788425695 98.9212213781165 -0.0510748570984759 0.462768795441493 0.00936541953962133 0.884956885873457
55.61543 383.635534589454 3.98795011194914 99.7229323226873 -0.0562438025182084 0.473445952141136 0.0090566422792167 0.878978692750906
55.822929999 384.862041760531 4.11771708003092 100.493378275772 -0.0605510682769176 0.483365931866811 0.0111909530216541 0.873250082514466
56.03043 386.123763028444 4.25510951328614 101.24597712738 -0.0596109999174422 0.492952309091905 0.0127720623496328 0.867917867124038
56.2378 387.396147489275 4.38675394294709 101.963755872232 -0.0531105419139491 0.500139797802926 0.0147001126955626 0.86418942349348
56.445349999 388.719581504882 4.52798231865298 102.687373316368 -0.0514270138460567 0.505327363831861 0.0204080848620863 0.861152151296088
56.65294 390.093262123233 4.69374442662797 103.435331541353 -0.0644631027232515 0.50898667784545 0.028599513393132 0.857880608241508
56.860439999 391.47405789593 4.88198730725463 104.178248741548 -0.0723214915052654 0.513648393729546 0.0323406839294176 0.854335419872364
57.06806 392.865235724868 5.09657119551264 104.904713959813 -0.0716136185547622 0.518889190291724 0.0310781409820439 0.851269432664531
57.275559999 394.297445545911 5.31897876534215 105.61408423205 -0.0738360728920339 0.524199617264756 0.0368347386979325 0.847588460058548
57.48306 395.731751991661 5.54545973552294 106.298221833121 -0.0739987885845937 0.529372158978916 0.0417559674141366 0.844124241904783
57.690559999 397.151329600736 5.77507641328311 106.962583664244 -0.0723477203165099 0.534730629023927 0.0420944467465146 0.840866826139421
57.8982 398.550976952189 5.99489084702252 107.605107146704 -0.0734245464313374 0.541234606269232 0.0413587401469634 0.836638148527425
58.105809999 399.948118101827 6.21133884202569 108.19621921248 -0.0726557597196577 0.549835705272974 0.042347768505143 0.831028582113254
58.313439999 401.325450866176 6.42673788172033 108.749666495996 -0.0736116953888358 0.55867847531789 0.0428852470518754 0.82499729399784
58.521059999 402.665274071448 6.6237084044273 109.252075648848 -0.069835937667731 0.567825024249923 0.0419329208337941 0.819108853447446
58.728679999 404.00305444341 6.81631578653486 109.732374823808 -0.0667889598036376 0.579022404299891 0.03155970927352 0.811958296292176
58.936579999 405.348053252094 6.98546703059168 110.144597887598 -0.0629296602779701 0.594115106755904 0.0285644359458337 0.801405746660714
59.144309999 406.726415134178 7.13988925253062 110.49032586218 -0.0562737858324417 0.611177323249102 0.0277863636473173 0.789001558027236
59.24819 407.409445182565 7.20633677155424 110.634081145539 -0.051678312518081 0.619528391234961 0.0275830629649565 0.782785474511744
59.455809999 408.834372000594 7.34604868101841 110.894140111895 -0.0457523089652667 0.635255064857131 0.0296690800808866 0.770374892169302
59.66331 410.308550046607 7.49229648902867 111.129102912635 -0.0507188333302131 0.647822883504918 0.0336039425409416 0.75935754858874
59.87068 411.809187281051 7.64866517840985 111.329570769211 -0.0550156698730266 0.656325127555657 0.0397746152326675 0.75141771538244
60.078079999 413.341106435372 7.82448200730551 111.524934495127 -0.0592049331269035 0.662164451657898 0.0387213369160207 0.746011845027591
60.285559999 414.845939906816 8.00512510941979 111.696499597664 -0.0640045587306234 0.667419503691797 0.0385022472706641 0.740926581726288
60.493059999 416.344093785956 8.16292461830669 111.875223191663 -0.0598133322375577 0.672350879007391 0.0205922874319649 0.737524656186454
60.596809999 417.110447795886 8.247718034505 111.942112092138 -0.0534744992520241 0.674042029550954 0.0157814521835536 0.736585885077602
60.80418 418.669499264841 8.3940559126827 112.104151409601 -0.0625258011598738 0.675428932067427 0.0140590957519284 0.734635027576421
61.0116 420.215687135257 8.50888597736971 112.252590669734 -0.0606249022641033 0.673735913649867 0.00844259788286568 0.736432795592942
61.21894 421.692777223306 8.62087937213007 112.417432062793 -0.0457521055657375 0.67053570449882 -0.00784869639474834 0.740423535412993
61.32269 422.451288780205 8.66796756027212 112.507258663255 -0.047493919797596 0.668859783990534 -0.00870097606224259 0.741818852522609
61.530189999 423.950245867076 8.73289615909633 112.694944660841 -0.0570705230089505 0.666707747395151 -0.00393301956033643 0.743120627034337
61.7376 425.385574333304 8.80504639912566 112.855249989391 -0.0484536114187731 0.664747419522575 -0.00520492992805307 0.745477044906817
61.945059999 426.787257925901 8.86043349731664 113.02364108461 -0.0434547914273178 0.66298062410073 -0.00555591448805072 0.747353667939896
62.15261 428.155727900306 8.90353934950277 113.189349310985 -0.038315560240811 0.663126167417166 -0.00763806681475005 0.747487300136522
62.360059999 429.485781994143 8.93712839250556 113.360494827145 -0.0378253821092772 0.664030820660538 -0.0133350757076039 0.746628746725608
62.567929999 430.796395683221 8.95846803500689 113.517960136605 -0.0395719581903526 0.671166218397661 -0.0179652363353242 0.740031903157006
62.775809999 432.087799143737 8.97299030950606 113.604682780636 -0.0382633065305871 0.684229844471469 -0.0194308536062655 0.728002665679205
62.98369 433.322818252572 8.97540103223571 113.626754474669 -0.0355645697112184 0.69743529942564 -0.0172552132023941 0.71555672180035
63.19144 434.481055749979 8.97486854432243 113.611193294228 -0.0333948849026838 0.709970897091643 -0.0167508675191197 0.703239301648153
63.399309999 435.535257964434 8.96999977172723 113.55864601475 -0.0359199618879614 0.722959743321072 -0.0178851139350047 0.689723921996787
63.71081 436.942342753765 8.94462892504464 113.409304817212 -0.0253527178791446 0.740619235497791 -0.0190726483615037 0.671175552140635
64.022189999 438.085246882684 8.92048914148252 113.245594281991 -0.015283340232187 0.753309543724053 -0.0277561008549514 0.656902389789332
64.43707 439.359902633732 8.86105507457954 112.995050338378 -0.00591672957553764 0.763310465897817 -0.0215722464583308 0.645644455675667
65.16271 440.906289214294 8.78337233171611 112.71797399793 -0.00910149569546637 0.770451992346421 -0.0225751718955398 0.637033163877221
65.992189999 442.118409978844 8.73107743199822 112.510429994498 -0.00386329280835506 0.761465348887644 -0.0196702521136472 0.647895576921066
66.61431 443.242858515907 8.70968705777395 112.422275393209 -0.0138400830656298 0.747274066250587 -0.0255297440872311 0.663881129553244
67.132819999 444.501808818436 8.66130653927183 112.327515306738 -0.00798800759753114 0.725584906155792 -0.0160300472153939 0.687899537199862
67.547319999 445.653720734778 8.63053145750405 112.379697990023 -0.00806557327894707 0.696435796329689 -0.0158550634000007 0.717398595679484
67.85832 446.624136017394 8.62169042683891 112.528668933786 -0.0109799387910875 0.669953305739304 -0.0227481650751087 0.741973402527906
68.169319999 447.711805095829 8.59709656861355 112.741558629602 -0.0101339978809834 0.640733255370258 -0.018900128985504 0.76746399438274
68.48032 448.930563610332 8.58196428968295 113.091701051662 -0.0107578255149926 0.609864747731452 -0.0188978249273018 0.792207126247712
68.791569999 450.241204094644 8.56453100663029 113.549647916089 -0.0106396544901054 0.58260954657159 -0.017019574031695 0.812504306509053
69.10284 451.693559436322 8.55089039576466 114.14964049386 -0.0098638445100547 0.559540909925823 -0.0155983847739904 0.828597227296415
69.413949999 453.214621584546 8.53175778556068 114.857095966107 -0.00659268036794723 0.535983157443334 -0.0104240652313428 0.844138572964589
69.62144 454.295142721408 8.51871003641745 115.428505847562 -0.00628843504286408 0.521644339823625 -0.0109687800413212 0.853069354847008
69.82907 455.424534913964 8.50934532739945 116.066508629239 -0.00748170407063088 0.5097992347249 -0.0114863701711129 0.860184182415835
70.03672 456.623617740068 8.50289579727596 116.762667265415 -0.00996259574134321 0.501093210044678 -0.0108179688430456 0.865268347441027
70.24432 457.840785376887 8.49799241720621 117.501423694653 -0.0114724509889916 0.495644353072764 -0.0109504553720708 0.868380760762542
70.451939999 459.131965697127 8.49993519118686 118.289499438315 -0.0125072966319352 0.49226213751076 -0.0117563335384017 0.870277739647541
70.65957 460.461873473907 8.50324727363311 119.105300997853 -0.0118244548186272 0.489579093462203 -0.0116257578571672 0.871801201689477
70.867189999 461.834226085727 8.49753978952712 119.95903488704 -0.0100122587817787 0.486988400530773 -0.0113517944698153 0.873277269362303
71.07469 463.244518020929 8.48894082790464 120.8481637034 -0.00828128276996436 0.484550157600778 -0.0113273636326473 0.874650933777515
71.282189999 464.686151135887 8.47528502343531 121.759341698881 -0.00639328484314793 0.482524809315787 -0.00943247639857989 0.875808176881598
71.48957 466.188797418062 8.45789648434973 122.721876303817 -0.00496661848280588 0.480898084705519 -0.00987183060300741 0.87670685624555
71.697199999 467.68723738945 8.43292736095082 123.69059663993 -0.00210528182394533 0.480197177683891 -0.0109525050786021 0.877089665293903
71.904719999 469.253590519677 8.4074406710389 124.710516977149 -0.00446987058437211 0.479945114427233 -0.0107244546954998 0.87722157603759
72.1122 470.855885905923 8.38270845636358 125.746298327346 -0.00454539897751149 0.479476069794803 -0.00929642714975407 0.877493939742329
72.319699999 472.508470637183 8.36719572151318 126.807275305376 -0.00271824435646741 0.478787117227952 -0.00749625724604565 0.877894819241729
72.527199999 474.174539173734 8.33445862488942 127.889537807714 -0.00208696557332957 0.477949416166748 -0.0059865088859256 0.87836448122173
72.7347 475.887931989754 8.3073038343247 129.008051338126 -0.00194051557836875 0.477238279415408 -0.00612079380701192 0.878750473651698
72.942199999 477.613707944381 8.2804028455584 130.145169011654 -0.00203788204357835 0.476556675940124 -0.00707126906074575 0.879112949971473
73.149699999 479.401815248785 8.2568637345936 131.326064694404 -0.00418808475716624 0.477217938887928 -0.00882479233873632 0.878730687861647
73.357219999 481.195571258844 8.22110253081669 132.494442837746 -0.00346799871721126 0.480101450705652 -0.0122450440659696 0.877120646724866
73.564949999 483.039765264261 8.17666657911446 133.675163980856 -0.00428173318332885 0.487703074906886 -0.018068243268517 0.872812073743544
73.7727 484.896876571889 8.13063146261633 134.805989263594 -0.00542876786265342 0.50024162482105 -0.0222561846911638 0.865582756019829
73.980599999 486.836746822355 8.06492668134876 135.880630426397 -0.00906675753311398 0.514823540692719 -0.022489693623498 0.856953166478291
74.18845 488.805501473995 8.00909438982606 136.885642422126 -0.0087024341608423 0.530502405555028 -0.0244578133146234 0.847285831763917
74.396199999 490.826393372613 7.94589849991596 137.820927998947 -0.00710537129895482 0.547430380735097 -0.0271632696584059 0.836380086281588
74.603819999 492.852924015491 7.87435343847762 138.643220408468 -0.00842464936815226 0.56663661360341 -0.0263620743346055 0.823502892796291
74.8117 494.982780835496 7.78823752573844 139.408654900535 -0.00550360348606016 0.587431260481995 -0.0312697643283549 0.808650991711537
75.019329999 497.109055352293 7.67803976122557 140.039229763606 -0.0041874580008701 0.610101867173142 -0.0376286050580487 0.791417882631371
75.227099999 499.258365096296 7.54766234827049 140.527072675702 -0.00203165458242059 0.634248652606204 -0.0405963445160255 0.772059878415404
75.43482 501.47046282077 7.39239162379904 140.898578110465 0.00335608208480457 0.655845913002208 -0.042117998673411 0.753711449627168
75.6422 503.669082253389 7.21764523994852 141.129172283877 0.00753571401741145 0.674715180147276 -0.041834928461562 0.736853090821835
75.84958 505.926868140485 7.03072344441925 141.264082426091 0.00864000783382847 0.691012730523364 -0.0430211237136568 0.721509486724666
76.05695 508.158858808119 6.82932450763477 141.311382201534 0.0108439565602009 0.706269680441861 -0.0439067223633183 0.70649681303314
76.2642 510.423179744811 6.6257885770825 141.261700071517 0.01242330493526 0.717278855056774 -0.0391708020255049 0.695573399327208
76.471329999 512.708568245901 6.42338693584298 141.162788739855 0.0181745255030959 0.722458464381876 -0.0381597478084917 0.690121212188781
76.678579999 515.012113104346 6.21052655938345 141.061544619263 0.0174506373013729 0.725249425060344 -0.0391012048451416 0.687153434457745
76.885859999 517.305492634989 5.98875813558617 140.9385765763 0.0198526689699884 0.727544599357657 -0.0407430208805098 0.684561709219705
77.093249999 519.648030087217 5.76038830116935 140.791905827654 0.0215978187705522 0.729779690342422 -0.0404766736695393 0.682141317233257
77.300579999 522.048349898404 5.53813210291506 140.640802288259 0.0185163833584727 0.731618725493437 -0.0381811148909836 0.680392082934805
77.507829999 524.427897756343 5.31355499427582 140.485942580531 0.0194403586497351 0.732152294133627 -0.0413128147255766 0.679608962558534
77.61158 525.638797379942 5.19429003750201 140.404338783221 0.0207523505896183 0.73204205283659 -0.0423174486307712 0.679627108321305
77.715199999 526.900199745336 5.07654221416143 140.323305771683 0.021262624285587 0.731971266883935 -0.0416206196067335 0.679730600523744
77.922709999 529.360702127711 4.82087543000852 140.156751991281 0.0200101957415393 0.732050271318883 -0.0429987945673504 0.679597745724697
78.02633 530.628507379015 4.69467647321963 140.075581309979 0.01978378995467 0.732273004100995 -0.0441469932748695 0.679290727232988
78.13008 531.895450357228 4.56879399180606 139.988995139063 0.0186858858367787 0.733084513274755 -0.0434765574959762 0.678489294694846
78.33745 534.44106351893 4.31491299487659 139.803134645314 0.0190336857896888 0.734726548292493 -0.0435644599465503 0.676695467598997
78.54483 537.00316423108 4.06181033869121 139.60171517818 0.0189229429388626 0.73657146912301 -0.0437758838282705 0.674676266886243
78.75233 539.600847240508 3.79525841017275 139.376978528812 0.0179144093176005 0.738991649735514 -0.0438555239548146 0.672046954147278
78.85595 540.928928174462 3.66986231987923 139.261209237467 0.0176288875576018 0.74024951877214 -0.0433790232975719 0.670699733575946
79.063329999 543.54994914367 3.4036079170579 139.006086002047 0.0173521545843263 0.742380704441722 -0.0442741936325248 0.668288551586876
79.167079999 544.892354910332 3.27064163267116 138.872803491474 0.0174994638866978 0.743289221290446 -0.0444325014845251 0.667263557441098
79.27083 546.251000037567 3.14157779355011 138.732634200293 0.0178400335374613 0.744184203485108 -0.0440904536272933 0.666278947878107
79.47821 548.956989841335 2.86062924124563 138.440015462182 0.0186397637790935 0.746021506307677 -0.0447140337284632 0.66415745612047
79.58195 550.329865806359 2.72083176688365 138.287506233315 0.0184508706108722 0.747055357526001 -0.0447400122301994 0.662997880442344
79.685699999 551.700905035705 2.58241168657754 138.126761217896 0.0180745497338493 0.748254687083808 -0.0448349767872963 0.661647987048638
79.893209999 554.483228815771 2.29483655143292 137.790945804905 0.0180283079225739 0.750907018807833 -0.0446487328907985 0.658650225741878
80.100579999 557.282812837649 2.00620050480343 137.42872090027 0.0190761892434292 0.752961439547324 -0.0446595174361939 0.656270292685214
80.30798 560.108496724299 1.71241247527838 137.049430931614 0.0197631047641035 0.754321107326784 -0.0445548509668323 0.65469378490001
80.51533 562.972485025504 1.41109105726122 136.654500968912 0.0200047981316994 0.755295447666771 -0.0442756890701212 0.653581102957337
80.619079999 564.403282342553 1.26031030207436 136.45318507516 0.0207604800939566 0.755681473380996 -0.0442664787407568 0.653111776126331
80.82644 567.312466029071 0.954380861287312 136.039612790605 0.0210771372510063 0.756438286787691 -0.0429541084391475 0.652312668231426
80.93008 568.774074215157 0.802425122301038 135.831793938076 0.0211032104314427 0.756719721715824 -0.0434422705059623 0.65195297867952
81.1375 571.711470065027 0.499427096280307 135.411422419054 0.0197098675916751 0.757559087115935 -0.0430881406114094 0.651044670346238
81.344939999 574.670523853401 0.194358046639437 134.974339774135 0.0198382310677118 0.758262400208104 -0.0418117368431839 0.650304817513222
81.448589999 576.172592985551 0.0389676783490671 134.752855989547 0.0205845467081103 0.758273602421759 -0.0424307912178436 0.650228458515757
81.656059999 579.14752211445 -0.271320032479615 134.313130064697 0.0204775054796986 0.758410484000476 -0.0428377504771627 0.650045488147983
81.759709999 580.641010523088 -0.429997601776918 134.09150421982 0.0206964687555037 0.7584113766956 -0.0422993128672621 0.650072771319254
81.86346 582.137941312867 -0.592634054649203 133.868318654203 0.0207471805385811 0.758308130126445 -0.0429062574692176 0.650151818696079
82.07083 585.147430522032 -0.917056126290873 133.422989531854 0.0229070192657482 0.75778245962007 -0.0429743065671706 0.650687498985178
82.27821 588.147990571306 -1.2453056457903 132.981429740331 0.023912252927412 0.756566940376315 -0.0405286229088028 0.652220897867182
82.485709999 591.127106716803 -1.56601777418486 132.557576965841 0.0234288328036707 0.755655313826027 -0.0401853326182466 0.653315601774753
82.693079999 594.145173942436 -1.88818487098683 132.139025833653 0.0237196855981303 0.755115831419689 -0.0399768056341662 0.653941367911349
82.900599999 597.132028267006 -2.20923919240295 131.727141239054 0.0238658629346611 0.754598076487168 -0.0396837935502807 0.654551266195176
83.107849999 600.1169351596 -2.52948712886167 131.322552865447 0.0222507247220288 0.754232898226381 -0.0409072127398015 0.654953617005234
83.211579999 601.621291592044 -2.68685796792494 131.123549192408 0.0227933629118481 0.754185915942885 -0.0395453851119491 0.655072690101571
83.315209999 603.10875160412 -2.84479034689716 130.916932093339 0.0228856135176543 0.753956985407593 -0.0383760250318181 0.655402466849013
83.418959999 604.592365106216 -2.99713814213736 130.706800153995 0.0253517776099281 0.753714128648293 -0.0357887913167251 0.655737342282754
83.522589999 606.100616014244 -3.15425981014332 130.502394313057 0.0268800391492188 0.753302014913996 -0.0358500840415678 0.656146560835354
83.62621 607.592901263073 -3.31274313746566 130.30436256329 0.0276068365629548 0.753126512949341 -0.0371617656080341 0.656244863785345
83.833579999 610.575505095877 -3.63538739887962 129.920006451392 0.0250911819009392 0.752697937713074 -0.0385191886958734 0.656759102910277
84.040959999 613.541499493841 -3.94731819460964 129.543202207685 0.0240361206782082 0.752047580255194 -0.0393321851205725 0.657495004656835
84.24835 616.53093431907 -4.26628470574088 129.163446446779 0.0228040342332492 0.751592847330578 -0.0401993685500684 0.658006214736897
84.352099999 617.977424694466 -4.41993221653468 128.981611767517 0.0217207703081902 0.751616747813039 -0.0402582457792812 0.658011965081901
84.55938 620.960682355583 -4.73067071488389 128.597649062538 0.023667296463489 0.751673200808996 -0.0396668018548536 0.657916258420686
84.766729999 623.898242957715 -5.04442499809683 128.216444585574 0.0243235407171867 0.751251386541605 -0.0375214755408704 0.65849970270269
84.97396 626.83640031708 -5.36119127403339 127.851920949353 0.0256351370173865 0.750109816751113 -0.0400103384247566 0.659603877628724
85.18133 629.794511368618 -5.68054222707617 127.501701317378 0.0221748245723418 0.749426893030503 -0.0411748061900748 0.66043337627125
85.38871 632.606305516013 -5.99862057139396 127.166133807157 0.0209201918519171 0.749139786176747 -0.0390679907647563 0.660927846619842
85.492459999 634.042785091365 -6.14848289307702 126.992975729243 0.0214086089735076 0.749119352786397 -0.0378170206953019 0.661008123768869
85.699749999 636.903112496536 -6.44678437460821 126.65199010725 0.02185367815498 0.749325865567945 -0.0383696995999044 0.660727576308544
85.90711 639.73256204954 -6.73500489370955 126.317465806847 0.0209594753137695 0.74987829119381 -0.0384485762827884 0.660124954665895
86.114459999 642.414588985004 -7.03467222273196 125.990677697561 0.0198464095287383 0.750400462669567 -0.0385125049237776 0.659562015748794
86.32183 645.047842733634 -7.31259314572339 125.667889346231 0.0172771023481946 0.751121266180417 -0.0367544172238315 0.658913847206532
86.52921 647.631545394215 -7.57077454207542 125.349549518792 0.0206232853577012 0.751238453569943 -0.0379348351494136 0.658617046743464
86.736729999 649.988084535278 -7.84199301310699 125.046706529669 0.0201004272445163 0.751263952801442 -0.037179371781927 0.658647204776306
86.94409 652.28619614541 -8.08857190697634 124.764909318628 0.0190025567357187 0.750330757020032 -0.036205055267973 0.659796826212657
87.151359999 654.509273005531 -8.31638916058326 124.50177812457 0.0175961778990004 0.748930130825813 -0.0347402435191816 0.661503703046933
87.35871 656.486714977114 -8.51908909369746 124.279500345003 0.0149796181356421 0.747992461114372 -0.0335369249144883 0.662690096367717
87.566209999 658.332582295018 -8.69388976457281 124.076517728132 0.0169901680423139 0.747322621601893 -0.0340316087860352 0.663371753269162
87.87734 660.856647681925 -8.96143669515337 123.792664436882 0.0145536399320717 0.748373973398856 -0.0365795697490654 0.662107636703361
88.08521 662.280396204354 -9.1095155972131 123.607049994568 0.0118325946351851 0.756798752287519 -0.0397743126601596 0.652329397078398
88.293329999 663.572108691739 -9.24944044039739 123.363358470146 0.0110184314026104 0.773592510994178 -0.0426629162775736 0.632149584100031
88.501589999 664.767148192756 -9.38297862087819 123.023112509515 0.0150081023696902 0.795790444578533 -0.043337479359085 0.603832914028013
88.710099999 665.732461922568 -9.49402668241958 122.594123028338 0.0152026081069734 0.823644492124232 -0.04328349942276 0.565247883656261
88.918589999 666.905342667946 -9.63614152194471 122.061331184181 0.0146455151046838 0.853295394706305 -0.0419958140005213 0.519527506362043
89.127089999 667.649203516754 -9.74379543529605 121.426230478865 0.0170981744032651 0.883776408321655 -0.0434870094172001 0.465570394825636
89.335589999 668.448444813245 -9.85868853409697 120.75062426305 0.0192611228298278 0.912367064940669 -0.0470455939710564 0.406204455966197
89.54371 669.072039028969 -9.98931297537374 119.916409453066 0.0275417229244767 0.936761791818149 -0.0466758188366943 0.345745812445974
89.75184 669.611952190613 -10.0985400306516 119.080924586817 0.0278200676932511 0.957329535007324 -0.0461541956053901 0.283929560743898
89.959739999 670.023259917512 -10.229128856867 118.123945386508 0.0319210301071451 0.973724941155681 -0.0447164005404211 0.221000521110185
90.16759 670.300192450495 -10.3418487261924 117.147385993525 0.0367181282325931 0.985693916348141 -0.0489344405099164 0.157050001163133
90.37547 670.469588122865 -10.456241375279 116.09162055665 0.0379551395319033 0.993637718205467 -0.0541116930784478 0.0911889083975117
90.583089999 670.508591216436 -10.5827045605818 115.004789284379 0.0383192835723337 0.99758552734938 -0.0519613235903369 0.0255884540428652
90.79084 670.388376017457 -10.7086344529749 113.844057691729 0.0395879769936904 0.996782695928593 -0.055449745333988 -0.0422181823065523
90.894589999 670.276784582098 -10.7684566635385 113.281421941472 0.0394414303603614 0.994630787038845 -0.0576288809380673 -0.0763733142363413
90.99849 670.113632624415 -10.8345821167153 112.690603754076 0.0400198200514455 0.991295528300449 -0.0602082353811711 -0.110029804902441
91.10209 669.922575043625 -10.9019600788359 112.123082225413 0.0403990256056626 0.987080350059862 -0.0612235667813103 -0.142449907428499
91.205839999 669.683091454392 -10.9702867109055 111.557852294227 0.0423293354244761 0.98204847449176 -0.0612649821080403 -0.173307885216544
91.41297 669.096914044696 -11.1088763528337 110.427391564619 0.0437970188140969 0.970583986076557 -0.061743199903006 -0.228552673098516
91.62022 668.388851825622 -11.2376971618045 109.294767123524 0.0456594517600559 0.958463857816728 -0.0646845862529615 -0.27400392702538
91.82724 667.553313262292 -11.3701318085143 108.159747301513 0.0471012370741146 0.948620810478286 -0.0644146514898231 -0.306187498221355
92.03413 666.642669372451 -11.5117181165446 107.007388151813 0.0452580929294485 0.941370523828112 -0.058355448318855 -0.329192775655056
92.241219999 665.655116410418 -11.6403339078998 105.848221302612 0.0425633185344744 0.934946605176082 -0.054363716866715 -0.348005453511132
92.448599999 664.606210032296 -11.7628896797646 104.698496181466 0.0372089188198292 0.927968925142112 -0.0481970610122435 -0.367649579954385
92.655969999 663.47716125087 -11.870986413307 103.553513263758 0.0328568951848015 0.920178005562195 -0.0410541978049953 -0.387952851982023
92.86347 662.288034655559 -11.9670365905447 102.454479246044 0.0270385249831832 0.910845293894836 -0.0307590704064327 -0.410711149524938
93.07097 661.016976218904 -12.0382249732573 101.400996941753 0.0240430152430207 0.900046629141662 -0.026243900740267 -0.434337721666781
93.174719999 660.364184999323 -12.0663446408366 100.919525550717 0.0246432987094477 0.894041154621242 -0.0248624969331019 -0.446615022047495
93.278469999 659.683595473917 -12.093605503472 100.439575540286 0.0258831016387524 0.888063343127971 -0.0222128893271291 -0.458454088420717
93.38209 658.973689363291 -12.1172612663062 99.9652261951907 0.0280436032891674 0.882268932227323 -0.0201756923405601 -0.469476334845111
93.485839999 658.275675098102 -12.1351218336544 99.5321222376081 0.030629369431976 0.877033865997136 -0.0190471794785109 -0.47907269237166
93.58947 657.537499878363 -12.1495831443621 99.0772503047052 0.0321420175455098 0.872882728382419 -0.0174676856751428 -0.486556793351941
93.796719999 656.064627212545 -12.165941338975 98.1838555161993 0.0332952718501989 0.868336992347388 -0.012855309568446 -0.49468882502985
93.90035 655.317509151446 -12.1636645061932 97.7475920631914 0.0328359600714723 0.867614819363573 -0.00944147830028958 -0.496061673014963
94.003969999 654.562493081478 -12.1629452728427 97.2829669706205 0.0299790867992425 0.867486343555661 -0.0057855795606928 -0.496523136589081
94.10764 653.801145399879 -12.1604264757672 96.8145470110235 0.026647898968199 0.867770980972206 -0.00479463253421007 -0.496226183873823
94.211349999 653.036738125823 -12.1606377732379 96.34157281231 0.02360040064467 0.868464234892799 -0.00658532411595621 -0.495145965658375
94.418589999 651.481827190119 -12.1698120759508 95.3917273950095 0.0192656071765512 0.871014435258706 -0.0122437038583077 -0.490726789228901
94.52222 650.684473313389 -12.1841447245055 94.8867098251302 0.0199172754327631 0.872337128408917 -0.0135467143611637 -0.488311092510336
94.625969999 649.892786043458 -12.1971276953276 94.3946885478217 0.019593092192241 0.873882280552097 -0.0122955834311664 -0.485586953185008
94.72972 649.09426042179 -12.2144361559116 93.8772558037236 0.0175887919383354 0.874866108567831 -0.0119498582601823 -0.483897848068259
94.833489999 648.289096428727 -12.2323728887339 93.3525927548944 0.0145756107675261 0.87534215507405 -0.0134583751920623 -0.483096817685919
94.937219999 647.471032973429 -12.2537880292165 92.8100894309 0.0132243837343689 0.875305061667337 -0.0156829846901281 -0.483135807703791
95.04097 646.644810828329 -12.2758062620291 92.2911038836024 0.0119210954969657 0.875487381933629 -0.0150726495460885 -0.482858723430377
95.14472 645.805462934798 -12.3036165911623 91.746306521983 0.0119023228147252 0.875750680159473 -0.014737875826454 -0.482391828214324
95.24835 644.956562975367 -12.3277304999754 91.2025938110551 0.0133167561981648 0.876127437016191 -0.0141635348258392 -0.481687421875469
95.35209 644.102263150973 -12.3521398209562 90.6552931228398 0.0154945683213148 0.876472817300109 -0.013720735803788 -0.481006299642269
95.559539999 642.401941375627 -12.400164141083 89.5468980168288 0.016820974922738 0.877975143303727 -0.0120159181935589 -0.478259678682424
95.76685 640.719946850497 -12.4477315490111 88.42498790204 0.0185639094281741 0.879839991678257 -0.0125956232298858 -0.47474026644661
95.974249999 639.053656454367 -12.494935600457 87.316540199861 0.0207378119969853 0.881973921743581 -0.0134683130317184 -0.470649072092897
96.1816 637.411013192839 -12.5391449496467 86.1863755343699 0.0197485919664253 0.883682043358942 -0.0147937555533609 -0.467436823706623
96.285349999 636.585346370605 -12.5631587207263 85.5996092615446 0.0203224424808969 0.884120414842846 -0.0134396312363958 -0.466623474229441
96.492869999 634.966724334852 -12.6127790570534 84.4847290448076 0.0199691331639732 0.884907355444487 -0.0136100306778249 -0.465139734989254
96.596599999 634.168312482763 -12.6362623991362 83.9264796932323 0.0195696287199978 0.885109802507496 -0.0150269406175055 -0.464727724794402
96.803989999 632.581628864349 -12.686028625767 82.8115192304297 0.0204234085068296 0.885083015143784 -0.0118852526190438 -0.464832960814025
97.01147 631.02873609549 -12.7297738682361 81.7268472764805 0.0195988659074674 0.885312231021239 -0.0125872759656965 -0.464413284201799
97.115099999 630.24683184416 -12.7502721312809 81.1674460943605 0.0204430825421206 0.885508221618128 -0.0137044652223334 -0.463971397238932
97.3225 628.733460792109 -12.8014077583901 80.1166400538409 0.0208451056573556 0.886390120663933 -0.0136951544388812 -0.462266674447129
97.529989999 627.258418073266 -12.8452051829218 79.0592787280066 0.0202336931451845 0.887674739338649 -0.0134391408851716 -0.459829908002987
97.73747 625.826462568117 -12.8947743422423 78.0189816141331 0.0213126322516762 0.889021875970479 -0.0120859991862835 -0.457208709864657
97.94507 624.467775607734 -12.9368065781547 77.0253711500369 0.0187098657429285 0.890190245733654 -0.0130414485227426 -0.455017788602784
98.152469999 623.165002426787 -12.9864412645376 76.0648192532364 0.0189055733501587 0.890747553540938 -0.0125877684831913 -0.453930526889027
98.35997 621.932977035498 -13.0280936626947 75.1257921229454 0.0160193112384766 0.891217401397572 -0.0117722468076562 -0.453140529326944
98.56747 620.775502319374 -13.0673179568803 74.2893846153248 0.0199623678370018 0.892107660265464 -0.0105755290515278 -0.451257780599182
98.77487 619.710014709602 -13.105257142148 73.4771999097023 0.018864987042124 0.893032574874133 -0.00793126468909834 -0.44952644807398
98.982349999 618.738957897367 -13.1319925255483 72.7398023675411 0.0186514688717017 0.893931566641212 -0.00776082606088388 -0.447747972022396
99.189729999 617.88353404945 -13.1636133980283 72.0764948282921 0.019616834520591 0.894525717280673 -0.0101099216173641 -0.446471399321144
99.500849999 616.768777511317 -13.1993788349214 71.2309764134885 0.018254561464574 0.894944366583773 -0.0113046299052114 -0.445660809414976
99.915729999 615.616912299908 -13.2400541258039 70.3602455537022 0.0213396260267102 0.895402585141056 -0.0122121566037155 -0.444578108002227
100.4341 614.641852922155 -13.2810720171965 69.5912384058032 0.0205297861349147 0.896025987084986 -0.0135930594827486 -0.443318381170385
100.9526 613.791214029029 -13.3120035207899 68.9509267907873 0.021088952581554 0.895968466253636 -0.0160051770103902 -0.443327867234833
101.471 612.981092685221 -13.3433819341894 68.3212863510778 0.0204187073932511 0.895972438725578 -0.0157182564609901 -0.443361479885606
102.093199999 612.085162598388 -13.3744008692712 67.6332038405931 0.0214127965511388 0.895997839209504 -0.015596666409062 -0.443267535775724
102.923 611.154248414146 -13.4027978148117 66.8998823825492 0.0216168285541415 0.896001583345917 -0.0153443312151736 -0.443258871162699
103.856399999 610.170608936406 -13.4438027678298 66.1414921677837 0.0177772028692147 0.896465502163997 -0.0179489257215349 -0.442392823804186
104.3746 609.263748902904 -13.4828667022506 65.4108335636497 0.0162661538339536 0.899782281422383 -0.0233810165556753 -0.435408528100455
104.685699999 608.479468193956 -13.5084133951363 64.7352894716357 0.0158613578217555 0.904373651533245 -0.0261184157946558 -0.425646031459066
104.9967 607.550279261765 -13.5585522449421 63.9240751731509 0.0199593568848814 0.910440194487586 -0.0272796402427016 -0.412257319598302
105.204099999 606.861196216847 -13.5959730727968 63.26888445981 0.0194257098492785 0.914787332525405 -0.0271959327116324 -0.402550815788331
105.4115 606.118805491655 -13.63580665751 62.5522556147087 0.0216070210517371 0.918703163481645 -0.0259875478698401 -0.393500039905716
105.618899999 605.318470773941 -13.6732589820771 61.7473103419978 0.0239611256952906 0.92230380176595 -0.0240104437310698 -0.384974103408693
105.826499999 604.497701778571 -13.7147091196677 60.8880051982528 0.0220549986973406 0.924834864020735 -0.0191338753357671 -0.379246550595842
105.930199999 604.061793827943 -13.733220188473 60.4270498671979 0.0198815055258956 0.9258497106072 -0.0181306993333388 -0.376932774972237
106.1379 603.169609236064 -13.7701288813701 59.4708474051295 0.0163092625402692 0.926618043750256 -0.014727471116403 -0.375361306671794
106.241699999 602.692765578999 -13.7835741837613 58.9707513325098 0.0169069947892388 0.927143887595553 -0.0151296953631721 -0.374017990930408
106.4492 601.709547775708 -13.8187155953277 57.9307208841647 0.0178860724581971 0.927649656641678 -0.0158305821739362 -0.37268699415546
106.6568 600.703517894353 -13.8657270864969 56.833311212277 0.00950231140925438 0.928425777229136 -0.0191183791131027 -0.370903990049237
106.864199999 599.62199167525 -13.9181725931158 55.6951925235467 0.0126635522245083 0.928972602482516 -0.023000498760313 -0.369216082177761
107.071799999 598.510459198635 -13.9860099981373 54.4820218693754 0.0107648720552017 0.929407465411185 -0.0193534880208762 -0.368390178030057
107.279099999 597.358901853833 -14.0448244393365 53.2202564281849 0.0110087041315936 0.930304570801368 -0.0184601659273199 -0.366157665839952
107.4865 596.156050660281 -14.1069271679016 51.9163189606345 0.0134727671828768 0.931599684890824 -0.0176526245994168 -0.362806968649315
107.693899999 594.940703832318 -14.1672738579909 50.5594011047837 0.0158126436023409 0.9335280184874 -0.0174444375822093 -0.357730472001945
107.9012 593.723948466094 -14.2310725247813 49.1713938395517 0.0188538130254741 0.935327999401361 -0.0177656351094465 -0.352832041457981
108.108699999 592.521939072417 -14.3034695807693 47.7838283106755 0.0184236645983668 0.93644079017193 -0.0202612711056615 -0.34975519435474
108.316199999 591.338670782093 -14.3863211660435 46.3875121558028 0.0146466339321303 0.936568929930471 -0.021217071317666 -0.349533906063562
108.5237 590.157473012253 -14.4727795158657 44.9912415178682 0.0114131182758827 0.936083076820489 -0.0206599502601695 -0.35098629670794
108.7312 588.944823753124 -14.5530889603172 43.6067347652655 0.0133355179120546 0.935439876150059 -0.0202578872517944 -0.352652832222392
108.9389 587.721750680332 -14.6363125804172 42.2138873616694 0.0131766898460784 0.934480449651912 -0.0209953129222058 -0.355150476415785
109.146399999 586.483727483859 -14.7203942340403 40.8207695759758 0.0134828058850278 0.933528535284589 -0.0220042081757362 -0.357573073059808
109.353899999 585.235696430443 -14.8099648254727 39.4230253756658 0.0131538720895558 0.932530668090665 -0.0218601829466063 -0.360188368941822
109.561199999 583.9575582861 -14.9006857736508 38.0206184607742 0.0134219322888979 0.931551528060243 -0.0233137178120477 -0.362612841559753
109.768699999 582.674623844984 -14.9950003368294 36.6164810449086 0.0131276793377879 0.930882489872892 -0.0241133699113449 -0.364285601519972
109.9761 581.380168698161 -15.0903568499241 35.2033183336129 0.013003127354347 0.930762227088353 -0.0230705299934817 -0.364664703461077
110.183499999 580.07647479823 -15.1869131758626 33.7750117579159 0.0116425518047922 0.93082222241237 -0.0235461292173409 -0.364527119772522
110.3909 578.769010426154 -15.2845339089633 32.3407035899539 0.0119598513114929 0.931298820589537 -0.0239681283372195 -0.363269868760341
110.5982 577.448933134332 -15.3880177021684 30.8827188618538 0.0113149113496955 0.931802934478681 -0.0249020369295194 -0.361932524975069
110.805599999 576.152045409386 -15.4965071065021 29.4425611843033 0.0104070874901826 0.932485400808984 -0.0268565066545733 -0.36005749243474
111.0129 574.855714667003 -15.6071672042894 27.9812017796035 0.0106718899339345 0.93348082455686 -0.0231194648311078 -0.35772217053994
111.2202 573.573837971607 -15.7113040240448 26.5309603772647 0.0119871681754064 0.934243940510823 -0.0230400125722142 -0.355687679346104
111.427599999 572.306411881251 -15.8154940506066 25.0851700262173 0.0121708543498659 0.93500890673159 -0.0242658741324294 -0.353583627999912
111.5314 571.67034974162 -15.869368409595 24.3589677596175 0.012808443670465 0.935447122265323 -0.0251717198709636 -0.352336500713457
111.738699999 570.43478033122 -15.9813767152411 22.9283799153958 0.0116474284678161 0.93605434484739 -0.0271084206563349 -0.350616221005146
111.9461 569.205190471903 -16.0906785487738 21.4870584784916 0.0108426471487589 0.936840082899191 -0.0236838217875743 -0.348786715145201
112.153499999 568.00062497667 -16.1913561240306 20.0659880267157 0.00993376162346507 0.937038802860869 -0.0216807033544736 -0.348410030589151
112.3609 566.803795358792 -16.2944409699548 18.6586493429141 0.00741922562456664 0.936461732153106 -0.0238613984915517 -0.349878568886355
112.5682 565.603156952352 -16.402137649335 17.2942796929025 0.0126011066633626 0.935532266456742 -0.0260080456299055 -0.352057058005777
112.775599999 564.414383833368 -16.5064990721348 15.9405697156117 0.0144897429375968 0.934783732325021 -0.0275360425427745 -0.353851928765675
112.983 563.250970755617 -16.6153810727782 14.6306698382996 0.01422319969667 0.934001322980779 -0.0280171566662924 -0.355885189622833
113.1905 562.140698432621 -16.7335768485663 13.3669432809686 0.00904362798877802 0.933004527529474 -0.0332991085698724 -0.358206551825558
113.3978 561.077011322359 -16.8559095096682 12.1602824058674 0.00489631343773413 0.93225405852995 -0.0360712470725042 -0.359968417508802
113.605199999 560.048379442947 -16.9865220384979 11.0405334553116 0.00951054496427088 0.931913307440173 -0.0340847758648286 -0.360950640676318
113.8126 559.103635857612 -17.1046411745742 10.0037456635534 0.0110537967568219 0.931604441530772 -0.0356869717640455 -0.361548638697078
114.020099999 558.235576143691 -17.2143660899202 9.0617136319637 0.0122905503076991 0.931466413717391 -0.0409653605568871 -0.36130472142506
114.3314 557.063950823624 -17.3709667936887 7.76594157937757 0.0120533955268349 0.931671622179133 -0.0390105149611051 -0.360999839064848
114.642499999 556.020732228964 -17.5140330081377 6.59181019791458 0.00610351252697931 0.931440549294171 -0.0414785430948194 -0.361470304075089
115.264899999 554.129414543082 -17.7682064013391 4.49515139147104 0.00518768445814138 0.931087794318184 -0.0380366583231059 -0.362769651191047
115.576099999 553.266207337464 -17.8784438829317 3.57212136497731 0.00945138714651385 0.930774843402055 -0.0399408391944507 -0.363281697220394
116.1983 551.771567566385 -18.0808039781742 1.93817167119425 0.0099127831454249 0.930981883687406 -0.0440441355791508 -0.362263140682636
116.509399999 551.125728755736 -18.1743284292998 1.24201983153091 0.013163135361163 0.931870772694208 -0.0486703609122295 -0.359269802285744
116.924199999 550.42149306906 -18.2781609842125 0.412642370368985 0.0087153272405821 0.933905827734644 -0.0486204672906874 -0.354090381336171
117.3391 549.870608138249 -18.3744129605132 -0.221074475999444 0.0100450052731027 0.935419349355478 -0.0496988715644451 -0.34988535391705
118.272499999 549.041512881859 -18.5127835498758 -1.18378866852072 0.00790815673529266 0.935234374330619 -0.0541314513744272 -0.349776946209385
118.9985 548.660800264803 -18.5787497064643 -1.63890537497196 0.0056834324036457 0.935676360007078 -0.0553934795839367 -0.348437957661908
120.346599999 548.318039539117 -18.6394065777974 -2.04203917737721 0.00536098603292626 0.936037207928673 -0.0572267677098706 -0.347175319196698
