0.415872 0.084405 -0.001164 0.481523 -0.002167 0.040939 -0.002209 0.999157
0.936622 0.507849 0.007003 1.521717 -0.008807 0.151588 0.001522 0.988403
1.353147 1.130407 0.006343 2.398010 -0.018232 0.259467 0.007476 0.965551
1.768997 2.067765 0.034318 3.270355 -0.021806 0.373100 0.013347 0.927439
1.976766 2.678911 0.065510 3.709497 -0.023764 0.425458 0.012463 0.904580
2.391499 4.221966 0.132474 4.556513 -0.026620 0.509077 0.011430 0.860233
2.805874 6.233134 0.228946 5.336896 -0.019997 0.566703 0.011328 0.823601
3.220123 8.666171 0.328801 6.116331 -0.019864 0.591210 0.013122 0.806166
3.634758 11.476931 0.448572 6.913815 -0.023589 0.608144 0.014415 0.793345
3.842137 13.006610 0.517375 7.296063 -0.025584 0.616553 0.015361 0.786748
4.257002 16.191344 0.671044 7.970811 -0.030434 0.636377 0.017714 0.770574
4.672274 19.476938 0.828444 8.454198 -0.030748 0.665838 0.013597 0.745338
4.880125 21.146146 0.901524 8.560671 -0.032140 0.689317 0.011229 0.723659
5.088126 22.826296 0.966821 8.545072 -0.031373 0.713689 0.009994 0.699689
5.503628 26.207829 1.071865 8.175110 -0.023281 0.757683 0.006283 0.652177
5.711251 27.876991 1.099408 7.816630 -0.014936 0.777100 0.006562 0.629166
6.126131 31.088773 1.073419 6.841298 0.007027 0.810031 -0.005533 0.586319
6.333503 32.637764 1.004809 6.251450 0.015816 0.825245 -0.015425 0.564343
6.748254 35.639835 0.806916 4.825577 0.020029 0.850532 -0.007259 0.525491
6.955504 37.072053 0.716326 4.054523 0.022892 0.857887 -0.006644 0.513285
7.162754 38.474014 0.625830 3.278124 0.021734 0.863749 -0.010233 0.503349
7.784655 42.687353 0.360673 0.724455 0.026007 0.871523 -0.011028 0.489540
8.095633 44.978065 0.216311 -0.601425 0.023657 0.865706 -0.012176 0.499845
8.510755 48.284574 0.012148 -2.412830 0.016791 0.862290 -0.014968 0.505915
8.718382 50.017022 -0.093068 -3.369079 0.015847 0.862710 -0.014752 0.505236
9.133505 53.595222 -0.310719 -5.356731 0.014261 0.862851 -0.014239 0.505056
9.341007 55.406190 -0.426111 -6.358326 0.013319 0.862683 -0.014337 0.505366
9.548508 57.203984 -0.539265 -7.347511 0.012199 0.861737 -0.012548 0.507053
9.755883 58.994645 -0.646386 -8.322039 0.011882 0.860342 -0.011400 0.509451
10.171130 62.521036 -0.856829 -10.222345 0.012638 0.860487 -0.014163 0.509118
10.586510 66.031930 -1.078813 -12.195826 0.010361 0.866571 -0.012360 0.498793
10.794130 67.742414 -1.182978 -13.200947 0.012363 0.869457 -0.013756 0.493662
11.001750 69.441597 -1.297425 -14.216806 0.011767 0.871893 -0.015712 0.489302
11.416630 72.773293 -1.490365 -16.273691 0.007307 0.874750 -0.005317 0.484490
11.831510 75.979013 -1.654163 -18.297434 0.014881 0.875448 -0.008136 0.483015
12.038930 77.604400 -1.734435 -19.311940 0.011727 0.875142 -0.005180 0.483696
12.246380 79.233625 -1.807484 -20.303186 0.004777 0.874815 -0.004783 0.484410
12.661390 82.446753 -1.922664 -22.262220 0.006001 0.871350 -0.004669 0.490604
12.868760 84.053170 -1.985169 -23.220145 0.011291 0.866707 -0.000952 0.498690
13.283680 87.348209 -2.091837 -24.973438 0.007981 0.854007 0.000363 0.520200
13.387430 88.176066 -2.113730 -25.376768 0.007952 0.850543 0.001052 0.525845
13.802490 91.508628 -2.225696 -26.888940 0.014852 0.836069 -0.005911 0.548391
14.217640 94.914964 -2.381280 -28.212329 0.011273 0.823910 -0.009548 0.566529
14.425390 96.616468 -2.470322 -28.824896 0.011077 0.821213 -0.016148 0.570285
15.048260 101.748395 -2.759114 -30.574456 0.002864 0.811627 -0.016457 0.583936
15.152010 102.602552 -2.800770 -30.833900 0.000748 0.809642 -0.019533 0.586598
15.567140 106.039507 -2.983840 -31.869342 0.001693 0.801087 -0.018580 0.598257
15.982160 109.493714 -3.159528 -32.792417 0.001401 0.792632 -0.021849 0.609307
16.086050 110.372242 -3.207901 -33.014209 0.001219 0.790401 -0.021512 0.612210
16.501030 113.856712 -3.390749 -33.824656 0.001995 0.781149 -0.020415 0.624007
16.604760 114.734560 -3.434565 -34.002851 0.000148 0.779310 -0.021293 0.626277
16.812390 116.481406 -3.520979 -34.366569 0.001712 0.776372 -0.019582 0.629968
17.227520 119.997401 -3.692312 -35.061865 0.006235 0.769734 -0.012314 0.638215
17.435140 121.755523 -3.769635 -35.367396 0.006260 0.767148 -0.015019 0.641263
17.850540 125.268106 -3.933189 -35.963962 0.001608 0.765652 -0.011578 0.643148
18.265770 128.717521 -4.074709 -36.542062 0.002546 0.764883 -0.014835 0.643993
18.680990 132.123061 -4.231605 -37.098679 0.001217 0.764162 -0.019059 0.644741
18.992370 134.626141 -4.364079 -37.501797 0.002838 0.763643 -0.021884 0.645262
19.199890 136.270260 -4.453133 -37.770871 0.005456 0.762562 -0.019034 0.646612
19.511150 138.727644 -4.581533 -38.169539 0.006252 0.759685 -0.011309 0.650163
19.718390 140.335420 -4.662995 -38.401173 0.009864 0.755804 -0.013330 0.654588
19.925670 141.941568 -4.739790 -38.601807 0.009253 0.749902 -0.011069 0.661392
20.340390 145.113830 -4.887974 -38.884905 0.013390 0.731781 -0.008178 0.681360
20.755270 148.200914 -5.065427 -38.952600 0.018302 0.712911 -0.021503 0.700686
20.962890 149.735099 -5.168675 -38.930679 0.015887 0.704111 -0.021567 0.709585
21.170640 151.248715 -5.283386 -38.867784 0.014853 0.696971 -0.025485 0.716492
21.898270 156.509797 -5.671449 -38.653053 0.013037 0.697518 -0.027030 0.715938
22.210070 158.736793 -5.825982 -38.602655 0.010749 0.703277 -0.027342 0.710308
22.313900 159.476113 -5.881709 -38.599289 0.010528 0.705405 -0.025625 0.708263
22.521520 160.940772 -5.978824 -38.595968 0.010070 0.709185 -0.027093 0.704430
22.936520 163.813203 -6.184260 -38.626289 0.013628 0.711774 -0.026727 0.701767
23.143770 165.227586 -6.291305 -38.630436 0.013579 0.707834 -0.023915 0.705844
23.558270 167.988428 -6.478886 -38.512682 0.011533 0.687506 -0.021384 0.725772
23.765650 169.345585 -6.557210 -38.383464 0.006015 0.675384 -0.016861 0.737249
24.180540 171.968890 -6.670790 -37.986766 -0.000704 0.648974 -0.011151 0.760729
24.387900 173.237085 -6.708708 -37.717715 -0.003610 0.636050 -0.012393 0.771540
24.803110 175.706121 -6.777853 -37.117420 -0.006040 0.617339 -0.010902 0.786598
25.010540 176.879235 -6.814563 -36.787962 -0.000844 0.609857 -0.017401 0.792320
25.425520 179.266255 -6.884805 -36.083389 -0.007043 0.599747 -0.013270 0.800049
25.633210 180.468395 -6.919688 -35.722406 -0.009418 0.598569 -0.009505 0.800960
26.048150 182.883533 -6.947154 -34.988920 -0.009359 0.595512 -0.006614 0.803265
26.462800 185.335730 -6.956082 -34.195743 -0.012884 0.586478 -0.000800 0.809862
26.670290 186.558209 -6.958812 -33.759098 -0.012524 0.577580 -0.000461 0.816238
26.877670 187.772378 -6.954299 -33.282515 -0.010646 0.567538 -0.003213 0.823272
27.292530 190.236858 -6.948127 -32.220531 -0.013362 0.547350 -0.001873 0.836795
27.500020 191.483701 -6.934858 -31.625025 -0.016886 0.539809 -0.004179 0.841608
27.707780 192.760365 -6.919569 -31.020751 -0.018700 0.536862 -0.001274 0.843462
28.123280 195.377632 -6.880247 -29.809020 -0.012831 0.537676 0.002277 0.843051
28.538650 198.086346 -6.838385 -28.559245 -0.016260 0.539826 0.006857 0.841592
28.953800 200.804576 -6.794951 -27.316666 -0.012384 0.542298 0.003330 0.840088
29.161270 202.171566 -6.778382 -26.692750 -0.013759 0.543464 0.002291 0.839317
29.472530 204.221809 -6.759450 -25.763991 -0.018499 0.547225 0.000210 0.836781
29.887780 206.966004 -6.726292 -24.642590 -0.015809 0.563263 0.000064 0.826126
30.095530 208.357212 -6.702417 -24.129807 -0.018081 0.573016 0.003107 0.819339
30.303050 209.766522 -6.677442 -23.646439 -0.021985 0.579676 0.008834 0.814502
30.717780 212.595887 -6.587461 -22.674077 -0.024210 0.583620 0.008212 0.811625
31.132530 215.458325 -6.493340 -21.688150 -0.026493 0.582255 0.007678 0.812538
31.340050 216.905775 -6.438946 -21.190584 -0.025673 0.580205 0.009884 0.814006
31.754790 219.827303 -6.315679 -20.110985 -0.032228 0.572171 0.010893 0.819428
31.962280 221.274771 -6.245639 -19.540003 -0.032046 0.568357 0.004558 0.822145
32.169650 222.739752 -6.182845 -18.952822 -0.033476 0.564421 0.001937 0.824805
32.584530 225.667300 -6.068231 -17.745470 -0.033063 0.556952 -0.000043 0.829887
32.791900 227.124440 -6.016332 -17.134914 -0.030355 0.553085 0.002295 0.832568
32.999410 228.573431 -5.960878 -16.492607 -0.032205 0.549282 0.000043 0.835016
33.414280 231.458175 -5.861772 -15.176622 -0.027966 0.542024 -0.006131 0.839875
33.518170 232.176765 -5.836734 -14.833814 -0.031201 0.540612 -0.007578 0.840659
33.725530 233.634721 -5.779510 -14.160880 -0.039578 0.538644 0.000432 0.841603
34.140410 236.506868 -5.617913 -12.789758 -0.040147 0.533652 -0.000113 0.844751
34.347780 237.932111 -5.545071 -12.089219 -0.036591 0.529709 -0.001334 0.847389
34.762530 240.802651 -5.401104 -10.637862 -0.039311 0.523059 0.003352 0.851383
34.970030 242.228412 -5.310446 -9.901723 -0.043065 0.520909 0.007397 0.852493
35.385050 245.066954 -5.116068 -8.394083 -0.039284 0.518240 -0.000561 0.854332
35.592410 246.486551 -5.028309 -7.640519 -0.036629 0.517959 -0.001984 0.854619
36.007180 249.363972 -4.875202 -6.121397 -0.037363 0.515970 0.003108 0.855786
36.214530 250.803596 -4.795817 -5.348388 -0.041079 0.514779 0.004632 0.856326
36.422040 252.238502 -4.708291 -4.570964 -0.039120 0.513766 0.003235 0.857032
36.629530 253.688219 -4.619707 -3.787909 -0.038357 0.512120 0.004734 0.858044
37.044540 256.564393 -4.442665 -2.178032 -0.039302 0.504602 0.006098 0.862436
37.148290 257.273296 -4.401344 -1.758978 -0.039144 0.502597 0.003360 0.863627
37.355660 258.687575 -4.318245 -0.930290 -0.035182 0.496474 0.003788 0.867330
37.770280 261.468776 -4.163927 0.835913 -0.032974 0.473803 0.009268 0.879965
37.977790 262.814585 -4.080461 1.792037 -0.036872 0.460307 0.011231 0.886922
38.393160 265.432086 -3.898311 3.808612 -0.039828 0.445775 0.000502 0.894258
38.601160 266.739498 -3.819385 4.815158 -0.040344 0.451215 -0.007773 0.891469
39.017160 269.445435 -3.679619 6.683856 -0.038590 0.472385 -0.008261 0.880509
39.121160 270.133600 -3.648760 7.127217 -0.038462 0.477196 -0.006781 0.877929
39.328910 271.522707 -3.582586 7.983256 -0.035011 0.486059 -0.004952 0.873210
39.743820 274.352663 -3.449008 9.687690 -0.042118 0.498032 -0.006281 0.866113
39.951290 275.796952 -3.369291 10.528270 -0.043614 0.501438 -0.007312 0.864062
40.366160 278.685090 -3.243597 12.198172 -0.034075 0.504626 -0.017975 0.862478
40.573540 280.167915 -3.198224 13.043052 -0.036813 0.505146 -0.016080 0.862098
40.988410 283.152228 -3.081833 14.752081 -0.037891 0.500298 -0.012699 0.864931
41.195790 284.635280 -3.018800 15.640054 -0.039154 0.496727 -0.014333 0.866905
41.610540 287.621410 -2.903417 17.463027 -0.032038 0.486500 -0.013957 0.872982
41.817920 289.125509 -2.847788 18.441840 -0.036257 0.479101 -0.013549 0.876906
42.025300 290.612577 -2.773745 19.455600 -0.043903 0.471969 -0.013549 0.880417
42.440040 293.552953 -2.614455 21.542653 -0.036911 0.456245 -0.016670 0.888932
42.647420 294.998533 -2.558900 22.609688 -0.029683 0.448819 -0.014261 0.893016
43.062290 297.912273 -2.441716 24.872994 -0.033990 0.432994 -0.001609 0.900754
43.477330 300.759653 -2.269063 27.297549 -0.039078 0.419461 -0.003281 0.906926
43.892430 303.578714 -2.090419 29.786467 -0.034225 0.409111 -0.003792 0.911835
44.099960 304.977424 -2.003327 31.079638 -0.039828 0.404326 -0.003921 0.913739
44.722330 309.110074 -1.747669 35.007436 -0.032267 0.388750 0.000890 0.920778
44.826160 309.800042 -1.704756 35.683071 -0.031154 0.385585 0.002726 0.922142
45.344810 313.102375 -1.500422 39.079587 -0.031513 0.373173 0.004258 0.927217
45.656170 315.033178 -1.377819 41.147368 -0.030266 0.365416 0.006827 0.930327
45.967420 316.927880 -1.246653 43.265718 -0.034781 0.358927 0.005309 0.932702
46.382670 319.409006 -1.049570 46.088758 -0.035566 0.353646 0.005347 0.934688
46.486540 320.015330 -1.001424 46.779289 -0.031300 0.353243 0.004799 0.934996
46.901920 322.512374 -0.818225 49.618982 -0.035788 0.356656 0.005816 0.933532
47.005800 323.141266 -0.768903 50.320599 -0.035842 0.359116 0.005445 0.932588
47.213560 324.413836 -0.675474 51.723688 -0.032993 0.365405 0.000948 0.930263
47.628800 327.069488 -0.505146 54.495430 -0.034571 0.380229 -0.000239 0.924246
47.836440 328.450656 -0.405357 55.875000 -0.041643 0.388532 -0.000054 0.920494
48.251420 331.274971 -0.208830 58.544903 -0.034368 0.402936 -0.003198 0.914577
48.458800 332.740845 -0.121065 59.872168 -0.036296 0.408977 -0.002536 0.911819
48.666190 334.234114 -0.024048 61.190532 -0.037738 0.414022 -0.002426 0.909481
49.080930 337.261305 0.171194 63.803495 -0.039983 0.422978 -0.006645 0.905233
49.288320 338.811669 0.270017 65.098164 -0.039802 0.426809 -0.006881 0.903439
49.703170 341.960266 0.468575 67.668998 -0.042752 0.433667 -0.008130 0.900022
49.910550 343.540356 0.566038 68.931728 -0.041587 0.437049 -0.009796 0.898422
50.325300 346.753621 0.782351 71.435852 -0.047354 0.439463 -0.000864 0.897011
50.636450 349.146871 0.958659 73.295918 -0.039115 0.440629 -0.002091 0.896834
50.740210 349.950170 1.010259 73.915923 -0.037327 0.441212 -0.001321 0.896625
50.947600 351.559956 1.109866 75.149653 -0.038616 0.442349 0.003049 0.896006
51.362310 354.777053 1.335128 77.609125 -0.039249 0.443155 0.007703 0.895552
51.776930 357.992714 1.567935 80.074706 -0.039161 0.443354 0.010492 0.895429
51.984300 359.594909 1.686918 81.301731 -0.037026 0.443957 0.010661 0.895219
52.191670 361.197889 1.802006 82.526776 -0.037821 0.444165 0.012319 0.895062
52.814180 365.999045 2.175080 86.162491 -0.035341 0.442322 0.027091 0.895750
52.917930 366.788726 2.242981 86.768551 -0.035004 0.441760 0.028660 0.895992
53.332930 369.823334 2.503608 89.127923 -0.035475 0.438890 0.031779 0.897278
53.540300 371.280161 2.635461 90.278404 -0.039055 0.437633 0.032657 0.897711
53.955300 374.033513 2.929055 92.498469 -0.052377 0.437992 0.025288 0.897096
54.162800 375.329808 3.079729 93.538203 -0.054345 0.438824 0.020710 0.896689
54.370180 376.584380 3.224256 94.523876 -0.052873 0.439470 0.019580 0.896486
54.785060 379.001891 3.493734 96.401098 -0.053151 0.442578 0.018860 0.894955
55.200180 381.296516 3.740784 98.112757 -0.053842 0.454633 0.013423 0.888948
55.407810 382.441343 3.863498 98.921221 -0.051075 0.462769 0.009365 0.884957
55.615430 383.635535 3.987950 99.722932 -0.056244 0.473446 0.009057 0.878979
56.030430 386.123763 4.255110 101.245977 -0.059611 0.492952 0.012772 0.867918
56.237800 387.396147 4.386754 101.963756 -0.053111 0.500140 0.014700 0.864189
56.445350 388.719582 4.527982 102.687373 -0.051427 0.505327 0.020408 0.861152
56.860440 391.474058 4.881987 104.178249 -0.072321 0.513648 0.032341 0.854335
57.275560 394.297446 5.318979 105.614084 -0.073836 0.524200 0.036835 0.847588
57.483060 395.731752 5.545460 106.298222 -0.073999 0.529372 0.041756 0.844124
57.690560 397.151330 5.775076 106.962584 -0.072348 0.534731 0.042094 0.840867
58.105810 399.948118 6.211339 108.196219 -0.072656 0.549836 0.042348 0.831029
58.313440 401.325451 6.426738 108.749666 -0.073612 0.558678 0.042885 0.824997
58.728680 404.003054 6.816316 109.732375 -0.066789 0.579022 0.031560 0.811958
59.144310 406.726415 7.139889 110.490326 -0.056274 0.611177 0.027786 0.789002
59.455810 408.834372 7.346049 110.894140 -0.045752 0.635255 0.029669 0.770375
59.663310 410.308550 7.492296 111.129103 -0.050719 0.647823 0.033604 0.759358
59.870680 411.809187 7.648665 111.329571 -0.055016 0.656325 0.039775 0.751418
60.285560 414.845940 8.005125 111.696500 -0.064005 0.667420 0.038502 0.740927
60.493060 416.344094 8.162925 111.875223 -0.059813 0.672351 0.020592 0.737525
60.596810 417.110448 8.247718 111.942112 -0.053474 0.674042 0.015781 0.736586
60.804180 418.669499 8.394056 112.104151 -0.062526 0.675429 0.014059 0.734635
61.218940 421.692777 8.620879 112.417432 -0.045752 0.670536 -0.007849 0.740424
61.322690 422.451289 8.667968 112.507259 -0.047494 0.668860 -0.008701 0.741819
61.530190 423.950246 8.732896 112.694945 -0.057071 0.666708 -0.003933 0.743121
61.945060 426.787258 8.860433 113.023641 -0.043455 0.662981 -0.005556 0.747354
62.152610 428.155728 8.903539 113.189349 -0.038316 0.663126 -0.007638 0.747487
62.567930 430.796396 8.958468 113.517960 -0.039572 0.671166 -0.017965 0.740032
62.775810 432.087799 8.972990 113.604683 -0.038263 0.684230 -0.019431 0.728003
62.983690 433.322818 8.975401 113.626754 -0.035565 0.697435 -0.017255 0.715557
63.191440 434.481056 8.974869 113.611193 -0.033395 0.709971 -0.016751 0.703239
63.710810 436.942343 8.944629 113.409305 -0.025353 0.740619 -0.019073 0.671176
64.022190 438.085247 8.920489 113.245594 -0.015283 0.753310 -0.027756 0.656902
64.437070 439.359903 8.861055 112.995050 -0.005917 0.763310 -0.021572 0.645644
65.162710 440.906289 8.783372 112.717974 -0.009101 0.770452 -0.022575 0.637033
66.614310 443.242859 8.709687 112.422275 -0.013840 0.747274 -0.025530 0.663881
67.132820 444.501809 8.661307 112.327515 -0.007988 0.725585 -0.016030 0.687900
67.547320 445.653721 8.630531 112.379698 -0.008066 0.696436 -0.015855 0.717399
67.858320 446.624136 8.621690 112.528669 -0.010980 0.669953 -0.022748 0.741973
68.169320 447.711805 8.597097 112.741559 -0.010134 0.640733 -0.018900 0.767464
68.791570 450.241204 8.564531 113.549648 -0.010640 0.582610 -0.017020 0.812504
69.413950 453.214622 8.531758 114.857096 -0.006593 0.535983 -0.010424 0.844139
69.621440 454.295143 8.518710 115.428506 -0.006288 0.521644 -0.010969 0.853069
69.829070 455.424535 8.509345 116.066509 -0.007482 0.509799 -0.011486 0.860184
70.244320 457.840785 8.497992 117.501424 -0.011472 0.495644 -0.010950 0.868381
70.451940 459.131966 8.499935 118.289499 -0.012507 0.492262 -0.011756 0.870278
70.867190 461.834226 8.497540 119.959035 -0.010012 0.486988 -0.011352 0.873277
71.074690 463.244518 8.488941 120.848164 -0.008281 0.484550 -0.011327 0.874651
71.282190 464.686151 8.475285 121.759342 -0.006393 0.482525 -0.009432 0.875808
71.697200 467.687237 8.432927 123.690597 -0.002105 0.480197 -0.010953 0.877090
71.904720 469.253591 8.407441 124.710517 -0.004470 0.479945 -0.010724 0.877222
72.112200 470.855886 8.382708 125.746298 -0.004545 0.479476 -0.009296 0.877494
72.527200 474.174539 8.334459 127.889538 -0.002087 0.477949 -0.005987 0.878364
72.734700 475.887932 8.307304 129.008051 -0.001941 0.477238 -0.006121 0.878750
72.942200 477.613708 8.280403 130.145169 -0.002038 0.476557 -0.007071 0.879113
73.357220 481.195571 8.221103 132.494443 -0.003468 0.480101 -0.012245 0.877121
73.564950 483.039765 8.176667 133.675164 -0.004282 0.487703 -0.018068 0.872812
73.980600 486.836747 8.064927 135.880630 -0.009067 0.514824 -0.022490 0.856953
74.188450 488.805501 8.009094 136.885642 -0.008702 0.530502 -0.024458 0.847286
74.396200 490.826393 7.945898 137.820928 -0.007105 0.547430 -0.027163 0.836380
74.811700 494.982781 7.788238 139.408655 -0.005504 0.587431 -0.031270 0.808651
75.019330 497.109055 7.678040 140.039230 -0.004187 0.610102 -0.037629 0.791418
75.434820 501.470463 7.392392 140.898578 0.003356 0.655846 -0.042118 0.753711
75.642200 503.669082 7.217645 141.129172 0.007536 0.674715 -0.041835 0.736853
76.056950 508.158859 6.829325 141.311382 0.010844 0.706270 -0.043907 0.706497
76.264200 510.423180 6.625789 141.261700 0.012423 0.717279 -0.039171 0.695573
76.471330 512.708568 6.423387 141.162789 0.018175 0.722458 -0.038160 0.690121
76.885860 517.305493 5.988758 140.938577 0.019853 0.727545 -0.040743 0.684562
77.093250 519.648030 5.760388 140.791906 0.021598 0.729780 -0.040477 0.682141
77.611580 525.638797 5.194290 140.404339 0.020752 0.732042 -0.042317 0.679627
77.922710 529.360702 4.820875 140.156752 0.020010 0.732050 -0.042999 0.679598
78.026330 530.628507 4.694676 140.075581 0.019784 0.732273 -0.044147 0.679291
78.130080 531.895450 4.568794 139.988995 0.018686 0.733085 -0.043477 0.678489
78.337450 534.441064 4.314913 139.803135 0.019034 0.734727 -0.043564 0.676695
78.752330 539.600847 3.795258 139.376979 0.017914 0.738992 -0.043856 0.672047
79.063330 543.549949 3.403608 139.006086 0.017352 0.742381 -0.044274 0.668289
79.167080 544.892355 3.270642 138.872803 0.017499 0.743289 -0.044433 0.667264
79.478210 548.956990 2.860629 138.440015 0.018640 0.746022 -0.044714 0.664157
79.581950 550.329866 2.720832 138.287506 0.018451 0.747055 -0.044740 0.662998
79.893210 554.483229 2.294837 137.790946 0.018028 0.750907 -0.044649 0.658650
80.100580 557.282813 2.006201 137.428721 0.019076 0.752961 -0.044660 0.656270
80.515330 562.972485 1.411091 136.654501 0.020005 0.755295 -0.044276 0.653581
80.826440 567.312466 0.954381 136.039613 0.021077 0.756438 -0.042954 0.652313
81.344940 574.670524 0.194358 134.974340 0.019838 0.758262 -0.041812 0.650305
81.759710 580.641011 -0.429998 134.091504 0.020696 0.758411 -0.042299 0.650073
82.070830 585.147431 -0.917056 133.422990 0.022907 0.757782 -0.042974 0.650687
82.278210 588.147991 -1.245306 132.981430 0.023912 0.756567 -0.040529 0.652221
82.693080 594.145174 -1.888185 132.139026 0.023720 0.755116 -0.039977 0.653941
83.107850 600.116935 -2.529487 131.322553 0.022251 0.754233 -0.040907 0.654954
83.315210 603.108752 -2.844790 130.916932 0.022886 0.753957 -0.038376 0.655402
83.418960 604.592365 -2.997138 130.706800 0.025352 0.753714 -0.035789 0.655737
83.522590 606.100616 -3.154260 130.502394 0.026880 0.753302 -0.035850 0.656147
83.626210 607.592901 -3.312743 130.304363 0.027607 0.753127 -0.037162 0.656245
83.833580 610.575505 -3.635387 129.920006 0.025091 0.752698 -0.038519 0.656759
84.248350 616.530934 -4.266285 129.163446 0.022804 0.751593 -0.040199 0.658006
84.352100 617.977425 -4.419932 128.981612 0.021721 0.751617 -0.040258 0.658012
84.766730 623.898243 -5.044425 128.216445 0.024324 0.751251 -0.037521 0.658500
84.973960 626.836400 -5.361191 127.851921 0.025635 0.750110 -0.040010 0.659604
85.388710 632.606306 -5.998621 127.166134 0.020920 0.749140 -0.039068 0.660928
85.492460 634.042785 -6.148483 126.992976 0.021409 0.749119 -0.037817 0.661008
85.699750 636.903112 -6.446784 126.651990 0.021854 0.749326 -0.038370 0.660728
86.114460 642.414589 -7.034672 125.990678 0.019846 0.750400 -0.038513 0.659562
86.321830 645.047843 -7.312593 125.667889 0.017277 0.751121 -0.036754 0.658914
86.736730 649.988085 -7.841993 125.046707 0.020100 0.751264 -0.037179 0.658647
86.944090 652.286196 -8.088572 124.764909 0.019003 0.750331 -0.036205 0.659797
87.358710 656.486715 -8.519089 124.279500 0.014980 0.747992 -0.033537 0.662690
87.877340 660.856648 -8.961437 123.792664 0.014554 0.748374 -0.036580 0.662108
88.085210 662.280396 -9.109516 123.607050 0.011833 0.756799 -0.039774 0.652329
88.293330 663.572109 -9.249440 123.363358 0.011018 0.773593 -0.042663 0.632150
88.501590 664.767148 -9.382979 123.023113 0.015008 0.795790 -0.043337 0.603833
88.918590 666.905343 -9.636142 122.061331 0.014646 0.853295 -0.041996 0.519528
89.335590 668.448445 -9.858689 120.750624 0.019261 0.912367 -0.047046 0.406204
89.751840 669.611952 -10.098540 119.080925 0.027820 0.957330 -0.046154 0.283930
90.167590 670.300192 -10.341849 117.147386 0.036718 0.985694 -0.048934 0.157050
90.375470 670.469588 -10.456241 116.091621 0.037955 0.993638 -0.054112 0.091189
90.790840 670.388376 -10.708634 113.844058 0.039588 0.996783 -0.055450 -0.042218
90.998490 670.113633 -10.834582 112.690604 0.040020 0.991296 -0.060208 -0.110030
91.102090 669.922575 -10.901960 112.123082 0.040399 0.987080 -0.061224 -0.142450
91.205840 669.683091 -10.970287 111.557852 0.042329 0.982048 -0.061265 -0.173308
91.620220 668.388852 -11.237697 109.294767 0.045659 0.958464 -0.064685 -0.274004
92.034130 666.642669 -11.511718 107.007388 0.045258 0.941371 -0.058355 -0.329193
92.448600 664.606210 -11.762890 104.698496 0.037209 0.927969 -0.048197 -0.367650
92.863470 662.288035 -11.967037 102.454479 0.027039 0.910845 -0.030759 -0.410711
93.174720 660.364185 -12.066345 100.919526 0.024643 0.894041 -0.024862 -0.446615
93.278470 659.683595 -12.093606 100.439576 0.025883 0.888063 -0.022213 -0.458454
93.485840 658.275675 -12.135122 99.532122 0.030629 0.877034 -0.019047 -0.479073
93.900350 655.317509 -12.163665 97.747592 0.032836 0.867615 -0.009441 -0.496062
94.003970 654.562493 -12.162945 97.282967 0.029979 0.867486 -0.005786 -0.496523
94.107640 653.801145 -12.160426 96.814547 0.026648 0.867771 -0.004795 -0.496226
94.418590 651.481827 -12.169812 95.391727 0.019266 0.871014 -0.012244 -0.490727
94.625970 649.892786 -12.197128 94.394689 0.019593 0.873882 -0.012296 -0.485587
94.729720 649.094260 -12.214436 93.877256 0.017589 0.874866 -0.011950 -0.483898
94.833490 648.289096 -12.232373 93.352593 0.014576 0.875342 -0.013458 -0.483097
95.040970 646.644811 -12.275806 92.291104 0.011921 0.875487 -0.015073 -0.482859
95.144720 645.805463 -12.303617 91.746307 0.011902 0.875751 -0.014738 -0.482392
95.248350 644.956563 -12.327730 91.202594 0.013317 0.876127 -0.014164 -0.481687
95.352090 644.102263 -12.352140 90.655293 0.015495 0.876473 -0.013721 -0.481006
95.559540 642.401941 -12.400164 89.546898 0.016821 0.877975 -0.012016 -0.478260
96.181600 637.411013 -12.539145 86.186376 0.019749 0.883682 -0.014794 -0.467437
96.492870 634.966724 -12.612779 84.484729 0.019969 0.884907 -0.013610 -0.465140
96.596600 634.168312 -12.636262 83.926480 0.019570 0.885110 -0.015027 -0.464728
97.011470 631.028736 -12.729774 81.726847 0.019599 0.885312 -0.012587 -0.464413
97.322500 628.733461 -12.801408 80.116640 0.020845 0.886390 -0.013695 -0.462267
97.529990 627.258418 -12.845205 79.059279 0.020234 0.887675 -0.013439 -0.459830
97.945070 624.467776 -12.936807 77.025371 0.018710 0.890190 -0.013041 -0.455018
98.152470 623.165002 -12.986441 76.064819 0.018906 0.890748 -0.012588 -0.453931
98.567470 620.775502 -13.067318 74.289385 0.019962 0.892108 -0.010576 -0.451258
98.774870 619.710015 -13.105257 73.477200 0.018865 0.893033 -0.007931 -0.449526
98.982350 618.738958 -13.131993 72.739802 0.018651 0.893932 -0.007761 -0.447748
99.500850 616.768778 -13.199379 71.230976 0.018255 0.894944 -0.011305 -0.445661
99.915730 615.616912 -13.240054 70.360246 0.021340 0.895403 -0.012212 -0.444578
100.952600 613.791214 -13.312004 68.950927 0.021089 0.895968 -0.016005 -0.443328
101.471000 612.981093 -13.343382 68.321286 0.020419 0.895972 -0.015718 -0.443361
102.093200 612.085163 -13.374401 67.633204 0.021413 0.895998 -0.015597 -0.443268
103.856400 610.170609 -13.443803 66.141492 0.017777 0.896466 -0.017949 -0.442393
104.374600 609.263749 -13.482867 65.410834 0.016266 0.899782 -0.023381 -0.435409
104.996700 607.550279 -13.558552 63.924075 0.019959 0.910440 -0.027280 -0.412257
105.411500 606.118805 -13.635807 62.552256 0.021607 0.918703 -0.025988 -0.393500
105.826500 604.497702 -13.714709 60.888005 0.022055 0.924835 -0.019134 -0.379247
106.137900 603.169609 -13.770129 59.470847 0.016309 0.926618 -0.014727 -0.375361
106.241700 602.692766 -13.783574 58.970751 0.016907 0.927144 -0.015130 -0.374018
106.656800 600.703518 -13.865727 56.833311 0.009502 0.928426 -0.019118 -0.370904
106.864200 599.621992 -13.918173 55.695193 0.012664 0.928973 -0.023000 -0.369216
107.071800 598.510459 -13.986010 54.482022 0.010765 0.929407 -0.019353 -0.368390
107.486500 596.156051 -14.106927 51.916319 0.013473 0.931600 -0.017653 -0.362807
107.693900 594.940704 -14.167274 50.559401 0.015813 0.933528 -0.017444 -0.357730
108.108700 592.521939 -14.303470 47.783828 0.018424 0.936441 -0.020261 -0.349755
108.316200 591.338671 -14.386321 46.387512 0.014647 0.936569 -0.021217 -0.349534
108.731200 588.944824 -14.553089 43.606735 0.013336 0.935440 -0.020258 -0.352653
108.938900 587.721751 -14.636313 42.213887 0.013177 0.934480 -0.020995 -0.355150
109.146400 586.483727 -14.720394 40.820770 0.013483 0.933529 -0.022004 -0.357573
109.561200 583.957558 -14.900686 38.020618 0.013422 0.931552 -0.023314 -0.362613
109.768700 582.674624 -14.995000 36.616481 0.013128 0.930882 -0.024113 -0.364286
110.183500 580.076475 -15.186913 33.775012 0.011643 0.930822 -0.023546 -0.364527
110.390900 578.769010 -15.284534 32.340704 0.011960 0.931299 -0.023968 -0.363270
110.805600 576.152045 -15.496507 29.442561 0.010407 0.932485 -0.026857 -0.360057
111.012900 574.855715 -15.607167 27.981202 0.010672 0.933481 -0.023119 -0.357722
111.220200 573.573838 -15.711304 26.530960 0.011987 0.934244 -0.023040 -0.355688
111.427600 572.306412 -15.815494 25.085170 0.012171 0.935009 -0.024266 -0.353584
111.738700 570.434780 -15.981377 22.928380 0.011647 0.936054 -0.027108 -0.350616
111.946100 569.205190 -16.090679 21.487058 0.010843 0.936840 -0.023684 -0.348787
112.360900 566.803795 -16.294441 18.658649 0.007419 0.936462 -0.023861 -0.349879
112.568200 565.603157 -16.402138 17.294280 0.012601 0.935532 -0.026008 -0.352057
112.983000 563.250971 -16.615381 14.630670 0.014223 0.934001 -0.028017 -0.355885
113.190500 562.140698 -16.733577 13.366943 0.009044 0.933005 -0.033299 -0.358207
113.605200 560.048379 -16.986522 11.040533 0.009511 0.931913 -0.034085 -0.360951
113.812600 559.103636 -17.104641 10.003746 0.011054 0.931604 -0.035687 -0.361549
114.020100 558.235576 -17.214366 9.061714 0.012291 0.931466 -0.040965 -0.361305
114.331400 557.063951 -17.370967 7.765942 0.012053 0.931672 -0.039011 -0.361000
114.642500 556.020732 -17.514033 6.591810 0.006104 0.931441 -0.041479 -0.361470
115.264900 554.129415 -17.768206 4.495151 0.005188 0.931088 -0.038037 -0.362770
115.576100 553.266207 -17.878444 3.572121 0.009451 0.930775 -0.039941 -0.363282
116.198300 551.771568 -18.080804 1.938172 0.009913 0.930982 -0.044044 -0.362263
116.509400 551.125729 -18.174328 1.242020 0.013163 0.931871 -0.048670 -0.359270
116.924200 550.421493 -18.278161 0.412642 0.008715 0.933906 -0.048620 -0.354090
117.339100 549.870608 -18.374413 -0.221074 0.010045 0.935419 -0.049699 -0.349885
118.272500 549.041513 -18.512784 -1.183789 0.007908 0.935234 -0.054131 -0.349777
120.346600 548.318040 -18.639407 -2.042039 0.005361 0.936037 -0.057227 -0.347175
