0.1038752  0.000103455322691096  3.74346429692987e-05 -0.000182025015667477 -1.21326307017046e-05 -1.67135891644397e-05 5.58774045043434e-05 0.999999998225585
0.830874   -0.123055155893673 -0.00490968470209615    0.814015877939494 0.00235080589786641 -0.0418741705113154 0.000138503052751478 0.999120117089294
1.245873  -0.316001253403753 -0.0229742629174244    1.46724120624361 0.00432757408375932 -0.0878344891612701 -0.00343364066890117 0.996119764249302
1.556997   -0.54345703983348 -0.0376611533362631    2.02097224105788 0.00519237708583117 -0.132205859489378 -0.00657217473531089 0.991186892798791
1.868001999  -0.836356904931143 -0.0494186817229319    2.57133118323378 0.00487673418809301 -0.183520194835543 -0.010065913914463 0.98295230450325
2.179126   -1.21516228255128 -0.0485539427440638    3.14210389213157 0.00518368236616116 -0.239854251555402 -0.00993222757741798 0.970744259989867
2.490143999   -1.70457613368849 -0.0653045923755722    3.68491913249043 0.00284065204373035 -0.307710152879525 -0.0111016503975306 0.951411133984292
2.697328999   -2.11109585942136 -0.0722766796419906    4.03174588752314 0.00253442008245597 -0.358831482026049 -0.012930514126246 0.933309351729782
2.904640999   -2.56828822395156 -0.0687089747260781    4.37776815002286 0.000280137193947824 -0.412564023541373 -0.00795794400103115 0.910893802333611
3.112000999  -3.11411218052959 -0.063327627826466   4.68814638436298 -0.00239883107872894 -0.465657434031372 -0.00679771779019918 0.884935698666078
3.319373999   -3.73496442974203 -0.0554739389952064    4.93661980009693 -0.00424029479851609 -0.51852295060625 -0.00721578840710877 0.855022749400432
3.526892999   -4.42453904660772 -0.0499069491355509    5.12306950378711 -0.00639953937968476 -0.568936979416723 -0.00814214326237559 0.822315915479567
3.734395   -5.18961125773909 -0.0449682364603702    5.25545801462221 -0.0105556016947581 -0.614767690584501 -0.00824227588848155 0.788594528750003
3.942121999   -6.02659891637895 -0.0380634617262266     5.3199294948232 -0.0107125790127505 -0.653336161422241 -0.00880220818980834 0.756940963325365
4.150266    -6.9152009170924 -0.0154457475535477    5.32088496080761 -0.00847648761026839 -0.683319554549792 -0.0100523244912328 0.730001018012982
4.358512    -7.91605718580282 -0.00573927998170912     5.29754812591922 -0.00704734732226878 -0.707080785748911 -0.00773767722572648 0.707055320092829
4.566885   -8.8950321522263 0.0108728712732915   5.20655072155445 -0.00483331788862694 -0.72358491536636 -0.00709439374467135 0.690181989673623
4.7755  -10.0095682958775 0.0250938564224659   5.11429774088323 -0.00524667495313649 -0.733652294162961 -0.00640522533556661 0.679474618186553
4.98425  -11.1396780056173 0.0262425844449858    4.9875514646651 -0.00504809850063732 -0.739181934587055 -0.00861898612976203 0.673431731773727
5.192878  -12.3813989349038 0.0410429798536435   4.86630164073669 -0.00648393049037717 -0.741173002440724 -0.00824331502367407 0.671232140809585
5.505748999  -14.2676822526797 0.0610083631975794   4.66896632437266 -0.00766548829243839 -0.73974545652119 -0.0104201501342418 0.672762454597962
5.714253  -15.6226461710332 0.0820556452365392   4.53487736007826 -0.00607877588617954 -0.738722534693583 -0.0101624217238534 0.673905624256335
5.922523   -17.06079812171 0.106553765533487  4.40220471968398 -0.00796794566855542 -0.737492820930475 -0.0126827548227316 0.675188861466138
6.130875999  -18.524711165719 0.129319643235258    4.264643398638 -0.00776510848353259 -0.736231726546789 -0.0140392576266595 0.676539316789102
6.339025 -20.0565687180884 0.158638746077707  4.12664429414604 -0.00540926006875029 -0.735157106567312 -0.0138996444868917 0.677732667393439
6.547271 -21.6349492119334 0.186098926915657  4.00121062165347 -0.00856766985758687 -0.73425928682764 -0.0137618459509286 0.678675553071274
6.755379999 -23.2506228378656 0.210226773800358   3.8669863250102 -0.00798663564439945 -0.733579128505852 -0.0122676306243339 0.679446378392396
6.963377999 -24.8651681291491 0.229113506194807  3.74286356526833 -0.00561350365336114 -0.733652945634221 -0.00640562831883477 0.679470979413253
7.171255999 -26.5461049861356 0.242481430645133  3.60547131068115 -0.00866071237339302 -0.733814081346736 -0.00919454925978478 0.67923291023208
7.379272  -28.241899412622 0.265423154982169  3.45928059094928 -0.0117815419318641 -0.733878458874655 -0.0150782715760567 0.679011228622729
7.587271 -29.9188468307568 0.292937381304993  3.31276534951159 -0.0100767972219648 -0.734172577191693 -0.0145614388352357 0.678731942342853
7.795130999 -31.6048125432886  0.32511745880667  3.16590835459259 -0.00903838871761261 -0.734286131949272 -0.0146440976297492 0.678621937724516
8.003004 -33.2676060180063 0.346979138430012  3.02181735693097 -0.00876002125724304 -0.734175059629702 -0.0155352664706016 0.678725938314563
8.211004 -34.9476828371192 0.371642066394086  2.87488758168946 -0.00482443093551003 -0.734014903772075 -0.0129464097822172 0.678992810256759
8.418879999 -36.6170137306882 0.387755583757625   2.7356116684103 -0.00642741062211836 -0.733606824486061 -0.0136090276837433 0.679407469656962
8.626898999 -38.2918087048804 0.414800602353227  2.59927960737377 -0.0105296944878592 -0.733180898545513 -0.0169264293693817 0.679741415194624
8.938755999 -40.7846445201865 0.463949311918502  2.39732114880378 -0.0100501424543272 -0.733083859581846 -0.0165545853391455 0.67986248253708
9.146630999 -42.4282586027015 0.491434300215189   2.2565144522362 -0.00594118503735582 -0.732908762919137 -0.0158040408117857 0.68011740152029
9.354504999 -44.0819921966884 0.509785478750183  2.11722422003951 -0.00437622479241136 -0.733329698113225 -0.0148365710872531 0.679697196316202
9.562502999 -45.7446766767073 0.527857692142959  1.98388549354672 -0.00529169143430139 -0.734069926258727 -0.00996770184575161 0.678980107428919
9.770379999 -47.3675580143805 0.539153493139237  1.84946977363181 -0.00956303383947904 -0.735222732451702 -0.0125814059518796 0.677641343406903
9.978132999 -48.9937324438146 0.558992430260997  1.70619919408216 -0.0111859387851632 -0.736356453925367 -0.0129426559608891 0.676377509378181
10.186009999 -50.5975068560958 0.577073887871003  1.54006481813561 -0.00588709861712353 -0.737103155780113 -0.0131811474646651 0.675626033512908
10.393879999 -52.1969922850469 0.592024266901037  1.37345311557697 -0.00381448229087231 -0.7378430114831 -0.0152016409460354 0.674790375037278
10.601749999 -53.7741200144201 0.605458629913509  1.21645612021257 -0.00362474695267287 -0.738466955065165 -0.0162149283170172 0.674084930543613
10.809649999 -55.3547683212154 0.621905220299274  1.05301171739791 -0.00459679783458871 -0.738849766316512 -0.0163823920271532 0.673655334347745
11.017509999 -56.8962213692862 0.642868860574733 0.902655040262445 -0.00707809487038067 -0.738879141525631 -0.018939987735223 0.67353455119685
11.225379999 -58.4357805322113 0.667192605152486 0.746026794025262 -0.00795136776805231 -0.739287043038827 -0.0195668449267061 0.673059122458896
11.43326 -59.9549185134262 0.690864435275308 0.586295408182067 -0.00645194648486029 -0.739470308218327 -0.0171062480298811 0.672940868077121
11.745129999 -62.0446983794791 0.713407957286036 0.371870057225664 -0.00353494984851688 -0.738186613710336 -0.0158937407155246 0.674400041870182
12.057259999 -64.0956750636397 0.727053346143273 0.199197675189154 -0.00525482249704111 -0.732319670926279 -0.0169740994951885 0.680729143170232
12.26551 -65.3563963893752 0.735650120512003 0.120519977834334 -0.00535056635519026 -0.725210138497907 -0.0190616836618767 0.688242892208485
12.47391  -66.5438414081012  0.750236404623475 0.0937326259692668 -0.00484679646063668 -0.713637720828542 -0.0213987958761748 0.70017126726949
12.682389999 -67.6471671033516 0.763450095910996  0.13957604042929 -0.00525442533564022 -0.696820094632699 -0.0215009776172611 0.716904355330591
12.89113 -68.6652936946058 0.779076510302755 0.262164447561005 -0.00617928852729139 -0.673853202337102 -0.0197738161549553 0.73857475876718
13.09988  -69.595851358681  0.79005030881078 0.446077278421626 -0.00657548670446186 -0.644161884989773 -0.0189543753085207 0.764626026602342
13.308759999 -70.4484518341883  0.79789471541749 0.726149632947859 -0.00833364387729711 -0.606968075502242 -0.016895598439092 0.794502891407084
13.51763 -71.2532574243767 0.797544801745797  1.10259155799115 -0.0102364514146021 -0.564090980182778 -0.0092543028577189 0.825597322559544
13.726509999 -72.0331298685437 0.812005272270162  1.55971681162892 -0.0108505271310595 -0.516252161016088 -0.00601816935036383 0.856346748662519
13.935129999 -72.7372042189564 0.822516794579769  2.09686088484197 -0.0138218953216273 -0.468838496224175 -0.00157962567663311 0.883174345444145
14.143649999 -73.3685397380111 0.825236863315388  2.70876213099381 -0.0156622873661075 -0.420333561814379 0.00497107954354668 0.907220854001423
14.352149999 -73.9372954084335  0.83194220207559  3.36743822335051 -0.00560058212305674 -0.368723723267943 0.00617439428683409 0.929501654777709
14.560629999 -74.4847857223153 0.835799582964697  4.13937455140592 0.000837424345265287 -0.31306754585882 0.00573558624366471 0.949713174332568
14.769009999 -74.9340302323931 0.832073820452655  5.00441050890719 0.0035690025352875 -0.257019401721289 0.00501479707490989 0.966386641655415
14.97715  -75.355262283178 0.811797695725229  5.98529752254693 0.00315078947271756 -0.206476879422975 0.00125222845044261 0.978445605393247
15.18501 -75.7176984803565 0.796357644098107   7.0445428166637 0.00402480116782795 -0.165313713201268 -0.00346025557268108 0.986226750719397
15.39248 -76.0455232256597 0.772849895038798  8.21211272163239 0.00203507880350157 -0.137019448750972 -0.00321519821474828 0.990561048910507
15.703609999 -76.4677024634044 0.753339513602303  10.0550918254585 -0.000804904277345874 -0.108989942059845 -0.00645794047243977 0.994021548893056
16.014759999 -76.8624781299569 0.733647690866841  12.0697832559582 -0.00126173248940895 -0.0887825382749304 -0.00770424748944884 0.996020438293917
16.222359999 -77.0746664550865 0.724610306839541  13.4561192832435 -0.00186940153591623 -0.0742110517106817 -0.00861047376337265 0.997203632606431
16.42989 -77.2649791127609 0.702645580100971  14.9075117956695 0.00205294166376154 -0.0623197125878054 -0.00931250930477701 0.998010679313577
16.637519999 -77.4327805577575 0.686369713570676  16.4168779381052 0.00516504198840133 -0.053465316050134 -0.00841154407854114 0.998520920285165
16.84514 -77.6085226611648 0.657473565150768  17.9883574652602 -0.00197777339951528 -0.0476187122813553 -0.0111930175369038 0.998800912600436
17.05263 -77.7512004944837 0.637165480525321  19.5214258013492 -0.00335107982630583 -0.0436881589176629 -0.0109098099893907 0.998980025366062
17.26028 -77.8919011796197 0.623596575942564  21.0754591761073 -0.00407625948786957 -0.0407517460622575 -0.0100171030619975 0.999110773111626
17.46789 -78.0114574199502 0.606065244512678  22.6127689154916 -0.00630950421359559 -0.038064415420754 -0.00789429839253184 0.999224184299071
17.675509999 -78.1335375364818 0.589577767840405  24.1289811023341 -0.00083154545823584 -0.0358538859850067 -0.00908260537221771 0.999315422512621
17.88314 -78.2505580706332 0.563914489091472  25.6357804971343 0.00505073516164029 -0.0343120103965059 -0.00999194873358146 0.999348456234052
18.090879999 -78.3678238998161 0.528930248533986  27.1627285804775 0.00226219844662561 -0.0319980558662824 -0.0122058809105657 0.999410838119221
18.29851 -78.4732824128096 0.499675729030101  28.6727437629799 -0.00121893725586543 -0.0296496590271818 -0.0125366468685911 0.999480987511434
18.50626 -78.5600743532589 0.472597973367302  30.1845400839496 -0.00127763548431368 -0.0285548284312878 -0.0102053474331177 0.999539314036521
18.713909999 -78.6533011786219 0.451707439750766  31.6984278484985 0.000232950151747364 -0.0276018802204387 -0.00903660037699959 0.999578121907512
18.92164 -78.7448846930318 0.429717189832915  33.2273060212546 -0.00029036222708119 -0.0268460202614389 -0.0101116704049 0.99958839579475
19.02551 -78.7918033585796 0.418123742123087  34.0003354393032 0.000181978055582669 -0.0268192662954869 -0.0100308520813705 0.999589953854019
19.23326 -78.8851706554345  0.39498868896558  35.5571658953499 -6.24101567693739e-05 -0.0287028013935504 -0.00866032257772172 0.999550471016839
19.440889999 -79.0057064044009 0.370266532587055  37.1504649831694 0.00023017326901631 -0.0316115265617278 -0.0114516224848268 0.999434599536742
19.64851 -79.1267578384285 0.344474457398459  38.7357022873188 0.00444274511438619 -0.0341111375058486 -0.0121677801985311 0.999334097006074
19.856259999  -79.260642797418 0.309943308664962  40.3788223162514 0.0044544910530256 -0.036159401666772 -0.0117263274423263 0.999267305792236
20.064009999 -79.3987748892023 0.275327446163526  42.0546423184452 0.00313925819273817 -0.0381298087905012 -0.0106235846254394 0.999211390141899
20.271889999 -79.5400012133302 0.247803952346239  43.7302538890742 -0.00111639251372691 -0.0391372774642053 -0.0101879950794582 0.999181280817803
20.479749999 -79.6903869053086 0.225292009532038  45.4608193078852 -0.00220747909933183 -0.0377716502338099 -0.0116153245596419 0.999216449879612
20.687509999 -79.8233212055593 0.205422161498492  47.1777246093326 -0.000519931036738415 -0.0360184837962811 -0.0105337148830053 0.999295471493541
20.895389999 -79.9464314360508 0.182243687895828  48.9157887116007 0.000375640800629953 -0.0341877714810976 -0.00806823701724511 0.999382788888511
21.103269999 -80.0648164441164 0.154176873602492  50.6612454059165 -0.00230541898841312 -0.0333461551055899 -0.00535780200517487 0.999426842215395
21.311119999  -80.190881269921 0.126029176671177  52.3959978973287 -0.000840103059912043 -0.0323795397666308 -0.0058927414739135 0.999457920689646
21.41504 -80.2585810811523 0.108328392894855  53.2658935823462 0.00204528773823301 -0.0320187723667681 -0.00727049119366789 0.999458730999933
21.6229  -80.3845598942249 0.0642752491328095   54.9685197189705 0.00769737335723446 -0.0310728129689086 -0.0107151551398768 0.999430045669994
21.83076   -80.500938254878 0.0166033384429181   56.6985269335285 0.00502988134146142 -0.0304714205026336 -0.00892030247668771 0.999483176961957
22.03866   -80.6164079343796 -0.0282409660975192     58.408993977582 -0.00347421405767287 -0.0313930108019522 -0.00781492339048892 0.999470527670462
22.246539999   -80.7236527151846 -0.0510942990299206    60.0673842819088 -0.000637255938689741 -0.033627697500003 -0.0044350814173416 0.999424385293124
22.45439   -80.8574214605191 -0.0879859416084069    61.7390019791988 0.00122541096528322 -0.0362283858776773 -0.00483413452393223 0.999331093065791
22.662269999  -80.9968927516142 -0.125180426187483    63.357920618815 0.00463832590433389 -0.0399500556240488 -0.00609193016993212 0.99917234117806
22.870159999  -81.1601382870773 -0.174970784684194   64.9831166947884 0.00667597329952339 -0.0430415728111435 -0.00948456624499768 0.999005954633701
22.974019999  -81.2448978963285 -0.194414104094449   65.7987418184536 0.00592984903563082 -0.0448345756896986 -0.0112098830292526 0.998913928341982
23.181989999  -81.4155740937303 -0.236460911382737   67.4009796895851 0.000215226030397159 -0.0488738830805603 -0.01276226667303 0.998723396031028
23.28591  -81.5018174912859 -0.250272357471139   68.1925253266808 -0.00155114065384038 -0.0514193989310967 -0.012309398441097 0.99860007915394
23.49376   -81.690728373782 -0.271126923718639   69.7711136988367 -0.00392098147965879 -0.057654367852165 -0.010844119321741 0.998270005984323
23.597639999  -81.7951323203377 -0.281123137711056   70.5605631621712 -0.00368239168366953 -0.0608587604822398 -0.0111607028926562 0.998077196400657
23.701509999  -81.9153761709305 -0.294228028703616   71.3483009307794 -0.00312974612917058 -0.0637609398118118 -0.0136329461113862 0.997867170531131
23.909389999  -82.1424386571316 -0.313403324317028   72.8765935694066 0.000225592540623316 -0.069791888526442 -0.0141520861725515 0.997461157068727
24.11727  -82.3932349085275 -0.334952159280182   74.4125022969106 -0.00147511485979662 -0.0747676514579497 -0.0156906204080399 0.99707643977923
24.32514  -82.6525027328099 -0.358806684893151   75.9305596492015 -0.00467041737802977 -0.0810019598494461 -0.0154283754828916 0.996583581508356
24.53302  -82.9277720229459 -0.371914651913596   77.4202907622796 0.000784079535710441 -0.0887329239986273 -0.0136549613294732 0.995961543157679
24.74076 -83.2314258858071 -0.39626359165868  78.8996537491855 0.000182936672912662 -0.0987080253540675 -0.0122298200882776 0.995041267368084
24.948509999  -83.5738234400461 -0.409521619861211   80.3729106067341 -0.00663801360232659 -0.11040475456842 -0.0123280956728662 0.993788078516332
25.156269999   -83.949396671733 -0.423088919949439   81.8146009693298 -0.00584419251157571 -0.12197150738642 -0.0144658609815687 0.992410971153501
25.36401  -84.3563215250183 -0.428623709538825    83.234382909429 0.00132255048418072 -0.134350787681432 -0.013933999995562 0.990834981393834
25.57179 -84.7995893571656 -0.43939682026665  84.6703033167687 -0.00480604050928456 -0.146463368877136 -0.0131492336544281 0.989117020986943
25.77952  -85.2794422583909 -0.445888188352046   86.1031389199975 -0.0066948098578765 -0.159134429487988 -0.0115786018165282 0.987166322790883
25.98739  -85.7863835255953 -0.455338445844201   87.5106453680579 -0.00122701947711676 -0.169736730457553 -0.00949704029550842 0.985442917160811
26.19527 -86.3135454891658 -0.46816572788052  88.9107601209337 0.00265166686511919 -0.177598172980246 -0.00817632772238579 0.984065549281089
26.40314  -86.8923315733602 -0.495440455942497   90.3254348330135 0.00196403215153931 -0.185723188655759 -0.0107035381118605 0.982541843406749
26.611019999 -87.4771324930622 -0.50442698746973  91.7391408082363 -0.00547066114233175 -0.193484212416205 -0.0105018527252675 0.981031927361023
26.818889999  -88.1115418619708 -0.516922490172747   93.1347833251136 -0.00580130604995628 -0.199619918591734 -0.0190037385893432 0.979671930224181
27.02689   -88.723458504684 -0.519023382913814   94.5183085881941 0.0011957749313468 -0.205193175790814 -0.0146320784267884 0.978611379972717
27.23477  -89.3743147645098 -0.530372179497549   95.9156141286664 -0.000474641297044562 -0.209653665942732 -0.0177676776260722 0.977614149193939
27.44266   -90.031986989204 -0.548708752534587   97.3160209486824 -0.00184119679889583 -0.215280252343384 -0.0168436435521965 0.976405302431937
27.65052  -90.7067370861466 -0.560200552967009    98.699347265811 0.00471035894674077 -0.220328021145282 -0.0160925637047217 0.975281705462687
27.858409999  -91.4024187662772 -0.586770310740167   100.084036715037 0.00356658644682945 -0.225021218746693 -0.0177435599187274 0.974185760856871
28.06615  -92.1068654571141 -0.612290767517979   101.461455516114 0.00241943962332291 -0.229762211990469 -0.0188714464543872 0.973060810413139
28.274039999  -92.8112442438076 -0.632969738269354   102.824068712942 0.00275636054454345 -0.234424552007398 -0.0170482311220593 0.97198091015631
28.481889999 -93.5254948443268 -0.65856583656581  104.151576028919 0.00231937632780241 -0.238973272513337 -0.0173324675500813 0.970868673449886
28.689659999  -94.2454987309467 -0.683830757788989   105.467464004767 0.00424490007100346 -0.243727985700619 -0.0165657688337492 0.969692850913449
28.89752  -94.9712944661695 -0.711470940717027   106.770213131649 0.0075612296034721 -0.248270142265363 -0.014892471882937 0.968546838592557
29.105389999  -95.7037607165847 -0.737595089038598   108.053467991479 0.00147498016550067 -0.251743076065931 -0.0162619070822123 0.967656343163431
29.313269999  -96.4229795481162 -0.754415710963845   109.311697183043 -0.00611833867503314 -0.254634739990782 -0.0152758526906014 0.966897286916382
29.625019999  -97.4523650912299 -0.768676277159344   111.080484127444 -0.00323994303514927 -0.259511854110826 -0.0121436803854599 0.965658133798803
29.936769999  -98.4257879193847 -0.781374591770125   112.693518975652 -0.0032621975735159 -0.263267350457744 -0.0109331821539916 0.964655444072099
30.248519999  -99.3027779430466 -0.805628134569401    114.16047134536 -0.00508384147759432 -0.266994291348257 -0.00851864315805979 0.963647049319417
30.456269999  -99.8369406872282 -0.821831546836914   115.017777093235 -0.00279384899081662 -0.269137993876006 -0.00874360720665628 0.963057881953744
30.7679 -100.553334596031 -0.83850887104966  116.168901026867 -0.00111084424506347 -0.274850062679849 -0.00390094783631941 0.96147854457389
31.07954  -101.226836660316 -0.849897742593464   117.145308748765 -0.00373181474001876 -0.284175182440038 -0.0089779118216298 0.958723075941766
31.494659999 -101.981862411221 -0.86370959291351  118.228798424834 -0.0109039769784327 -0.301312167556331 -0.00764323357877025 0.953432568118491
31.90952  -102.653236108685 -0.873131851470902   119.016766140458 -0.0107877607484872 -0.335718126332114 -0.0072735146086864 0.94187263462494
32.220649999  -103.121682228168 -0.870006536213061   119.449343302568 -0.00320854324893824 -0.367544281639767 -0.00699240150893421 0.929974199967539
32.53177  -103.609786654786 -0.867510323281981   119.840610400907 -0.00166196334554794 -0.400495356088937 -0.0102860175495436 0.916239545900527
32.8429  -104.137630168903 -0.856763061222972   120.205689204916 -0.00447372297021716 -0.439785992686107 -0.0122616188907699 0.898007750045655
33.15402  -104.710981188602 -0.843058947772633   120.508684627928 -0.00594305290558388 -0.481085781157696 -0.0168956968510162 0.876490551413972
33.465269999  -105.291826593363 -0.846346147077961   120.728332899549 -0.00682599305352605 -0.522196279334762 -0.0212059401541459 0.852534315889949
33.77642 -105.980550216726 -0.84050486045001  120.914870889257 -0.00330700764968963 -0.570111807430419 -0.0185395271657396 0.821351250477709
33.983649999  -106.547283412895 -0.826975188886936   121.017596602077 -0.002762072240032 -0.606212487990886 -0.0174506217572107 0.795106449578374
34.19102  -107.169321106451 -0.807251691291564   121.057507321245 -0.00211754669817067 -0.644329738138621 -0.0158556907207426 0.7645804742589
34.39842  -107.863806728648 -0.790400057605538   121.045734717978 -0.0035532283752926 -0.682625398533784 -0.0159850446257062 0.730584983552919
34.605899999  -108.600462790801 -0.772241792420824   120.982717905607 -0.00769646408789043 -0.721037068525914 -0.0156448236023269 0.69267708908737
34.8134  -109.398075058736 -0.755001315379149   120.831182236858 -0.0113304597368362 -0.757324159634991 -0.0142969391644877 0.652784294729763
35.02102  -110.224423114152 -0.731713357824655   120.577383269604 -0.0140876622916215 -0.790313686584085 -0.0136979888379428 0.612387279154969
35.22867  -111.095829194716 -0.704409119558044   120.235231229792 -0.0178487126832669 -0.81991825920111 -0.0110591640654341 0.572095417368769
35.436399999  -111.985372503736 -0.677531020841519    119.77313993204 -0.021352746299726 -0.845882687246602 -0.00909645740810543 0.532863766927861
35.644399999  -112.903219668814 -0.647601896559313   119.210466382486 -0.0225689346231017 -0.867023010277752 -0.00831281274282159 0.497687291361942
35.852769999  -113.855572936504 -0.618592130097116   118.543398877256 -0.0213705903936873 -0.881603988348279 -0.00851387835240704 0.471428912424803
36.061289999  -114.811343466369 -0.588180412486557   117.812740740619 -0.0197588008187687 -0.890475531790457 -0.00894027662281849 0.454514013564614
36.269899999  -115.860252645053 -0.557445146534435   117.002479423133 -0.0208578671430707 -0.896271508473217 -0.00911502028292109 0.442921267137432
36.478419999  -116.902837121024 -0.525203626106041   116.157802705464 -0.0213802845199448 -0.900195919524221 -0.009663426928256 0.434852628008376
36.6869 -118.004363919908 -0.48913969649936  115.246742662375 -0.0214705043895783 -0.902940156135802 -0.0100295029581215 0.429112457229015
36.89515  -119.176222153223 -0.449902591615252   114.275540103124 -0.0225524639282867 -0.904466448805273 -0.0100218745833763 0.425830237754645
37.103549999  -120.371790175121 -0.409936050105647   113.272397496198 -0.0227798819945268 -0.904916853310499 -0.00968441374661593 0.424867953252918
37.311779999  -121.621529684531 -0.368431548226536   112.222837445662 -0.0228906489568748 -0.905307103729687 -0.00858772297305092 0.424053436657502
37.520029999  -122.915292253216 -0.324777445635246    111.12749523783 -0.0230261099412699 -0.905632555361363 -0.0103952509348064 0.423310065659467
37.728149999  -124.242922819084 -0.281687220307659   110.000837897721 -0.0232941208996738 -0.906038173916446 -0.0113256682194358 0.422402581167595
37.936279999   -125.60437319967 -0.233895228469701   108.844169521514 -0.0233630606491579 -0.90641097714781 -0.00942573762924724 0.421644949422141
38.14428  -127.009446324655 -0.189970801943397   107.655414511217 -0.02529103994415 -0.906811184554278 -0.00806813851930877 0.420700301885611
38.35228  -128.436446448449 -0.152333702351996   106.428372810118 -0.0236637940645496 -0.90742591111661 -0.00503909419926039 0.419515015481343
38.56015  -129.890118949416 -0.121898911247116   105.168087695996 -0.0207837549370513 -0.907634905664584 -0.00402600334287635 0.419226316978122
38.768149999   -131.389633930754 -0.0960358634820597    103.871405483675 -0.0209037057037129 -0.907589431696173 -0.00649816340861669 0.419287768046702
38.976019999  -132.888497008111 -0.067029179388185   102.584808367568 -0.0228749566808386 -0.907665131228083 -0.00804148608452802 0.418994129327737
39.0799    -133.64322924499 -0.0509683274311321    101.934944065883 -0.0232946140579453 -0.907696756786189 -0.00836539430467436 0.418896143278799
39.183929999   -134.400070077853 -0.0344641762629125    101.282970350944 -0.0236101091705395 -0.907701279409589 -0.00844899682718104 0.418867001034654
39.287779999   -135.158966597094 -0.0172303138353485    100.625251193339 -0.0228411528468239 -0.907781838145232 -0.00897792354133983 0.418724029593692
39.495829999  -136.653305772914 0.0188240795553165   99.3319090348122 -0.0231060540466676 -0.90788712130664 -0.010156887586152 0.418454206415107
39.703629999  -138.170952117306 0.0552765301426286   98.0203744302276 -0.0234458977800826 -0.908082464292377 -0.0104367261580114 0.418004309390552
39.911279999  -139.663739404707 0.0940904351635776   96.7270219336897 -0.0237740909566123 -0.908481529897068 -0.00946515070404002 0.417140879508614
40.11914 -141.145252267983 0.130410884794584  95.4317834169366 -0.0236455424076029 -0.908941603814392 -0.00941896729264859 0.41614580646056
40.326929999  -142.63484463906 0.163003576514994  94.1299143342305 -0.0226301478360049 -0.909247591630027 -0.00902085736597502 0.415542197203003
40.53499 -144.105757249443 0.196248282900013  92.8316075114835 -0.020731014361472 -0.909316753351682 -0.0100779287847563 0.415465645353391
40.742539999 -145.568330713262 0.225779839565136   91.550588170637 -0.0194426428087455 -0.908873165993897 -0.0100146767871627 0.416498809152788
40.9504 -147.049373798288 0.257554167797927  90.2653119139409 -0.0188651145549397 -0.908133818352906 -0.00959728617493396 0.418144672947865
41.15823 -148.555437035375 0.295247946470687   88.977078647792 -0.022135877954417 -0.907494784680694 -0.0117905485958186 0.419313965482118
41.365929999 -150.065552460963 0.340619120793283  87.6895094570406 -0.0253379276124946 -0.907096199315636 -0.01498409309991 0.419892785798239
41.573579999 -151.535134824992 0.394673214072255  86.4261037512573 -0.0231801734516313 -0.907140635991479 -0.0108624949915595 0.420048273766583
41.78121 -153.028716220565 0.438677532117042  85.1433113935823 -0.023758546965747 -0.907105326015345 -0.0123901297401375 0.420049929943685
41.988799999 -154.511355025232 0.481983196282874  83.8741567733696 -0.0246532995998088 -0.907309390355292 -0.0118826841600508 0.419572028153812
42.092739999 -155.252688321123 0.505358410453027  83.2392438093261 -0.0244669179614966 -0.907507138018399 -0.0110481565485828 0.419177888977936
42.30017 -156.711965582179 0.549718081318577  81.9790761405549 -0.0254337716527039 -0.907760535843262 -0.0134879447139239 0.418499711078116
42.507789999 -158.181182341856 0.602453176745087  80.7085928296023 -0.0272131172936966 -0.908030193508567 -0.0146827350046265 0.417761931267964
42.71529 -159.615392738212 0.653491818461926  79.4667945215379 -0.0271766325349751 -0.908371399446777 -0.0128638032881874 0.417081951031361
42.922919999  -161.05583007852 0.701742826414263  78.2097011718627 -0.0248744586828922 -0.908226806907486 -0.0130026528301686 0.417535938021201
43.130549999 -162.485891209864 0.747043627674778  76.9658230323056 -0.0233750027596375 -0.907969347401888 -0.0135777996465008 0.418163743982349
43.338329999 -163.917042840154 0.791910080146391  75.7301307944531 -0.0232177743676618 -0.907670754369732 -0.0140035245483913 0.41880620567933
43.545909999 -165.324682104503 0.836101141557698  74.5149990817569 -0.0220693588346413 -0.907422485778721 -0.0131706467110121 0.419432842978477
43.75365 -166.751185170368 0.880860882696419  73.2997083643997 -0.0242712702799894 -0.90712015592157 -0.0129397255904204 0.419972012950228
43.96128   -168.1492567496 0.920243305229999  72.0990138003714 -0.0240203117206117 -0.906962685374285 -0.0118308705899835 0.420359063735508
44.169049999 -169.545551115913 0.957938465311378  70.9149204599225 -0.0236014641274753 -0.906648997942932 -0.00881066280724071 0.421132921582978
44.37666 -170.908775943518 0.984473430368042  69.7463161955829 -0.0224451816084162 -0.906395927324419 -0.0106184023065324 0.421698809916188
44.58431 -172.225738527556  1.01054776126489  68.6253499744519 -0.022259736837435 -0.906442560612082 -0.0102373284591664 0.421617819278265
44.79218 -173.513679875129   1.0375383902552  67.5244926756522 -0.022212582176395 -0.906438665165536 -0.0101922035151389 0.42162977417811
44.99971 -174.774264467179  1.06042295144179  66.4536478019997 -0.0215904936857508 -0.906462011314545 -0.0105294543493311 0.421603609112993
45.207329999 -176.000718084254  1.08829790293913  65.4103477329764 -0.0224930956620025 -0.906521384404809 -0.0116607760548233 0.421398939920508
45.415239999 -177.175957385507  1.11593679356516  64.4052792296817 -0.024086155147241 -0.906551045664771 -0.0131788075535008 0.421202300285505
45.622979999 -178.342354384104  1.14949009751836  63.4211909256873 -0.0262042223269374 -0.906720756200688 -0.0133612247625556 0.420704512312309
45.83109 -179.435325523208  1.18218857123754  62.4852916338124 -0.0266348483335048 -0.907119101092528 -0.0133707126614416 0.419817514320521
46.038179999 -180.474674380708  1.21330748492519  61.5926119139241 -0.0280058812523487 -0.907946370426846 -0.0119146144983819 0.417979785402777
46.245919999 -181.467091407151  1.24128994966414    60.72446872822 -0.0303551941586493 -0.910361814964596 -0.00982673008292616 0.412581341577434
46.453429999 -182.405962409669  1.26870191012864  59.8606359187992 -0.0327329325266169 -0.914826644427262 -0.00884900097831064 0.402420751149652
46.660969999 -183.31566296735 1.29306219668214 58.9626322297232 -0.0349500308329878 -0.920822992773738 -0.00815758366190392 0.388325849194706
46.86831 -184.119898928211  1.31442327257871  58.1017756096537 -0.0385516926634323 -0.928786490972525 -0.0065906326158228 0.3685457702124
47.07556 -184.855417594982  1.33590984795936  57.1846007884194 -0.0380705940575793 -0.938691347812117 -0.00761546763584233 0.342565596730701
47.282919999 -185.474108493505  1.35438638122996  56.2681889612491 -0.0356713633124758 -0.949449947168501 -0.00962137135391772 0.311736717238169
47.49016 -186.007003299043    1.367127491482   55.353050064434 -0.035243542128486 -0.96103278633188 -0.0110486462772729 0.273955842698893
47.697409999 -186.412178157632  1.37473457267182  54.4361815698078 -0.0292077607126654 -0.972849332119497 -0.0119948620977394 0.229275395522624
47.90491 -186.703950323914  1.37399388008199  53.4936224201942 -0.0190209621900456 -0.982761098976677 -0.0116771690936783 0.183527842730952
48.11229 -186.92570526052 1.37737797330551 52.5651619804621 -0.0147954422062183 -0.990739550145541 -0.0094894272605697 0.134633537566239
48.31978  -187.0594504596 1.38674357333234 51.6098604631054 -0.0144676867228985 -0.996307103387177 -0.0101612302283203 0.0840213733605226
48.527419999 -187.07315634814 1.40091023410215 50.6458589757483 -0.00580392783763846 -0.99932939608999 -0.0147917125747144 0.0329890553241337
48.734909999 -187.004615965264  1.41424252038278  49.6926482961013 -0.00656650345871973 -0.99966822965224 -0.0159016797360424 -0.0191689394035132
48.942529999 -186.85222117777 1.42450213530421 48.7929853523836 -0.0125220234686967 -0.997320426939021 -0.0137700767052982 -0.0707499111373861
49.15028 -186.589008376397  1.42984162572455  47.9240410719873 -0.0127437631161142 -0.992513866956003 -0.0115366276620654 -0.120916196697833
49.357909999 -186.260085965066  1.44910094819759  47.0673497587251 -0.0162835348021944 -0.985017186157198 -0.0107052234376767 -0.171351649132572
49.565779999 -185.821390355288  1.44793622544227   46.268139684304 -0.0150875820334846 -0.976134468269509 -0.0108228202085258 -0.216371743273748
49.77378 -185.323948985484  1.44899202117652  45.4449248120997 -0.0144719262004635 -0.966680173553227 -0.0151351988781726 -0.255129244043228
49.982179999 -184.779439276553  1.44791296116972  44.6677149626216 -0.0160295912080308 -0.958077600073499 -0.0173176754511729 -0.285535396334809
50.190689999 -184.182285244265   1.4557867580936  43.8910790980182 -0.0145129183055053 -0.951118704818289 -0.0171374779204348 -0.308007940478108
50.399299999 -183.557307299834  1.45862995754794  43.1253650349786 -0.0136617966881372 -0.946300178577482 -0.0162383491961332 -0.322592069572181
50.608029999 -182.889694326757  1.46488236273165  42.3252145975587 -0.0120570439458708 -0.943155437673295 -0.0141180530653066 -0.331832983074662
50.816729999 -182.209667890189  1.47031900286596  41.5130605802457 -0.013571764253028 -0.941002404282221 -0.0135874199017654 -0.33785450177636
51.02528 -181.492946604508  1.47011289940745  40.6668890199934 -0.0143791591883509 -0.939689311607621 -0.0129136994719224 -0.341482757686798
51.2338 -180.728134625262  1.47289903604955  39.7969811398081 -0.010976961409989 -0.939034665798974 -0.0110873845142027 -0.343468299338741
51.44216 -179.938804795902  1.48170237311335  38.8582497795727 -0.0146480558965014 -0.938880663582275 -0.0129480608098586 -0.343687185869688
51.65053 -179.11642343144 1.47402931694439 37.9028231887702 -0.0135776842552836 -0.939111919501099 -0.00997396940371547 -0.34319814841511
51.85878 -178.251983123635  1.47617074736012  36.8945362057103 -0.0146426698112402 -0.939307733617185 -0.00440508545178724 -0.342734837753488
52.06691 -177.340162886925  1.46505012120361  35.8185412724767 -0.014505314128352 -0.939482532067591 -0.00554491771443884 -0.34224468102433
52.27503 -176.362060570595  1.45295245981513  34.6886006669542 -0.0094404678251594 -0.939546307712281 -0.00577946727925128 -0.342242912255945
52.483159999 -175.364622764509  1.44939058263402  33.5175981924748 -0.00809535241597856 -0.939503206537724 -0.00778737982386996 -0.342355877545682
52.69118 -174.308887610865  1.45004154106439  32.2781616147204 -0.0061137699643325 -0.939555870982268 -0.0102808628159688 -0.342186631795186
52.89916 -173.219231779101  1.45458518001838  31.0063572922801 -0.00609029493105747 -0.939386074850461 -0.00730486250771238 -0.342729265847609
53.10716 -172.102460061058  1.45784433864254   29.682025506983 -0.00725717826252047 -0.939278238261347 -0.0111285653820378 -0.342899226486243
53.315159999 -170.960820297847  1.46200156377479  28.3306370079028 -0.00939331962701478 -0.939229495344745 -0.0128495267897619 -0.342920705531351
53.52315 -169.797798733804   1.4682363122458   26.942766162301 -0.0140540274727424 -0.939152449536441 -0.01029875993369 -0.343058444562041
53.73104 -168.605048933421  1.46046611345806  25.5378901559112 -0.0143410900364606 -0.939345787264045 -0.00874905505546772 -0.342559891291281
53.938909999 -167.376445084016  1.45095554154496  24.0909763140149 -0.0125726609039703 -0.939538403944516 -0.0113089903976017 -0.34202576284159
54.146779999 -166.164544256675  1.44393617719362  22.6409884151422 -0.0151864806914442 -0.939621071592103 -0.0144280807168208 -0.34157494508694
54.35466 -164.971132815348  1.44592508579436  21.2038041074817 -0.0192604236144279 -0.939597151363417 -0.0181941658108371 -0.341255331917895
54.56253 -163.760996774994  1.45634283621947  19.7520786612506 -0.0203686465275235 -0.93943958327853 -0.0245973231501074 -0.341223327605174
54.77042 -162.568780176894  1.47053952774446  18.3381695625581 -0.0218607612938594 -0.939672590656264 -0.0202093193431069 -0.340777218864007
54.978529999 -161.383105472395  1.47376682359661  16.9309977988912 -0.0239902471642959 -0.940063326083419 -0.0147683990975603 -0.339834232210457
55.18592 -160.194173902927  1.46438243074025  15.5006371130321 -0.0235635162230278 -0.940305921557797 -0.0174339844412816 -0.339065761723372
55.393729999 -159.01560598457 1.46042135278354 14.0816314816275 -0.0217612090301424 -0.94104499612716 -0.0176516825658936 -0.337118945104207
55.6017 -157.884728496502  1.45806333338286  12.7058622075613 -0.0191985043840333 -0.943709084761693 -0.017127917690529 -0.329774491438091
55.913809999 -156.260245711371  1.45794282326575  10.5256726476425 -0.0216063615390718 -0.950632023556983 -0.0197078956415274 -0.308939346439363
56.12205 -155.283077678342  1.46630067010581  9.06810517130293 -0.0230963340753077 -0.957287034621361 -0.022431132149795 -0.287341150914034
56.330509999 -154.404670903417  1.49230402135932  7.55889508656031 -0.026262189647564 -0.96536322557346 -0.0238713023628229 -0.258484624356698
56.538939999 -153.619629598186  1.50973279654567  5.99613899286652 -0.0287776039966983 -0.973286069415867 -0.0241969206058122 -0.226496325847502
56.747289999 -152.958288438304  1.52814775967284  4.41779068136216 -0.0319899790824727 -0.980349426368373 -0.0154060899845211 -0.194047148520391
56.95555 -152.370220157906   1.5375684954312  2.79153851818526 -0.0284829554883319 -0.986323148504235 -0.0111471002232527 -0.161960211558131
57.163559999 -151.902374059929  1.52542276988896  1.13304739281058 -0.0283293160051754 -0.990397143100166 -0.0103697008363404 -0.134920043352625
57.37129  -151.502633422561   1.53166866768978 -0.559897931053754 -0.0293589633265064 -0.992941295971105 -0.0100165735127923 -0.114478392208655
57.57907 -151.126236840302  1.53799518245449 -2.34114831147227 -0.0276555647932966 -0.994933469908196 -0.0138310057269305 -0.0956622363996532
57.78669 -150.843376094832  1.54976626927307 -4.08747517266061 -0.0271672908194265 -0.99647054425375 -0.0114561267531054 -0.078594846548518
57.994889999  -150.59646961395  1.56713119333183 -5.90387026210436 -0.0317507428199015 -0.997215839369659 -0.0118913562839921 -0.066415778896115
58.20185 -150.369759697665  1.59416186578019 -7.78530516678608 -0.0357883840636155 -0.997256240202304 -0.0212696587130586 -0.0612109839972367
58.40923  -150.11824072256  1.63843266280175 -9.69372199570083 -0.0333257443663634 -0.997444174147521 -0.0199074746845789 -0.0599850537490921
58.616559999   -149.8643774807  1.67284037326065 -11.5960948619191 -0.0266918222918141 -0.99774666609054 -0.0163058061234797 -0.0593570350895237
58.82403 -149.600533599495  1.70515065222692 -13.5806206196994 -0.0231013580828531 -0.997805441722251 -0.0172775082642929 -0.0595996261093032
59.0317 -149.333481214225  1.74161592240692 -15.6151999350427 -0.0218330617269572 -0.997752484905932 -0.0182163029481973 -0.0606750573676239
59.23917 -149.068141323277  1.77675874670572 -17.6402184276284 -0.0201083024576281 -0.997757989563543 -0.0166864006275413 -0.0616134276638341
59.446779999 -148.784298054772  1.80693784406976 -19.7234436693077 -0.0175008464379311 -0.997810089775442 -0.0150822284118704 -0.0619779920811642
59.65455 -148.513343636686  1.83130183065581 -21.8125749842784 -0.0155892649039912 -0.997927320406482 -0.0154700217565618 -0.0604873245642657
59.75842 -148.379851715335  1.84426618043182 -22.8628966128115 -0.0155235464150801 -0.997970212478497 -0.0156951190773521 -0.0597338911294877
59.965989999  -148.11863386764  1.86932840041672 -24.9519634832691 -0.0149642033008061 -0.99803837809913 -0.0166954133041617 -0.0584528154619834
60.17345 -147.860691871676  1.89774327183941 -27.0510400155728 -0.0142951244233769 -0.998068996553949 -0.0186373987282531 -0.0575028251841399
60.38105 -147.610039662124  1.92498204654167 -29.1274198283535 -0.0137477905289484 -0.998163079477502 -0.0167304632535496 -0.0565822995545705
60.58854 -147.362950843391  1.95086626294813  -31.199508627636 -0.0132482585944803 -0.998231558663593 -0.0161381088876639 -0.0556578868966307
60.796999999 -147.124305068119  1.97518390258944 -33.2740919610083 -0.0121625735859342 -0.9983471640638 -0.0174355182077508 -0.0533948922122837
60.900199999 -147.006770805415  1.98712249041252  -34.298669289301 -0.0118118722057349 -0.998427004082588 -0.0174067837124402 -0.0519711561777461
61.00392 -146.897828027447   2.0011338428783 -35.3345069747197 -0.0112951250423756 -0.998517353272182 -0.0169895078910455 -0.0504665432362221
61.1077 -146.788123076312   2.0144987849231 -36.3604309472045 -0.0108797280715441 -0.99860643994813 -0.0164773943837247 -0.0489418541284954
61.211579999 -146.683012499952  2.02688299693721 -37.3692698361259 -0.0104163985440577 -0.998672441608562 -0.0172128954389763 -0.0474190810072373
61.315289999 -146.580124420914   2.0412364293452 -38.3902622654303 -0.0103260122956368 -0.998724496291657 -0.0179837189333681 -0.0460362881906328
61.52295 -146.390987083555  2.07014805057287 -40.4110882227172 -0.0108761925001941 -0.998818564262265 -0.018773654002455 -0.0434825716484577
61.730989999 -146.211541259069  2.10565209255711 -42.4411591169342 -0.0113864748983701 -0.99891526640763 -0.0180313523894455 -0.0413945534843699
61.938389999 -146.032695569772  2.13317716258844 -44.4401024450435 -0.0103372714967326 -0.998974942863353 -0.0183940039783909 -0.0400482829445591
62.04207   -145.9450524156  2.14571967269622 -45.4384295697869 -0.0100991017272499 -0.999007050839079 -0.0176690480777423 -0.0396323763876793
62.145929999 -145.859382677028   2.1576432408577 -46.4345343505943 -0.00993393666086997 -0.999057077868104 -0.0154500079394748 -0.0393391575752801
62.249909999 -145.773472062506  2.17062261843618 -47.4253216394738 -0.00949068212233676 -0.999085509200809 -0.0140182300885911 -0.0392627238356863
62.457419999 -145.605519667234  2.18497500796902 -49.3895815378204 -0.0104697753418948 -0.999057612386176 -0.014094143042035 -0.039694156615742
62.665289999 -145.439388577235  2.19969312005215 -51.3530133183366 -0.012144802552168 -0.998990753195386 -0.0151528323395645 -0.0405014872958241
62.872799999 -145.269968629067  2.21969492696657 -53.3185575627545 -0.0127770412490971 -0.99893268095943 -0.0159051333219626 -0.0414399910971777
63.08066 -145.093032990605  2.23531784171692 -55.2256734237851 -0.0123756127904363 -0.998905057779507 -0.0156140444488214 -0.0423288479235088
63.18446 -145.003737176002  2.24475109444837 -56.1870021613704 -0.0136208699631912 -0.998859494821002 -0.0149891883336724 -0.0432377814009567
63.392069999 -144.817329533227  2.25859300145755 -58.0800372493889 -0.0133933532600343 -0.99874684258909 -0.0142089740556814 -0.0460810976763867
63.49582 -144.719121326716  2.26616615324564 -59.0575631561359 -0.0135052229869648 -0.998701135164719 -0.0135109356532237 -0.0472345868040374
63.70364 -144.523669780803  2.27636369755231 -60.9228570121788 -0.013136620400413 -0.998639399146903 -0.013420877193365 -0.0486483271174663
63.911419999 -144.327854790064  2.28758629734157 -62.7821611011662 -0.0119490871512029 -0.998628400863245 -0.0154527449939675 -0.0485772475313514
64.11946  -144.12751092147  2.29965585774238 -64.5810665278483 -0.0108002002886164 -0.998680757840967 -0.0160129894213052 -0.0475781857757341
64.32743 -143.969410721612   2.3179918638118 -66.3303682157204 -0.0100444547137431 -0.998832074601137 -0.0160556760985947 -0.0444500949662599
64.53556 -143.827677023002  2.33012694921708  -68.014939512386 -0.0106109181414083 -0.999085942600776 -0.0161758221928834 -0.0381186370440973
64.743579999 -143.726693388068  2.34437015113383 -69.6277622173373 -0.0128447190621653 -0.99931117253469 -0.0172158208830475 -0.0302623388203856
65.055499999 -143.618758118352  2.35753077190589 -71.8485342551444 -0.01587113156915 -0.999530858828171 -0.0180354801556655 -0.0189971284274319
65.36748 -143.589471025559  2.37856402731509 -73.8802406867877 -0.0176264359220319 -0.99964490167003 -0.017715346686053 -0.00924909798824272
65.67931 -143.570341652542  2.39488848719107 -75.5923469804078 -0.0197194505579237 -0.99964462274588 -0.0178077981381886 -0.00215726920202743
65.991169999 -143.590403034048  2.40960320752736 -77.1323073869714 -0.020805458157092 -0.999583656008544 -0.0196797460826315 0.00351498870417474
66.30307 -143.614652709526  2.42945788065191 -78.3568322492034 -0.0230552541528497 -0.999502348632413 -0.0205396821203631 0.00645227034710127
66.512929999 -143.619512657248  2.44255173115649 -79.0200147696765 -0.0223153940009156 -0.999502946726931 -0.0213049945800806 0.00647918827545023
66.824139999 -143.596131949816  2.45068869572409 -79.7216701618604 -0.0197822229767579 -0.999589829228499 -0.0203348779334954 0.00391531562821522
67.446479999 -143.582311443098  2.46532714082913 -80.8696820079288 -0.0184120416766062 -0.999659313250275 -0.0181654592073782 -0.00350289095928633
68.277929999 -143.492154355598  2.47495091868038 -81.8402118605894 -0.0154757473131759 -0.99938329455041 -0.017337984747351 -0.0263234895781122
75.45573 -143.358345994369  2.47288903638336 -82.2632446657637 -0.014761481426656 -0.997588995820992 -0.0152900344196335 -0.066064430145141
76.18295 -143.155383347229  2.47918255752426 -82.6525650569003 -0.0127298231317842 -0.993033218726599 -0.0118884732871393 -0.116540303377953
76.598339999  -142.92154374407  2.48566112498582 -83.1757073551184 -0.0132649673663852 -0.987331453302006 -0.0144122327036523 -0.157457707051171
77.01344 -142.550273851791  2.49283223707408 -83.8464282817837 -0.013744059730752 -0.977677754577896 -0.0187030674826594 -0.208824098926296
77.32446  -142.18473612899  2.49547058037566 -84.3971846528883 -0.0145175939686513 -0.965610030327241 -0.0208410517168367 -0.258751153350324
77.531819999  -141.83765778158  2.49996453997139 -84.8057006255422 -0.0128967417415621 -0.953445778680875 -0.0183920825722812 -0.30072670727211
77.73908 -141.388962255572  2.50674703605555 -85.2639095129802 -0.0152326882821118 -0.936752195545845 -0.0168143644384903 -0.349257163843877
77.946529999 -140.783634943706  2.52497889940009 -85.7917489270146 -0.018059220523253 -0.916638132277072 -0.0140459214680094 -0.399062790923695
78.15397 -140.040959344673  2.53814966629079 -86.2950037174468 -0.0188600775102025 -0.893965129530993 -0.0135722125660805 -0.447533730242767
78.361559999 -139.137095814489  2.54701274813026 -86.8026367026339 -0.0182001092747057 -0.868436264156596 -0.0155433562206276 -0.495222793495537
78.56931 -138.109783485383  2.56355745266906 -87.2511662763201 -0.018506717880044 -0.839880216055788 -0.0206753010112017 -0.542062040729184
78.776929999 -136.963287697494  2.57018190421482 -87.5909294965922 -0.0182385457202486 -0.808968269532296 -0.0244217677848972 -0.587061556907105
78.880799999 -136.337233206984  2.57693272865423 -87.7386888642768 -0.0178520646494737 -0.793176668042484 -0.0259564749123406 -0.608176239646782
79.08883  -135.02440791722  2.58717626515324 -87.9439380747422 -0.0193477484674411 -0.762653736529464 -0.0271981628414075 -0.64594520102323
79.192959999 -134.312807917749  2.60241676643594  -88.020040227704 -0.0200036534866389 -0.749460519475838 -0.026257979810619 -0.661225606045667
79.401309999 -132.844608041431  2.59902791577177 -88.0903877403236 -0.0202448864700499 -0.728780663826677 -0.0234014167144197 -0.684047704696041
79.610069999 -131.261251787733  2.59842399897983 -88.1278355434345 -0.0217786424851013 -0.715352102672448 -0.0222532681222824 -0.698070091030616
79.818799999 -129.601961344968  2.58178088433365 -88.1212694112428 -0.0243071151035112 -0.705123792992722 -0.0219194736385203 -0.708328410686958
80.02742 -127.851229826235  2.56223023988129 -88.0630819168012 -0.0273179785669329 -0.694849952583028 -0.0196880019085473 -0.718365961069446
80.235929999 -126.024264513611  2.52026779258441 -87.9427649853635 -0.0249316610084588 -0.687056134443541 -0.0165723773510555 -0.725987352997139
80.44455 -124.109895737141  2.48047068514136 -87.7985343441712 -0.0226535338501278 -0.684386546775013 -0.0137980752971986 -0.728636730556158
80.653189999  -122.09553606943  2.43865434398762 -87.6602833285867 -0.0218992100681967 -0.683623575019189 -0.0145761840236145 -0.729360519315162
80.861429999 -119.983287978659  2.40058958908649 -87.5066696543802 -0.0222299973717701 -0.680931500616261 -0.015106453021658 -0.731853751621485
81.06968 -117.831302775841  2.35286715392186 -87.3233323936863 -0.0224831948917356 -0.677630435129357 -0.0147759205183558 -0.734910315281187
81.173789999  -116.71663357373  2.32903619083625 -87.2219559798873 -0.0220826378863543 -0.675781781582441 -0.0145689084252205 -0.736626830690099
81.38181 -114.444095492374  2.28439010550046 -87.0020569334208 -0.0207321302509 -0.672038912389304 -0.0174770425955113 -0.740019210556034
81.589929999 -112.124599818094  2.24053282566621 -86.7558328321218 -0.0201883915941148 -0.6698345736384 -0.0182211209794456 -0.742012172106198
81.79806 -109.734056994849  2.20054280697213  -86.499829589044 -0.0204248544657811 -0.670407337256416 -0.0168736098036878 -0.741520133755657
81.90218 -108.531800472394  2.17767211942802 -86.3760869708377 -0.0199290932419536 -0.670695767994868 -0.0180076021693599 -0.741246075403059
82.110179999 -106.137957669468  2.12909599694342 -86.1360270196161 -0.0196336592366585 -0.671106162096172 -0.0201932478093383 -0.740826073626217
82.318179999 -103.723607775028  2.07745661101607 -85.8903784648522 -0.0193563009125622 -0.671566148006759 -0.0205478189066655 -0.740406665018979
82.4222 -102.532494702294  2.05152504322238 -85.7682226796985 -0.0197519239987253 -0.671798884392239 -0.0198350616499121 -0.740204492526921
82.630179999 -100.170292717837  2.00034419863193  -85.532640521828 -0.0205220656103012 -0.672240915672387 -0.0187946605074068 -0.739809270593069
82.83807 -97.7702167853607  1.94549034053804 -85.2899683307137 -0.018813162493716 -0.672701109847258 -0.0201371256206283 -0.739400958816657
83.046049999 -95.4117127366698  1.89367259666164 -85.0582561201639 -0.0200606388796122 -0.673098214610427 -0.0190076972482338 -0.739036583466149
83.25396 -93.0503578681803  1.83856117526931 -84.8304680292932 -0.0194519690898077 -0.673324472027875 -0.018826102099388 -0.738851374869572
83.461929999 -90.7100026919772  1.79080016326349 -84.5991150819365 -0.0164675441070883 -0.673678362701799 -0.0198866040676462 -0.738573494377615
83.565929999 -89.5414663662751  1.77089297375661 -84.4855526520009 -0.0160698357230985 -0.673858903924354 -0.0184381419620726 -0.738455125855788
83.77369  -87.197857338509  1.72464808331879 -84.2570028974645 -0.0163709619174933 -0.674024734516606 -0.0174355072322412 -0.73832150988121
83.87756 -86.0146085421374    1.701167208914 -84.1427904683758 -0.0156739946037027 -0.674110990036787 -0.0173982718456111 -0.738258761642266
83.98156 -84.8571393799218   1.6776569055109 -84.0335506439359 -0.0155749357228666 -0.67413470545755 -0.0181967993088016 -0.738219951484519
84.085579999 -83.7331658975972   1.6568863628511 -83.9288210669579 -0.0160411077605546 -0.67411014151615 -0.018351661056805 -0.738228566572269
84.293369999 -81.4202973102512  1.60950082580349   -83.71485421756 -0.0189411592771003 -0.673983968275574 -0.0188242509018153 -0.738263158074907
84.397139999 -80.3005127511722  1.58404636508202 -83.6124256944615 -0.0196200661123207 -0.673342092773814 -0.0198431516872289 -0.738804255832251
84.60469 -78.0208594514608  1.53429535316957 -83.3852887934593 -0.0192737500631517 -0.671136534991102 -0.0210327718365762 -0.740784649184573
84.70856 -76.9015065869727  1.51105826668503 -83.2623625002793 -0.0185967032286045 -0.670013650284958 -0.0207335529839336 -0.741826119007356
84.91606 -74.6310955826507   1.4641388269801 -83.0001913802096 -0.0184120266620555 -0.667927933785534 -0.0183818149081002 -0.743771054440725
85.12372 -72.4153723381944  1.41329590759017 -82.7432486949236 -0.0178400837960758 -0.66626632220568 -0.0187004182260272 -0.74526586776991
85.22744 -71.2878418731099  1.39164402630871 -82.6094955199574 -0.0175742553522322 -0.665574362698186 -0.0189969937624744 -0.745882716984183
85.4351 -69.0884122776245  1.34354036247478 -82.3424546918423 -0.0168059687493827 -0.664512378401142 -0.0193984671530246 -0.746836366172782
85.53887 -67.9720237865165  1.32150295749767 -82.2049462980095 -0.0161626577689381 -0.664154415040035 -0.0189937355279543 -0.747179308792319
85.6426 -66.8771090047191  1.30062695688155 -82.0662943822807 -0.0157196889710466 -0.664223560155323 -0.0187873010929028 -0.74713251222985
85.746449999 -65.7675297404599  1.28239096538267 -81.9295904826209 -0.0155642892177613 -0.664549548152011 -0.0178995987050518 -0.74686762904701
85.95422 -63.5829733991692  1.23615200594711 -81.6682913470925 -0.0157985036704512 -0.665659750358857 -0.018211234346806 -0.745865842479413
86.16194 -61.3902499135426   1.1955849697461 -81.4260825912692 -0.018561599904732 -0.667261421596765 -0.019788198011163 -0.744329288337569
86.369739999 -59.2139760746787  1.14912195332855 -81.1963079920322 -0.0203600003996433 -0.668859065496008 -0.0213729728692508 -0.742802946223468
86.577489999 -57.0307170227288  1.10843798830232 -80.9654612014875 -0.0187822328324369 -0.670584011816438 -0.0221799830706473 -0.7412640279799
86.78551 -54.8678725718233  1.06584908487911 -80.7419930940235 -0.0183741843902656 -0.672266031738697 -0.0207729019659774 -0.73979000970695
86.889089999  -53.780372822258  1.04429516950281 -80.6340510961313 -0.0189722424597094 -0.673008289985922 -0.0196783671307437 -0.739129662165809
86.992949999  -52.699540149767  1.02019417593385 -80.5297391572527 -0.0198529429297458 -0.673599604631743 -0.0185574017926758 -0.738596680290192
87.200569999 -50.5430163530126  0.96901127785536 -80.3284953960633 -0.0211298754565295 -0.674520754060728 -0.0181462415247242 -0.737730299379837
87.40833 -48.3914235458336  0.91552566545006 -80.1293716903177 -0.0195217433367643 -0.674562488670431 -0.0198176414035949 -0.737693440058299
87.61606 -46.2498958978248 0.870045900753893 -79.9188313039411 -0.0163991743173083 -0.674257650507887 -0.0185336528482584 -0.738081426080751
87.82357 -44.1110880501863 0.829714870278739 -79.7009632496871 -0.013899751418829 -0.673985555161593 -0.0153489463691162 -0.738454249218847
88.031059999 -41.9778581022247 0.784370025322444 -79.4859288021535 -0.0131728008955894 -0.673722952393398 -0.0130780901617284 -0.738750854004657
88.238709999 -39.8694976740746 0.738334738418019  -79.273461246493 -0.013988537770593 -0.673205690508939 -0.0120765374860505 -0.739224307175956
88.44633 -37.7429589843798  0.69952802125841 -79.0706376227224 -0.012229847294808 -0.67253602059465 -0.0174199274679061 -0.739758256435757
88.65393 -35.6281622014158 0.670045559324406 -78.8633907405268 -0.015340063204905 -0.671644313954043 -0.0179375113687534 -0.740497699982902
88.861689999 -33.5260350839453 0.629402504386935 -78.6452081388225 -0.0171578377419754 -0.671304814863762 -0.0161627717122671 -0.740806465249412
89.06945 -31.4071226373279 0.578863275931662 -78.4241920352043 -0.0175712208321084 -0.670932108122219 -0.0160245309286567 -0.741137350899049
89.27742 -29.3526470280684 0.524218333584258 -78.2204629950383 -0.0215113667321488 -0.670979915452017 -0.0165307103471618 -0.740979048136138
89.485129999 -27.2817949586957 0.467480069091553 -78.0146971394285 -0.0222783422286258 -0.671434036867213 -0.0184209125404193 -0.740500290064035
89.692869999  -25.214812644033 0.414685285229017 -77.8112927905741 -0.0210403496183582 -0.672039507165059 -0.0209014788579883 -0.739921166529808
89.90071 -23.1792966752704  0.36541191358997 -77.6035917885999 -0.0208792029137807 -0.672854496402939 -0.0188279444685631 -0.739240416957245
90.108699999 -21.1625363017827 0.316630351709967 -77.4027936566312 -0.0194676405669836 -0.673720342353091 -0.0193269697526301 -0.738477067694434
90.316519999   -19.08868653939 0.270033336815332 -77.2124933217754 -0.0196578343462799 -0.674366817498436 -0.0201649196261753 -0.737859296222738
90.52433 -17.1462094957058 0.228057901957847 -77.0294630345675 -0.019595679747601 -0.674903947241021 -0.0201106731661552 -0.737371163091237
90.732219999 -15.1832175481879 0.183653909416593 -76.8464610389392 -0.0178017771658461 -0.675510985008218 -0.0197142110133928 -0.736871329166147
90.9401 -13.2487322263299 0.140186776477052 -76.6741220519728 -0.0165994015506092 -0.676062452469537 -0.019693318816381 -0.736394047655896
91.14811  -11.4554120464962 0.0998569564968999  -76.5056868074638 -0.0157715508441465 -0.675702472465863 -0.0201589499946357 -0.736729966556678
91.35593  -9.69898104691553 0.0634513275071289  -76.3390503494637 -0.0165078902848867 -0.673626684876327 -0.0193071690337158 -0.738635100848028
91.56382  -8.04516742034693 0.0238492207851655  -76.1591708511267 -0.0152290357578724 -0.670563422284195 -0.0174894622689852 -0.741489643807609
91.875569999   -5.82970740169892 -0.0394225548306748   -75.8842060441735 -0.0180792882787041 -0.662622061518477 -0.0168341782032475 -0.748546426996055
92.18728  -3.64885370361804 -0.105566261173252   -75.524804293931 -0.0195380220218136 -0.649146931717462 -0.0162248745497732 -0.760238962552646
92.394819999  -2.38775137365294 -0.149648595972843  -75.2699175203123 -0.0189092444290308 -0.637735844747431 -0.0173351892881525 -0.769827853491771
92.60714  -1.24638648504904 -0.193942338910779  -74.9807475244768 -0.018199571769338 -0.6240400312533 -0.0153192817595016 -0.781030175209106
92.812669999 -0.203132094918743 -0.230632022784486  -74.6381517490076 -0.017857461599076 -0.607569897409883 -0.0139996730221244 -0.793942025579863
93.121319999   1.34602098703486 -0.288082592641075  -74.0917740883391 -0.0164052284565392 -0.577871219776937 -0.012008321650292 -0.815874697514236
93.328689999   2.23323391415043 -0.330836060393455  -73.6787512890029 -0.0186436894040544 -0.550912778143376 -0.00995725339201721 -0.83429513772324
93.53624   3.12401636242529 -0.389933808737085  -73.1839580570362 -0.0202447759394857 -0.516169976175366 -0.010907879386024 -0.856177389861226
93.74329   3.87234167862481 -0.437598918396163  -72.6455276401218 -0.0181937073262005 -0.471786877526016 -0.0114494146789718 -0.881450532991778
93.950649999    4.6104713979642 -0.490219517411001  -72.0145625136492 -0.0173198632173286 -0.425160655454995 -0.0068905120299623 -0.904925941851142
94.158109999   5.24252617118707 -0.527731541241833  -71.3361538234621 -0.020604397598771 -0.375785838985528 -0.00858250038496673 -0.926437694993396
94.365719999   5.83416441371485 -0.571070251210802  -70.5587378790187 -0.0155480479089161 -0.327584360639148 -0.00215531922996478 -0.944691536677385
94.57325   6.29726377358809 -0.605717165696642  -69.7454707087393 -0.0103180478133663 -0.277020944299822 -0.000120549419676859 -0.960808471952862
94.78082   6.70695321258925 -0.637418634887271  -68.8712755628125 -0.00386528810756016 -0.227133303733097 -0.000931785372395611 -0.973855560983842
94.988569999   7.00338120456368 -0.659529430462476  -67.9340729772896 0.00197777769500023 -0.177957098628663 0.00597581741053629 -0.984018114187607
95.19646   7.20672621135382 -0.673220491292654  -66.9998786985051 -5.85458876772185e-06 -0.131847648788499 0.00626552294790344 -0.991250190767627
95.40457   7.34985417347845 -0.684437447604309  -66.0151825566939 -2.5895299754369e-05 -0.0934250757086618 0.0097511876998322 -0.995578559881995
95.612819999   7.46190655368751 -0.691373131850441  -64.9834101586674 -0.000133326487239863 -0.0620780265011543 0.0131901135359146 -0.997984129009414
95.821209999   7.50062946504242 -0.713759170673873  -63.9657529015509 0.000962378099230084 -0.040920220567509 0.0142151541520533 -0.999060828363085
96.0297   7.54094020788779 -0.726160901787563  -62.8930720782747 -0.000197640872711231 -0.0242479076722748 0.012527630986882 -0.999627459793627
96.23819   7.54685246850419 -0.741355520796943  -61.7614520830176 -0.000915917203083836 -0.0100332332830196 0.0133176891833219 -0.999860557518088
96.44646   7.53118846687705 -0.747486084125119  -60.5540276155042 -0.00122774581013411 0.00361829231306597 0.0127007093489266 -0.999912042423231
96.654709999   7.47172189844425 -0.769064902970059  -59.2974780262877 -0.0012194329039244 0.0170200145958523 0.0115756110104594 -0.999787396057924
96.863079999   7.38345422478655 -0.785177680962107  -57.9704273199073 -0.00252085543605692 0.0262369775141643 0.0129186786443783 -0.999569094180525
97.071449999   7.28420184276583 -0.804111939607635   -56.575609565979 -0.00335807843279017 0.0313621029684431 0.0128416638811085 -0.999419948507834
97.279719999   7.17472936712942 -0.823206761168041  -55.1191263756481 -0.00286893321368881 0.0342308717765764 0.0125427293301969 -0.999331124593135
97.487939999   7.05537475769787 -0.850494470784146  -53.6098961391829 -0.000694279397450471 0.0372605761560499 0.0111113583861291 -0.999243566481893
97.69624   6.92381489473339 -0.872040388366186  -52.0903643286133 0.00171277025507282 0.0404292853785361 0.0102511778421324 -0.999128346437375
97.904319999   6.78679558500327 -0.888955904147327  -50.5671216754663 0.00289759273992689 0.043628460886276 0.00835309112946516 -0.999008702277208
98.112319999   6.63296851779782 -0.907338710306142  -49.0486507656879 0.00297402506794585 0.0471176858510593 0.00710698367070416 -0.9988596346024
98.320319999   6.46959729109386 -0.925064306452902  -47.5294786576167 0.00285361834152696 0.0502633917331908 0.00695980345398937 -0.998707669666013
98.528319999   6.30307800211084 -0.943824029344063  -46.0005169133519 0.00278749216081745 0.0516854934365325 0.0075232154640248 -0.998631183613228
98.73632   6.12626690825334 -0.962132315401443  -44.4842876767528 0.00284828859524792 0.0520995483657325 0.00819489634992308 -0.998604209877957
98.944339999    5.9591425707608 -0.979999052788881  -42.9593529099156 0.00367283784348672 0.0523187558431096 0.00775174975162823 -0.998593595225301
99.152219999   5.78633322107152 -0.993185613318204  -41.4366998790102 0.00459565446524234 0.0524893858555937 0.00759260840883247 -0.998582043014038
99.360069999  5.61747861633881 -1.01154876113699 -39.9331802283211 0.00453298702127601 0.0523863667922161 0.00802615856369498 -0.99858434865648
99.567939999  5.45624326579331 -1.02735328619794 -38.4446424120045 0.00396326746590532 0.0514236530111553 0.00739871566228344 -0.998641657166639
99.775949999  5.29732187102338 -1.04555330952973 -36.9850438071868 0.00363692753853371 0.0500206332046879 0.00803758706673971 -0.998709220046569
99.983819999   5.1538524874951   -1.060898237718 -35.5508860387535 0.00510217462817025 0.0489415656018109 0.00597568988009662 -0.998770735504883
100.1918  5.00407134914677 -1.07678772933265  -34.156700392506 0.00633324646858295 0.0476593553809807 0.00735549732021798 -0.998816485893685
100.399699999  4.87244183732914 -1.09124871020905 -32.8149636245232 0.00366113209676828 0.0474082030140378 0.00600809316176185 -0.998850820300664
100.607699999  4.73164644417396 -1.10968457746911 -31.5103684454924 0.00116458980182449 0.0467677891966205 0.0088006788450894 -0.998866340245841
100.8156  4.59969093405456 -1.13360998644968  -30.215557961611 0.000766511761318808 0.0463167780368185 0.00908306881263852 -0.998885211820133
101.0236  4.46810009983169 -1.15742964826986 -28.9386251541347 -0.000304205920996672 0.0460892437852998 0.00996280616570402 -0.99888759705953
101.231499999  4.33928168806521 -1.18165966172219 -27.6947042501297 -0.000791907184732956 0.0461417578928689 0.0112314532685362 -0.998871445942391
101.4393  4.21413717438553  -1.2066915019055 -26.4540909700865 -3.37673249202535e-05 0.0467073141324215 0.0107342940616441 -0.998850940129358
101.647199999  4.09352191929348 -1.23063987254664  -25.230448949094 -0.000212036434464271 0.0478492916527909 0.010120060655392 -0.998803276276769
101.855099999  3.95843941570435 -1.25465452962932  -24.009720806728 -0.0012017698485116 0.0493687099038081 0.00980565253861559 -0.99873176349306
102.062899999  3.82376202672285 -1.27907375965167 -22.7994884186533 -0.00118695534072977 0.0512326663224609 0.00971775917891752 -0.998638758608463
102.270799999  3.69506636490969  -1.3053801855029 -21.6264204646052 -0.00104925219172682 0.053135470118921 0.0083747263459113 -0.998551643553658
102.4787  3.55095180997661 -1.32722353862183 -20.4275521227283 -4.23537573097442e-05 0.0549520496563181 0.00806373440312457 -0.99845643201504
102.686599999  3.40802471310973 -1.34985218784236 -19.2692545527149 0.00103682968293533 0.0566358235519523 0.00856759092351309 -0.998357603697477
102.8944  3.26952651288891  -1.3631656884438 -18.1583670150497 0.0014446696096168 0.0576918745968015 0.00854986479203997 -0.998296779693926
103.1024  3.13441015153437 -1.38754206677814  -17.058382756354 0.00160519016496647 0.0573230094516882 0.00929530464647694 -0.998311120474707
103.310299999  3.00957427902621 -1.40635370367009 -16.0206245178963 0.00140258811540404 0.0559302600108015 0.00990979260181398 -0.998384512486192
103.518299999  2.89801936889574 -1.42590474170641 -15.0318792474091 0.00115401419638426 0.054458825346395 0.0096699532297158 -0.998468525591899
103.726299999  2.78758106884185 -1.44352674159036 -14.0649075279905 0.000622604308132189 0.0531538677770105 0.00974067642941505 -0.998538631164021
103.934299999   2.6862267716355  -1.4606973527713 -13.1558280420471 0.000605970061697147 0.0520457911441816 0.0100823824426388 -0.998593618039261
104.1423  2.59567255325622 -1.47837640564253 -12.3016906701684 0.00103511708775432 0.0510515323769128 0.00951009337510114 -0.998650202873149
104.4552  2.47284466690102 -1.50096504579731 -11.1377601413755 0.00249580111049595 0.0496163327824727 0.010499619677846 -0.998710042246826
104.766199999  2.36946818945247 -1.51906116029814  -10.164503089059 0.0018502935235418 0.0485347711206466 0.00956857736800997 -0.998773945762151
105.078599999  2.28333512872161  -1.5357146217964 -9.32629651849211 0.000838185587283509 0.0477103696582749 0.00950959316988286 -0.998815591443053
105.39  2.20606592811333 -1.55184895191282 -8.54319104819185 -0.00109088751224951 0.0471233367533205 0.00908011952620556 -0.998847211803216
105.7018  2.13381554549849 -1.56757485415124 -7.77564011978147 -0.000394164910530898 0.0469183260496914 0.00859898463397291 -0.998861638455488
106.0137  2.05472476126276 -1.57570649783345 -7.02137263541228 -0.00019300044234097 0.0470900196770404 0.00834177045047558 -0.998855799234002
106.3255  1.97822759533299 -1.59688370525944 -6.28236510903819 -6.34887482585084e-05 0.0514273915332312 0.00707235947831108 -0.998651691582544
106.637699999  1.86520118087955 -1.61052803454006 -5.56797758455153 -0.000291705659711566 0.0618952147272451 0.00818854236803624 -0.998049019375082
106.949399999  1.74548339853566 -1.62255594940969 -4.86572799618502 -0.000588653020942796 0.0694613951659644 0.00926708659570533 -0.997541422285434
107.364699999  1.58266647200518 -1.63925339229644  -3.9435030019887 -0.00106894808435426 0.0751733921493436 0.0116284893899094 -0.997102099434789
107.885  1.41619741652088  -1.6604699792691 -2.80896131583407 -0.000799160502164092 0.0707910269708564 0.0108666019478406 -0.997431656207587
109.0288   1.12724118197681  -1.70921834677095 -0.186737690776388 -0.00306478738259456 0.0491132100051846 0.00916854221708128 -0.998746433042391
109.444699999  1.03880580696736 -1.73192886144355  1.03708797754778 -0.000888744237684418 0.0391869410006696 0.00646580250421726 -0.999210582002946
110.1721 0.892289594693118 -1.77353702429255  3.50196392875822 -0.00243612624798508 0.0284454147630861 0.00407210696718539 -0.999584084313425
110.483999999 0.830109245066746 -1.78725127252184  4.69371147314592 -0.0014125539138247 0.0203074874817404 0.00690309960769852 -0.999768952238179
110.795599999 0.829144467379991 -1.82560785313877  5.87212749323554 -0.00441127087696857 0.0170497208656287 -0.00292159895750894 -0.999840643286312
111.417699999 0.495510000580286 -1.87703627206433  8.08482968750304 -0.00633108134924108 0.0732127676409123 0.00398699814099313 -0.997288279239825
111.6251 0.296864545395447 -1.89370258926795  8.78034561759364 -0.00143691943547216 0.0989251615361404 0.00895433047640213 -0.995053550138536
111.832499999 0.0837141233426852  -1.90177723960088   9.45191198194562 0.00130934392014261 0.123960588325881 0.0103541564412222 -0.992232255878023
