1.245873 -0.316001 -0.022974 1.467241 0.004328 -0.087834 -0.003434 0.996120
1.868002 -0.836357 -0.049419 2.571331 0.004877 -0.183520 -0.010066 0.982952
2.490144 -1.704576 -0.065305 3.684919 0.002841 -0.307710 -0.011102 0.951411
2.904641 -2.568288 -0.068709 4.377768 0.000280 -0.412564 -0.007958 0.910894
3.112001 -3.114112 -0.063328 4.688146 -0.002399 -0.465657 -0.006798 0.884936
3.526893 -4.424539 -0.049907 5.123070 -0.006400 -0.568937 -0.008142 0.822316
3.942122 -6.026599 -0.038063 5.319929 -0.010713 -0.653336 -0.008802 0.756941
4.150266 -6.915201 -0.015446 5.320885 -0.008476 -0.683320 -0.010052 0.730001
4.566885 -8.895032 0.010873 5.206551 -0.004833 -0.723585 -0.007094 0.690182
4.984250 -11.139678 0.026243 4.987551 -0.005048 -0.739182 -0.008619 0.673432
5.505749 -14.267682 0.061008 4.668966 -0.007665 -0.739745 -0.010420 0.672762
5.714253 -15.622646 0.082056 4.534877 -0.006079 -0.738723 -0.010162 0.673906
6.130876 -18.524711 0.129320 4.264643 -0.007765 -0.736232 -0.014039 0.676539
6.339025 -20.056569 0.158639 4.126644 -0.005409 -0.735157 -0.013900 0.677733
6.547271 -21.634949 0.186099 4.001211 -0.008568 -0.734259 -0.013762 0.678676
6.963378 -24.865168 0.229114 3.742864 -0.005614 -0.733653 -0.006406 0.679471
7.171256 -26.546105 0.242481 3.605471 -0.008661 -0.733814 -0.009195 0.679233
7.587271 -29.918847 0.292937 3.312765 -0.010077 -0.734173 -0.014561 0.678732
7.795131 -31.604813 0.325117 3.165908 -0.009038 -0.734286 -0.014644 0.678622
8.211004 -34.947683 0.371642 2.874888 -0.004824 -0.734015 -0.012946 0.678993
8.418880 -36.617014 0.387756 2.735612 -0.006427 -0.733607 -0.013609 0.679407
8.938756 -40.784645 0.463949 2.397321 -0.010050 -0.733084 -0.016555 0.679862
9.146631 -42.428259 0.491434 2.256514 -0.005941 -0.732909 -0.015804 0.680117
9.354505 -44.081992 0.509785 2.117224 -0.004376 -0.733330 -0.014837 0.679697
9.770380 -47.367558 0.539153 1.849470 -0.009563 -0.735223 -0.012581 0.677641
9.978133 -48.993732 0.558992 1.706199 -0.011186 -0.736356 -0.012943 0.676378
10.186010 -50.597507 0.577074 1.540065 -0.005887 -0.737103 -0.013181 0.675626
10.393880 -52.196992 0.592024 1.373453 -0.003814 -0.737843 -0.015202 0.674790
10.601750 -53.774120 0.605459 1.216456 -0.003625 -0.738467 -0.016215 0.674085
11.017510 -56.896221 0.642869 0.902655 -0.007078 -0.738879 -0.018940 0.673535
11.225380 -58.435781 0.667193 0.746027 -0.007951 -0.739287 -0.019567 0.673059
11.433260 -59.954919 0.690864 0.586295 -0.006452 -0.739470 -0.017106 0.672941
12.057260 -64.095675 0.727053 0.199198 -0.005255 -0.732320 -0.016974 0.680729
12.265510 -65.356396 0.735650 0.120520 -0.005351 -0.725210 -0.019062 0.688243
12.473910 -66.543841 0.750236 0.093733 -0.004847 -0.713638 -0.021399 0.700171
12.682390 -67.647167 0.763450 0.139576 -0.005254 -0.696820 -0.021501 0.716904
12.891130 -68.665294 0.779077 0.262164 -0.006179 -0.673853 -0.019774 0.738575
13.099880 -69.595851 0.790050 0.446077 -0.006575 -0.644162 -0.018954 0.764626
13.517630 -71.253257 0.797545 1.102592 -0.010236 -0.564091 -0.009254 0.825597
13.935130 -72.737204 0.822517 2.096861 -0.013822 -0.468838 -0.001580 0.883174
14.352150 -73.937295 0.831942 3.367438 -0.005601 -0.368724 0.006174 0.929502
14.769010 -74.934030 0.832074 5.004411 0.003569 -0.257019 0.005015 0.966387
15.185010 -75.717698 0.796358 7.044543 0.004025 -0.165314 -0.003460 0.986227
15.703610 -76.467702 0.753340 10.055092 -0.000805 -0.108990 -0.006458 0.994022
16.222360 -77.074666 0.724610 13.456119 -0.001869 -0.074211 -0.008610 0.997204
16.429890 -77.264979 0.702646 14.907512 0.002053 -0.062320 -0.009313 0.998011
16.637520 -77.432781 0.686370 16.416878 0.005165 -0.053465 -0.008412 0.998521
17.052630 -77.751200 0.637165 19.521426 -0.003351 -0.043688 -0.010910 0.998980
17.467890 -78.011457 0.606065 22.612769 -0.006310 -0.038064 -0.007894 0.999224
17.675510 -78.133538 0.589578 24.128981 -0.000832 -0.035854 -0.009083 0.999315
17.883140 -78.250558 0.563914 25.635780 0.005051 -0.034312 -0.009992 0.999348
18.298510 -78.473282 0.499676 28.672744 -0.001219 -0.029650 -0.012537 0.999481
18.506260 -78.560074 0.472598 30.184540 -0.001278 -0.028555 -0.010205 0.999539
18.921640 -78.744885 0.429717 33.227306 -0.000290 -0.026846 -0.010112 0.999588
19.025510 -78.791803 0.418124 34.000335 0.000182 -0.026819 -0.010031 0.999590
19.233260 -78.885171 0.394989 35.557166 -0.000062 -0.028703 -0.008660 0.999550
19.648510 -79.126758 0.344474 38.735702 0.004443 -0.034111 -0.012168 0.999334
19.856260 -79.260643 0.309943 40.378822 0.004454 -0.036159 -0.011726 0.999267
20.064010 -79.398775 0.275327 42.054642 0.003139 -0.038130 -0.010624 0.999211
20.479750 -79.690387 0.225292 45.460819 -0.002207 -0.037772 -0.011615 0.999216
20.687510 -79.823321 0.205422 47.177725 -0.000520 -0.036018 -0.010534 0.999295
21.311120 -80.190881 0.126029 52.395998 -0.000840 -0.032380 -0.005893 0.999458
21.415040 -80.258581 0.108328 53.265894 0.002045 -0.032019 -0.007270 0.999459
21.830760 -80.500938 0.016603 56.698527 0.005030 -0.030471 -0.008920 0.999483
22.038660 -80.616408 -0.028241 58.408994 -0.003474 -0.031393 -0.007815 0.999471
22.454390 -80.857421 -0.087986 61.739002 0.001225 -0.036228 -0.004834 0.999331
22.870160 -81.160138 -0.174971 64.983117 0.006676 -0.043042 -0.009485 0.999006
23.181990 -81.415574 -0.236461 67.400980 0.000215 -0.048874 -0.012762 0.998723
23.285910 -81.501817 -0.250272 68.192525 -0.001551 -0.051419 -0.012309 0.998600
23.493760 -81.690728 -0.271127 69.771114 -0.003921 -0.057654 -0.010844 0.998270
23.597640 -81.795132 -0.281123 70.560563 -0.003682 -0.060859 -0.011161 0.998077
23.909390 -82.142439 -0.313403 72.876594 0.000226 -0.069792 -0.014152 0.997461
24.117270 -82.393235 -0.334952 74.412502 -0.001475 -0.074768 -0.015691 0.997076
24.533020 -82.927772 -0.371915 77.420291 0.000784 -0.088733 -0.013655 0.995962
24.740760 -83.231426 -0.396264 78.899654 0.000183 -0.098708 -0.012230 0.995041
25.156270 -83.949397 -0.423089 81.814601 -0.005844 -0.121972 -0.014466 0.992411
25.364010 -84.356322 -0.428624 83.234383 0.001323 -0.134351 -0.013934 0.990835
25.779520 -85.279442 -0.445888 86.103139 -0.006695 -0.159134 -0.011579 0.987166
25.987390 -85.786384 -0.455338 87.510645 -0.001227 -0.169737 -0.009497 0.985443
26.403140 -86.892332 -0.495440 90.325435 0.001964 -0.185723 -0.010704 0.982542
26.611020 -87.477132 -0.504427 91.739141 -0.005471 -0.193484 -0.010502 0.981032
26.818890 -88.111542 -0.516922 93.134783 -0.005801 -0.199620 -0.019004 0.979672
27.234770 -89.374315 -0.530372 95.915614 -0.000475 -0.209654 -0.017768 0.977614
27.442660 -90.031987 -0.548709 97.316021 -0.001841 -0.215280 -0.016844 0.976405
27.858410 -91.402419 -0.586770 100.084037 0.003567 -0.225021 -0.017744 0.974186
28.066150 -92.106865 -0.612291 101.461456 0.002419 -0.229762 -0.018871 0.973061
28.481890 -93.525495 -0.658566 104.151576 0.002319 -0.238973 -0.017332 0.970869
28.689660 -94.245499 -0.683831 105.467464 0.004245 -0.243728 -0.016566 0.969693
29.105390 -95.703761 -0.737595 108.053468 0.001475 -0.251743 -0.016262 0.967656
29.625020 -97.452365 -0.768676 111.080484 -0.003240 -0.259512 -0.012144 0.965658
30.248520 -99.302778 -0.805628 114.160471 -0.005084 -0.266994 -0.008519 0.963647
30.456270 -99.836941 -0.821832 115.017777 -0.002794 -0.269138 -0.008744 0.963058
30.767900 -100.553335 -0.838509 116.168901 -0.001111 -0.274850 -0.003901 0.961479
31.494660 -101.981862 -0.863710 118.228798 -0.010904 -0.301312 -0.007643 0.953433
31.909520 -102.653236 -0.873132 119.016766 -0.010788 -0.335718 -0.007274 0.941873
32.531770 -103.609787 -0.867510 119.840610 -0.001662 -0.400495 -0.010286 0.916240
32.842900 -104.137630 -0.856763 120.205689 -0.004474 -0.439786 -0.012262 0.898008
33.465270 -105.291827 -0.846346 120.728333 -0.006826 -0.522196 -0.021206 0.852534
33.776420 -105.980550 -0.840505 120.914871 -0.003307 -0.570112 -0.018540 0.821351
34.191020 -107.169321 -0.807252 121.057507 -0.002118 -0.644330 -0.015856 0.764580
34.605900 -108.600463 -0.772242 120.982718 -0.007696 -0.721037 -0.015645 0.692677
35.021020 -110.224423 -0.731713 120.577383 -0.014088 -0.790314 -0.013698 0.612387
35.436400 -111.985373 -0.677531 119.773140 -0.021353 -0.845883 -0.009096 0.532864
35.644400 -112.903220 -0.647602 119.210466 0.022569 0.867023 0.008313 -0.497687
36.061290 -114.811343 -0.588180 117.812741 0.019759 0.890476 0.008940 -0.454514
36.478420 -116.902837 -0.525204 116.157803 0.021380 0.900196 0.009663 -0.434853
36.686900 -118.004364 -0.489140 115.246743 0.021471 0.902940 0.010030 -0.429112
37.103550 -120.371790 -0.409936 113.272397 0.022780 0.904917 0.009684 -0.424868
37.311780 -121.621530 -0.368432 112.222837 0.022891 0.905307 0.008588 -0.424053
37.520030 -122.915292 -0.324777 111.127495 0.023026 0.905633 0.010395 -0.423310
37.936280 -125.604373 -0.233895 108.844170 0.023363 0.906411 0.009426 -0.421645
38.352280 -128.436446 -0.152334 106.428373 0.023664 0.907426 0.005039 -0.419515
38.560150 -129.890119 -0.121899 105.168088 0.020784 0.907635 0.004026 -0.419226
38.976020 -132.888497 -0.067029 102.584808 0.022875 0.907665 0.008041 -0.418994
39.079900 -133.643229 -0.050968 101.934944 0.023295 0.907697 0.008365 -0.418896
39.183930 -134.400070 -0.034464 101.282970 0.023610 0.907701 0.008449 -0.418867
39.287780 -135.158967 -0.017230 100.625251 0.022841 0.907782 0.008978 -0.418724
39.703630 -138.170952 0.055277 98.020374 0.023446 0.908082 0.010437 -0.418004
39.911280 -139.663739 0.094090 96.727022 0.023774 0.908482 0.009465 -0.417141
40.326930 -142.634845 0.163004 94.129914 0.022630 0.909248 0.009021 -0.415542
40.742540 -145.568331 0.225780 91.550588 0.019443 0.908873 0.010015 -0.416499
40.950400 -147.049374 0.257554 90.265312 0.018865 0.908134 0.009597 -0.418145
41.158230 -148.555437 0.295248 88.977079 0.022136 0.907495 0.011791 -0.419314
41.573580 -151.535135 0.394673 86.426104 0.023180 0.907141 0.010862 -0.420048
41.988800 -154.511355 0.481983 83.874157 0.024653 0.907309 0.011883 -0.419572
42.300170 -156.711966 0.549718 81.979076 0.025434 0.907761 0.013488 -0.418500
42.715290 -159.615393 0.653492 79.466795 0.027177 0.908371 0.012864 -0.417082
42.922920 -161.055830 0.701743 78.209701 0.024874 0.908227 0.013003 -0.417536
43.130550 -162.485891 0.747044 76.965823 0.023375 0.907969 0.013578 -0.418164
43.545910 -165.324682 0.836101 74.514999 0.022069 0.907422 0.013171 -0.419433
43.753650 -166.751185 0.880861 73.299708 0.024271 0.907120 0.012940 -0.419972
44.169050 -169.545551 0.957938 70.914920 0.023601 0.906649 0.008811 -0.421133
44.376660 -170.908776 0.984473 69.746316 0.022445 0.906396 0.010618 -0.421699
44.584310 -172.225739 1.010548 68.625350 0.022260 0.906443 0.010237 -0.421618
44.999710 -174.774264 1.060423 66.453648 0.021590 0.906462 0.010529 -0.421604
45.207330 -176.000718 1.088298 65.410348 0.022493 0.906521 0.011661 -0.421399
45.622980 -178.342354 1.149490 63.421191 0.026204 0.906721 0.013361 -0.420705
45.831090 -179.435326 1.182189 62.485292 0.026635 0.907119 0.013371 -0.419818
46.038180 -180.474674 1.213307 61.592612 0.028006 0.907946 0.011915 -0.417980
46.245920 -181.467091 1.241290 60.724469 0.030355 0.910362 0.009827 -0.412581
46.453430 -182.405962 1.268702 59.860636 0.032733 0.914827 0.008849 -0.402421
46.868310 -184.119899 1.314423 58.101776 0.038552 0.928786 0.006591 -0.368546
47.075560 -184.855418 1.335910 57.184601 0.038071 0.938691 0.007615 -0.342566
47.282920 -185.474108 1.354386 56.268189 0.035671 0.949450 0.009621 -0.311737
47.490160 -186.007003 1.367127 55.353050 0.035244 0.961033 0.011049 -0.273956
47.697410 -186.412178 1.374735 54.436182 0.029208 0.972849 0.011995 -0.229275
48.112290 -186.925705 1.377378 52.565162 0.014795 0.990740 0.009489 -0.134634
48.527420 -187.073156 1.400910 50.645859 0.005804 0.999329 0.014792 -0.032989
48.942530 -186.852221 1.424502 48.792985 0.012522 0.997320 0.013770 0.070750
49.150280 -186.589008 1.429842 47.924041 0.012744 0.992514 0.011537 0.120916
49.565780 -185.821390 1.447936 46.268140 0.015088 0.976134 0.010823 0.216372
49.982180 -184.779439 1.447913 44.667715 0.016030 0.958078 0.017318 0.285535
50.399300 -183.557307 1.458630 43.125365 0.013662 0.946300 0.016238 0.322592
50.816730 -182.209668 1.470319 41.513061 0.013572 0.941002 0.013587 0.337855
51.025280 -181.492947 1.470113 40.666889 0.014379 0.939689 0.012914 0.341483
51.233800 -180.728135 1.472899 39.796981 0.010977 0.939035 0.011087 0.343468
51.650530 -179.116423 1.474029 37.902823 0.013578 0.939112 0.009974 0.343198
51.858780 -178.251983 1.476171 36.894536 0.014643 0.939308 0.004405 0.342735
52.066910 -177.340163 1.465050 35.818541 0.014505 0.939483 0.005545 0.342245
52.483160 -175.364623 1.449391 33.517598 0.008095 0.939503 0.007787 0.342356
52.691180 -174.308888 1.450042 32.278162 0.006114 0.939556 0.010281 0.342187
52.899160 -173.219232 1.454585 31.006357 0.006090 0.939386 0.007305 0.342729
53.315160 -170.960820 1.462002 28.330637 0.009393 0.939229 0.012850 0.342921
53.523150 -169.797799 1.468236 26.942766 0.014054 0.939152 0.010299 0.343058
53.938910 -167.376445 1.450956 24.090976 0.012573 0.939538 0.011309 0.342026
54.146780 -166.164544 1.443936 22.640988 0.015186 0.939621 0.014428 0.341575
54.562530 -163.760997 1.456343 19.752079 0.020369 0.939440 0.024597 0.341223
54.770420 -162.568780 1.470540 18.338170 0.021861 0.939673 0.020209 0.340777
55.185920 -160.194174 1.464382 15.500637 0.023564 0.940306 0.017434 0.339066
55.393730 -159.015606 1.460421 14.081631 0.021761 0.941045 0.017652 0.337119
55.913810 -156.260246 1.457943 10.525673 0.021606 0.950632 0.019708 0.308939
56.122050 -155.283078 1.466301 9.068105 0.023096 0.957287 0.022431 0.287341
56.538940 -153.619630 1.509733 5.996139 0.028778 0.973286 0.024197 0.226496
56.747290 -152.958288 1.528148 4.417791 0.031990 0.980349 0.015406 0.194047
57.163560 -151.902374 1.525423 1.133047 0.028329 0.990397 0.010370 0.134920
57.371290 -151.502633 1.531669 -0.559898 0.029359 0.992941 0.010017 0.114478
57.786690 -150.843376 1.549766 -4.087475 0.027167 0.996471 0.011456 0.078595
57.994890 -150.596470 1.567131 -5.903870 0.031751 0.997216 0.011891 0.066416
58.201850 -150.369760 1.594162 -7.785305 0.035788 0.997256 0.021270 0.061211
58.616560 -149.864377 1.672840 -11.596095 0.026692 0.997747 0.016306 0.059357
58.824030 -149.600534 1.705151 -13.580621 0.023101 0.997805 0.017278 0.059600
59.239170 -149.068141 1.776759 -17.640218 0.020108 0.997758 0.016686 0.061613
59.654550 -148.513344 1.831302 -21.812575 0.015589 0.997927 0.015470 0.060487
59.758420 -148.379852 1.844266 -22.862897 0.015524 0.997970 0.015695 0.059734
59.965990 -148.118634 1.869328 -24.951963 0.014964 0.998038 0.016695 0.058453
60.381050 -147.610040 1.924982 -29.127420 0.013748 0.998163 0.016730 0.056582
60.797000 -147.124305 1.975184 -33.274092 0.012163 0.998347 0.017436 0.053395
61.003920 -146.897828 2.001134 -35.334507 0.011295 0.998517 0.016990 0.050467
61.107700 -146.788123 2.014499 -36.360431 0.010880 0.998606 0.016477 0.048942
61.211580 -146.683012 2.026883 -37.369270 0.010416 0.998672 0.017213 0.047419
61.522950 -146.390987 2.070148 -40.411088 0.010876 0.998819 0.018774 0.043483
61.938390 -146.032696 2.133177 -44.440102 0.010337 0.998975 0.018394 0.040048
62.145930 -145.859383 2.157643 -46.434534 0.009934 0.999057 0.015450 0.039339
62.457420 -145.605520 2.184975 -49.389582 0.010470 0.999058 0.014094 0.039694
62.665290 -145.439389 2.199693 -51.353013 0.012145 0.998991 0.015153 0.040501
63.080660 -145.093033 2.235318 -55.225673 0.012376 0.998905 0.015614 0.042329
63.392070 -144.817330 2.258593 -58.080037 0.013393 0.998747 0.014209 0.046081
63.703640 -144.523670 2.276364 -60.922857 0.013137 0.998639 0.013421 0.048648
63.911420 -144.327855 2.287586 -62.782161 0.011949 0.998628 0.015453 0.048577
64.327430 -143.969411 2.317992 -66.330368 0.010044 0.998832 0.016056 0.044450
64.535560 -143.827677 2.330127 -68.014940 0.010611 0.999086 0.016176 0.038119
64.743580 -143.726693 2.344370 -69.627762 0.012845 0.999311 0.017216 0.030262
65.367480 -143.589471 2.378564 -73.880241 0.017626 0.999645 0.017715 0.009249
65.991170 -143.590403 2.409603 -77.132307 0.020805 0.999584 0.019680 -0.003515
66.512930 -143.619513 2.442552 -79.020015 0.022315 0.999503 0.021305 -0.006479
67.446480 -143.582311 2.465327 -80.869682 0.018412 0.999659 0.018165 0.003503
68.277930 -143.492154 2.474951 -81.840212 0.015476 0.999383 0.017338 0.026323
75.455730 -143.358346 2.472889 -82.263245 0.014761 0.997589 0.015290 0.066064
76.598340 -142.921544 2.485661 -83.175707 0.013265 0.987331 0.014412 0.157458
77.324460 -142.184736 2.495471 -84.397185 0.014518 0.965610 0.020841 0.258751
77.531820 -141.837658 2.499965 -84.805701 0.012897 0.953446 0.018392 0.300727
77.739080 -141.388962 2.506747 -85.263910 0.015233 0.936752 0.016814 0.349257
78.153970 -140.040959 2.538150 -86.295004 0.018860 0.893965 0.013572 0.447534
78.776930 -136.963288 2.570182 -87.590929 0.018239 0.808968 0.024422 0.587062
79.088830 -135.024408 2.587176 -87.943938 0.019348 0.762654 0.027198 0.645945
79.401310 -132.844608 2.599028 -88.090388 0.020245 0.728781 0.023401 0.684048
79.818800 -129.601961 2.581781 -88.121269 0.024307 0.705124 0.021919 0.708328
80.235930 -126.024265 2.520268 -87.942765 0.024932 0.687056 0.016572 0.725987
80.653190 -122.095536 2.438654 -87.660283 0.021899 0.683624 0.014576 0.729361
81.069680 -117.831303 2.352867 -87.323332 0.022483 0.677630 0.014776 0.734910
81.173790 -116.716634 2.329036 -87.221956 0.022083 0.675782 0.014569 0.736627
81.589930 -112.124600 2.240533 -86.755833 0.020188 0.669835 0.018221 0.742012
81.798060 -109.734057 2.200543 -86.499830 0.020425 0.670407 0.016874 0.741520
81.902180 -108.531800 2.177672 -86.376087 0.019929 0.670696 0.018008 0.741246
82.318180 -103.723608 2.077457 -85.890378 0.019356 0.671566 0.020548 0.740407
82.422200 -102.532495 2.051525 -85.768223 0.019752 0.671799 0.019835 0.740204
82.838070 -97.770217 1.945490 -85.289968 0.018813 0.672701 0.020137 0.739401
83.046050 -95.411713 1.893673 -85.058256 0.020061 0.673098 0.019008 0.739037
83.461930 -90.710003 1.790800 -84.599115 0.016468 0.673678 0.019887 0.738573
83.773690 -87.197857 1.724648 -84.257003 0.016371 0.674025 0.017436 0.738322
83.877560 -86.014609 1.701167 -84.142790 0.015674 0.674111 0.017398 0.738259
83.981560 -84.857139 1.677657 -84.033551 0.015575 0.674135 0.018197 0.738220
84.293370 -81.420297 1.609501 -83.714854 0.018941 0.673984 0.018824 0.738263
84.604690 -78.020859 1.534295 -83.385289 0.019274 0.671137 0.021033 0.740785
84.708560 -76.901507 1.511058 -83.262363 0.018597 0.670014 0.020734 0.741826
85.123720 -72.415372 1.413296 -82.743249 0.017840 0.666266 0.018700 0.745266
85.435100 -69.088412 1.343540 -82.342455 0.016806 0.664512 0.019398 0.746836
85.642600 -66.877109 1.300627 -82.066294 0.015720 0.664224 0.018787 0.747133
85.954220 -63.582973 1.236152 -81.668291 0.015799 0.665660 0.018211 0.745866
86.369740 -59.213976 1.149122 -81.196308 0.020360 0.668859 0.021373 0.742803
86.785510 -54.867873 1.065849 -80.741993 0.018374 0.672266 0.020773 0.739790
86.889090 -53.780373 1.044295 -80.634051 0.018972 0.673008 0.019678 0.739130
86.992950 -52.699540 1.020194 -80.529739 0.019853 0.673600 0.018557 0.738597
87.408330 -48.391424 0.915526 -80.129372 0.019522 0.674562 0.019818 0.737693
87.616060 -46.249896 0.870046 -79.918831 0.016399 0.674258 0.018534 0.738081
88.031060 -41.977858 0.784370 -79.485929 0.013173 0.673723 0.013078 0.738751
88.238710 -39.869498 0.738335 -79.273461 0.013989 0.673206 0.012077 0.739224
88.653930 -35.628162 0.670046 -78.863391 0.015340 0.671644 0.017938 0.740498
88.861690 -33.526035 0.629403 -78.645208 0.017158 0.671305 0.016163 0.740806
89.277420 -29.352647 0.524218 -78.220463 0.021511 0.670980 0.016531 0.740979
89.485130 -27.281795 0.467480 -78.014697 0.022278 0.671434 0.018421 0.740500
89.900710 -23.179297 0.365412 -77.603592 0.020879 0.672854 0.018828 0.739240
90.108700 -21.162536 0.316630 -77.402794 0.019468 0.673720 0.019327 0.738477
90.524330 -17.146209 0.228058 -77.029463 0.019596 0.674904 0.020111 0.737371
90.732220 -15.183218 0.183654 -76.846461 0.017802 0.675511 0.019714 0.736871
91.148110 -11.455412 0.099857 -76.505687 0.015772 0.675702 0.020159 0.736730
91.355930 -9.698981 0.063451 -76.339050 0.016508 0.673627 0.019307 0.738635
91.563820 -8.045167 0.023849 -76.159171 0.015229 0.670563 0.017489 0.741490
92.187280 -3.648854 -0.105566 -75.524804 0.019538 0.649147 0.016225 0.760239
92.394820 -2.387751 -0.149649 -75.269918 0.018909 0.637736 0.017335 0.769828
92.607140 -1.246386 -0.193942 -74.980748 0.018200 0.624040 0.015319 0.781030
93.121320 1.346021 -0.288083 -74.091774 0.016405 0.577871 0.012008 0.815875
93.328690 2.233234 -0.330836 -73.678751 0.018644 0.550913 0.009957 0.834295
93.743290 3.872342 -0.437599 -72.645528 0.018194 0.471787 0.011449 0.881451
94.158110 5.242526 -0.527732 -71.336154 0.020604 0.375786 0.008583 0.926438
94.573250 6.297264 -0.605717 -69.745471 0.010318 0.277021 0.000121 0.960808
94.780820 6.706953 -0.637419 -68.871276 0.003865 0.227133 0.000932 0.973856
95.196460 7.206726 -0.673220 -66.999879 0.000006 0.131848 -0.006266 0.991250
95.404570 7.349854 -0.684437 -66.015183 0.000026 0.093425 -0.009751 0.995579
95.821210 7.500629 -0.713759 -63.965753 -0.000962 0.040920 -0.014215 0.999061
96.029700 7.540940 -0.726161 -62.893072 0.000198 0.024248 -0.012528 0.999627
96.238190 7.546852 -0.741356 -61.761452 0.000916 0.010033 -0.013318 0.999861
96.654710 7.471722 -0.769065 -59.297478 0.001219 -0.017020 -0.011576 0.999787
96.863080 7.383454 -0.785178 -57.970427 0.002521 -0.026237 -0.012919 0.999569
97.071450 7.284202 -0.804112 -56.575610 0.003358 -0.031362 -0.012842 0.999420
97.487940 7.055375 -0.850494 -53.609896 0.000694 -0.037261 -0.011111 0.999244
97.696240 6.923815 -0.872040 -52.090364 -0.001713 -0.040429 -0.010251 0.999128
98.112320 6.632969 -0.907339 -49.048651 -0.002974 -0.047118 -0.007107 0.998860
98.320320 6.469597 -0.925064 -47.529479 -0.002854 -0.050263 -0.006960 0.998708
98.736320 6.126267 -0.962132 -44.484288 -0.002848 -0.052100 -0.008195 0.998604
98.944340 5.959143 -0.979999 -42.959353 -0.003673 -0.052319 -0.007752 0.998594
99.360070 5.617479 -1.011549 -39.933180 -0.004533 -0.052386 -0.008026 0.998584
99.567940 5.456243 -1.027353 -38.444642 -0.003963 -0.051424 -0.007399 0.998642
99.983820 5.153852 -1.060898 -35.550886 -0.005102 -0.048942 -0.005976 0.998771
100.191800 5.004071 -1.076788 -34.156700 -0.006333 -0.047659 -0.007355 0.998816
100.607700 4.731646 -1.109685 -31.510368 -0.001165 -0.046768 -0.008801 0.998866
100.815600 4.599691 -1.133610 -30.215558 -0.000767 -0.046317 -0.009083 0.998885
101.231500 4.339282 -1.181660 -27.694704 0.000792 -0.046142 -0.011231 0.998871
101.439300 4.214137 -1.206692 -26.454091 0.000034 -0.046707 -0.010734 0.998851
101.855100 3.958439 -1.254655 -24.009721 0.001202 -0.049369 -0.009806 0.998732
102.062900 3.823762 -1.279074 -22.799488 0.001187 -0.051233 -0.009718 0.998639
102.478700 3.550952 -1.327224 -20.427552 0.000042 -0.054952 -0.008064 0.998456
102.686600 3.408025 -1.349852 -19.269255 -0.001037 -0.056636 -0.008568 0.998358
103.102400 3.134410 -1.387542 -17.058383 -0.001605 -0.057323 -0.009295 0.998311
103.310300 3.009574 -1.406354 -16.020625 -0.001403 -0.055930 -0.009910 0.998385
103.726300 2.787581 -1.443527 -14.064908 -0.000623 -0.053154 -0.009741 0.998539
103.934300 2.686227 -1.460697 -13.155828 -0.000606 -0.052046 -0.010082 0.998594
104.142300 2.595673 -1.478376 -12.301691 -0.001035 -0.051052 -0.009510 0.998650
104.766200 2.369468 -1.519061 -10.164503 -0.001850 -0.048535 -0.009569 0.998774
105.078600 2.283335 -1.535715 -9.326297 -0.000838 -0.047710 -0.009510 0.998816
105.390000 2.206066 -1.551849 -8.543191 0.001091 -0.047123 -0.009080 0.998847
105.701800 2.133816 -1.567575 -7.775640 0.000394 -0.046918 -0.008599 0.998862
106.325500 1.978228 -1.596884 -6.282365 0.000063 -0.051427 -0.007072 0.998652
106.637700 1.865201 -1.610528 -5.567978 0.000292 -0.061895 -0.008189 0.998049
106.949400 1.745483 -1.622556 -4.865728 0.000589 -0.069461 -0.009267 0.997541
107.364700 1.582666 -1.639253 -3.943503 0.001069 -0.075173 -0.011628 0.997102
107.885000 1.416197 -1.660470 -2.808961 0.000799 -0.070791 -0.010867 0.997432
109.028800 1.127241 -1.709218 -0.186738 0.003065 -0.049113 -0.009169 0.998746
109.444700 1.038806 -1.731929 1.037088 0.000889 -0.039187 -0.006466 0.999211
110.172100 0.892290 -1.773537 3.501964 0.002436 -0.028445 -0.004072 0.999584
110.484000 0.830109 -1.787251 4.693711 0.001413 -0.020307 -0.006903 0.999769
110.795600 0.829144 -1.825608 5.872127 0.004411 -0.017050 0.002922 0.999841
111.417700 0.495510 -1.877036 8.084830 0.006331 -0.073213 -0.003987 0.997288
111.625100 0.296865 -1.893703 8.780346 0.001437 -0.098925 -0.008954 0.995054
111.832500 0.083714 -1.901777 9.451912 -0.001309 -0.123961 -0.010354 0.992232
