0.999968 0.00127385 -0.00794238 -0.0202597 -0.00129803 0.999995 -0.0030403 -0.00294622 0.00793846 0.00305051 0.999964 1.40212 0 0 0 1 
0.999625 0.00591234 -0.0267233 -0.10174 -0.0060649 0.999966 -0.00563141 -0.0305721 0.0266891 0.00579138 0.999627 4.3972 0 0 0 1 
0.999114 0.00662069 -0.0415515 -0.238988 -0.00659352 0.999978 0.000790798 -0.0628696 0.0415559 -0.000516127 0.999136 7.60043 0 0 0 1 
0.998958 0.00314054 -0.0455406 -0.315342 -0.00314369 0.999995 2.53931e-06 -0.0732707 0.0455404 0.000140629 0.998962 9.2516 0 0 0 1 
0.998861 0.0030279 -0.0476237 -0.356184 -0.00298992 0.999995 0.000868697 -0.0805904 0.0476261 -0.000725316 0.998865 10.0931 0 0 0 1 
0.998625 0.00430769 -0.0522475 -0.498834 -0.00453551 0.999981 -0.00424261 -0.106177 0.0522283 0.00447374 0.998625 12.6643 0 0 0 1 
0.998441 0.0091677 -0.0550655 -0.609666 -0.00948321 0.99994 -0.00547108 -0.126345 0.0550121 0.00598475 0.998468 14.4222 0 0 0 1 
0.998374 0.00824887 -0.0563963 -0.6643 -0.00848572 0.999956 -0.00396146 -0.138925 0.0563611 0.00443358 0.998401 15.3149 0 0 0 1 
0.998237 0.00855333 -0.0587346 -0.779215 -0.00870497 0.999959 -0.00232627 -0.162152 0.0587123 0.00283345 0.998271 17.117 0 0 0 1 
0.998142 0.00841873 -0.0603537 -0.838127 -0.00862263 0.999958 -0.00311884 -0.174074 0.0603249 0.00363345 0.998172 18.0229 0 0 0 1 
0.998053 0.00707212 -0.0619621 -0.95577 -0.00721814 0.999972 -0.00213316 -0.194614 0.0619453 0.00257626 0.998076 19.8562 0 0 0 1 
0.998049 0.00846959 -0.0618657 -1.02004 -0.00840628 0.999964 0.00128358 -0.205355 0.0618743 -0.000761014 0.998084 20.7843 0 0 0 1 
0.998195 0.00826728 -0.0594888 -1.13926 -0.00781333 0.999939 0.0078593 -0.217893 0.0595501 -0.00738031 0.998198 22.6553 0 0 0 1 
0.998286 0.00845107 -0.0579103 -1.19627 -0.00796356 0.999931 0.00864401 -0.221728 0.0579794 -0.00816803 0.998284 23.5966 0 0 0 1 
0.998406 0.00958037 -0.0556193 -1.31122 -0.00954174 0.999954 0.000960058 -0.230228 0.0556259 -0.000427823 0.998452 25.4916 0 0 0 1 
0.998479 0.00876843 -0.0544324 -1.36575 -0.00888668 0.999959 -0.0019306 -0.237454 0.0544132 0.00241138 0.998516 26.4481 0 0 0 1 
0.998538 0.00619929 -0.0537023 -1.41792 -0.00625765 0.99998 -0.000918635 -0.246209 0.0536955 0.00125334 0.998557 27.4126 0 0 0 1 
0.9985 0.000555161 -0.0547422 -1.5229 -0.000142378 0.999972 0.00754411 -0.26363 0.0547448 -0.007525 0.998472 29.3631 0 0 0 1 
0.998419 -0.00690569 -0.0557834 -1.56934 0.00730167 0.99995 0.00689779 -0.269055 0.055733 -0.00729419 0.998419 30.3385 0 0 0 1 
0.99813 -0.00753219 -0.0606678 -1.74861 0.00744929 0.999971 -0.00159263 -0.289597 0.060678 0.00113772 0.998157 33.285 0 0 0 1 
0.998081 -0.00754572 -0.0614633 -1.81271 0.00754764 0.999971 -0.000201054 -0.300656 0.061463 -0.000263235 0.998109 34.2791 0 0 0 1 
0.998034 -0.00437315 -0.0625205 -1.88489 0.00454648 0.999986 0.00263042 -0.313647 0.0625082 -0.00290949 0.99804 35.2819 0 0 0 1 
0.997905 -0.0030963 -0.0646155 -2.09031 0.00372771 0.999946 0.00965347 -0.337058 0.0645821 -0.00987412 0.997864 38.2887 0 0 0 1 
0.997865 0.00252672 -0.0652544 -2.23717 -0.00178355 0.999933 0.0114445 -0.343334 0.0652789 -0.0113037 0.997803 40.2862 0 0 0 1 
0.997871 0.00270361 -0.0651677 -2.30459 -0.00207075 0.99995 0.00977688 -0.345821 0.0651909 -0.00962111 0.997826 41.2781 0 0 0 1 
0.997864 0.00492184 -0.0651396 -2.37578 -0.0044362 0.999961 0.00759788 -0.350559 0.0651744 -0.00729268 0.997847 42.2675 0 0 0 1 
0.997721 0.00246168 -0.0674352 -2.50876 -0.00186561 0.999959 0.00890071 -0.36186 0.0674543 -0.00875462 0.997684 44.2493 0 0 0 1 
0.997662 0.00301621 -0.0682806 -2.57955 -0.00234086 0.999948 0.00996867 -0.368349 0.0683071 -0.00978553 0.997616 45.2353 0 0 0 1 
0.997578 0.00591874 -0.0693065 -2.73057 -0.00577815 0.999981 0.0022288 -0.38273 0.0693183 -0.00182294 0.997593 47.1845 0 0 0 1 
0.997531 0.00672587 -0.069902 -2.8032 -0.0066705 0.999977 0.00102543 -0.391207 0.0699073 -0.000556614 0.997553 48.1565 0 0 0 1 
0.997528 0.00356311 -0.0701809 -2.94148 -0.00302762 0.999966 0.00773501 -0.41217 0.0702061 -0.00750341 0.997504 50.1014 0 0 0 1 
0.997515 0.00167423 -0.0704306 -3.01039 -0.0010877 0.999964 0.00836522 -0.419624 0.0704421 -0.00826782 0.997482 51.0658 0 0 0 1 
0.9975 -0.00153068 -0.0706515 -3.07647 0.002042 0.999972 0.00716561 -0.427273 0.0706386 -0.00729196 0.997475 52.0254 0 0 0 1 
0.997459 -0.00425213 -0.071119 -3.1431 0.00468124 0.999972 0.00586818 -0.434807 0.0710921 -0.0061862 0.997451 52.9809 0 0 0 1 
0.997269 -0.00887973 -0.073323 -3.28053 0.00972637 0.99989 0.0111977 -0.445826 0.0732155 -0.0118803 0.997245 54.8943 0 0 0 1 
0.997213 -0.00982007 -0.0739529 -3.34982 0.0110461 0.999808 0.0161874 -0.447353 0.0737797 -0.0169591 0.99713 55.8499 0 0 0 1 
0.997189 -0.00805858 -0.0744905 -3.42543 0.00945782 0.999785 0.0184506 -0.448188 0.0743259 -0.0191032 0.997051 56.7974 0 0 0 1 
0.997089 -0.00695701 -0.0759234 -3.49979 0.00808213 0.999862 0.0145221 -0.450499 0.0758119 -0.0150934 0.997008 57.7318 0 0 0 1 
0.997001 -0.00550294 -0.0771982 -3.57697 0.00604442 0.999959 0.00678217 -0.452499 0.0771577 -0.00722845 0.996993 58.6536 0 0 0 1 
0.996947 -0.00380551 -0.0779871 -3.6543 0.00397535 0.99999 0.00202264 -0.459322 0.0779786 -0.00232649 0.996952 59.5663 0 0 0 1 
0.996694 0.00645818 -0.0809921 -3.89618 -0.00591968 0.999959 0.0068871 -0.494678 0.0810332 -0.00638488 0.996691 62.2505 0 0 0 1 
0.996603 0.00721094 -0.0820398 -3.97313 -0.00668901 0.999956 0.00663506 -0.501973 0.082084 -0.00606376 0.996607 63.1143 0 0 0 1 
0.99634 0.00979591 -0.0849171 -4.12713 -0.00914153 0.999925 0.00809152 -0.520408 0.08499 -0.00728563 0.996355 64.8062 0 0 0 1 
0.995838 0.0138464 -0.0900865 -4.43502 -0.0124114 0.999787 0.0164696 -0.543012 0.0902954 -0.015283 0.995798 68.0391 0 0 0 1 
0.995465 0.0197553 -0.0930553 -4.59262 -0.0185208 0.999729 0.0141119 -0.550851 0.0933088 -0.0123244 0.995561 69.5599 0 0 0 1 
0.99504 0.0224943 -0.0969036 -4.88719 -0.0222721 0.999746 0.00337413 -0.577618 0.0969549 -0.00119915 0.995288 72.3629 0 0 0 1 
0.994876 0.0196146 -0.0991804 -5.02167 -0.0194639 0.999807 0.00248754 -0.604735 0.0992101 -0.000544362 0.995066 73.6462 0 0 0 1 
0.995755 0.0149699 -0.090813 -5.25112 -0.0154605 0.999869 -0.00470119 -0.648238 0.0907308 0.00608525 0.995857 75.9966 0 0 0 1 
0.996701 0.00961097 -0.0805854 -5.33183 -0.00943451 0.999952 0.00257026 -0.668751 0.0806062 -0.00180149 0.996744 77.0912 0 0 0 1 
0.998056 0.00872642 -0.0617054 -5.39096 -0.00837864 0.999948 0.00589269 -0.689227 0.0617535 -0.00536423 0.998077 78.1318 0 0 0 1 
0.999715 0.0137015 0.019553 -5.38753 -0.0138429 0.999879 0.00711352 -0.709327 -0.0194532 -0.00738217 0.999784 80.0471 0 0 0 1 
0.996562 0.0120401 0.0819741 -5.28835 -0.0129033 0.999867 0.0100083 -0.721721 -0.0818426 -0.0110316 0.996584 80.9367 0 0 0 1 
0.986923 0.0124007 0.160716 -5.11656 -0.014219 0.999847 0.010169 -0.730287 -0.160566 -0.0123213 0.986948 81.7914 0 0 0 1 
0.931672 0.0154011 0.362973 -4.53992 -0.0175106 0.999843 0.00252206 -0.76179 -0.362877 -0.00870559 0.931796 83.3344 0 0 0 1 
0.907332 0.0161015 0.420107 -4.34339 -0.0179142 0.999839 0.000369546 -0.767222 -0.420034 -0.0078612 0.907475 83.6801 0 0 0 1 
0.844742 0.0143459 0.534981 -3.88409 -0.0145606 0.999887 -0.0038212 -0.784309 -0.534976 -0.00456174 0.844855 84.3176 0 0 0 1 
0.807694 0.013937 0.589437 -3.62683 -0.0135753 0.999895 -0.00504014 -0.797517 -0.589446 -0.00393092 0.807799 84.6088 0 0 0 1 
0.724873 0.0120712 0.688776 -3.05013 -0.0146961 0.99989 -0.00205735 -0.818582 -0.688725 -0.00863103 0.724971 85.1486 0 0 0 1 
0.679294 0.011104 0.733782 -2.73718 -0.0141537 0.999898 -0.00202823 -0.826902 -0.733729 -0.00900799 0.679382 85.3843 0 0 0 1 
0.585786 0.00732484 0.810432 -2.07198 -0.00574038 0.999972 -0.00488875 -0.846509 -0.810445 -0.00178843 0.585812 85.7804 0 0 0 1 
0.538961 0.00935618 0.842279 -1.72809 -0.00781235 0.999951 -0.00610863 -0.858243 -0.842295 -0.00328787 0.539007 85.9569 0 0 0 1 
0.445888 0.0143056 0.894974 -1.02163 -0.012714 0.999873 -0.00964809 -0.880814 -0.894999 -0.00707676 0.446013 86.2642 0 0 0 1 
0.4034 0.0116964 0.914949 -0.650273 -0.00543892 0.999931 -0.0103848 -0.888338 -0.915008 -0.000787123 0.403436 86.3792 0 0 0 1 
0.363784 0.00418641 0.931474 -0.262134 0.00945525 0.999922 -0.00818675 -0.893096 -0.931435 0.0117855 0.363716 86.4689 0 0 0 1 
0.235703 0.0165071 0.971685 1.32043 -0.0050425 0.999863 -0.0157626 -0.942733 -0.971812 -0.00118441 0.235754 86.8638 0 0 0 1 
0.186745 0.0195556 0.982214 2.17631 0.00366565 0.999781 -0.0206023 -0.970764 -0.982402 0.00744783 0.186633 86.9883 0 0 0 1 
0.166614 0.0258809 0.985682 2.61685 0.0107546 0.999548 -0.0280629 -0.97115 -0.985963 0.0152763 0.166261 87.0343 0 0 0 1 
0.129293 0.0335472 0.991039 3.53837 0.0105317 0.999325 -0.0352017 -0.987616 -0.99155 0.0149887 0.128853 87.1441 0 0 0 1 
0.0859354 0.0234112 0.996026 5.06052 0.0110802 0.99964 -0.0244521 -1.05563 -0.996239 0.0131374 0.0856451 87.2729 0 0 0 1 
0.0642324 0.0231296 0.997667 6.15684 0.0183795 0.999534 -0.0243563 -1.08973 -0.997766 0.0199011 0.0637774 87.3262 0 0 0 1 
0.0392344 0.0258139 0.998897 8.56958 0.0240675 0.999352 -0.0267709 -1.16305 -0.99894 0.0250913 0.0385877 87.4235 0 0 0 1 
0.0292132 0.0253233 0.999252 10.5686 0.0289167 0.999239 -0.0261684 -1.22642 -0.999155 0.0296596 0.0284587 87.4768 0 0 0 1 
0.026597 0.0246469 0.999342 11.2812 0.0310233 0.999194 -0.0254689 -1.2481 -0.999165 0.0316803 0.0258109 87.4928 0 0 0 1 
0.0270569 0.0240589 0.999344 12.7576 0.0390761 0.998921 -0.0251067 -1.29326 -0.99887 0.0397298 0.0260876 87.5186 0 0 0 1 
0.041622 0.0219542 0.998892 15.9235 0.0451604 0.998695 -0.0238316 -1.38787 -0.998112 0.0461023 0.0405763 87.6322 0 0 0 1 
0.0495965 0.0182941 0.998602 17.6122 0.0419506 0.998912 -0.0203833 -1.43758 -0.997888 0.0429028 0.0487751 87.7217 0 0 0 1 
0.057648 0.0182084 0.998171 19.3466 0.0384845 0.99905 -0.020447 -1.48782 -0.997595 0.0395928 0.0568925 87.8332 0 0 0 1 
0.0621218 0.0299797 0.997618 22.8683 0.0257675 0.999167 -0.0316308 -1.61788 -0.997736 0.0276711 0.0612976 88.0867 0 0 0 1 
0.0620356 0.0268811 0.997712 24.6577 0.0238469 0.999312 -0.028407 -1.69392 -0.997789 0.0255546 0.0613519 88.2086 0 0 0 1 
0.06154 0.0284511 0.997699 28.1792 0.01401 0.999471 -0.0293657 -1.84525 -0.998006 0.015785 0.0611088 88.4563 0 0 0 1 
0.0586806 0.028077 0.997882 29.0566 0.0109941 0.999526 -0.0287698 -1.88207 -0.998216 0.012659 0.0583441 88.5161 0 0 0 1 
0.0548383 0.0267596 0.998137 29.9309 0.0086145 0.999591 -0.0272719 -1.91645 -0.998458 0.010094 0.0545854 88.5729 0 0 0 1 
0.0499032 0.0242858 0.998459 30.8053 0.00658989 0.999675 -0.0246447 -1.952 -0.998732 0.00780958 0.049727 88.6237 0 0 0 1 
0.0436574 0.0222571 0.998799 31.6712 0.00434643 0.999738 -0.022468 -1.98693 -0.999037 0.0053221 0.0435492 88.6679 0 0 0 1 
0.0361906 0.0223846 0.999094 32.5405 0.00376396 0.999739 -0.0225354 -2.0217 -0.999338 0.00457612 0.0360969 88.7028 0 0 0 1 
0.0175262 0.0237935 0.999563 34.2593 0.00399715 0.999707 -0.023867 -2.08481 -0.999838 0.0044137 0.0174259 88.7441 0 0 0 1 
0.00729487 0.0227668 0.999714 35.1163 0.00507795 0.999727 -0.0228041 -2.11775 -0.99996 0.00524285 0.00717727 88.7502 0 0 0 1 
-0.0145504 0.0209592 0.999674 36.8155 0.0055569 0.999767 -0.0208802 -2.181 -0.999879 0.00525127 -0.0146635 88.7353 0 0 0 1 
-0.0255462 0.0213204 0.999446 37.6512 0.00536634 0.999761 -0.02119 -2.21358 -0.999659 0.00482204 -0.0256545 88.7138 0 0 0 1 
-0.036511 0.021874 0.999094 38.489 0.00600271 0.999747 -0.0216689 -2.24495 -0.999315 0.00520611 -0.0366331 88.681 0 0 0 1 
-0.066944 0.0248314 0.997448 40.9595 0.00737442 0.999675 -0.0243919 -2.33611 -0.997729 0.0057227 -0.0671054 88.5372 0 0 0 1 
-0.0859244 0.0255159 0.995975 42.5757 0.00883418 0.999652 -0.024848 -2.40184 -0.996262 0.00666357 -0.0861199 88.4074 0 0 0 1 
-0.110835 0.0206613 0.993624 45.6911 0.0175818 0.999668 -0.0188258 -2.52527 -0.993683 0.0153832 -0.111161 88.0708 0 0 0 1 
-0.115328 0.0186745 0.993152 47.1761 0.0194874 0.999673 -0.0165342 -2.57834 -0.993136 0.0174471 -0.115654 87.9008 0 0 0 1 
-0.107348 0.0223578 0.99397 49.9288 0.0220321 0.999555 -0.0201039 -2.67912 -0.993977 0.0197411 -0.107793 87.5977 0 0 0 1 
-0.0883364 0.0229607 0.995826 51.1842 0.0204791 0.999565 -0.0212303 -2.72959 -0.99588 0.0185182 -0.0887682 87.4947 0 0 0 1 
-0.0575815 0.0245528 0.998039 52.3572 0.0189071 0.999545 -0.023499 -2.78111 -0.998162 0.0175169 -0.0580195 87.4412 0 0 0 1 
0.0497518 0.0310858 0.998278 54.5794 0.0112012 0.999435 -0.0316801 -2.88271 -0.998699 0.0127581 0.0493755 87.5264 0 0 0 1 
0.130024 0.0248572 0.991199 55.659 0.00748951 0.999633 -0.0260511 -2.9314 -0.991483 0.0108109 0.12979 87.6897 0 0 0 1 
0.330605 0.0151767 0.943647 57.6852 -0.00378179 0.999884 -0.0147562 -3.01284 -0.943762 0.0013098 0.330624 88.3264 0 0 0 1 
0.44808 0.0188267 0.893795 58.591 -0.000705728 0.999785 -0.0207054 -3.04699 -0.893993 0.00864692 0.447998 88.8188 0 0 0 1 
0.507736 0.0217381 0.861239 59.0036 0.000497093 0.999674 -0.0255254 -3.06578 -0.861513 0.0133883 0.507559 89.1102 0 0 0 1 
0.621471 0.0285891 0.782915 59.7412 -0.00691802 0.999495 -0.0310063 -3.09783 -0.783407 0.0138533 0.621355 89.7809 0 0 0 1 
0.723035 0.0270287 0.690282 60.3958 -0.00784855 0.999491 -0.0309151 -3.13326 -0.690767 0.016935 0.722879 90.5453 0 0 0 1 
0.768193 0.0232359 0.639797 60.6864 -0.00925077 0.99964 -0.0251973 -3.15109 -0.640152 0.0134377 0.768131 90.9627 0 0 0 1 
0.80958 0.0179481 0.586736 60.9487 -0.00926525 0.999799 -0.0177993 -3.16677 -0.586937 0.00897372 0.809583 91.4004 0 0 0 1 
0.877276 0.0116581 0.479845 61.3881 -0.0112302 0.99993 -0.00376227 -3.19068 -0.479855 -0.00208823 0.877345 92.3291 0 0 0 1 
0.903055 0.0121692 0.429353 61.5688 -0.0144073 0.999894 0.00196277 -3.20368 -0.429284 -0.00795832 0.903134 92.8168 0 0 0 1 
0.938831 0.0198079 0.343809 61.8679 -0.0241684 0.999673 0.00840195 -3.21916 -0.34353 -0.0161973 0.939002 93.8334 0 0 0 1 
0.950699 0.0237386 0.309205 61.9921 -0.0273268 0.9996 0.00727831 -3.21915 -0.308908 -0.0153691 0.950968 94.3493 0 0 0 1 
0.966256 0.0203292 0.256779 62.2508 -0.0231062 0.999703 0.00780181 -3.21815 -0.256544 -0.0134717 0.966439 95.4253 0 0 0 1 
0.97036 0.017337 0.241041 62.3763 -0.0199541 0.999765 0.00842099 -3.22337 -0.240839 -0.0129812 0.970478 95.9813 0 0 0 1 
0.976845 0.040576 0.210063 62.8134 -0.0422763 0.999099 0.00360828 -3.22035 -0.209727 -0.0124054 0.977681 98.3091 0 0 0 1 
0.975672 0.0390381 0.215734 63.2111 -0.0379946 0.999238 -0.00898367 -3.23689 -0.21592 0.000568407 0.976411 100.155 0 0 0 1 
0.973554 0.0440367 0.224174 63.496 -0.0421104 0.999024 -0.013369 -3.25045 -0.224544 0.00357535 0.974457 101.453 0 0 0 1 
0.972111 0.0374768 0.231507 64.367 -0.0390799 0.999233 0.00234093 -3.27923 -0.231242 -0.0113229 0.97283 104.671 0 0 0 1 
0.971733 0.0309878 0.23404 65.0945 -0.0285873 0.999498 -0.0136434 -3.31303 -0.234346 0.00656716 0.972131 107.626 0 0 0 1 
0.97219 0.0338257 0.231739 65.2806 -0.0306279 0.99938 -0.0173844 -3.32243 -0.232183 0.0098033 0.972623 108.407 0 0 0 1 
0.973198 0.028036 0.228255 65.6671 -0.0275456 0.999606 -0.00533425 -3.34878 -0.228315 -0.00109616 0.973587 110.028 0 0 0 1 
0.975122 0.0381747 0.218355 66.4073 -0.0368524 0.999269 -0.0101266 -3.39529 -0.218582 0.0018278 0.975817 113.412 0 0 0 1 
0.976879 0.0345771 0.21098 66.7969 -0.0328979 0.999393 -0.0114646 -3.4231 -0.211248 0.00425869 0.977423 115.177 0 0 0 1 
0.978098 0.0295351 0.206041 67.1889 -0.0288143 0.999564 -0.00649908 -3.45872 -0.206143 0.000419827 0.978522 116.99 0 0 0 1 
0.978555 0.0272551 0.204176 67.9525 -0.0271505 0.999626 -0.00331415 -3.51032 -0.20419 -0.00230041 0.978929 120.722 0 0 0 1 
0.977791 0.0416412 0.205403 68.3034 -0.0408238 0.999133 -0.00821744 -3.53427 -0.205567 -0.000350399 0.978643 122.599 0 0 0 1 
0.975194 0.0492241 0.21581 69.0949 -0.04837 0.998787 -0.00924106 -3.60359 -0.216003 -0.00142688 0.976392 126.468 0 0 0 1 
0.975433 0.0361794 0.217306 69.5312 -0.0349966 0.999344 -0.00929026 -3.64552 -0.217499 0.00145706 0.976059 128.381 0 0 0 1 
0.97393 0.0435687 0.222624 70.3644 -0.0454809 0.998959 0.00346741 -3.72023 -0.222241 -0.0135021 0.974898 132.228 0 0 0 1 
0.973954 0.0385927 0.223438 70.7878 -0.0356279 0.999216 -0.0172864 -3.76078 -0.22393 0.0088755 0.974565 134.106 0 0 0 1 
0.975114 0.0237135 0.220434 71.6587 -0.0285784 0.999413 0.0189064 -3.85119 -0.219856 -0.0247355 0.975219 137.937 0 0 0 1 
0.975294 0.0366331 0.217854 72.05 -0.0369251 0.999314 -0.00273233 -3.8658 -0.217804 -0.00537944 0.975978 139.81 0 0 0 1 
0.976171 0.0327462 0.214516 72.456 -0.0310594 0.999454 -0.0112299 -3.89437 -0.214767 0.00429959 0.976656 141.66 0 0 0 1 
0.978967 0.0381251 0.200426 73.2055 -0.0363751 0.999261 -0.0124086 -3.99025 -0.200751 0.00485706 0.97963 145.38 0 0 0 1 
0.979431 0.045437 0.196595 73.5452 -0.0441805 0.998965 -0.0107744 -4.03281 -0.196881 0.00186714 0.980426 147.224 0 0 0 1 
0.980103 0.0418495 0.194028 73.8965 -0.0414968 0.999121 -0.00588376 -4.07341 -0.194104 -0.00228486 0.980978 149.052 0 0 0 1 
0.981794 0.0355445 0.186596 74.2441 -0.0338056 0.99935 -0.0124941 -4.11549 -0.186919 0.00595867 0.982357 150.866 0 0 0 1 
0.984258 0.0313563 0.173932 74.5632 -0.0304194 0.999505 -0.00805079 -4.15292 -0.174098 0.00263316 0.984725 152.679 0 0 0 1 
0.987171 0.035589 0.155653 75.1092 -0.0372766 0.999273 0.00793611 -4.19277 -0.155257 -0.0136365 0.98778 156.294 0 0 0 1 
0.989352 0.0329054 0.141777 75.367 -0.032135 0.999454 -0.00772093 -4.2042 -0.141953 0.00308274 0.989869 158.09 0 0 0 1 
0.992883 0.0469803 0.109432 75.7669 -0.0461391 0.998883 -0.0102074 -4.26824 -0.109789 0.0050857 0.993942 161.811 0 0 0 1 
0.994633 0.045586 0.0928811 75.9361 -0.0448894 0.998946 -0.00957719 -4.30026 -0.0932198 0.00535642 0.995631 163.708 0 0 0 1 
0.995671 0.0516766 0.0772588 76.0587 -0.052097 0.998636 0.00343451 -4.33137 -0.076976 -0.0074446 0.997005 165.626 0 0 0 1 
0.996282 0.0503895 0.069877 76.1179 -0.0509902 0.998676 0.00683851 -4.33967 -0.0694398 -0.0103761 0.997532 166.572 0 0 0 1 
0.996636 0.0515598 0.0637116 76.1709 -0.0522388 0.998594 0.00903681 -4.34551 -0.0631561 -0.0123346 0.997927 167.509 0 0 0 1 
0.996818 0.0612652 0.0509867 76.2829 -0.0611067 0.99812 -0.00466205 -4.37259 -0.0511765 0.00153158 0.998688 170.322 0 0 0 1 
0.996946 0.0638388 0.0449874 76.3484 -0.063867 0.997958 -0.000810755 -4.39279 -0.0449473 -0.00206493 0.998987 172.222 0 0 0 1 
0.996944 0.0671469 0.0399333 76.4035 -0.0678684 0.99755 0.016994 -4.40658 -0.0386944 -0.0196523 0.999058 174.146 0 0 0 1 
0.998451 0.0535307 0.0151984 76.4938 -0.0535501 0.998565 0.000873422 -4.41858 -0.0151298 -0.00168594 0.999884 177.86 0 0 0 1 
0.998942 0.0459878 0.000118024 76.4959 -0.0459864 0.998883 0.0108863 -4.43201 0.000382744 -0.0108802 0.999941 179.741 0 0 0 1 
0.999383 0.033089 -0.011759 76.4817 -0.0329099 0.999344 0.0151103 -4.43006 0.0122513 -0.014714 0.999817 181.644 0 0 0 1 
0.999455 0.0206628 -0.0257633 76.4386 -0.0207122 0.999784 -0.00165261 -4.44061 0.0257236 0.00218532 0.999667 183.524 0 0 0 1 
0.998381 0.0302082 -0.0482055 76.2366 -0.0291279 0.999312 0.0229584 -4.45973 0.0488659 -0.0215171 0.998574 187.405 0 0 0 1 
0.998049 0.031248 -0.0540496 76.1137 -0.0307892 0.999483 0.00929948 -4.45373 0.0543123 -0.00761719 0.998495 189.311 0 0 0 1 
0.997496 0.0351009 -0.0613954 75.8529 -0.0345298 0.99935 0.0103397 -4.4752 0.0617184 -0.00819389 0.99806 193.178 0 0 0 1 
0.997361 0.0367285 -0.0626272 75.7127 -0.0358467 0.999243 0.0151461 -4.48109 0.0631361 -0.0128611 0.997922 195.121 0 0 0 1 
0.997478 0.0224615 -0.0673348 75.5933 -0.0228774 0.999724 -0.00541093 -4.49529 0.0671947 0.00693772 0.997716 197.035 0 0 0 1 
0.997094 0.0218623 -0.0729778 75.3015 -0.0212175 0.999729 0.00960037 -4.54674 0.0731679 -0.00802407 0.997287 200.948 0 0 0 1 
0.996862 0.0275845 -0.0741916 75.0656 -0.0277131 0.999616 -0.000704085 -4.56864 0.0741437 0.00275796 0.997244 203.828 0 0 0 1 
0.996763 0.0303564 -0.0744386 74.9828 -0.0302588 0.999539 0.00243801 -4.58233 0.0744783 -0.00017769 0.997223 204.802 0 0 0 1 
0.996586 0.0341749 -0.0751511 74.9001 -0.0338421 0.999411 0.00569756 -4.59461 0.0753016 -0.00313484 0.997156 205.779 0 0 0 1 
0.996455 0.0377539 -0.0751868 74.8182 -0.037217 0.999271 0.008529 -4.60174 0.0754539 -0.00570053 0.997133 206.756 0 0 0 1 
0.996321 0.0386418 -0.0764963 74.665 -0.0384068 0.999252 0.00454054 -4.62348 0.0766146 -0.00158585 0.99706 208.647 0 0 0 1 
0.996167 0.0407043 -0.0774288 74.584 -0.0408893 0.999163 -0.000804957 -4.63174 0.0773313 0.00396788 0.996998 209.584 0 0 0 1 
0.995811 0.0406545 -0.0819036 74.3545 -0.0392798 0.99906 0.0183258 -4.65296 0.0825717 -0.0150319 0.996472 212.335 0 0 0 1 
0.995999 0.0345367 -0.0824176 74.2878 -0.0329864 0.999254 0.0200984 -4.66025 0.0830502 -0.0172993 0.996395 213.207 0 0 0 1 
0.995974 0.0329827 -0.0833507 74.2167 -0.0319815 0.9994 0.0133189 -4.6625 0.08374 -0.0105996 0.996431 214.061 0 0 0 1 
0.99615 0.0308782 -0.0820526 74.008 -0.0310587 0.999517 -0.000923846 -4.68916 0.0819844 0.00346873 0.996628 216.474 0 0 0 1 
0.996854 0.025369 -0.0750878 73.8931 -0.0259731 0.999638 -0.00708066 -4.71059 0.0748809 0.00900865 0.997152 218.015 0 0 0 1 
0.997908 0.0393341 -0.0513132 73.6792 -0.038893 0.999198 0.00956575 -4.75863 0.0516483 -0.00755001 0.998637 221.068 0 0 0 1 
0.998573 0.0380756 -0.0374424 73.6219 -0.0383859 0.999234 -0.00760303 -4.77838 0.0371242 0.00902944 0.99927 222.528 0 0 0 1 
0.999514 0.0292668 -0.0107614 73.5738 -0.0292758 0.999571 -0.000680575 -4.83722 0.0107369 0.000995293 0.999942 225.423 0 0 0 1 
0.99969 0.0248681 -0.00138457 73.5752 -0.0248658 0.999689 0.00162154 -4.8638 0.00142447 -0.00158661 0.999998 226.851 0 0 0 1 
0.99954 0.0303132 -0.00104101 73.5528 -0.0303018 0.999495 0.00960199 -4.88359 0.00133155 -0.00956603 0.999953 229.764 0 0 0 1 
0.999059 0.0433166 -0.00213049 73.5102 -0.0433251 0.999052 -0.00414131 -4.89559 0.00194908 0.00422972 0.999989 231.198 0 0 0 1 
0.998888 0.0445258 -0.0155282 73.4537 -0.0445112 0.999008 0.00128454 -4.93302 0.01557 -0.000591934 0.999879 234.193 0 0 0 1 
0.999171 0.0333772 -0.0233007 73.4236 -0.0327868 0.999143 0.0252771 -4.94639 0.0241244 -0.0244922 0.999409 235.739 0 0 0 1 
0.99894 0.0361426 -0.0285078 73.3618 -0.035659 0.999214 0.0172921 -4.94026 0.0291104 -0.0162572 0.999444 237.256 0 0 0 1 
0.99924 0.0111366 -0.037358 73.2725 -0.010657 0.999859 0.013013 -4.93083 0.0374976 -0.012605 0.999217 240.361 0 0 0 1 
0.999184 0.00553392 -0.040019 73.2107 -0.0050203 0.999904 0.0129235 -4.93987 0.0400866 -0.0127121 0.999115 241.945 0 0 0 1 
0.998986 -0.0111738 -0.043621 73.0903 0.0118111 0.999827 0.0143796 -4.94405 0.0434528 -0.0148802 0.998945 245.143 0 0 0 1 
0.998899 -0.0133395 -0.044979 73.0205 0.0140235 0.99979 0.0149245 -4.95139 0.0447705 -0.0155389 0.998876 246.727 0 0 0 1 
0.998917 -0.0136819 -0.0444772 72.8747 0.0134329 0.999892 -0.00589301 -4.97668 0.044553 0.00528917 0.998993 249.782 0 0 0 1 
0.99882 -0.017543 -0.0452804 72.8146 0.0179417 0.999804 0.00841397 -5.00125 0.0451239 -0.00921645 0.998939 251.287 0 0 0 1 
0.998233 -0.0250709 -0.0538649 72.6903 0.0261114 0.999484 0.0187001 -5.0184 0.0533683 -0.0200735 0.998373 254.037 0 0 0 1 
0.996823 -0.0326621 -0.0726434 72.6091 0.0336693 0.999353 0.0126833 -5.02603 0.0721821 -0.0150889 0.997277 255.271 0 0 0 1 
0.9938 -0.0346592 -0.105646 72.479 0.0355112 0.99935 0.00619422 -5.03033 0.105362 -0.00990743 0.994385 256.438 0 0 0 1 
0.987684 -0.0359075 -0.152285 72.2936 0.0377257 0.999247 0.00906596 -5.03644 0.151845 -0.0146994 0.988295 257.578 0 0 0 1 
0.957406 -0.0311726 -0.287058 71.6996 0.033285 0.999443 0.00248061 -5.06986 0.28682 -0.0119297 0.95791 259.678 0 0 0 1 
0.927183 -0.0221854 -0.373952 71.2608 0.0228005 0.999736 -0.00277948 -5.07674 0.373915 -0.00594918 0.927444 260.631 0 0 0 1 
0.884242 0.000582444 -0.467028 70.7153 -0.00313354 0.999984 -0.00468575 -5.09759 0.467018 0.00560679 0.88423 261.49 0 0 0 1 
0.857095 0.0130241 -0.514994 70.4092 -0.0167447 0.999856 -0.00258164 -5.10866 0.514886 0.0108361 0.85719 261.887 0 0 0 1 
0.791724 0.028668 -0.610205 69.7587 -0.0329502 0.999448 0.00420296 -5.11293 0.609989 0.0167788 0.792232 262.635 0 0 0 1 
0.715388 0.0483787 -0.697051 69.0138 -0.0415329 0.99878 0.0266947 -5.10517 0.697492 0.00985347 0.716525 263.296 0 0 0 1 
0.674398 0.0605725 -0.735879 68.6115 -0.0465127 0.998135 0.0395329 -5.09444 0.736902 0.00756682 0.675958 263.59 0 0 0 1 
0.587798 0.0732418 -0.805685 67.7812 -0.0498795 0.99728 0.0542686 -5.06425 0.807468 0.00828823 0.589853 264.088 0 0 0 1 
0.541055 0.0757853 -0.837566 67.3635 -0.0485309 0.997085 0.0588688 -5.04933 0.839586 0.00879657 0.543156 264.301 0 0 0 1 
0.441653 0.0672987 -0.894658 66.4976 -0.0329003 0.997727 0.0588104 -5.00471 0.896582 0.00346071 0.442863 264.669 0 0 0 1 
0.389211 0.0597648 -0.919208 66.0587 -0.0237577 0.998212 0.054842 -4.97785 0.920842 0.00049315 0.389935 264.816 0 0 0 1 
0.334845 0.0539373 -0.940728 65.5948 -0.0184148 0.998544 0.0506977 -4.95097 0.942093 0.000347454 0.335351 264.938 0 0 0 1 
0.188247 0.0543683 -0.980616 63.9936 -0.0156974 0.998506 0.0523468 -4.87649 0.981996 0.00553901 0.188819 265.186 0 0 0 1 
0.145169 0.0537202 -0.987947 63.4474 -0.0134311 0.99854 0.0523226 -4.85218 0.989316 0.00567363 0.145679 265.247 0 0 0 1 
0.0161432 0.0465728 -0.998784 61.0829 -0.0114346 0.998858 0.0463914 -4.74393 0.999804 0.0106718 0.0166573 265.266 0 0 0 1 
-0.0500986 0.0409081 -0.997906 58.3834 -0.0192895 0.998935 0.0419187 -4.6405 0.998558 0.0213492 -0.0492561 265.107 0 0 0 1 
-0.0628284 0.0396182 -0.997238 55.3412 -0.0189128 0.998985 0.0408792 -4.53025 0.997845 0.0214289 -0.0620153 264.901 0 0 0 1 
-0.0603827 0.0356909 -0.997537 51.9084 -0.0139065 0.999233 0.0365934 -4.40865 0.998078 0.0160819 -0.0598401 264.695 0 0 0 1 
-0.0578625 0.0337806 -0.997753 50.0607 -0.0136449 0.999307 0.0346245 -4.34167 0.998231 0.0156177 -0.0573615 264.585 0 0 0 1 
-0.0519294 0.0346167 -0.998051 45.9019 -0.0066211 0.999365 0.0350068 -4.21124 0.998629 0.00842607 -0.0516672 264.362 0 0 0 1 
-0.0493483 0.0374523 -0.998079 43.7485 -0.00512211 0.999274 0.0377504 -4.13741 0.998768 0.00697519 -0.0491207 264.256 0 0 0 1 
-0.0477802 0.0446662 -0.997859 39.6092 -0.00206001 0.998993 0.0448156 -4.00382 0.998856 0.0041969 -0.0476401 264.046 0 0 0 1 
-0.0567723 0.0504873 -0.99711 35.1536 0.00631872 0.998719 0.050209 -3.86531 0.998367 -0.00344998 -0.0570185 263.811 0 0 0 1 
-0.0654226 0.0527111 -0.996464 32.0777 0.0108064 0.998583 0.0521136 -3.74843 0.997799 -0.00735874 -0.0658995 263.619 0 0 0 1 
-0.0702641 0.0480804 -0.996369 30.2074 0.00759394 0.998835 0.0476639 -3.68072 0.9975 -0.0042173 -0.0705474 263.474 0 0 0 1 
-0.0748509 0.0394754 -0.996413 26.3173 -0.00319289 0.999202 0.0398257 -3.56057 0.99719 0.00616242 -0.0746651 263.149 0 0 0 1 
-0.0741104 0.0385389 -0.996505 25.3215 -0.0049603 0.999226 0.039013 -3.53275 0.997238 0.00783423 -0.0738619 263.07 0 0 0 1 
-0.0724173 0.0387753 -0.99662 24.3187 -0.00541195 0.999214 0.0392695 -3.50935 0.99736 0.00823746 -0.0721506 262.991 0 0 0 1 
-0.0705866 0.0385732 -0.99676 23.3129 -0.0043771 0.99923 0.0389788 -3.48532 0.997496 0.00711429 -0.0703635 262.915 0 0 0 1 
-0.0686409 0.039684 -0.996852 22.295 -0.0033393 0.999194 0.0400072 -3.45656 0.997636 0.00607492 -0.068453 262.845 0 0 0 1 
-0.0667299 0.0407948 -0.996937 21.293 -0.00128836 0.999159 0.040972 -3.43146 0.99777 0.00401847 -0.0666213 262.779 0 0 0 1 
-0.064906 0.0430505 -0.996962 20.2986 0.00412821 0.999072 0.0428729 -3.40671 0.997883 -0.00133296 -0.0650235 262.724 0 0 0 1 
-0.0595491 0.0409385 -0.997386 17.4462 0.00884614 0.999141 0.0404824 -3.32966 0.998186 -0.00641233 -0.0598601 262.56 0 0 0 1 
-0.0587403 0.0452228 -0.997248 15.6757 0.0148194 0.998903 0.0444249 -3.2804 0.998163 -0.0121691 -0.059346 262.46 0 0 0 1 
-0.060759 0.0515543 -0.99682 13.9111 0.0108312 0.998641 0.0509883 -3.22613 0.998094 -0.00769878 -0.0612348 262.335 0 0 0 1 
-0.0657929 0.0470564 -0.996723 12.1099 0.00927537 0.998873 0.0465456 -3.16926 0.99779 -0.0061826 -0.0661552 262.205 0 0 0 1 
-0.0740003 0.0420448 -0.996372 10.3022 0.007696 0.999105 0.0415886 -3.10971 0.997229 -0.00459051 -0.0742577 262.061 0 0 0 1 
-0.0789699 0.0412764 -0.996022 9.40486 0.00634465 0.999143 0.0409027 -3.0854 0.996857 -0.00308934 -0.0791641 261.983 0 0 0 1 
-0.0836845 0.0416548 -0.995621 8.50198 0.00438598 0.999132 0.041433 -3.05962 0.996483 -0.000899475 -0.0837945 261.896 0 0 0 1 
-0.0925384 0.0458466 -0.994653 6.72447 -0.000199618 0.998939 0.0460627 -3.0098 0.995709 0.00446112 -0.0924311 261.715 0 0 0 1 
-0.0999271 0.0463791 -0.993913 4.94785 -0.00840521 0.998838 0.047454 -2.95635 0.994959 0.013096 -0.0994211 261.519 0 0 0 1 
-0.103507 0.0438477 -0.993662 3.22279 -0.0178441 0.998785 0.0459326 -2.90267 0.994469 0.0224853 -0.102599 261.32 0 0 0 1 
-0.104966 0.044485 -0.99348 1.54516 -0.0239705 0.998596 0.0472466 -2.85205 0.994187 0.0287735 -0.103752 261.127 0 0 0 1 
-0.104734 0.0441061 -0.993522 -0.0662747 -0.0296141 0.998435 0.047446 -2.80564 0.994059 0.0343915 -0.103264 260.938 0 0 0 1 
-0.0973336 0.0463804 -0.994171 -3.10925 -0.0355504 0.998114 0.0500449 -2.71159 0.994617 0.0402142 -0.0955012 260.608 0 0 0 1 
-0.0915012 0.0441089 -0.994828 -4.52986 -0.0371454 0.998172 0.0476737 -2.668 0.995112 0.0413155 -0.0896955 260.469 0 0 0 1 
-0.0856116 0.042983 -0.995401 -5.89876 -0.0330999 0.998395 0.0459591 -2.62565 0.995779 0.0368823 -0.0840514 260.355 0 0 0 1 
-0.0785673 0.0449177 -0.995896 -7.20159 -0.0341004 0.998279 0.0477154 -2.58871 0.996325 0.0377093 -0.0769004 260.248 0 0 0 1 
-0.0699648 0.0446596 -0.996549 -8.41339 -0.0347257 0.998283 0.0471752 -2.55661 0.996945 0.0379065 -0.0682938 260.16 0 0 0 1 
-0.0567748 0.0466689 -0.997296 -10.0921 -0.0312518 0.998334 0.0484967 -2.50504 0.997898 0.0339207 -0.0552218 260.068 0 0 0 1 
-0.0424661 0.0507178 -0.99781 -11.6031 -0.0323597 0.998117 0.0521106 -2.4621 0.998574 0.0345017 -0.040745 260.002 0 0 0 1 
-0.0249567 0.0515533 -0.998358 -12.9387 -0.0290372 0.998211 0.0522716 -2.41943 0.999267 0.030294 -0.0234151 259.977 0 0 0 1 
-0.00738415 0.0488631 -0.998778 -14.0886 -0.0256195 0.998468 0.0490374 -2.38585 0.999644 0.0259503 -0.00612099 259.98 0 0 0 1 
0.0102506 0.0472815 -0.998829 -15.2707 -0.0236095 0.998614 0.0470291 -2.35177 0.999669 0.0230997 0.0113527 260.001 0 0 0 1 
0.0315465 0.0197421 -0.999307 -16.9618 -0.0194077 0.999629 0.0191358 -2.32049 0.999314 0.0187905 0.0319179 260.06 0 0 0 1 
0.0660953 0.0158031 -0.997688 -17.7081 -0.0205306 0.999684 0.0144746 -2.30755 0.997602 0.0195265 0.0663989 260.127 0 0 0 1 
0.115959 0.0207997 -0.993036 -18.4645 -0.0218888 0.999591 0.018381 -2.30091 0.993013 0.0196049 0.116367 260.244 0 0 0 1 
0.189061 0.0250462 -0.981646 -19.3246 -0.0219778 0.999532 0.0212698 -2.29765 0.981719 0.0175531 0.189523 260.45 0 0 0 1 
0.252375 0.0247994 -0.967312 -19.933 -0.0166196 0.999635 0.0212919 -2.29216 0.967487 0.0107028 0.252695 260.66 0 0 0 1 
0.415431 0.0394157 -0.90877 -21.2598 -0.0185424 0.99922 0.0348624 -2.27456 0.909436 0.00236788 0.415838 261.291 0 0 0 1 
0.604543 0.0412605 -0.795503 -22.5284 -0.0200948 0.99913 0.036551 -2.26214 0.796319 -0.00611118 0.604846 262.312 0 0 0 1 
0.651588 0.0379206 -0.757625 -22.8272 -0.020829 0.999268 0.0321015 -2.25597 0.758287 -0.00513634 0.6519 262.632 0 0 0 1 
0.743166 0.0324025 -0.668322 -23.3982 -0.0259799 0.999471 0.0195683 -2.23406 0.668602 0.00282046 0.743615 263.357 0 0 0 1 
0.786082 0.0327015 -0.617256 -23.6704 -0.0284029 0.999456 0.0167786 -2.22541 0.617469 0.00434253 0.786583 263.771 0 0 0 1 
0.824811 0.0329695 -0.564446 -23.9238 -0.0280987 0.999455 0.0173186 -2.21823 0.56471 0.00157559 0.825288 264.22 0 0 0 1 
0.888226 0.0262562 -0.458656 -24.3619 -0.020792 0.99964 0.0169599 -2.21725 0.458936 -0.00552779 0.888452 265.23 0 0 0 1 
0.913561 0.0233694 -0.40603 -24.5522 -0.0185978 0.999704 0.0156941 -2.21827 0.406277 -0.00678622 0.913725 265.767 0 0 0 1 
0.951106 0.0194818 -0.308251 -24.8782 -0.0179811 0.999809 0.00770846 -2.20573 0.308342 -0.00178886 0.951274 266.922 0 0 0 1 
0.96481 0.0191368 -0.262252 -25.015 -0.0185869 0.999817 0.0045775 -2.20179 0.262292 0.000458045 0.964989 267.534 0 0 0 1 
0.975161 0.0189006 -0.220689 -25.1313 -0.0184157 0.999821 0.00425464 -2.20447 0.22073 -8.48161e-05 0.975335 268.163 0 0 0 1 
0.991973 0.0159527 -0.125441 -25.3757 -0.0153819 0.999866 0.0055176 -2.21345 0.125512 -0.00354378 0.992086 270.119 0 0 0 1 
0.996076 0.0115953 -0.0877373 -25.4851 -0.0111346 0.999922 0.00573854 -2.21584 0.0877969 -0.0047391 0.996127 271.563 0 0 0 1 
0.998679 0.00929409 -0.0505344 -25.6543 -0.00918618 0.999955 0.0023672 -2.2209 0.0505542 -0.00189986 0.99872 274.632 0 0 0 1 
0.999129 0.00869198 -0.0408201 -25.8031 -0.00848607 0.99995 0.00521491 -2.23233 0.0408634 -0.00486397 0.999153 278.162 0 0 0 1 
0.999013 0.00575399 -0.0440336 -25.9684 -0.00561652 0.999979 0.00324488 -2.23579 0.0440513 -0.00299437 0.999025 281.991 0 0 0 1 
0.998894 0.00945551 -0.0460597 -26.0681 -0.00976298 0.999932 -0.00645495 -2.2442 0.0459955 0.00689749 0.998918 283.93 0 0 0 1 
0.998857 0.0114208 -0.0464136 -26.1153 -0.0117199 0.999912 -0.00617682 -2.25013 0.046339 0.00671372 0.998903 284.903 0 0 0 1 
0.998925 0.00544275 -0.0460351 -26.3177 -0.0048501 0.999904 0.0129758 -2.26174 0.0461013 -0.0127386 0.998856 289.195 0 0 0 1 
0.998713 0.000144623 -0.0507183 -26.5147 -0.000495908 0.999976 -0.00691368 -2.27754 0.0507161 0.00692993 0.998689 293.297 0 0 0 1 
0.99867 0.0027045 -0.0514859 -26.5755 -0.00297007 0.999983 -0.00508231 -2.28963 0.0514713 0.00522847 0.998661 294.364 0 0 0 1 
0.998658 0.00441374 -0.0516063 -26.6357 -0.00434146 0.999989 0.0015126 -2.29864 0.0516124 -0.00128652 0.998666 295.463 0 0 0 1 
0.998698 0.00489369 -0.050773 -26.7512 -0.004282 0.999917 0.0121492 -2.30606 0.0508283 -0.011916 0.998636 297.704 0 0 0 1 
0.998713 0.00353005 -0.0506023 -26.8076 -0.00301885 0.999944 0.0101752 -2.30409 0.0506354 -0.0100093 0.998667 298.828 0 0 0 1 
0.99871 0.00188789 -0.0507422 -26.8633 -0.00158225 0.99998 0.00606279 -2.30076 0.0507527 -0.00597469 0.998693 299.967 0 0 0 1 
0.998653 -0.000499093 -0.0518929 -26.9771 0.000541508 1 0.000803307 -2.30926 0.0518925 -0.000830325 0.998652 302.264 0 0 0 1 
0.99861 -0.000639293 -0.0527045 -27.0378 0.00070177 0.999999 0.00116692 -2.31905 0.0527037 -0.00120228 0.998609 303.425 0 0 0 1 
0.998427 -0.00184074 -0.0560345 -27.1667 0.00227452 0.999968 0.00767847 -2.33574 0.0560186 -0.00779384 0.998399 305.769 0 0 0 1 
0.998314 -0.00341857 -0.0579499 -27.2339 0.00376401 0.999976 0.00585291 -2.34476 0.0579285 -0.00606116 0.998302 306.945 0 0 0 1 
0.998092 -0.00520204 -0.0615262 -27.3766 0.00495491 0.999979 -0.00416861 -2.36176 0.0615466 0.0038558 0.998097 309.303 0 0 0 1 
0.998007 -0.0048668 -0.0629145 -27.4537 0.00454215 0.999976 -0.00530216 -2.37923 0.0629388 0.00500582 0.998005 310.494 0 0 0 1 
0.997827 -0.00151809 -0.065872 -27.6183 0.0015314 0.999999 0.000151567 -2.41583 0.0658717 -0.000252114 0.997828 312.881 0 0 0 1 
0.997732 0.000643894 -0.067312 -27.701 -0.000289918 0.999986 0.00526838 -2.43005 0.0673145 -0.00523691 0.997718 314.074 0 0 0 1 
0.99757 0.0049992 -0.0694941 -27.8776 -0.00433604 0.999944 0.00969033 -2.4497 0.0695386 -0.00936546 0.997535 316.422 0 0 0 1 
0.997558 0.00503799 -0.0696634 -27.9634 -0.00444303 0.999952 0.00869281 -2.45532 0.0697038 -0.00836207 0.997533 317.593 0 0 0 1 
0.997562 0.00449393 -0.0696356 -28.1298 -0.00428158 0.999986 0.00319844 -2.47306 0.069649 -0.00289249 0.997567 319.917 0 0 0 1 
0.997542 0.00286415 -0.0700166 -28.2102 -0.00291252 0.999996 -0.000588754 -2.48572 0.0700146 0.000791231 0.997546 321.072 0 0 0 1 
0.997562 0.00401668 -0.0696697 -28.3771 -0.00404571 0.999992 -0.000275577 -2.5181 0.069668 0.000556769 0.99757 323.372 0 0 0 1 
0.997584 0.00654074 -0.0691565 -28.4628 -0.00636733 0.999976 0.00272763 -2.535 0.0691727 -0.0022807 0.997602 324.517 0 0 0 1 
0.997603 0.00838724 -0.0686886 -28.5474 -0.00811698 0.999958 0.00421275 -2.54969 0.0687211 -0.0036451 0.997629 325.659 0 0 0 1 
0.997617 0.0122569 -0.0678999 -28.7133 -0.0116752 0.999892 0.00895714 -2.56621 0.0680023 -0.00814305 0.997652 327.95 0 0 0 1 
0.997636 0.0143675 -0.0672049 -28.7961 -0.0134758 0.999815 0.0137031 -2.57071 0.0673894 -0.0127651 0.997645 329.094 0 0 0 1 
0.997612 0.0171877 -0.0668953 -28.8795 -0.0163128 0.999774 0.0136027 -2.57211 0.067114 -0.012479 0.997667 330.223 0 0 0 1 
0.997583 0.0197897 -0.0666055 -28.9605 -0.0192614 0.999778 0.00856491 -2.576 0.0667602 -0.0072613 0.997743 331.341 0 0 0 1 
0.99754 0.0219425 -0.0665694 -29.038 -0.0217238 0.999756 0.00400784 -2.57983 0.0666411 -0.00255184 0.997774 332.483 0 0 0 1 
0.997388 0.0302796 -0.0655755 -29.3726 -0.03031 0.99954 0.000531416 -2.62716 0.0655615 0.00145757 0.997847 337 0 0 0 1 
0.997377 0.0306396 -0.0655838 -29.4518 -0.0305075 0.99953 0.00301511 -2.63978 0.0656454 -0.0010064 0.997843 338.143 0 0 0 1 
0.997382 0.0297927 -0.0658953 -29.6075 -0.029501 0.99955 0.00539611 -2.65746 0.0660264 -0.003438 0.997812 340.416 0 0 0 1 
0.997489 0.0306028 -0.0638706 -29.8443 -0.0303321 0.999526 0.00520335 -2.67649 0.0639996 -0.00325295 0.997945 343.873 0 0 0 1 
0.997557 0.0299698 -0.0630999 -29.9207 -0.0297284 0.999547 0.00476132 -2.68246 0.063214 -0.00287383 0.997996 345.04 0 0 0 1 
0.997558 0.0307803 -0.0626986 -29.9964 -0.0305544 0.999523 0.00455823 -2.68899 0.0628089 -0.00263138 0.998022 346.21 0 0 0 1 
0.997598 0.0309237 -0.0619863 -30.074 -0.0306105 0.999513 0.0059964 -2.69324 0.0621416 -0.00408457 0.998059 347.386 0 0 0 1 
0.997667 0.029642 -0.0614938 -30.149 -0.0294127 0.999557 0.00463155 -2.70271 0.0616038 -0.00281205 0.998097 348.56 0 0 0 1 
0.99762 0.0312644 -0.061464 -30.2263 -0.0313187 0.999509 7.94373e-05 -2.71139 0.0614363 0.00184572 0.998109 349.73 0 0 0 1 
0.997623 0.030828 -0.061635 -30.3021 -0.0310808 0.999512 -0.00314689 -2.7213 0.0615079 0.00505507 0.998094 350.9 0 0 0 1 
0.997661 0.0293321 -0.0617431 -30.3753 -0.029413 0.999567 -0.000402148 -2.73476 0.0617045 0.00221726 0.998092 352.094 0 0 0 1 
0.997722 0.0297045 -0.0605722 -30.6104 -0.0291848 0.999529 0.00944724 -2.76057 0.0608243 -0.00765793 0.998119 355.675 0 0 0 1 
0.997721 0.0305244 -0.0601813 -30.6896 -0.0298971 0.999489 0.0112977 -2.76491 0.0604954 -0.00947266 0.998124 356.877 0 0 0 1 
0.997789 0.0282465 -0.0601547 -30.7652 -0.0276012 0.999552 0.0115319 -2.76955 0.0604535 -0.00984605 0.998122 358.077 0 0 0 1 
0.997876 0.0219433 -0.0613378 -30.985 -0.0216429 0.99975 0.00555791 -2.78871 0.0614445 -0.00421857 0.998102 361.593 0 0 0 1 
0.997881 0.0205448 -0.0617298 -31.0596 -0.0201632 0.999774 0.0067986 -2.79775 0.0618555 -0.00553953 0.99807 362.771 0 0 0 1 
0.997921 0.0180589 -0.0618705 -31.1332 -0.0174915 0.9998 0.00970085 -2.80572 0.0620333 -0.00859847 0.998037 363.936 0 0 0 1 
0.997954 0.0126261 -0.0626691 -31.2783 -0.0117306 0.999824 0.0146368 -2.81719 0.0628429 -0.0138717 0.997927 366.261 0 0 0 1 
0.997935 0.00486022 -0.0640439 -31.4939 -0.00448918 0.999972 0.00593608 -2.83181 0.064071 -0.00563632 0.997929 369.671 0 0 0 1 
0.997836 0.00171397 -0.0657346 -31.6413 -0.00110164 0.999956 0.00935034 -2.85208 0.0657477 -0.00925769 0.997793 371.919 0 0 0 1 
0.997541 -0.00565896 -0.0698573 -31.9391 0.00672173 0.999865 0.0149878 -2.87155 0.0697631 -0.0154205 0.997444 376.297 0 0 0 1 
0.997379 -0.0068511 -0.0720349 -32.0905 0.00771589 0.999901 0.0117338 -2.87631 0.0719474 -0.0122588 0.997333 378.419 0 0 0 1 
0.997267 -0.00510187 -0.0737072 -32.2512 0.00594631 0.999919 0.0112418 -2.88657 0.0736439 -0.0116494 0.997217 380.498 0 0 0 1 
0.997201 -0.00255687 -0.0747207 -32.4125 0.00356721 0.999904 0.0133913 -2.89858 0.0746793 -0.0136204 0.997115 382.541 0 0 0 1 
0.997168 8.20901e-05 -0.0752006 -32.5715 0.000686003 0.999948 0.010188 -2.91092 0.0751975 -0.0102108 0.997116 384.515 0 0 0 1 
0.997559 -0.000853471 -0.0698291 -32.8544 0.0016583 0.999933 0.0114685 -2.94097 0.0698146 -0.0115563 0.997493 388.264 0 0 0 1 
0.997773 -0.0031315 -0.0666244 -32.9723 0.00399682 0.999909 0.0128587 -2.95363 0.0665781 -0.0130964 0.997695 390.017 0 0 0 1 
0.997973 -0.0065049 -0.0632978 -33.0748 0.00756153 0.999836 0.0164678 -2.96158 0.0631803 -0.016913 0.997859 391.669 0 0 0 1 
0.998337 -0.00528484 -0.0574042 -33.262 0.0058264 0.99994 0.00927105 -2.98251 0.0573517 -0.0095901 0.998308 394.656 0 0 0 1 
0.998486 -0.0046753 -0.0548076 -33.3803 0.00525817 0.999931 0.0104955 -2.99231 0.0547547 -0.0107678 0.998442 396.651 0 0 0 1 
0.996194 -0.00181403 -0.0871459 -33.6393 0.00230798 0.999982 0.00556761 -3.02577 0.0871342 -0.00574755 0.99618 399.979 0 0 0 1 
0.992618 -1.3631e-05 -0.121285 -33.7783 0.00051374 0.999991 0.00409214 -3.03757 0.121284 -0.00412424 0.992609 400.937 0 0 0 1 
0.985762 0.00530155 -0.168063 -33.9759 -0.00411678 0.999964 0.00739719 -3.05094 0.168096 -0.00659999 0.985749 401.875 0 0 0 1 
0.97285 0.00425712 -0.231397 -34.2269 -0.00123632 0.999912 0.013198 -3.05769 0.231433 -0.0125536 0.97277 402.781 0 0 0 1 
0.950274 0.00834091 -0.311303 -34.5565 -0.00357046 0.999867 0.0158909 -3.06403 0.311395 -0.0139892 0.950178 403.633 0 0 0 1 
0.917467 0.0167897 -0.397457 -34.965 -0.00778744 0.999676 0.0242531 -3.05793 0.397735 -0.0191562 0.9173 404.431 0 0 0 1 
0.872941 0.0209723 -0.487376 -35.4345 -0.00563345 0.999442 0.032917 -3.04417 0.487794 -0.025989 0.872572 405.189 0 0 0 1 
0.777753 0.0416662 -0.627188 -36.3388 -0.0152174 0.998756 0.0474801 -3.01185 0.628386 -0.0273836 0.77742 406.266 0 0 0 1 
0.650601 0.0407873 -0.758324 -37.4854 0.00651096 0.99822 0.0592764 -2.95419 0.759392 -0.0435027 0.649178 407.241 0 0 0 1 
0.60123 0.0409704 -0.798025 -37.9319 0.0135291 0.99802 0.0614308 -2.92929 0.798962 -0.0477306 0.599485 407.53 0 0 0 1 
0.49066 0.0331253 -0.870721 -38.9001 0.0320196 0.997917 0.0560076 -2.86717 0.870763 -0.0553608 0.488577 408.033 0 0 0 1 
0.430405 0.0316208 -0.902082 -39.4261 0.0336364 0.99813 0.0510363 -2.84386 0.902009 -0.0523091 0.428536 408.23 0 0 0 1 
0.367218 0.0307555 -0.929626 -39.9772 0.0343981 0.99832 0.046616 -2.82375 0.929499 -0.0490957 0.365543 408.392 0 0 0 1 
0.236892 0.0227506 -0.97127 -41.1474 0.0528985 0.997941 0.0362773 -2.77455 0.970095 -0.0599725 0.235201 408.642 0 0 0 1 
0.172786 0.0276806 -0.98457 -41.7523 0.0562937 0.997694 0.0379288 -2.75237 0.983349 -0.0619787 0.17083 408.714 0 0 0 1 
0.113395 0.03731 -0.992849 -42.3352 0.0497526 0.997828 0.0431794 -2.73842 0.992303 -0.0542932 0.111293 408.743 0 0 0 1 
0.0117403 0.0492521 -0.998717 -43.6297 0.0301086 0.998316 0.0495862 -2.70202 0.999478 -0.0306521 0.0102376 408.679 0 0 0 1 
-0.0788989 0.0631268 -0.994882 -45.5315 0.0220963 0.997859 0.0615633 -2.61167 0.996638 -0.0171259 -0.0801248 408.484 0 0 0 1 
-0.113091 0.0363306 -0.99292 -48.462 0.0111425 0.999315 0.0352955 -2.47961 0.993522 -0.007072 -0.113418 408.107 0 0 0 1 
-0.108227 0.0422044 -0.99323 -52.3935 0.0158713 0.999044 0.0407221 -2.35723 0.993999 -0.0113566 -0.108794 407.667 0 0 0 1 
-0.107146 0.0414631 -0.993378 -53.2267 0.0118257 0.999113 0.0404269 -2.32729 0.994173 -0.00741576 -0.107542 407.569 0 0 0 1 
-0.103926 0.0392142 -0.993812 -54.0728 0.00727616 0.999226 0.038667 -2.29904 0.994558 -0.00321264 -0.104131 407.471 0 0 0 1 
-0.0949841 0.0381546 -0.994747 -55.7924 0.0014167 0.999269 0.0381928 -2.24202 0.995478 0.00221845 -0.0949688 407.29 0 0 0 1 
-0.0904883 0.0409817 -0.995054 -56.6564 -0.000160826 0.999152 0.0411651 -2.20876 0.995898 0.00388499 -0.090405 407.206 0 0 0 1 
-0.0862295 0.0444849 -0.995282 -57.5336 -0.00339166 0.998984 0.0449442 -2.17739 0.99627 0.00725118 -0.085991 407.122 0 0 0 1 
-0.0728472 0.0426207 -0.996432 -61.3355 -0.00183395 0.999079 0.042868 -2.02498 0.997341 0.00495022 -0.072702 406.813 0 0 0 1 
-0.0609277 0.0590955 -0.996391 -65.4478 0.00111383 0.998249 0.0591376 -1.84579 0.998142 0.0024933 -0.0608868 406.535 0 0 0 1 
-0.0584647 0.0578727 -0.996611 -66.4928 -0.00123526 0.998313 0.0580441 -1.7968 0.998289 0.0046246 -0.0582946 406.465 0 0 0 1 
-0.0554406 0.0500053 -0.997209 -68.5954 -0.00212577 0.998737 0.0502001 -1.69912 0.99846 0.00490296 -0.0552643 406.333 0 0 0 1 
-0.0552115 0.0495536 -0.997244 -69.657 -0.0014948 0.998762 0.0497118 -1.6546 0.998474 0.00423534 -0.0550691 406.272 0 0 0 1 
-0.0552672 0.0504578 -0.997196 -70.7404 -0.00112652 0.998719 0.0505972 -1.61083 0.998471 0.00391972 -0.0551395 406.206 0 0 0 1 
-0.0572225 0.052563 -0.996977 -72.9125 0.000332875 0.998614 0.0526302 -1.52581 0.998361 0.00267976 -0.0571607 406.076 0 0 0 1 
-0.0585381 0.053309 -0.996861 -74.0039 -0.00148542 0.998567 0.0534875 -1.48234 0.998284 0.00461181 -0.0583751 406.003 0 0 0 1 
-0.059859 0.0539384 -0.996748 -75.0743 -0.0036077 0.998521 0.054251 -1.43936 0.9982 0.00684338 -0.0595759 405.927 0 0 0 1 
-0.0618861 0.054644 -0.996586 -77.1976 -0.00399644 0.998479 0.0549959 -1.35441 0.998075 0.00738628 -0.0615736 405.785 0 0 0 1 
-0.0715928 0.0528808 -0.996031 -81.3953 -0.00532978 0.998559 0.0533981 -1.18876 0.99742 0.00913154 -0.0712078 405.481 0 0 0 1 
-0.0794819 0.0593706 -0.995067 -83.5208 -0.00782833 0.998157 0.0601802 -1.10186 0.996806 0.012573 -0.0788707 405.299 0 0 0 1 
-0.0894173 0.0485484 -0.99481 -87.6547 -0.0124713 0.998678 0.0498581 -0.924713 0.995916 0.0168647 -0.0886937 404.906 0 0 0 1 
-0.0909139 0.0526375 -0.994467 -89.7196 -0.0138903 0.998438 0.0541176 -0.840566 0.995762 0.0187335 -0.0900408 404.704 0 0 0 1 
-0.0889702 0.0503258 -0.994762 -91.792 -0.0143306 0.998555 0.0517994 -0.758408 0.995931 0.0188641 -0.0881204 404.508 0 0 0 1 
-0.073732 0.0530335 -0.995867 -95.9 -0.0208525 0.998285 0.0547061 -0.599532 0.99706 0.0247999 -0.0724996 404.149 0 0 0 1 
-0.0685225 0.0542538 -0.996173 -96.9308 -0.021505 0.998208 0.0558438 -0.557916 0.997418 0.0252492 -0.067233 404.072 0 0 0 1 
-0.0634196 0.0551687 -0.996461 -97.9704 -0.0211594 0.998172 0.0566101 -0.51462 0.997763 0.0246747 -0.0621363 404.003 0 0 0 1 
-0.0584222 0.0556226 -0.996741 -99.0118 -0.0209173 0.998159 0.0569278 -0.471476 0.998073 0.0241749 -0.0571511 403.94 0 0 0 1 
-0.0530377 0.0545041 -0.997104 -100.027 -0.0200257 0.99825 0.055632 -0.430573 0.998392 0.0229183 -0.0518534 403.885 0 0 0 1 
-0.0481211 0.0525695 -0.997457 -101.034 -0.0207402 0.998346 0.0536169 -0.390724 0.998626 0.0232675 -0.0469512 403.832 0 0 0 1 
-0.0328915 0.0506919 -0.998173 -104.004 -0.0219455 0.998436 0.0514284 -0.279578 0.999218 0.023597 -0.0317276 403.702 0 0 0 1 
-0.0234404 0.0538625 -0.998273 -106 -0.0230756 0.998252 0.0544032 -0.205263 0.999459 0.024311 -0.0221566 403.644 0 0 0 1 
-0.0156675 0.0575004 -0.998223 -108.006 -0.0202871 0.998121 0.057813 -0.122683 0.999671 0.0211568 -0.0144715 403.608 0 0 0 1 
-0.0103861 0.0563499 -0.998357 -109.946 -0.0155245 0.998281 0.0565071 -0.0447744 0.999826 0.0160859 -0.00949347 403.588 0 0 0 1 
-0.00741514 0.0515849 -0.998641 -113.569 -0.00501209 0.998654 0.0516228 0.0865731 0.99996 0.00538807 -0.00714661 403.559 0 0 0 1 
-0.0104556 0.0506699 -0.998661 -115.222 -0.000311579 0.998715 0.0506759 0.142534 0.999945 0.000841007 -0.0104263 403.542 0 0 0 1 
-0.0180109 0.0550248 -0.998323 -116.769 0.00419468 0.99848 0.0549578 0.189163 0.999829 -0.00319781 -0.0182144 403.512 0 0 0 1 
-0.0289553 0.0559239 -0.998015 -118.204 0.00792588 0.998415 0.0557163 0.236989 0.999549 -0.00629686 -0.0293526 403.464 0 0 0 1 
-0.0504557 0.051842 -0.99738 -120.275 0.00955754 0.998631 0.0514236 0.309841 0.998681 -0.00693788 -0.0508821 403.352 0 0 0 1 
-0.0649543 0.0532533 -0.996466 -121.638 0.0103231 0.998557 0.0526922 0.359229 0.997835 -0.00686405 -0.0654103 403.251 0 0 0 1 
-0.0788016 0.047008 -0.995781 -122.974 0.00833158 0.998884 0.0464952 0.406073 0.996856 -0.00463254 -0.0791053 403.128 0 0 0 1 
-0.091403 0.0411796 -0.994962 -124.295 0.00950035 0.999135 0.0404796 0.451646 0.995769 -0.00575253 -0.0917152 402.996 0 0 0 1 
-0.102311 0.0375881 -0.994042 -125.62 0.00728999 0.999287 0.0370361 0.489428 0.994726 -0.00345735 -0.102512 402.843 0 0 0 1 
-0.11169 0.0363112 -0.99308 -126.968 0.00640819 0.999338 0.0358193 0.525237 0.993722 -0.0023632 -0.111848 402.678 0 0 0 1 
-0.119733 0.0353632 -0.992176 -128.345 0.00632444 0.999372 0.0348565 0.560118 0.992786 -0.00210149 -0.119881 402.502 0 0 0 1 
-0.125423 0.0317495 -0.991595 -129.742 -0.00155115 0.99948 0.0321982 0.595205 0.992102 0.0055765 -0.125309 402.299 0 0 0 1 
-0.127127 0.0361953 -0.991226 -132.662 -0.000966229 0.999329 0.0366152 0.671366 0.991886 0.00561253 -0.127007 401.903 0 0 0 1 
-0.126197 0.0534225 -0.990566 -134.238 -0.00569646 0.998493 0.0545758 0.730694 0.991989 0.01253 -0.125702 401.685 0 0 0 1 
-0.1218 0.0661783 -0.990346 -135.904 -0.011095 0.997622 0.068029 0.811659 0.992493 0.0192738 -0.120776 401.463 0 0 0 1 
-0.106366 0.0477515 -0.99318 -139.389 -0.0184955 0.998578 0.0499919 0.988871 0.994155 0.0236868 -0.105332 401.04 0 0 0 1 
-0.0983044 0.0709494 -0.992624 -141.25 -0.0170286 0.997189 0.0729621 1.06962 0.995011 0.0240755 -0.0968199 400.85 0 0 0 1 
-0.0913709 0.043667 -0.994859 -143.104 -0.018473 0.998792 0.0455363 1.16642 0.995646 0.0225387 -0.0904539 400.663 0 0 0 1 
-0.0718174 0.0512228 -0.996102 -147.096 -0.0369518 0.997858 0.0539773 1.33299 0.996733 0.0406842 -0.0697708 400.294 0 0 0 1 
-0.0570538 0.0277282 -0.997986 -149.148 -0.0367898 0.998877 0.0298561 1.41248 0.997693 0.0384191 -0.0559696 400.154 0 0 0 1 
-0.0291314 0.0476448 -0.998439 -153.477 -0.0204461 0.998626 0.0482502 1.52507 0.999366 0.0218198 -0.0281173 399.995 0 0 0 1 
-0.0198844 0.0445804 -0.998808 -155.684 -0.0180332 0.998827 0.0449402 1.61221 0.99964 0.0189053 -0.0190572 399.94 0 0 0 1 
-0.0170141 0.0418668 -0.998978 -157.91 -0.0141594 0.999013 0.0421093 1.68786 0.999755 0.0148614 -0.0164045 399.893 0 0 0 1 
-0.0221809 0.0518211 -0.99841 -162.409 -0.0135737 0.998548 0.0521298 1.84093 0.999662 0.0147084 -0.0214453 399.784 0 0 0 1 
-0.0286197 0.0443844 -0.998604 -164.64 -0.00975767 0.998954 0.0446796 1.91985 0.999543 0.0110228 -0.0281567 399.712 0 0 0 1 
-0.0418902 0.0471642 -0.998008 -168.99 0.00323418 0.998886 0.0470699 2.04648 0.999117 -0.00125597 -0.0419961 399.55 0 0 0 1 
-0.0514542 0.0389434 -0.997916 -173.285 -0.00798976 0.999191 0.0394052 2.18081 0.998643 0.0100007 -0.0511014 399.295 0 0 0 1 
-0.0535317 0.0382376 -0.997834 -174.369 -0.00686293 0.999229 0.0386592 2.20999 0.998543 0.00891756 -0.053228 399.232 0 0 0 1 
-0.0554674 0.0407187 -0.99763 -175.44 -0.00531628 0.999142 0.041076 2.24179 0.998446 0.00758206 -0.0552034 399.167 0 0 0 1 
-0.0577301 0.04586 -0.997278 -176.528 -0.00127595 0.99894 0.0460103 2.27443 0.998331 0.00392865 -0.0576104 399.101 0 0 0 1 
-0.0677581 0.0551838 -0.996174 -179.778 0.000168056 0.99847 0.0552995 2.39678 0.997702 0.00357958 -0.0676637 398.876 0 0 0 1 
-0.0711049 0.0476014 -0.996332 -180.844 -0.00264796 0.998848 0.0479106 2.43828 0.997465 0.00604493 -0.070897 398.784 0 0 0 1 
-0.0755744 0.0427329 -0.996224 -182.972 -0.00198315 0.999073 0.0430056 2.51349 0.997138 0.00522578 -0.0754195 398.613 0 0 0 1 
-0.0786593 0.0528391 -0.9955 -185.108 0.000862718 0.998598 0.0529353 2.58403 0.996901 0.00330502 -0.0785945 398.438 0 0 0 1 
-0.0802139 0.0572795 -0.995131 -189.31 0.000290355 0.998349 0.0574413 2.75833 0.996778 0.00431865 -0.0800981 398.072 0 0 0 1 
-0.0784543 0.0528149 -0.995518 -191.363 -0.00661021 0.998546 0.0534965 2.84333 0.996896 0.0107776 -0.0779911 397.885 0 0 0 1 
-0.0728861 0.0510927 -0.996031 -195.387 -0.00250447 0.998674 0.0514116 2.99029 0.997337 0.00624172 -0.0726615 397.562 0 0 0 1 
-0.0709807 0.0607049 -0.995629 -197.387 0.000933817 0.99815 0.0607921 3.06923 0.997477 0.00338533 -0.070906 397.417 0 0 0 1 
-0.0664365 0.0563996 -0.996195 -201.234 -0.000850085 0.998398 0.056581 3.23419 0.99779 0.0046059 -0.0662821 397.132 0 0 0 1 
-0.0660028 0.0601079 -0.996007 -202.168 -0.00246052 0.998171 0.0604015 3.27462 0.997816 0.00643737 -0.0657342 397.062 0 0 0 1 
-0.0647751 0.0585811 -0.996179 -203.959 0.00417369 0.998283 0.0584334 3.3424 0.997891 -0.000372707 -0.0649084 396.946 0 0 0 1 
-0.0642328 0.051617 -0.996599 -204.812 0.00691745 0.99866 0.0512779 3.37621 0.997911 -0.00360021 -0.0645038 396.89 0 0 0 1 
-0.0642952 0.0480997 -0.996771 -205.65 0.00804747 0.99883 0.04768 3.41063 0.997898 -0.00495589 -0.0646071 396.829 0 0 0 1 
-0.0672281 0.0643398 -0.995661 -208.064 0.0171493 0.997846 0.063323 3.49703 0.99759 -0.0128178 -0.0681866 396.675 0 0 0 1 
-0.0720411 0.0518293 -0.996054 -209.529 0.0139193 0.998604 0.0509552 3.54797 0.997305 -0.0101936 -0.0726619 396.554 0 0 0 1 
-0.0773224 0.0443284 -0.99602 -210.906 0.00861045 0.999004 0.0437927 3.59792 0.996969 -0.00519002 -0.0776271 396.426 0 0 0 1 
-0.0866457 0.0513792 -0.994913 -212.234 0.0051415 0.998679 0.0511259 3.63647 0.996226 -0.000685506 -0.0867954 396.292 0 0 0 1 
-0.101226 0.0546764 -0.99336 -213.52 0.00683303 0.998503 0.0542632 3.67517 0.99484 -0.00129482 -0.101448 396.149 0 0 0 1 
-0.129499 0.0530662 -0.990159 -214.742 0.0122171 0.998577 0.0519195 3.72087 0.991504 -0.00537339 -0.129963 395.977 0 0 0 1 
-0.17553 0.0508262 -0.983161 -215.914 0.0162015 0.99868 0.048736 3.76197 0.984341 -0.00737409 -0.176122 395.751 0 0 0 1 
-0.240268 0.0506884 -0.969382 -217.037 0.0180937 0.998696 0.0477365 3.79927 0.970538 -0.00607023 -0.240871 395.442 0 0 0 1 
-0.323314 0.0518062 -0.944873 -218.108 0.0234967 0.998632 0.0467137 3.83271 0.946 -0.00709817 -0.324089 395.047 0 0 0 1 
-0.521021 0.0559858 -0.851706 -220.051 0.0352354 0.998407 0.0440741 3.8955 0.852816 -0.00704668 -0.522164 393.95 0 0 0 1 
-0.621823 0.0566468 -0.781107 -220.918 0.034901 0.998394 0.0446209 3.92729 0.78238 0.000484883 -0.622801 393.216 0 0 0 1 
-0.719814 0.0567312 -0.691845 -221.675 0.0369517 0.998373 0.0434209 3.95475 0.693183 0.00569012 -0.720739 392.343 0 0 0 1 
-0.765477 0.0571182 -0.640923 -222.017 0.0394725 0.998345 0.0418276 3.97048 0.642252 0.0067192 -0.766464 391.86 0 0 0 1 
-0.807779 0.0569799 -0.586726 -222.33 0.0401287 0.998324 0.0417049 3.99048 0.588119 0.0101438 -0.808711 391.343 0 0 0 1 
-0.881126 0.0515285 -0.470065 -222.857 0.0371992 0.998518 0.0397284 4.0326 0.471416 0.0175197 -0.881737 390.214 0 0 0 1 
-0.911577 0.0514631 -0.407896 -223.077 0.0386868 0.99847 0.0395159 4.04511 0.409306 0.0202416 -0.912173 389.611 0 0 0 1 
-0.936937 0.0565607 -0.344892 -223.272 0.0455627 0.998164 0.0399181 4.05813 0.346517 0.0216865 -0.937793 388.982 0 0 0 1 
-0.972035 0.059214 -0.22725 -223.546 0.0519791 0.997936 0.0376958 4.09612 0.229013 0.0248294 -0.973107 387.646 0 0 0 1 
-0.982847 0.0558199 -0.175773 -223.622 0.0504896 0.998123 0.0346563 4.11274 0.177377 0.0251872 -0.983821 387.008 0 0 0 1 
-0.990128 0.05093 -0.130587 -223.67 0.0470646 0.998362 0.0325195 4.12537 0.13203 0.0260524 -0.990903 386.329 0 0 0 1 
-0.998231 0.0421701 -0.0419177 -223.734 0.0408389 0.998649 0.0321222 4.17155 0.0432156 0.0303535 -0.998605 384.217 0 0 0 1 
-0.998408 0.0531492 0.0189041 -223.715 0.0533034 0.998548 0.00775069 4.2133 -0.0184647 0.00874601 -0.999791 381.098 0 0 0 1 
-0.996482 0.0487821 0.0681414 -223.507 0.0491517 0.998784 0.00375665 4.20721 -0.0678753 0.0070927 -0.997669 377.842 0 0 0 1 
-0.996065 0.0424315 0.0778042 -223.354 0.0428277 0.999077 0.00342996 4.19843 -0.0775868 0.00674864 -0.996963 376.113 0 0 0 1 
-0.994609 0.0397266 0.095789 -223.009 0.0407094 0.999136 0.00832713 4.18742 -0.0953754 0.0121817 -0.995367 372.44 0 0 0 1 
-0.993197 0.0310547 0.112233 -222.539 0.0318273 0.99948 0.00509791 4.19007 -0.112016 0.00863529 -0.993669 368.448 0 0 0 1 
-0.993206 0.0286605 0.112787 -222.412 0.0290137 0.999578 0.00149111 4.18785 -0.112697 0.00475334 -0.993618 367.405 0 0 0 1 
-0.993278 0.0279098 0.112335 -222.287 0.0279461 0.999609 -0.00125119 4.18453 -0.112326 0.00189656 -0.99367 366.348 0 0 0 1 
-0.993676 0.0263153 0.109159 -222.04 0.026814 0.999636 0.00310301 4.17031 -0.109038 0.00601037 -0.994019 364.165 0 0 0 1 
-0.994017 0.0231492 0.106745 -221.92 0.0237957 0.999705 0.00478652 4.1619 -0.106603 0.00729796 -0.994275 363.077 0 0 0 1 
-0.994324 0.0215224 0.104194 -221.815 0.0221203 0.999745 0.00458614 4.15883 -0.104069 0.00686491 -0.994546 362.019 0 0 0 1 
-0.994949 0.0175199 0.0988447 -221.589 0.0183452 0.999804 0.00744663 4.15135 -0.0986948 0.00922234 -0.995075 359.893 0 0 0 1 
-0.995862 0.014772 0.0896654 -221.154 0.0172062 0.999502 0.0264362 4.16522 -0.0892302 0.0278696 -0.995621 355.464 0 0 0 1 
-0.996316 0.0106802 0.085092 -220.962 0.0125247 0.999697 0.0211721 4.18395 -0.0848402 0.0221599 -0.996148 353.363 0 0 0 1 
-0.996891 0.0141717 0.0775107 -220.595 0.0156922 0.999696 0.0190428 4.21752 -0.0772173 0.0201999 -0.99681 348.966 0 0 0 1 
-0.997042 0.0137112 0.0756292 -220.516 0.0150917 0.999729 0.0177121 4.22387 -0.0753659 0.0188011 -0.996979 347.902 0 0 0 1 
-0.997387 0.00532259 0.0720499 -220.344 0.00646435 0.999857 0.0156229 4.23127 -0.0719564 0.0160479 -0.997279 345.749 0 0 0 1 
-0.99803 -0.00618918 0.0624369 -220.005 -0.00487438 0.999764 0.0211886 4.26029 -0.0625533 0.0208425 -0.997824 341.33 0 0 0 1 
-0.998266 0.00809488 0.0582985 -219.89 0.00913862 0.999802 0.0176591 4.27323 -0.0581441 0.0181612 -0.998143 339.138 0 0 0 1 
-0.998413 0.00652323 0.0559308 -219.76 0.00762986 0.999779 0.0195951 4.29632 -0.0557906 0.0199907 -0.998242 336.923 0 0 0 1 
-0.998373 -0.00156587 0.0569973 -219.482 -0.000572227 0.999848 0.0174454 4.34117 -0.0570159 0.0173844 -0.998222 332.547 0 0 0 1 
-0.998201 0.00249231 0.0599071 -219.347 0.00320122 0.999926 0.0117403 4.34768 -0.0598734 0.011911 -0.998135 330.349 0 0 0 1 
-0.998226 0.00316852 0.0594473 -219.144 0.0040811 0.999876 0.015236 4.34797 -0.0593916 0.0154516 -0.998115 327.2 0 0 0 1 
-0.99837 0.00227734 0.0570315 -219.079 0.00309085 0.999895 0.0141801 4.34813 -0.0569932 0.0143333 -0.998272 326.173 0 0 0 1 
-0.998807 0.00319614 0.048724 -218.903 0.00396607 0.999869 0.0157134 4.34791 -0.0486674 0.0158879 -0.998689 322.99 0 0 0 1 
-0.998943 0.00254519 0.0459016 -218.85 0.0031015 0.999923 0.0120525 4.34694 -0.0458674 0.0121821 -0.998873 321.925 0 0 0 1 
-0.999072 0.00548891 0.0427236 -218.708 0.00623113 0.999832 0.0172588 4.35592 -0.0426217 0.017509 -0.998938 318.746 0 0 0 1 
-0.999066 0.00727728 0.042594 -218.672 0.00803189 0.999813 0.0175721 4.35835 -0.0424582 0.0178978 -0.998938 317.72 0 0 0 1 
-0.998969 0.0105223 0.0441712 -218.574 0.0109863 0.999887 0.0102769 4.36356 -0.0440581 0.0107515 -0.998971 315.662 0 0 0 1 
-0.998479 0.0194351 0.0515973 -218.475 0.0200787 0.999727 0.0119839 4.36259 -0.0513503 0.0130017 -0.998596 313.572 0 0 0 1 
-0.997738 0.0134616 0.0658632 -218.179 0.0142103 0.999839 0.0109119 4.36064 -0.0657058 0.0118232 -0.997769 309.331 0 0 0 1 
-0.997726 0.0126154 0.0662156 -218.101 0.0137047 0.999778 0.0160216 4.36114 -0.0659988 0.0168926 -0.997677 308.254 0 0 0 1 
-0.997736 0.0113569 0.0662929 -218.026 0.0127223 0.999715 0.0202121 4.36553 -0.0660445 0.0210097 -0.997595 307.172 0 0 0 1 
-0.997617 0.0137249 0.067614 -217.955 0.0146673 0.999802 0.0134609 4.3668 -0.0674158 0.0144205 -0.997621 306.108 0 0 0 1 
-0.997436 0.0205401 0.0685487 -217.746 0.0211404 0.999744 0.00804258 4.36547 -0.068366 0.0094711 -0.997615 302.915 0 0 0 1 
-0.997789 0.0210609 0.0630294 -217.442 0.0220225 0.999651 0.0146015 4.38015 -0.0626999 0.0159573 -0.997905 298.609 0 0 0 1 
-0.998133 0.0266459 0.0549512 -217.262 0.0278354 0.999392 0.0209956 4.39765 -0.0543583 0.022486 -0.998268 295.308 0 0 0 1 
-0.998387 0.0254732 0.0507334 -217.139 0.0266399 0.999393 0.0224548 4.41877 -0.0501306 0.0237701 -0.99846 293.107 0 0 0 1 
-0.998414 0.022984 0.0513913 -217.079 0.0240497 0.999506 0.0202154 4.42987 -0.0509013 0.0214193 -0.998474 291.983 0 0 0 1 
-0.998124 0.0281743 0.0543608 -216.959 0.0292876 0.999375 0.0197934 4.44581 -0.0537691 0.0213484 -0.998325 289.777 0 0 0 1 
-0.998012 0.0261825 0.0573362 -216.889 0.0273621 0.999428 0.0198854 4.45659 -0.0567827 0.0214147 -0.998157 288.645 0 0 0 1 
-0.997632 0.0244036 0.0643062 -216.738 0.0261487 0.999308 0.0264365 4.47733 -0.0636166 0.0280554 -0.99758 286.445 0 0 0 1 
-0.997522 0.0246473 0.0658962 -216.59 0.0258175 0.999523 0.0169662 4.49561 -0.0654465 0.0186254 -0.997682 284.277 0 0 0 1 
-0.997432 0.0248174 0.0671759 -216.514 0.0256727 0.9996 0.011899 4.50178 -0.0668537 0.013593 -0.99767 283.204 0 0 0 1 
-0.997316 0.0234361 0.0693694 -216.436 0.0243119 0.999635 0.0118068 4.50426 -0.0690673 0.0134616 -0.997521 282.096 0 0 0 1 
-0.996916 0.0168051 0.0766618 -216.07 0.0180217 0.999722 0.0152059 4.5304 -0.0763849 0.0165405 -0.996941 277.698 0 0 0 1 
-0.996435 0.0246739 0.0806762 -215.892 0.0240112 0.99967 -0.00917412 4.51767 -0.0808759 -0.00720428 -0.996698 275.507 0 0 0 1 
-0.996171 0.0281376 0.0827716 -215.804 0.0275387 0.999586 -0.00836777 4.50129 -0.0829727 -0.00605631 -0.996533 274.378 0 0 0 1 
-0.99603 0.0262101 0.0850736 -215.604 0.0275411 0.999515 0.0145087 4.47969 -0.0846521 0.0167941 -0.996269 272.124 0 0 0 1 
-0.996073 0.0250394 0.0849174 -215.504 0.0269707 0.999401 0.0216731 4.48191 -0.0843239 0.0238783 -0.996152 270.995 0 0 0 1 
-0.996289 0.0247998 0.0824235 -215.307 0.0261859 0.999533 0.0157785 4.49057 -0.0819937 0.0178782 -0.996472 268.793 0 0 0 1 
-0.996347 0.0283133 0.0805678 -215.218 0.0293307 0.999504 0.0114717 4.49205 -0.080203 0.0137929 -0.996683 267.696 0 0 0 1 
-0.996434 0.0309102 0.0785118 -215.133 0.0316644 0.999463 0.00837954 4.48665 -0.0782107 0.0108357 -0.996878 266.6 0 0 0 1 
-0.996533 0.0364859 0.0747732 -214.971 0.0369839 0.999302 0.00528582 4.4738 -0.0745282 0.0080329 -0.997187 264.419 0 0 0 1 
-0.996627 0.0369166 0.0732892 -214.891 0.0376388 0.999255 0.00849757 4.46652 -0.0729209 0.0112274 -0.997275 263.336 0 0 0 1 
-0.996848 0.0368874 0.0702387 -214.73 0.0379234 0.99919 0.0134741 4.45396 -0.0696848 0.0160953 -0.997439 261.186 0 0 0 1 
-0.997025 0.0355217 0.0684011 -214.65 0.0364011 0.999269 0.011653 4.44941 -0.0679372 0.0141082 -0.99759 260.121 0 0 0 1 
-0.997203 0.0353256 0.0658625 -214.499 0.0361736 0.999277 0.0117273 4.44397 -0.0654006 0.014077 -0.99776 258.005 0 0 0 1 
-0.99724 0.0360389 0.0649089 -214.429 0.0370296 0.999214 0.0141261 4.44065 -0.0643489 0.0164906 -0.997791 256.949 0 0 0 1 
-0.997027 0.0436028 0.063533 -214.299 0.0449606 0.998787 0.0201003 4.44221 -0.0625795 0.022897 -0.997777 254.878 0 0 0 1 
-0.996842 0.0468931 0.0640887 -214.241 0.0484062 0.99858 0.0222645 4.44492 -0.0629536 0.0252964 -0.997696 253.854 0 0 0 1 
-0.996913 0.0455652 0.0639383 -214.173 0.0469694 0.998683 0.0206318 4.44372 -0.062914 0.0235713 -0.997741 252.849 0 0 0 1 
-0.996461 0.0547688 0.0637672 -214.12 0.0559719 0.998284 0.0172349 4.44841 -0.0627138 0.020743 -0.997816 251.823 0 0 0 1 
-0.997548 0.0395707 0.0577301 -213.853 0.039787 0.999205 0.00260205 4.43212 -0.0575812 0.00489258 -0.998329 248.04 0 0 0 1 
-0.998299 0.0321564 0.0486367 -213.744 0.0327999 0.999384 0.0124911 4.41774 -0.0482051 0.0140651 -0.998738 246.201 0 0 0 1 
-0.99913 0.0309843 0.0278971 -213.54 0.0315157 0.999326 0.0188175 4.4085 -0.0272952 0.0196803 -0.999434 241.139 0 0 0 1 
-0.999084 0.0364297 0.0224561 -213.49 0.0368693 0.99913 0.0194802 4.40429 -0.021727 0.0202903 -0.999558 238.892 0 0 0 1 
-0.99892 0.0400824 0.0234964 -213.46 0.0404984 0.999026 0.0175043 4.40308 -0.0227719 0.018437 -0.999571 237.515 0 0 0 1 
-0.997842 0.0468362 0.0460085 -213.368 0.0476106 0.99874 0.0158825 4.39421 -0.0452067 0.0180388 -0.998815 235.048 0 0 0 1 
-0.996394 0.0477552 0.0701289 -213.286 0.0489111 0.998693 0.0148566 4.38912 -0.0693277 0.0182331 -0.997427 233.97 0 0 0 1 
-0.992745 0.0521409 0.108345 -213.168 0.0535003 0.998521 0.00967653 4.37689 -0.10768 0.0154028 -0.994066 232.966 0 0 0 1 
-0.984865 0.0510547 0.16563 -212.978 0.0527042 0.998595 0.00557643 4.36732 -0.165113 0.0142215 -0.986172 231.997 0 0 0 1 
-0.968243 0.0511757 0.244718 -212.713 0.0536833 0.998552 0.00358338 4.358 -0.24418 0.0166069 -0.969588 231.072 0 0 0 1 
-0.905849 0.0337213 0.422256 -211.903 0.0349747 0.999377 -0.00478018 4.32182 -0.422154 0.0104381 -0.906464 229.407 0 0 0 1 
-0.85875 0.0345867 0.511227 -211.386 0.0339426 0.999368 -0.0105955 4.30637 -0.51127 0.00825348 -0.859381 228.623 0 0 0 1 
-0.800227 0.0311656 0.598887 -210.75 0.0315831 0.999453 -0.00980972 4.28621 -0.598865 0.0110647 -0.800773 227.845 0 0 0 1 
-0.727691 0.0297073 0.685262 -209.994 0.0353852 0.999357 -0.00574782 4.26428 -0.684992 0.0200655 -0.728274 227.084 0 0 0 1 
-0.641557 0.030558 0.766467 -209.115 0.0347142 0.999339 -0.0107854 4.23937 -0.76629 0.0196878 -0.642194 226.388 0 0 0 1 
-0.59388 0.0303342 0.803982 -208.619 0.0322924 0.999382 -0.013853 4.22589 -0.803905 0.0177355 -0.594493 226.07 0 0 0 1 
-0.49469 0.0362077 0.868315 -207.541 0.0300932 0.999246 -0.0245229 4.19572 -0.868548 0.0139991 -0.495407 225.499 0 0 0 1 
-0.444864 0.0402944 0.894691 -206.957 0.0302504 0.999093 -0.0299551 4.17453 -0.895087 0.0137389 -0.44568 225.244 0 0 0 1 
-0.394196 0.0402085 0.918146 -206.34 0.0289778 0.99909 -0.0313119 4.14822 -0.918569 0.0142628 -0.395002 225.016 0 0 0 1 
-0.290582 0.0325451 0.956297 -205.008 0.0188948 0.999422 -0.0282713 4.09926 -0.956664 0.00985389 -0.291028 224.659 0 0 0 1 
-0.23919 0.0294573 0.970526 -204.333 0.0109144 0.999558 -0.0276486 4.07703 -0.970912 0.00397941 -0.239406 224.538 0 0 0 1 
-0.149803 0.0193699 0.988526 -202.856 0.0027061 0.999812 -0.019181 4.02574 -0.988712 -0.000198318 -0.149828 224.356 0 0 0 1 
-0.0610503 0.0312842 0.997644 -200.636 -0.00732301 0.999468 -0.0317896 3.94805 -0.998108 -0.00924652 -0.0607887 224.236 0 0 0 1 
-0.0262003 0.0375126 0.998953 -199.036 -0.0110938 0.999223 -0.0378137 3.9003 -0.999595 -0.0120729 -0.0257638 224.215 0 0 0 1 
-0.00985871 0.0250993 0.999636 -197.361 -0.00901289 0.999642 -0.0251884 3.82717 -0.999911 -0.00925794 -0.00962896 224.206 0 0 0 1 
0.00664382 0.0442472 0.998999 -193.966 -0.00301252 0.999017 -0.044228 3.68708 -0.999973 -0.00271566 0.00677059 224.22 0 0 0 1 
0.0114445 0.0401168 0.999129 -192.2 0.000380403 0.999195 -0.0401238 3.61011 -0.999934 0.000839267 0.01142 224.24 0 0 0 1 
0.0158765 0.0278684 0.999486 -190.398 0.00372579 0.999603 -0.0279308 3.52216 -0.999867 0.00416731 0.0157664 224.266 0 0 0 1 
0.0248179 0.0330618 0.999145 -186.647 0.010889 0.999385 -0.0333402 3.37405 -0.999633 0.0117071 0.0244426 224.346 0 0 0 1 
0.0273363 0.0355053 0.998996 -184.728 0.00696994 0.999338 -0.0357082 3.28784 -0.999602 0.00793906 0.0270707 224.413 0 0 0 1 
0.0299498 0.0302666 0.999093 -182.751 0.0106764 0.999475 -0.0305983 3.20664 -0.999494 0.0115832 0.0296109 224.47 0 0 0 1 
0.0409129 0.0292181 0.998735 -178.594 0.0208296 0.99933 -0.0300888 3.04829 -0.998946 0.0220343 0.0402769 224.61 0 0 0 1 
0.0495543 0.0233052 0.998499 -176.698 0.0211825 0.999478 -0.0243793 2.96775 -0.998547 0.0223589 0.0490348 224.692 0 0 0 1 
0.0703468 0.0142527 0.997421 -172.601 0.0214777 0.999644 -0.0157993 2.81842 -0.997291 0.0225337 0.0700157 224.961 0 0 0 1 
0.0803698 0.0239935 0.996476 -170.586 0.0149521 0.999569 -0.0252739 2.74826 -0.996653 0.0169307 0.0799764 225.136 0 0 0 1 
0.0954541 0.018562 0.995261 -166.681 0.00427075 0.999809 -0.0190564 2.5901 -0.995425 0.00606952 0.0953566 225.519 0 0 0 1 
0.096273 0.0216145 0.99512 -164.717 0.00103225 0.999761 -0.0218152 2.52009 -0.995354 0.00312742 0.0962277 225.72 0 0 0 1 
0.0946947 0.0225181 0.995252 -162.727 -0.00637932 0.999737 -0.0220126 2.44683 -0.995486 -0.00426455 0.0948134 225.928 0 0 0 1 
0.0916781 0.0265869 0.995434 -160.728 -0.0157609 0.999557 -0.0252455 2.36468 -0.995664 -0.0133744 0.0920565 226.141 0 0 0 1 
0.08437 0.0315836 0.995934 -156.889 -0.0202351 0.999346 -0.0299776 2.19049 -0.996229 -0.0176236 0.0849539 226.499 0 0 0 1 
0.0760386 0.0294599 0.99667 -154.16 -0.0284804 0.99922 -0.0273624 2.06258 -0.996698 -0.026305 0.0768183 226.739 0 0 0 1 
0.0670957 0.0294243 0.997313 -152.447 -0.0289902 0.999201 -0.0275297 1.97707 -0.997325 -0.0270651 0.067895 226.867 0 0 0 1 
0.0433576 0.0335253 0.998497 -149.286 -0.024018 0.999183 -0.0325054 1.82007 -0.998771 -0.0225725 0.0441274 227.034 0 0 0 1 
0.0318472 0.0352747 0.99887 -147.902 -0.0173578 0.999246 -0.0347345 1.74454 -0.999342 -0.016232 0.0324354 227.067 0 0 0 1 
0.00955749 0.0424033 0.999055 -145.108 -0.0156328 0.998985 -0.0422508 1.58589 -0.999832 -0.0152142 0.0102107 227.114 0 0 0 1 
0.00104716 0.0388536 0.999244 -143.745 -0.0167732 0.999105 -0.0388306 1.51945 -0.999859 -0.0167198 0.00169792 227.12 0 0 0 1 
-0.00118766 0.0250746 0.999685 -142.383 -0.0124916 0.999607 -0.0250875 1.44854 -0.999921 -0.0125175 -0.000873973 227.114 0 0 0 1 
0.00201608 0.015021 0.999885 -141.029 -0.016317 0.999755 -0.0149861 1.39475 -0.999865 -0.0162849 0.00226068 227.127 0 0 0 1 
0.0303578 0.0205722 0.999327 -138.373 0.00270031 0.999783 -0.0206636 1.29964 -0.999535 0.0033258 0.0302957 227.155 0 0 0 1 
0.0676744 0.0310929 0.997223 -137.075 0.0124088 0.999411 -0.0320032 1.26285 -0.99763 0.0145402 0.0672487 227.227 0 0 0 1 
0.114112 0.0293842 0.993033 -135.787 0.015215 0.999394 -0.0313208 1.1955 -0.993351 0.0186831 0.113596 227.372 0 0 0 1 
0.170711 0.0326876 0.984779 -134.522 0.013546 0.999277 -0.035517 1.12869 -0.985228 0.0194029 0.170145 227.597 0 0 0 1 
0.24017 0.027923 0.970329 -133.278 0.0105205 0.999453 -0.0313651 1.07499 -0.970674 0.0177413 0.239745 227.919 0 0 0 1 
0.321135 0.0195066 0.946832 -132.079 0.000629261 0.999783 -0.020811 1.01926 -0.947033 0.00727893 0.321053 228.356 0 0 0 1 
0.41017 0.0192709 0.911805 -130.955 -0.00136942 0.999789 -0.0205144 0.974833 -0.912008 0.00716576 0.41011 228.886 0 0 0 1 
0.457374 0.0190822 0.88907 -130.421 -0.0016551 0.999786 -0.020607 0.950377 -0.889273 0.00795361 0.457308 229.194 0 0 0 1 
0.504862 0.0208416 0.862948 -129.907 -0.00319124 0.999747 -0.0222785 0.929832 -0.863194 0.00849367 0.504801 229.528 0 0 0 1 
0.595871 0.0288869 0.80256 -128.953 -0.00379142 0.999443 -0.0331583 0.883567 -0.803071 0.0167153 0.595649 230.273 0 0 0 1 
0.639491 0.03191 0.768136 -128.512 -0.00590624 0.999313 -0.0365965 0.859675 -0.768776 0.0188663 0.63924 230.688 0 0 0 1 
0.681065 0.0313628 0.731551 -128.089 -0.00493576 0.999256 -0.0382447 0.837029 -0.732206 0.0224364 0.680713 231.126 0 0 0 1 
0.756085 0.0174705 0.65424 -127.286 0.00377859 0.99951 -0.0310573 0.782132 -0.654462 0.025954 0.755649 232.069 0 0 0 1 
0.788802 0.0131641 0.614507 -126.936 0.00377351 0.999648 -0.0262586 0.756242 -0.614636 0.0230316 0.788474 232.567 0 0 0 1 
0.84703 0.0112512 0.531426 -126.306 0.00328532 0.999646 -0.0264007 0.707711 -0.531535 0.0241081 0.846693 233.638 0 0 0 1 
0.872275 0.011118 0.488889 -126.037 0.00290656 0.999606 -0.0279182 0.686041 -0.489007 0.0257733 0.871899 234.182 0 0 0 1 
0.914193 0.0157261 0.404974 -125.598 -0.0053237 0.999627 -0.0268001 0.644414 -0.405244 0.0223445 0.913935 235.312 0 0 0 1 
0.931308 0.0210941 0.363621 -125.428 -0.0132711 0.999624 -0.0239992 0.625684 -0.36399 0.017525 0.931238 235.878 0 0 0 1 
0.945185 0.025033 0.325573 -125.297 -0.0190923 0.999588 -0.0214296 0.610231 -0.325976 0.014039 0.945274 236.401 0 0 0 1 
0.971733 0.0579752 0.228852 -124.84 -0.0570686 0.998314 -0.0105833 0.53799 -0.22908 -0.00277607 0.973404 238.8 0 0 0 1 
0.975613 0.0602237 0.211076 -124.612 -0.0590852 0.998184 -0.0117022 0.514695 -0.211398 -0.00105466 0.9774 239.999 0 0 0 1 
0.973061 0.0577579 0.223195 -123.981 -0.0548838 0.998311 -0.019064 0.428544 -0.223919 0.00630068 0.974587 243.024 0 0 0 1 
0.964359 0.0532281 0.259187 -123.688 -0.0502698 0.998573 -0.0180331 0.392818 -0.259777 0.00436105 0.965659 244.137 0 0 0 1 
0.918023 0.0260546 0.395669 -122.829 -0.0281088 0.999605 -0.000605908 0.313658 -0.395529 -0.0105656 0.918393 246.185 0 0 0 1 
0.875258 0.0164014 0.483379 -122.296 -0.0101372 0.999827 -0.0155693 0.263705 -0.483551 0.008727 0.875273 246.997 0 0 0 1 
0.814196 0.0423913 0.57904 -121.745 -0.0298219 0.999068 -0.0312083 0.230577 -0.579823 0.00814163 0.814702 247.775 0 0 0 1 
0.776783 0.0468905 0.62802 -121.427 -0.0357414 0.998899 -0.0303742 0.221181 -0.628753 0.00114789 0.777604 248.131 0 0 0 1 
0.696528 0.0253491 0.717082 -120.678 -0.0159787 0.999676 -0.0198182 0.184261 -0.717352 0.00234583 0.696707 248.72 0 0 0 1 
0.652653 0.0208952 0.757369 -120.285 -0.0100102 0.99977 -0.0189566 0.161146 -0.757591 0.00479065 0.652712 248.976 0 0 0 1 
0.559321 0.0224122 0.828648 -119.475 -0.00297882 0.999682 -0.0250274 0.115619 -0.828946 0.01153 0.55921 249.425 0 0 0 1 
0.513598 0.0244186 0.857683 -119.108 -0.000304467 0.9996 -0.0282767 0.0967223 -0.858031 0.0142617 0.5134 249.593 0 0 0 1 
0.470332 0.0264282 0.882094 -118.709 -0.000874672 0.999565 -0.0294813 0.0780946 -0.882489 0.0130945 0.470151 249.764 0 0 0 1 
0.348533 0.0274903 0.936893 -117.41 -0.00695143 0.999618 -0.0267447 0.0342747 -0.937271 0.00280868 0.348591 250.219 0 0 0 1 
0.272997 0.0191332 0.961825 -116.45 0.0010585 0.999796 -0.0201889 -0.0157862 -0.962014 0.0065296 0.272921 250.432 0 0 0 1 
0.16805 0.0285422 0.985365 -114.326 0.00840935 0.999503 -0.0303859 -0.0906133 -0.985743 0.0133927 0.167727 250.781 0 0 0 1 
0.136762 0.0370079 0.989912 -113.16 0.00576023 0.999255 -0.038153 -0.133222 -0.990587 0.01092 0.136447 250.937 0 0 0 1 
0.0882926 0.0382548 0.99536 -110.663 0.0161814 0.999075 -0.0398329 -0.243179 -0.995963 0.0196233 0.0875919 251.145 0 0 0 1 
0.0845752 0.0327097 0.99588 -109.36 0.0190337 0.999226 -0.0344361 -0.302118 -0.996235 0.0218678 0.0838871 251.25 0 0 0 1 
0.0788982 0.029481 0.996447 -106.393 0.0166201 0.999385 -0.0308839 -0.417554 -0.996744 0.0189977 0.0783597 251.498 0 0 0 1 
0.0740918 0.0338148 0.996678 -104.802 0.0168215 0.99924 -0.0351522 -0.480382 -0.99711 0.0193701 0.0734667 251.617 0 0 0 1 
0.068722 0.0371582 0.996944 -103.104 0.0153916 0.999148 -0.0383013 -0.550373 -0.997517 0.0179766 0.0680915 251.741 0 0 0 1 
0.060029 0.0336165 0.99763 -99.5455 0.0137656 0.99931 -0.0345014 -0.711291 -0.998102 0.0158041 0.0595248 251.977 0 0 0 1 
0.0499576 0.0320514 0.998237 -95.7705 0.0180701 0.999292 -0.0329896 -0.877038 -0.998588 0.0196863 0.0493431 252.175 0 0 0 1 
0.0450404 0.0350023 0.998372 -92.7888 0.0186019 0.999183 -0.0358699 -1.00794 -0.998812 0.0201872 0.0443525 252.32 0 0 0 1 
0.0435115 0.038229 0.998321 -91.7892 0.0179603 0.999076 -0.0390407 -1.05288 -0.998891 0.0196289 0.0427847 252.366 0 0 0 1 
0.0418137 0.0404013 0.998308 -90.8245 0.0162065 0.999023 -0.041109 -1.0993 -0.998994 0.017898 0.0411181 252.413 0 0 0 1 
0.0399259 0.0421202 0.998314 -89.983 0.0142582 0.998985 -0.0427187 -1.14336 -0.999101 0.0159397 0.0392848 252.456 0 0 0 1 
0.0419361 0.0337222 0.998551 -85.8975 0.0213914 0.999171 -0.0346415 -1.34963 -0.998891 0.0228131 0.04118 252.621 0 0 0 1 
0.0550447 0.0353167 0.997859 -81.7007 0.0260633 0.998983 -0.0367942 -1.54795 -0.998144 0.0280328 0.0540683 252.835 0 0 0 1 
0.0577574 0.0376045 0.997622 -80.6525 0.0252354 0.998916 -0.0391143 -1.6 -0.998012 0.0274346 0.0567458 252.901 0 0 0 1 
0.0597315 0.0378286 0.997497 -79.5961 0.0251087 0.998909 -0.0393857 -1.65389 -0.997899 0.0273984 0.0587165 252.967 0 0 0 1 
0.0609959 0.0387345 0.997386 -78.5439 0.0224761 0.99894 -0.0401694 -1.71289 -0.997885 0.0248676 0.0600607 253.039 0 0 0 1 
0.0620512 0.0383922 0.997334 -77.4878 0.0210311 0.998988 -0.0397643 -1.76984 -0.997851 0.0234424 0.061181 253.112 0 0 0 1 
0.0671232 0.0215686 0.997512 -74.4687 0.0218662 0.999494 -0.0230829 -1.91118 -0.997505 0.0233612 0.0666176 253.317 0 0 0 1 
0.07003 0.035377 0.996917 -72.547 0.0190978 0.99914 -0.0367975 -1.99476 -0.997362 0.0216158 0.0692941 253.462 0 0 0 1 
0.0710611 0.0283002 0.99707 -68.5618 0.0233692 0.999276 -0.0300283 -2.20664 -0.997198 0.0254345 0.0703483 253.748 0 0 0 1 
0.0704225 0.0258708 0.997182 -67.5783 0.0228775 0.999359 -0.0275429 -2.25714 -0.997255 0.0247527 0.0697855 253.823 0 0 0 1 
0.0705717 0.0297955 0.997062 -66.6077 0.0256749 0.999168 -0.0316757 -2.30107 -0.997176 0.0278349 0.069748 253.89 0 0 0 1 
0.0712074 0.0338525 0.996887 -65.6392 0.0284055 0.99895 -0.0359516 -2.34491 -0.997057 0.0308771 0.070171 253.956 0 0 0 1 
0.0720244 0.0335989 0.996837 -64.693 0.030474 0.998892 -0.03587 -2.38913 -0.996937 0.0329612 0.0709207 254.023 0 0 0 1 
0.0733252 0.0301391 0.996853 -63.7584 0.0296391 0.999036 -0.0323853 -2.43519 -0.996868 0.0319204 0.0723612 254.095 0 0 0 1 
0.0769739 0.0322113 0.996513 -60.9691 0.0279703 0.999015 -0.0344527 -2.56889 -0.996641 0.0305247 0.0759971 254.32 0 0 0 1 
0.0790703 0.0339494 0.996291 -59.1334 0.0291988 0.998912 -0.0363561 -2.6588 -0.996441 0.0319652 0.077993 254.471 0 0 0 1 
0.0813947 0.0301052 0.996227 -57.3113 0.0298944 0.99902 -0.0326321 -2.7516 -0.996234 0.0324377 0.080415 254.622 0 0 0 1 
0.084015 0.0284697 0.996058 -55.4955 0.0302136 0.999059 -0.0311039 -2.84057 -0.996006 0.0327076 0.0830758 254.777 0 0 0 1 
0.0862656 0.0285883 0.995862 -53.7996 0.0272842 0.999145 -0.0310461 -2.9215 -0.995899 0.0298495 0.0854118 254.933 0 0 0 1 
0.0879261 0.0293194 0.995695 -52.1567 0.0215011 0.999278 -0.0313236 -3.00299 -0.995895 0.0241627 0.0872323 255.097 0 0 0 1 
0.0885613 0.0322035 0.99555 -50.5691 0.014662 0.999327 -0.0336299 -3.08409 -0.995963 0.017575 0.0880295 255.26 0 0 0 1 
0.0873447 0.0337504 0.995606 -49.0007 0.0107872 0.999335 -0.0348232 -3.16293 -0.99612 0.0137814 0.0869226 255.414 0 0 0 1 
0.0854141 0.0325074 0.995815 -47.424 0.00639751 0.999429 -0.0331741 -3.23853 -0.996325 0.00920427 0.0851574 255.567 0 0 0 1 
0.082989 0.0283043 0.996148 -45.8507 0.00962231 0.999527 -0.0292019 -3.31437 -0.996504 0.0120087 0.0826774 255.7 0 0 0 1 
0.0786981 0.0296994 0.996456 -44.3294 0.0108282 0.999472 -0.0306444 -3.38961 -0.99684 0.0132015 0.0783349 255.827 0 0 0 1 
0.0739698 0.0342639 0.996672 -42.869 0.010321 0.99933 -0.0351213 -3.46005 -0.997207 0.0128845 0.0735666 255.945 0 0 0 1 
0.056717 0.030913 0.997912 -40.2533 0.00779016 0.999476 -0.0314042 -3.59706 -0.99836 0.00955505 0.0564465 256.123 0 0 0 1 
0.0428635 0.0298034 0.998636 -39.0888 0.00623925 0.999527 -0.0300978 -3.65672 -0.999061 0.00752084 0.0426573 256.182 0 0 0 1 
0.0267441 0.0299851 0.999192 -37.9963 0.00798476 0.999512 -0.0302084 -3.71215 -0.99961 0.00878621 0.0264916 256.21 0 0 0 1 
-0.000966106 0.0298018 0.999555 -36.5086 0.0106852 0.999499 -0.0297898 -3.7814 -0.999942 0.0106517 -0.00128406 256.206 0 0 0 1 
-0.0310249 0.0264411 0.999169 -35.1858 0.0111343 0.999597 -0.0261067 -3.84361 -0.999457 0.0103151 -0.0313068 256.162 0 0 0 1 
-0.0650502 0.0282701 0.997481 -34.0443 0.0232343 0.999371 -0.0268085 -3.89655 -0.997611 0.0214319 -0.065666 256.058 0 0 0 1 
-0.101416 0.0239423 0.994556 -33.0864 0.0309653 0.999302 -0.0208989 -3.93508 -0.994362 0.0286772 -0.102087 255.934 0 0 0 1 
-0.141043 0.0219016 0.989761 -32.3546 0.0264439 0.999482 -0.0183484 -3.96267 -0.98965 0.0235853 -0.14155 255.819 0 0 0 1 
-0.250872 0.0323056 0.967481 -30.8929 0.0402621 0.998926 -0.0229155 -4.03087 -0.967183 0.033204 -0.251903 255.406 0 0 0 1 
-0.39367 0.0478442 0.918006 -29.4777 0.0389899 0.998615 -0.0353252 -4.07984 -0.918425 0.0218865 -0.39499 254.792 0 0 0 1 
-0.461113 0.0490136 0.885987 -28.9428 0.0421705 0.998556 -0.0332932 -4.1025 -0.886339 0.0220106 -0.462514 254.469 0 0 0 1 
-0.534016 0.0496203 0.844017 -28.3565 0.0440339 0.998554 -0.030845 -4.12527 -0.844327 0.0206936 -0.535429 254.051 0 0 0 1 
-0.61322 0.0468949 0.788519 -27.7469 0.0384549 0.998825 -0.0294965 -4.15502 -0.788975 0.0122346 -0.614303 253.543 0 0 0 1 
-0.767545 0.0476938 0.639218 -26.5678 0.0411141 0.998838 -0.0251579 -4.20755 -0.639675 0.00697099 -0.768614 252.143 0 0 0 1 
-0.837939 0.0520183 0.54328 -26.0523 0.0447723 0.998644 -0.0265632 -4.22696 -0.543925 0.00206554 -0.839131 251.249 0 0 0 1 
-0.86949 0.0517066 0.491237 -25.8152 0.0449256 0.998662 -0.0255988 -4.2421 -0.491904 -0.000188794 -0.87065 250.758 0 0 0 1 
-0.89713 0.0500601 0.438922 -25.5978 0.0446239 0.998746 -0.0227008 -4.25611 -0.439508 -0.000779159 -0.898238 250.24 0 0 0 1 
-0.939408 0.0588963 0.337704 -25.2402 0.0561513 0.998262 -0.0179001 -4.27086 -0.338171 0.002147 -0.941082 249.07 0 0 0 1 
-0.95482 0.0609264 0.290873 -25.0985 0.059272 0.998136 -0.0145037 -4.27679 -0.291215 0.00339223 -0.956652 248.498 0 0 0 1 
-0.967614 0.0595485 0.245312 -24.9612 0.0591103 0.998209 -0.00915515 -4.28484 -0.245418 0.00564182 -0.969401 247.871 0 0 0 1 
-0.988186 0.0580219 0.141849 -24.6426 0.0590582 0.99825 0.00310271 -4.29435 -0.14142 0.0114434 -0.989883 245.788 0 0 0 1 
-0.996199 0.0574751 0.0654524 -24.3701 0.0580369 0.998292 0.00671265 -4.28026 -0.0649548 0.0104858 -0.997833 242.583 0 0 0 1 
-0.997291 0.0611967 0.0408035 -24.298 0.0617037 0.998031 0.0112841 -4.26938 -0.0400326 0.0137713 -0.999103 240.82 0 0 0 1 
-0.997437 0.0660153 0.0275918 -24.2536 0.0664056 0.997702 0.0134777 -4.25283 -0.0266387 0.0152754 -0.999528 238.953 0 0 0 1 
-0.997378 0.0695185 0.0201166 -24.1622 0.0698288 0.997444 0.0151533 -4.21401 -0.0190117 0.0165183 -0.999683 235.152 0 0 0 1 
-0.996936 0.0743919 0.0241722 -24.0612 0.0747006 0.997132 0.0121261 -4.1739 -0.0232008 0.0138946 -0.999634 231.026 0 0 0 1 
-0.99685 0.0751105 0.0254822 -24.0291 0.0753849 0.997105 0.00998505 -4.16726 -0.0246585 0.0118746 -0.999625 229.954 0 0 0 1 
-0.996662 0.077045 0.0270082 -23.9948 0.077287 0.996977 0.00803372 -4.16134 -0.0263076 0.0100943 -0.999603 228.848 0 0 0 1 
-0.996364 0.0799039 0.029559 -23.9591 0.080163 0.996752 0.00768362 -4.15559 -0.028849 0.0100252 -0.999534 227.716 0 0 0 1 
-0.996148 0.0793859 0.0372509 -23.8659 0.0796844 0.996798 0.00659581 -4.15425 -0.036608 0.00953872 -0.999284 225.413 0 0 0 1 
-0.996102 0.0779201 0.0413492 -23.8068 0.0782015 0.996924 0.00523009 -4.1537 -0.0408144 0.00844327 -0.999131 224.243 0 0 0 1 
-0.996041 0.0726777 0.0511968 -23.609 0.0730992 0.997304 0.0064074 -4.15945 -0.0505931 0.0101245 -0.998668 220.857 0 0 0 1 
-0.9959 0.0726761 0.0538691 -23.5409 0.0731219 0.997303 0.0063495 -4.1607 -0.0532623 0.0102625 -0.998528 219.723 0 0 0 1 
-0.995691 0.0735797 0.0564361 -23.4708 0.0741255 0.99722 0.00763685 -4.16036 -0.0557173 0.0117873 -0.998377 218.569 0 0 0 1 
-0.995219 0.0759786 0.0613665 -23.3205 0.0766592 0.997018 0.00880918 -4.16347 -0.0605142 0.0134714 -0.998076 216.22 0 0 0 1 
-0.995081 0.0760753 0.0634589 -23.2371 0.0767269 0.997021 0.00789057 -4.16558 -0.0626696 0.0127208 -0.997953 215.042 0 0 0 1 
-0.995056 0.0733256 0.0669808 -23.0672 0.0740346 0.997222 0.00816157 -4.17014 -0.0661963 0.0130801 -0.997721 212.674 0 0 0 1 
-0.995047 0.0726635 0.0678295 -22.9791 0.0733866 0.99727 0.00822797 -4.17302 -0.0670465 0.013165 -0.997663 211.482 0 0 0 1 
-0.995037 0.0721839 0.06849 -22.8912 0.0729586 0.997295 0.00887502 -4.17539 -0.0676641 0.0138279 -0.997612 210.282 0 0 0 1 
-0.994867 0.0731875 0.0698781 -22.7136 0.0739643 0.997224 0.00859124 -4.17951 -0.0690553 0.0137156 -0.997519 207.869 0 0 0 1 
-0.994804 0.0737769 0.0701573 -22.6231 0.0745977 0.997172 0.00914777 -4.18088 -0.069284 0.0143338 -0.997494 206.654 0 0 0 1 
-0.994858 0.0730746 0.0701231 -22.5278 0.0739554 0.997211 0.0100448 -4.1837 -0.0691935 0.0151791 -0.997488 205.439 0 0 0 1 
-0.994968 0.0718837 0.0697949 -22.4319 0.0728019 0.997289 0.0106997 -4.18481 -0.0688365 0.0157271 -0.997504 204.218 0 0 0 1 
-0.995528 0.0670015 0.0665886 -22.1525 0.0678555 0.997638 0.0106453 -4.18478 -0.0657181 0.0151161 -0.997724 200.53 0 0 0 1 
-0.995825 0.0657127 0.0633636 -21.9782 0.0665105 0.99773 0.0105619 -4.18429 -0.0625257 0.0147322 -0.997935 198.062 0 0 0 1 
-0.995879 0.0663879 0.0617864 -21.8958 0.0673366 0.99764 0.0133987 -4.18201 -0.0607511 0.0175039 -0.997999 196.81 0 0 0 1 
-0.995955 0.0664426 0.0604967 -21.8127 0.0675903 0.997566 0.0171239 -4.17706 -0.0592117 0.0211436 -0.998022 195.548 0 0 0 1 
-0.99603 0.0680602 0.0573773 -21.6542 0.0692853 0.997404 0.019637 -4.15713 -0.0558918 0.0235344 -0.998159 193.005 0 0 0 1 
-0.99613 0.0679606 0.0557283 -21.5756 0.0690733 0.997444 0.0182871 -4.14473 -0.054343 0.0220657 -0.998278 191.725 0 0 0 1 
-0.99608 0.0712536 0.0524251 -21.4323 0.0721684 0.997268 0.0157656 -4.12323 -0.0511585 0.0194872 -0.9985 189.148 0 0 0 1 
-0.995963 0.0738784 0.0509794 -21.3631 0.074723 0.997094 0.014864 -4.11575 -0.0497331 0.0186133 -0.998589 187.846 0 0 0 1 
-0.995805 0.0776133 0.0484602 -21.2275 0.0782798 0.996859 0.012008 -4.10528 -0.047376 0.0157511 -0.998753 185.227 0 0 0 1 
-0.995854 0.077542 0.0475585 -21.1609 0.0781153 0.996891 0.0103139 -4.10346 -0.0466109 0.0139862 -0.998815 183.908 0 0 0 1 
-0.996197 0.0741925 0.0456882 -21.0225 0.0749089 0.99709 0.0141719 -4.09812 -0.0445038 0.0175405 -0.998855 181.243 0 0 0 1 
-0.996415 0.071606 0.045058 -20.9509 0.0724013 0.997243 0.0162705 -4.0938 -0.0437687 0.0194745 -0.998852 179.901 0 0 0 1 
-0.996416 0.0719658 0.0444485 -20.8177 0.0725451 0.997298 0.0115573 -4.08289 -0.0434966 0.0147404 -0.998945 177.217 0 0 0 1 
-0.996359 0.0727791 0.0444134 -20.7503 0.0732569 0.99727 0.00922421 -4.0824 -0.0436209 0.0124442 -0.998971 175.868 0 0 0 1 
-0.996259 0.0738938 0.0448182 -20.6836 0.0743459 0.997196 0.00850245 -4.08364 -0.0440642 0.0118027 -0.998959 174.512 0 0 0 1 
-0.996134 0.0748643 0.045955 -20.5485 0.0755828 0.99704 0.0140997 -4.08592 -0.0447634 0.0175186 -0.998844 171.793 0 0 0 1 
-0.996049 0.0757012 0.0464268 -20.4804 0.0764193 0.996979 0.0138911 -4.0832 -0.045235 0.0173841 -0.998825 170.432 0 0 0 1 
-0.995947 0.0764284 0.0474172 -20.3392 0.0770965 0.996946 0.0124217 -4.07834 -0.0463231 0.0160271 -0.998798 167.702 0 0 0 1 
-0.995869 0.0771112 0.0479515 -20.2673 0.0777736 0.996898 0.0121032 -4.07839 -0.0468695 0.0157826 -0.998776 166.332 0 0 0 1 
-0.99588 0.0761333 0.049266 -20.1172 0.0768524 0.996959 0.0128684 -4.07993 -0.0481365 0.0166016 -0.998703 163.591 0 0 0 1 
-0.995885 0.0756526 0.0498883 -20.0418 0.0764117 0.996985 0.013487 -4.08068 -0.0487175 0.0172436 -0.998664 162.221 0 0 0 1 
-0.995895 0.0748905 0.0508335 -19.9638 0.075699 0.99703 0.0141674 -4.08019 -0.0496215 0.0179573 -0.998607 160.851 0 0 0 1 
-0.995822 0.0746325 0.052619 -19.8058 0.0755566 0.997016 0.0157953 -4.07784 -0.0512832 0.019705 -0.99849 158.122 0 0 0 1 
-0.995774 0.0745756 0.0535956 -19.7258 0.0755243 0.997017 0.0158954 -4.07503 -0.0522504 0.019876 -0.998436 156.757 0 0 0 1 
-0.995608 0.0751412 0.055837 -19.4856 0.0760479 0.997002 0.0142924 -4.07156 -0.0545956 0.0184759 -0.998338 152.683 0 0 0 1 
-0.995514 0.0758959 0.0564969 -19.4048 0.0768271 0.996939 0.0144929 -4.07235 -0.055224 0.0187683 -0.998298 151.33 0 0 0 1 
-0.995535 0.0750419 0.0572547 -19.3201 0.0759472 0.997016 0.013801 -4.07285 -0.0560483 0.0180877 -0.998264 149.981 0 0 0 1 
-0.99561 0.0728666 0.0587524 -19.1461 0.0739166 0.997138 0.0158973 -4.0722 -0.0574258 0.0201703 -0.998146 147.284 0 0 0 1 
-0.995644 0.0717531 0.0595335 -19.0577 0.0731493 0.997087 0.0216123 -4.06738 -0.0578094 0.025873 -0.997992 145.936 0 0 0 1 
-0.995536 0.0723967 0.0605551 -18.972 0.0740603 0.996923 0.0256913 -4.05672 -0.0585088 0.0300614 -0.997834 144.59 0 0 0 1 
-0.995309 0.0740418 0.0622649 -18.7981 0.0755931 0.996875 0.0229351 -4.029 -0.0603721 0.0275343 -0.997796 141.924 0 0 0 1 
-0.995264 0.0740104 0.063026 -18.7076 0.0755423 0.996894 0.0222755 -4.01808 -0.0611816 0.0269312 -0.997763 140.594 0 0 0 1 
-0.995049 0.0756031 0.0645147 -18.5284 0.0772935 0.996717 0.0241174 -3.99646 -0.0624795 0.0289846 -0.997625 137.942 0 0 0 1 
-0.994928 0.0765146 0.0652923 -18.4388 0.0783142 0.996604 0.0254596 -3.98364 -0.0631225 0.0304438 -0.997541 136.621 0 0 0 1 
-0.994801 0.0777861 0.0657359 -18.2606 0.0796258 0.99649 0.0258418 -3.95977 -0.063495 0.0309417 -0.997502 134.011 0 0 0 1 
-0.994812 0.0780155 0.0652935 -18.1721 0.0796116 0.996579 0.0222063 -3.95057 -0.0633377 0.0272892 -0.997619 132.729 0 0 0 1 
-0.994932 0.0770065 0.0646585 -18.0823 0.0784252 0.996725 0.0196934 -3.94247 -0.0629303 0.0246644 -0.997713 131.458 0 0 0 1 
-0.995127 0.074622 0.0644545 -17.992 0.0760365 0.996909 0.0197765 -3.94079 -0.0627795 0.0245811 -0.997725 130.2 0 0 0 1 
-0.995242 0.073768 0.0636465 -17.9046 0.0751669 0.996973 0.019869 -3.93877 -0.0619882 0.0245586 -0.997775 128.959 0 0 0 1 
-0.995447 0.0730351 0.0612446 -17.7412 0.0743462 0.997044 0.0194058 -3.93664 -0.0596462 0.0238708 -0.997934 126.532 0 0 0 1 
-0.9955 0.0731532 0.0602407 -17.6656 0.074437 0.997038 0.0193474 -3.93619 -0.0586469 0.0237445 -0.997996 125.353 0 0 0 1 
-0.995597 0.0727173 0.0591555 -17.5904 0.0739866 0.997067 0.0195549 -3.93552 -0.05756 0.0238455 -0.998057 124.194 0 0 0 1 
-0.995845 0.0721291 0.055586 -17.3837 0.0732069 0.997161 0.017602 -3.93754 -0.0541586 0.0215982 -0.998299 120.82 0 0 0 1 
-0.995891 0.0723145 0.0545151 -17.3201 0.0733659 0.997151 0.0175357 -3.9386 -0.0530917 0.0214632 -0.998359 119.733 0 0 0 1 
-0.99582 0.0740684 0.0534428 -17.2599 0.0750818 0.997029 0.0172081 -3.94044 -0.0520094 0.0211488 -0.998423 118.664 0 0 0 1 
-0.99588 0.075491 0.0502392 -17.0948 0.0765217 0.996888 0.0189148 -3.94736 -0.0486549 0.0226812 -0.998558 115.61 0 0 0 1 
-0.99593 0.0755156 0.0492104 -17.0389 0.0765674 0.996867 0.0198486 -3.9492 -0.0475574 0.0235357 -0.998591 114.645 0 0 0 1 
-0.99628 0.0734569 0.0450683 -16.8591 0.0746159 0.996909 0.0245931 -3.94833 -0.0431225 0.0278644 -0.998681 111.039 0 0 0 1 
-0.995934 0.0775993 0.0457667 -16.7825 0.0788982 0.996509 0.0272889 -3.94333 -0.0434893 0.0307888 -0.998579 109.383 0 0 0 1 
-0.99477 0.0848026 0.056936 -16.6987 0.0864014 0.995915 0.0262278 -3.93386 -0.0544792 0.0310099 -0.998033 107.825 0 0 0 1 
-0.992108 0.0911018 0.08615 -16.5758 0.0935689 0.995298 0.0250391 -3.926 -0.0834638 0.0329025 -0.995967 106.371 0 0 0 1 
-0.986861 0.0934685 0.131795 -16.3883 0.0972844 0.994995 0.0228039 -3.92644 -0.129004 0.0353259 -0.991015 105.023 0 0 0 1 
-0.976235 0.0953483 0.194614 -16.1301 0.100526 0.994791 0.0168817 -3.93151 -0.19199 0.0360443 -0.980735 103.781 0 0 0 1 
-0.959132 0.0879976 0.268929 -15.7804 0.0941376 0.995509 0.00999499 -3.94449 -0.266842 0.0349029 -0.963108 102.645 0 0 0 1 
-0.896529 0.0602269 0.438872 -14.8108 0.0684648 0.997649 0.00295156 -3.98671 -0.437663 0.0326935 -0.898545 100.613 0 0 0 1 
-0.784142 0.027366 0.619978 -13.4655 0.0396239 0.999197 0.00601106 -4.01743 -0.619315 0.0292795 -0.784596 98.8634 0 0 0 1 
-0.747321 0.022579 0.664079 -13.0694 0.0363898 0.999313 0.00697413 -4.02741 -0.663466 0.0293776 -0.74763 98.477 0 0 0 1 
-0.70641 0.0204984 0.707506 -12.6527 0.0356311 0.999343 0.00662215 -4.0367 -0.706906 0.0298872 -0.706676 98.1139 0 0 0 1 
-0.617126 0.0218709 0.78656 -11.7593 0.0373083 0.999303 0.00148533 -4.0514 -0.785979 0.0302619 -0.617512 97.4674 0 0 0 1 
-0.56886 0.0219074 0.822143 -11.2814 0.0359102 0.999353 -0.00178234 -4.06061 -0.82165 0.0285094 -0.569278 97.1874 0 0 0 1 
-0.467166 0.0172042 0.884002 -10.2772 0.0311543 0.99951 -0.00298818 -4.07833 -0.883621 0.0261445 -0.467473 96.7153 0 0 0 1 
-0.414232 0.0148205 0.910051 -9.75665 0.0259234 0.999654 -0.00448008 -4.09081 -0.909802 0.0217358 -0.414473 96.5299 0 0 0 1 
-0.30988 0.0170717 0.950622 -8.69168 0.025503 0.999628 -0.00963847 -4.11956 -0.950434 0.0212569 -0.3102 96.2316 0 0 0 1 
-0.261743 0.0204138 0.964922 -8.14893 0.0251938 0.99958 -0.014313 -4.13514 -0.964809 0.0205637 -0.262147 96.1206 0 0 0 1 
-0.177565 0.0179174 0.983946 -7.02858 0.0133379 0.999786 -0.0157989 -4.15819 -0.984019 0.0103184 -0.177766 95.9821 0 0 0 1 
-0.142083 0.0188503 0.989675 -6.45739 0.0105535 0.999791 -0.0175278 -4.17341 -0.989798 0.0079541 -0.142252 95.9293 0 0 0 1 
-0.089236 0.0239511 0.995722 -5.29735 0.0131092 0.999652 -0.0228708 -4.22565 -0.995924 0.0110122 -0.089519 95.8448 0 0 0 1 
-0.0702521 0.0291541 0.997103 -4.71444 0.0113102 0.999532 -0.0284282 -4.2471 -0.997465 0.00928033 -0.070549 95.8226 0 0 0 1 
-0.0554359 0.03588 0.997817 -4.12681 0.00953732 0.999328 -0.0354044 -4.25929 -0.998417 0.00755382 -0.0557408 95.8055 0 0 0 1 
-0.0280276 0.0300551 0.999155 -2.24899 0.0157069 0.999438 -0.029623 -4.33809 -0.999484 0.0148634 -0.0284839 95.7536 0 0 0 1 
-0.0220389 0.0269663 0.999393 -0.934009 0.0152878 0.999528 -0.0266329 -4.39136 -0.99964 0.0146916 -0.0224408 95.7362 0 0 0 1 
-0.0204977 0.0281633 0.999393 0.438266 0.0214056 0.999386 -0.027724 -4.44069 -0.999561 0.0208243 -0.021088 95.7024 0 0 0 1 
-0.0204083 0.0293087 0.999362 3.35021 0.030483 0.999124 -0.0286792 -4.54405 -0.999327 0.0298783 -0.0212838 95.634 0 0 0 1 
-0.0186181 0.0291855 0.999401 4.90261 0.0389729 0.998835 -0.028443 -4.59853 -0.999067 0.03842 -0.0197339 95.593 0 0 0 1 
-0.0159402 0.0295809 0.999435 5.68909 0.0435549 0.998634 -0.0288625 -4.62652 -0.998924 0.0430702 -0.0172068 95.5747 0 0 0 1 
0.0128817 0.0277982 0.999531 9.10494 0.0557448 0.998039 -0.0284751 -4.7457 -0.998362 0.0560854 0.0113069 95.5646 0 0 0 1 
0.0338971 0.0245779 0.999123 10.9007 0.0531831 0.998237 -0.0263604 -4.80765 -0.998009 0.0540301 0.0325302 95.6239 0 0 0 1 
0.0553609 0.0261023 0.998125 12.7676 0.04855 0.998405 -0.0288024 -4.87426 -0.997285 0.0500535 0.0540054 95.7326 0 0 0 1 
0.0844809 0.034077 0.995842 16.6022 0.0279921 0.998939 -0.0365576 -5.04659 -0.996032 0.0309641 0.0834375 96.0771 0 0 0 1 
0.0827152 0.0313195 0.996081 18.5361 0.0189151 0.999277 -0.0329907 -5.1444 -0.996394 0.0215698 0.0820629 96.2657 0 0 0 1 
0.053568 0.0328873 0.998022 22.3527 0.00611763 0.999428 -0.033262 -5.33004 -0.998545 0.00788731 0.0533361 96.5566 0 0 0 1 
0.0307441 0.0288591 0.999111 24.2478 0.00413566 0.999571 -0.0289996 -5.41788 -0.999519 0.00502355 0.0306116 96.6356 0 0 0 1 
0.0188041 0.0269646 0.99946 25.1889 0.00411529 0.999626 -0.0270465 -5.46112 -0.999815 0.00462165 0.0186861 96.6561 0 0 0 1 
0.00691621 0.0279819 0.999585 26.1236 0.00526048 0.999594 -0.0280186 -5.50344 -0.999962 0.00545207 0.0067662 96.6632 0 0 0 1 
-0.00501297 0.029442 0.999554 27.0552 0.00704722 0.999543 -0.0294063 -5.54232 -0.999963 0.00689667 -0.00521816 96.6579 0 0 0 1 
-0.0291281 0.0293422 0.999145 28.9005 0.0103477 0.999524 -0.0290516 -5.61953 -0.999522 0.00949264 -0.0294178 96.6117 0 0 0 1 
-0.0405652 0.0284749 0.998771 29.8192 0.0108448 0.999548 -0.0280565 -5.6593 -0.999118 0.00969333 -0.0408556 96.5724 0 0 0 1 
-0.0635692 0.0307124 0.997505 32.5902 0.0176782 0.999404 -0.0296443 -5.77562 -0.997821 0.0157496 -0.0640742 96.4047 0 0 0 1 
-0.0674629 0.0335947 0.997156 33.506 0.0185128 0.999303 -0.0324145 -5.81472 -0.99755 0.0162734 -0.0680378 96.342 0 0 0 1 
-0.0677665 0.0377954 0.996985 37.3512 0.0212444 0.99911 -0.036432 -5.99189 -0.997475 0.0187115 -0.0685092 96.0828 0 0 0 1 
-0.062995 0.0332893 0.997458 39.3348 0.0212761 0.999261 -0.0320058 -6.08142 -0.997787 0.0192058 -0.0636567 95.9622 0 0 0 1 
-0.0604317 0.0299401 0.997723 43.332 0.0124384 0.999495 -0.0292398 -6.25212 -0.998095 0.0106431 -0.0607736 95.7523 0 0 0 1 
-0.071264 0.0303571 0.996995 45.3585 0.00222183 0.999539 -0.0302757 -6.33871 -0.997455 5.75884e-05 -0.0712986 95.6407 0 0 0 1 
-0.129593 0.0380709 0.990836 49.2764 -0.00997064 0.999162 -0.0396949 -6.5299 -0.991517 -0.0150234 -0.129104 95.2703 0 0 0 1 
-0.149214 0.0350961 0.988182 50.2571 -0.00772777 0.999298 -0.0366578 -6.57919 -0.988775 -0.0131063 -0.148838 95.123 0 0 0 1 
-0.170009 0.0303223 0.984976 51.2174 -0.00455486 0.999492 -0.0315553 -6.62756 -0.985432 -0.00985111 -0.169784 94.9563 0 0 0 1 
-0.191342 0.0290263 0.981094 52.1692 -0.00291291 0.999541 -0.0301402 -6.67486 -0.981519 -0.00862493 -0.19117 94.7708 0 0 0 1 
-0.252153 0.0313554 0.967179 54.9373 0.0117251 0.999501 -0.0293464 -6.80209 -0.967616 0.00394052 -0.252394 94.0926 0 0 0 1 
-0.271027 0.0312148 0.962065 55.8567 0.0161379 0.999481 -0.0278825 -6.84347 -0.962436 0.00796881 -0.27139 93.8297 0 0 0 1 
-0.324676 0.0233208 0.945538 59.5161 0.0278925 0.999497 -0.015074 -6.98387 -0.945414 0.0214793 -0.325163 92.6293 0 0 0 1 
-0.332509 0.0128222 0.943013 60.4342 0.0254345 0.999666 -0.00462422 -7.00778 -0.942757 0.0224475 -0.332724 92.3111 0 0 0 1 
