-0.962618 0.149221 -0.226052 -50.7062 0.146871 0.98878 0.0272736 12.3349 0.227586 -0.00694652 -0.973733 11.8075 0 0 0 1 
-0.96266 0.149454 -0.225718 -51.23 0.146771 0.988753 0.0287211 12.3732 0.227472 -0.00548015 -0.973769 9.52062 0 0 0 1 
-0.962754 0.147237 -0.226773 -51.7553 0.14416 0.989094 0.0301638 12.4149 0.228741 -0.00365135 -0.973481 7.20944 0 0 0 1 
-0.962855 0.145171 -0.227676 -52.0199 0.141982 0.989402 0.030414 12.4362 0.229678 -0.00304149 -0.973262 6.04604 0 0 0 1 
-0.962465 0.142534 -0.230965 -52.561 0.139692 0.989779 0.0286983 12.4801 0.232694 -0.00464275 -0.972539 3.71073 0 0 0 1 
-0.962119 0.142551 -0.232392 -52.8376 0.139484 0.98978 0.0296665 12.5031 0.234246 -0.00387214 -0.97217 2.5359 0 0 0 1 
-0.96159 0.144022 -0.23367 -53.1195 0.140291 0.989573 0.032602 12.5283 0.235929 -0.00143193 -0.971769 1.35375 0 0 0 1 
-0.960746 0.146182 -0.235791 -53.6916 0.141046 0.98925 0.0385973 12.5878 0.238898 0.00382494 -0.971037 -1.02939 0 0 0 1 
-0.960179 0.147294 -0.237403 -53.984 0.142055 0.989085 0.0391223 12.6218 0.240574 0.00384009 -0.970623 -2.2289 0 0 0 1 
-0.959225 0.14778 -0.240932 -54.5764 0.143195 0.98902 0.0365262 12.6923 0.243684 0.000536491 -0.969854 -4.64402 0 0 0 1 
-0.958628 0.149075 -0.242504 -54.8807 0.144758 0.988826 0.0356274 12.7286 0.245106 -0.000950892 -0.969496 -5.85924 0 0 0 1 
-0.957205 0.153288 -0.245481 -55.5019 0.149662 0.98817 0.0334756 12.7924 0.247708 -0.00469617 -0.968823 -8.31078 0 0 0 1 
-0.956804 0.153985 -0.246608 -55.8148 0.15073 0.988052 0.0321414 12.8218 0.248611 -0.00641827 -0.968582 -9.54516 0 0 0 1 
-0.956534 0.152429 -0.248612 -56.4454 0.149314 0.988289 0.0314541 12.8768 0.250495 -0.00703438 -0.968092 -12.0364 0 0 0 1 
-0.956592 0.151281 -0.249091 -56.7624 0.147351 0.988484 0.0344618 12.9056 0.251435 -0.00373781 -0.967867 -13.2946 0 0 0 1 
-0.956767 0.149377 -0.249567 -57.0819 0.144824 0.98878 0.0366175 12.9357 0.252236 -0.00110887 -0.967665 -14.5576 0 0 0 1 
-0.956667 0.14833 -0.250572 -57.7262 0.144955 0.988921 0.0319794 12.9986 0.25254 -0.00572807 -0.96757 -17.0837 0 0 0 1 
-0.95661 0.148376 -0.250761 -58.0523 0.145623 0.988897 0.0296083 13.0255 0.25237 -0.0081929 -0.967596 -18.3517 0 0 0 1 
-0.956484 0.150982 -0.249686 -58.71 0.14777 0.988514 0.0316725 13.0749 0.2516 -0.00660193 -0.967809 -20.9056 0 0 0 1 
-0.956542 0.151898 -0.248908 -59.0392 0.148008 0.988388 0.0343821 13.1019 0.251241 -0.00395253 -0.967917 -22.1906 0 0 0 1 
-0.956602 0.152881 -0.248074 -59.6948 0.149286 0.988231 0.0333535 13.1607 0.250253 -0.00512794 -0.968167 -24.7627 0 0 0 1 
-0.956708 0.152923 -0.247637 -60.0234 0.149511 0.988221 0.0326421 13.1892 0.249712 -0.00579543 -0.968303 -26.0506 0 0 0 1 
-0.956918 0.153363 -0.246551 -60.6753 0.15009 0.98815 0.0321321 13.242 0.248557 -0.00625692 -0.968597 -28.6352 0 0 0 1 
-0.957187 0.152837 -0.245831 -60.9974 0.149321 0.988238 0.0329965 13.2667 0.247983 -0.00512386 -0.968751 -29.9292 0 0 0 1 
-0.957731 0.152149 -0.244134 -61.6427 0.148308 0.988351 0.034151 13.3186 0.246487 -0.00349953 -0.96914 -32.518 0 0 0 1 
-0.957991 0.152032 -0.243185 -61.9647 0.147961 0.988373 0.0350289 13.3468 0.245682 -0.00242455 -0.969347 -33.8107 0 0 0 1 
-0.95815 0.152442 -0.242302 -62.2872 0.148223 0.988311 0.0356582 13.3771 0.244905 -0.00174874 -0.969545 -35.1031 0 0 0 1 
-0.958614 0.152184 -0.240622 -62.9238 0.14821 0.988349 0.0346391 13.4343 0.24309 -0.00245697 -0.970001 -37.6873 0 0 0 1 
-0.958741 0.152352 -0.240011 -63.2395 0.148555 0.988321 0.0339446 13.4607 0.24238 -0.0031107 -0.970176 -38.9761 0 0 0 1 
-0.958881 0.152686 -0.239235 -63.555 0.148903 0.98827 0.0339184 13.4869 0.241608 -0.00309913 -0.970369 -40.2591 0 0 0 1 
-0.959243 0.152482 -0.23791 -64.1821 0.14884 0.9883 0.0333073 13.537 0.240205 -0.00346065 -0.970716 -42.8222 0 0 0 1 
-0.95965 0.151046 -0.237187 -64.4918 0.147476 0.988521 0.0328292 13.5602 0.239423 -0.0034749 -0.970909 -44.1004 0 0 0 1 
-0.959858 0.151068 -0.236327 -64.7989 0.146884 0.988523 0.035317 13.5868 0.23895 -0.000813205 -0.971032 -45.3795 0 0 0 1 
-0.960112 0.153363 -0.233804 -65.4139 0.14691 0.988131 0.0448782 13.6521 0.237912 0.00874004 -0.971247 -47.9343 0 0 0 1 
-0.960308 0.153538 -0.232883 -65.7158 0.147307 0.98811 0.0440273 13.6889 0.236874 0.00797457 -0.971508 -49.2035 0 0 0 1 
-0.960531 0.153924 -0.231706 -66.316 0.148372 0.988069 0.0413083 13.7621 0.2353 0.00529917 -0.971908 -51.7362 0 0 0 1 
-0.960669 0.154378 -0.23083 -66.6149 0.148616 0.987992 0.042255 13.7976 0.234582 0.00628802 -0.972076 -53.0001 0 0 0 1 
-0.960576 0.157435 -0.229146 -67.2095 0.151269 0.987498 0.0443419 13.8692 0.233262 0.00793102 -0.972382 -55.512 0 0 0 1 
-0.960348 0.159155 -0.228915 -67.5036 0.152993 0.987223 0.0445355 13.9042 0.233078 0.00774713 -0.972427 -56.7551 0 0 0 1 
-0.960458 0.1588 -0.228697 -67.7914 0.152584 0.987278 0.0447287 13.9393 0.232891 0.00806453 -0.972469 -57.9893 0 0 0 1 
-0.960424 0.157892 -0.229468 -68.078 0.152509 0.987446 0.0411205 13.9709 0.23308 0.00449714 -0.972447 -59.2083 0 0 0 1 
-0.960836 0.153854 -0.230485 -68.6385 0.148933 0.98809 0.0387045 14.0277 0.233695 0.00286172 -0.972306 -61.6173 0 0 0 1 
-0.960779 0.153013 -0.231282 -68.916 0.14803 0.988219 0.038854 14.0525 0.234502 0.00309342 -0.972111 -62.7971 0 0 0 1 
-0.960548 0.152639 -0.232486 -69.1926 0.147635 0.988277 0.0388823 14.0766 0.235696 0.00302532 -0.971822 -63.9593 0 0 0 1 
-0.960109 0.152149 -0.234608 -69.7339 0.147192 0.988354 0.038602 14.1218 0.237749 0.00252976 -0.971323 -66.2235 0 0 0 1 
-0.959931 0.151641 -0.235662 -69.9985 0.146594 0.988432 0.0388966 14.1443 0.238834 0.00279132 -0.971056 -67.3256 0 0 0 1 
-0.95972 0.151084 -0.236877 -70.2602 0.146116 0.988518 0.0384993 14.1647 0.239974 0.00233703 -0.970776 -68.4084 0 0 0 1 
-0.959533 0.150335 -0.23811 -70.5199 0.145483 0.988634 0.0379271 14.1856 0.241105 0.00175155 -0.970497 -69.4756 0 0 0 1 
-0.959212 0.150535 -0.239275 -70.7786 0.145865 0.988604 0.0372155 14.206 0.24215 0.000795764 -0.970238 -70.5253 0 0 0 1 
-0.958914 0.150728 -0.240343 -71.0349 0.146061 0.988575 0.0372223 14.2265 0.243208 0.000588281 -0.969974 -71.559 0 0 0 1 
-0.957636 0.153932 -0.243389 -71.7791 0.149069 0.988081 0.0383872 14.2803 0.246398 0.00047907 -0.969169 -74.5237 0 0 0 1 
-0.957083 0.15442 -0.245249 -72.2504 0.149177 0.988004 0.0399293 14.314 0.248473 0.00163 -0.968637 -76.3835 0 0 0 1 
-0.956265 0.153724 -0.24885 -73.1237 0.147139 0.988093 0.0449662 14.3866 0.2528 0.00638411 -0.967498 -79.7954 0 0 0 1 
-0.955742 0.158445 -0.247896 -73.5344 0.151338 0.987336 0.0475951 14.4252 0.252297 0.00797259 -0.967617 -81.3563 0 0 0 1 
-0.957311 0.165251 -0.237167 -73.9112 0.158921 0.986233 0.0457011 14.4661 0.241454 0.00605927 -0.970393 -82.8223 0 0 0 1 
-0.96274 0.171726 -0.208906 -74.2194 0.166532 0.985127 0.0423362 14.5008 0.213069 0.00596912 -0.977019 -84.2047 0 0 0 1 
-0.970824 0.174758 -0.164198 -74.432 0.171026 0.984582 0.0367113 14.5207 0.168082 0.00755817 -0.985744 -85.5106 0 0 0 1 
-0.979013 0.1766 -0.101719 -74.5462 0.174832 0.984252 0.0261185 14.5267 0.10473 0.00778661 -0.99447 -86.7351 0 0 0 1 
-0.985202 0.169363 -0.0263218 -74.5471 0.169055 0.985514 0.0135037 14.5148 0.0282275 0.008854 -0.999562 -87.8897 0 0 0 1 
-0.977784 0.142643 0.153594 -74.2358 0.143226 0.989663 -0.00732052 14.4567 -0.15305 0.0148407 -0.988107 -90.0817 0 0 0 1 
-0.958425 0.124532 0.256734 -73.9074 0.124941 0.992054 -0.0147853 14.4128 -0.256535 0.0179059 -0.966369 -91.129 0 0 0 1 
-0.943832 0.117835 0.3087 -73.7029 0.118095 0.992841 -0.0179126 14.3898 -0.308601 0.0195495 -0.950991 -91.6377 0 0 0 1 
-0.904562 0.105948 0.412967 -73.1997 0.105835 0.994113 -0.0232211 14.3341 -0.412996 0.0227014 -0.91045 -92.6221 0 0 0 1 
-0.878421 0.104126 0.466406 -72.9143 0.103203 0.994277 -0.0276039 14.305 -0.466611 0.0238867 -0.88414 -93.0839 0 0 0 1 
-0.816489 0.105506 0.56764 -72.2658 0.100336 0.994131 -0.0404545 14.2424 -0.568576 0.023924 -0.822282 -93.9524 0 0 0 1 
-0.781133 0.105133 0.61545 -71.9071 0.0963615 0.994211 -0.0475309 14.206 -0.616884 0.0221777 -0.786742 -94.3473 0 0 0 1 
-0.702979 0.0999148 0.704157 -71.1026 0.0857258 0.994768 -0.055568 14.1281 -0.706025 0.0213013 -0.707867 -95.0841 0 0 0 1 
-0.660444 0.0963073 0.744674 -70.6724 0.0772053 0.995194 -0.060234 14.0835 -0.746896 0.0177116 -0.664705 -95.4074 0 0 0 1 
-0.573278 0.0983422 0.813438 -69.7573 0.0703789 0.995012 -0.0706938 13.9862 -0.816333 0.0167217 -0.57734 -95.9994 0 0 0 1 
-0.531745 0.101339 0.84082 -69.2776 0.0670194 0.994737 -0.0775055 13.9345 -0.844248 0.0151381 -0.535738 -96.2637 0 0 0 1 
-0.458067 0.0959577 0.883723 -68.2635 0.0495645 0.995367 -0.0823892 13.8353 -0.887535 0.00606151 -0.460701 -96.7226 0 0 0 1 
-0.426255 0.0961551 0.899478 -67.7458 0.0442819 0.99536 -0.0854202 13.7816 -0.903519 0.00341985 -0.428535 -96.9376 0 0 0 1 
-0.377615 0.101922 0.920336 -66.6801 0.043183 0.994781 -0.0924488 13.6493 -0.924955 0.00483282 -0.380045 -97.3571 0 0 0 1 
-0.360062 0.10636 0.926846 -66.1358 0.0399027 0.994327 -0.0986018 13.5869 -0.932075 0.0014809 -0.362263 -97.5493 0 0 0 1 
-0.346302 0.112129 0.931398 -65.5737 0.0372021 0.993692 -0.105796 13.532 -0.937385 -0.00198745 -0.348289 -97.743 0 0 0 1 
-0.32009 0.108788 0.941121 -63.8026 0.041356 0.994043 -0.100839 13.3204 -0.946484 0.00664336 -0.322682 -98.348 0 0 0 1 
-0.314525 0.105688 0.943347 -62.5586 0.0403957 0.994373 -0.097936 13.174 -0.948389 0.00730387 -0.317024 -98.754 0 0 0 1 
-0.312499 0.108779 0.943669 -61.2744 0.0466054 0.993981 -0.0991445 13.028 -0.948774 0.0129975 -0.315688 -99.1887 0 0 0 1 
-0.311709 0.112465 0.943498 -58.5296 0.05562 0.993427 -0.100041 12.7174 -0.948548 0.0212935 -0.315916 -100.115 0 0 0 1 
-0.311004 0.113309 0.94363 -57.8001 0.0587456 0.993261 -0.099907 12.6344 -0.948591 0.0243626 -0.315565 -100.362 0 0 0 1 
-0.30616 0.116528 0.944821 -56.2942 0.0680732 0.992619 -0.100364 12.4648 -0.949543 0.0335894 -0.311833 -100.87 0 0 0 1 
-0.301785 0.117581 0.946098 -55.5071 0.0709917 0.992382 -0.100688 12.3768 -0.950729 0.0367788 -0.307833 -101.127 0 0 0 1 
-0.267847 0.117792 0.956234 -52.1853 0.0781463 0.991884 -0.100295 12.0054 -0.960287 0.0478626 -0.274878 -102.13 0 0 0 1 
-0.257711 0.115252 0.959324 -51.33 0.0746204 0.992269 -0.0991641 11.911 -0.963336 0.0460295 -0.264319 -102.358 0 0 0 1 
-0.2375 0.115407 0.964508 -49.5119 0.0682104 0.992448 -0.101954 11.7075 -0.96899 0.0415754 -0.243579 -102.807 0 0 0 1 
-0.210941 0.117399 0.970423 -45.7576 0.0454636 0.992866 -0.110231 11.2521 -0.976441 0.0208666 -0.214773 -103.615 0 0 0 1 
-0.224475 0.109873 0.968266 -42.0021 0.0302349 0.99393 -0.105776 10.7793 -0.974011 0.0055314 -0.226434 -104.418 0 0 0 1 
-0.242913 0.109449 0.963854 -40.1648 0.0257701 0.993992 -0.106376 10.55 -0.969706 -0.00100155 -0.244274 -104.856 0 0 0 1 
-0.253667 0.107502 0.961299 -39.2591 0.0252771 0.994202 -0.104511 10.4384 -0.966961 -0.00221214 -0.254914 -105.091 0 0 0 1 
-0.276523 0.102896 0.955483 -37.4608 0.0263747 0.994689 -0.0994855 10.2167 -0.960645 -0.00230942 -0.277768 -105.596 0 0 0 1 
-0.287795 0.104076 0.95202 -36.5733 0.0284311 0.994568 -0.100133 10.1072 -0.95727 -0.00175063 -0.28919 -105.865 0 0 0 1 
-0.298976 0.105858 0.948371 -35.6915 0.0309769 0.994381 -0.101228 10.0011 -0.953758 -0.000887322 -0.300575 -106.145 0 0 0 1 
-0.310348 0.106956 0.944587 -34.8114 0.0336807 0.994264 -0.101515 9.89609 -0.950026 0.000309386 -0.31217 -106.437 0 0 0 1 
-0.332141 0.105847 0.937272 -33.0698 0.0380909 0.994378 -0.0987979 9.68406 -0.94246 0.00288679 -0.334305 -107.048 0 0 0 1 
-0.341421 0.106579 0.933848 -32.2003 0.0412241 0.994292 -0.0984058 9.57909 -0.939006 0.00489929 -0.343866 -107.372 0 0 0 1 
-0.353312 0.109676 0.929054 -30.4858 0.0459893 0.993939 -0.0998462 9.37199 -0.934374 0.00744972 -0.356215 -108.027 0 0 0 1 
-0.356831 0.112553 0.927364 -29.6125 0.0470651 0.993621 -0.102485 9.26808 -0.932983 0.00707668 -0.359852 -108.361 0 0 0 1 
-0.356995 0.117189 0.926726 -26.075 0.0494538 0.993079 -0.106529 8.82484 -0.932796 0.00779991 -0.36032 -109.734 0 0 0 1 
-0.352512 0.113153 0.928941 -24.2476 0.0492367 0.993531 -0.102337 8.59986 -0.934511 0.00966311 -0.355803 -110.429 0 0 0 1 
-0.350847 0.107455 0.930247 -20.5428 0.0401143 0.994207 -0.0997135 8.15131 -0.935573 0.00233207 -0.353125 -111.801 0 0 0 1 
-0.361752 0.104649 0.926382 -18.6907 0.0305181 0.994477 -0.100424 7.92695 -0.931775 -0.00805698 -0.362947 -112.491 0 0 0 1 
-0.416387 0.107789 0.902775 -15.1043 0.0230508 0.99388 -0.108035 7.46598 -0.908895 -0.0241747 -0.416323 -113.994 0 0 0 1 
-0.471763 0.101046 0.875916 -12.5431 0.0342787 0.994763 -0.0962938 7.12897 -0.881059 -0.0154026 -0.472756 -115.312 0 0 0 1 
-0.48999 0.10287 0.865637 -11.7227 0.0403201 0.994624 -0.0953757 7.02315 -0.870795 -0.0118305 -0.491503 -115.783 0 0 0 1 
-0.507363 0.106727 0.855098 -10.9111 0.0476713 0.994257 -0.0958108 6.91939 -0.860413 -0.0078472 -0.509537 -116.276 0 0 0 1 
-0.554092 0.111154 0.825001 -8.55282 0.0647128 0.993798 -0.0904336 6.6141 -0.829936 0.00327963 -0.557848 -117.839 0 0 0 1 
-0.585766 0.104453 0.803721 -6.23283 0.0734715 0.994421 -0.0756895 6.34074 -0.807143 0.0147143 -0.590172 -119.514 0 0 0 1 
-0.592552 0.0949514 0.799916 -5.45904 0.0722841 0.99529 -0.0645969 6.25789 -0.802282 0.0195441 -0.596625 -120.085 0 0 0 1 
-0.597681 0.110096 0.794139 -3.15974 0.0776096 0.99382 -0.0793691 6.02362 -0.797969 0.0141954 -0.602531 -121.823 0 0 0 1 
-0.597068 0.118439 0.793399 -2.37614 0.0785536 0.992919 -0.0891088 5.93804 -0.798335 0.00912024 -0.602145 -122.412 0 0 0 1 
-0.602777 0.109182 0.790404 0.788537 0.0798977 0.993874 -0.0763573 5.55557 -0.793899 0.0171251 -0.607808 -124.814 0 0 0 1 
-0.607947 0.107241 0.786702 1.59915 0.080655 0.994052 -0.0731773 5.46475 -0.78987 0.0189635 -0.612981 -125.441 0 0 0 1 
-0.615007 0.107931 0.7811 2.39875 0.080877 0.993998 -0.0736693 5.37604 -0.784363 0.0178659 -0.620045 -126.072 0 0 0 1 
-0.635421 0.112829 0.763878 3.98184 0.0838015 0.9935 -0.0770357 5.20312 -0.767605 0.015064 -0.640746 -127.376 0 0 0 1 
-0.667855 0.127118 0.733356 6.30215 0.0902451 0.991868 -0.0897431 4.92209 -0.7388 0.00624639 -0.673895 -129.448 0 0 0 1 
-0.68241 0.12865 0.719559 7.84163 0.092908 0.991672 -0.0891902 4.71823 -0.725041 0.00598855 -0.68868 -130.906 0 0 0 1 
-0.688997 0.125926 0.713741 10.9381 0.0982206 0.991928 -0.0801914 4.31747 -0.718078 0.0148524 -0.695804 -133.911 0 0 0 1 
-0.689888 0.123854 0.713242 11.7193 0.0970642 0.992185 -0.0784057 4.21722 -0.717379 0.0151391 -0.696519 -134.666 0 0 0 1 
-0.693991 0.117969 0.710253 14.0247 0.08923 0.992973 -0.07774 3.91605 -0.714433 0.00942503 -0.69964 -136.898 0 0 0 1 
-0.697886 0.114944 0.706925 14.7954 0.0856547 0.993348 -0.0769562 3.81421 -0.711068 0.00684476 -0.70309 -137.655 0 0 0 1 
-0.72781 0.101777 0.678184 17.7552 0.0771233 0.9948 -0.0665262 3.43537 -0.681428 0.00388532 -0.731875 -140.694 0 0 0 1 
-0.737024 0.100792 0.668308 18.4601 0.0760162 0.994906 -0.0662157 3.35025 -0.671578 0.00199964 -0.740932 -141.466 0 0 0 1 
-0.746543 0.0992855 0.657887 19.1645 0.0762062 0.995056 -0.0636938 3.26501 -0.660958 0.00258491 -0.750418 -142.26 0 0 0 1 
-0.766026 0.0996884 0.635033 20.5006 0.0774326 0.995018 -0.0627942 3.10032 -0.638129 0.00107027 -0.769929 -143.843 0 0 0 1 
-0.803349 0.0990639 0.587211 22.9914 0.079597 0.995081 -0.0589778 2.78167 -0.590165 -0.000639442 -0.807282 -147.09 0 0 0 1 
-0.811511 0.10037 0.575653 23.582 0.0823601 0.99495 -0.0573737 2.70459 -0.578504 0.000851438 -0.815679 -147.928 0 0 0 1 
-0.824046 0.105019 0.556705 24.7052 0.0889886 0.994464 -0.0558762 2.56249 -0.559491 0.00349584 -0.828829 -149.592 0 0 0 1 
-0.827827 0.108653 0.550361 25.2488 0.0940837 0.994059 -0.054733 2.4931 -0.553038 0.00647064 -0.833131 -150.425 0 0 0 1 
-0.832051 0.115332 0.542577 26.8397 0.102735 0.993264 -0.0535856 2.28862 -0.545103 0.0111558 -0.838295 -152.887 0 0 0 1 
-0.829278 0.119887 0.545826 27.8637 0.10841 0.992675 -0.0533261 2.15413 -0.54822 0.0149509 -0.8362 -154.469 0 0 0 1 
-0.823001 0.122528 0.554667 28.8546 0.111702 0.992303 -0.0534624 2.02231 -0.556949 0.0179578 -0.830353 -155.958 0 0 0 1 
-0.81532 0.123392 0.56571 29.8133 0.112604 0.992165 -0.0541216 1.89569 -0.567956 0.0195747 -0.822826 -157.353 0 0 0 1 
-0.808866 0.121488 0.575305 30.7339 0.110592 0.992394 -0.054075 1.77365 -0.577499 0.0198848 -0.816149 -158.649 0 0 0 1 
-0.805725 0.127873 0.578322 32.4601 0.110967 0.991717 -0.0646795 1.5407 -0.581802 0.0120606 -0.813241 -161.054 0 0 0 1 
-0.809451 0.134943 0.571472 33.284 0.116544 0.990794 -0.0688829 1.43048 -0.575506 0.010844 -0.817726 -162.246 0 0 0 1 
-0.815423 0.125654 0.565063 34.1099 0.115901 0.99183 -0.0533025 1.32715 -0.567144 0.0220272 -0.823324 -163.449 0 0 0 1 
-0.822956 0.118405 0.555629 34.9158 0.112023 0.992658 -0.0456174 1.22252 -0.556951 0.024702 -0.830178 -164.642 0 0 0 1 
-0.831061 0.120184 0.543041 36.5122 0.105393 0.992714 -0.0584114 1.03994 -0.546104 0.00868935 -0.837672 -167.055 0 0 0 1 
-0.832785 0.119273 0.540595 37.3326 0.103172 0.992845 -0.0601171 0.938118 -0.543897 0.00570979 -0.839132 -168.313 0 0 0 1 
-0.831499 0.11784 0.542884 38.1714 0.105492 0.992955 -0.0539576 0.839439 -0.545418 0.0124043 -0.838073 -169.609 0 0 0 1 
-0.815857 0.11048 0.567601 39.9593 0.101089 0.993713 -0.0481159 0.64815 -0.569349 0.0181228 -0.821896 -172.229 0 0 0 1 
-0.807475 0.100961 0.581198 40.9285 0.0895419 0.994806 -0.048406 0.559224 -0.583066 0.012955 -0.812321 -173.548 0 0 0 1 
-0.802733 0.091615 0.589259 41.9421 0.0728385 0.995793 -0.0555947 0.44875 -0.591873 -0.00170699 -0.80603 -174.875 0 0 0 1 
-0.798205 0.0837648 0.596533 44.0791 0.0562966 0.996324 -0.0645741 0.20156 -0.599749 -0.0179606 -0.799987 -177.663 0 0 0 1 
-0.797007 0.0799654 0.598654 45.1952 0.0538552 0.996657 -0.0614298 0.0705035 -0.601565 -0.0167194 -0.798649 -179.124 0 0 0 1 
-0.797907 0.0874816 0.596398 46.3213 0.060089 0.996028 -0.065709 -0.0613996 -0.599778 -0.0165927 -0.799994 -180.633 0 0 0 1 
-0.802102 0.0819597 0.591536 48.6642 0.0588884 0.996565 -0.0582275 -0.333372 -0.594276 -0.0118698 -0.804173 -183.776 0 0 0 1 
-0.804664 0.0789418 0.588458 49.8804 0.0543434 0.996754 -0.059405 -0.467089 -0.591238 -0.0158223 -0.806342 -185.409 0 0 0 1 
-0.808525 0.0619691 0.58519 52.3407 0.0484044 0.998073 -0.0388139 -0.724308 -0.586468 -0.00305619 -0.809967 -188.762 0 0 0 1 
-0.809293 0.0613187 0.584195 52.956 0.0451153 0.998087 -0.0422632 -0.784103 -0.585669 -0.00784721 -0.810512 -189.596 0 0 0 1 
-0.809188 0.0597221 0.584507 54.1862 0.0357177 0.997981 -0.0525215 -0.90416 -0.586464 -0.0216225 -0.809687 -191.249 0 0 0 1 
-0.807878 0.0585941 0.58643 54.805 0.0355739 0.998079 -0.0507174 -0.972401 -0.588275 -0.0201119 -0.808411 -192.089 0 0 0 1 
-0.796911 0.0797865 0.598805 57.2452 0.0589837 0.99678 -0.0543163 -1.23618 -0.60121 -0.00796554 -0.799051 -195.412 0 0 0 1 
-0.79394 0.0883101 0.601548 57.8517 0.0695475 0.996092 -0.0544403 -1.30592 -0.604005 -0.00138615 -0.796979 -196.242 0 0 0 1 
-0.797109 0.0714407 0.599594 60.3478 0.0558202 0.997443 -0.0446356 -1.57785 -0.60125 -0.00210998 -0.799058 -199.484 0 0 0 1 
-0.801948 0.0609299 0.594279 62.1867 0.0432109 0.998096 -0.0440213 -1.75724 -0.595829 -0.00962347 -0.803053 -201.895 0 0 0 1 
-0.803194 0.0675393 0.591877 62.7852 0.0472081 0.997644 -0.0497788 -1.82295 -0.593844 -0.0120406 -0.80449 -202.703 0 0 0 1 
-0.8061 0.0713642 0.587461 63.9742 0.0435338 0.997163 -0.0613984 -1.95556 -0.590176 -0.0239188 -0.80692 -204.301 0 0 0 1 
-0.806348 0.073072 0.58691 66.3232 0.0537396 0.997286 -0.0503328 -2.23063 -0.588995 -0.00904543 -0.808086 -207.525 0 0 0 1 
-0.805883 0.0766318 0.587095 67.4773 0.0507813 0.996881 -0.0604144 -2.36281 -0.589893 -0.0188734 -0.80726 -209.083 0 0 0 1 
-0.806578 0.068847 0.587105 69.721 0.0505404 0.997589 -0.0475491 -2.63571 -0.588964 -0.00867949 -0.808113 -212.127 0 0 0 1 
-0.809639 0.0832442 0.580994 70.7524 0.0533442 0.996231 -0.0684014 -2.76431 -0.584498 -0.0243878 -0.811028 -213.55 0 0 0 1 
-0.820294 0.0734091 0.567212 72.6703 0.0619972 0.997298 -0.0394118 -3.01394 -0.568572 0.00283629 -0.822628 -216.296 0 0 0 1 
-0.82449 0.0855815 0.559367 73.5121 0.0673315 0.996312 -0.0531882 -3.11475 -0.561856 -0.00619006 -0.827212 -217.537 0 0 0 1 
-0.8266 0.0961003 0.554524 74.2878 0.0736273 0.995311 -0.0627373 -3.21497 -0.557953 -0.0110306 -0.8298 -218.699 0 0 0 1 
-0.795851 0.116903 0.5941 75.7449 0.100787 0.993073 -0.0603961 -3.41562 -0.597045 0.0118114 -0.802121 -220.819 0 0 0 1 
-0.753294 0.129965 0.644715 76.526 0.112172 0.991306 -0.0687687 -3.51422 -0.648047 0.0205162 -0.761324 -221.772 0 0 0 1 
-0.697201 0.124201 0.706035 77.3982 0.103946 0.991984 -0.0718588 -3.62092 -0.7093 0.0232892 -0.704522 -222.62 0 0 0 1 
-0.633819 0.123967 0.763483 78.3345 0.0930109 0.992126 -0.0838768 -3.7412 -0.767869 0.0178495 -0.640358 -223.364 0 0 0 1 
-0.600143 0.128633 0.789482 78.8159 0.0914973 0.991546 -0.0920028 -3.80661 -0.794643 0.0170207 -0.606839 -223.709 0 0 0 1 
-0.530567 0.133152 0.83712 79.8391 0.0826781 0.991005 -0.105227 -3.93922 -0.843601 0.0133814 -0.536803 -224.328 0 0 0 1 
-0.493797 0.130687 0.859701 80.3851 0.0765772 0.991337 -0.106712 -4.00517 -0.866199 0.0131392 -0.499527 -224.612 0 0 0 1 
-0.425161 0.118262 0.897358 81.5336 0.0616925 0.992908 -0.101625 -4.15753 -0.903013 0.0121534 -0.429442 -225.123 0 0 0 1 
-0.395636 0.110199 0.911772 82.134 0.0539758 0.993849 -0.0966976 -4.23254 -0.91682 0.0109566 -0.399151 -225.353 0 0 0 1 
-0.346339 0.103326 0.932402 83.365 0.0397219 0.99464 -0.095468 -4.36977 -0.937268 0.00397242 -0.348587 -225.778 0 0 0 1 
-0.330569 0.0972915 0.938754 84.0037 0.0293456 0.995251 -0.0928132 -4.44561 -0.943326 -0.00313282 -0.331854 -225.974 0 0 0 1 
-0.312412 0.0927508 0.945408 85.3029 0.00915633 0.99547 -0.0946364 -4.59028 -0.949903 -0.0209091 -0.311846 -226.353 0 0 0 1 
-0.308895 0.0930583 0.946533 85.9565 0.00272458 0.995284 -0.0969622 -4.6607 -0.951092 -0.0273722 -0.307691 -226.548 0 0 0 1 
-0.307838 0.0946247 0.946722 86.6058 0.00162571 0.995093 -0.0989308 -4.73361 -0.951437 -0.0289156 -0.306481 -226.75 0 0 0 1 
-0.317283 0.0867054 0.944359 88.6275 0.00114569 0.995846 -0.0910477 -4.95531 -0.94833 -0.027806 -0.316064 -227.401 0 0 0 1 
-0.328027 0.0943605 0.939944 89.9955 0.00100948 0.995033 -0.0995386 -5.11926 -0.944668 -0.0317024 -0.326493 -227.864 0 0 0 1 
-0.340362 0.109333 0.933917 91.3757 0.00341806 0.993354 -0.115046 -5.27955 -0.940288 -0.035965 -0.338473 -228.357 0 0 0 1 
-0.365904 0.0895916 0.92633 94.246 -0.00442134 0.995177 -0.0979967 -5.63903 -0.930642 -0.039953 -0.363743 -229.426 0 0 0 1 
-0.373737 0.0952107 0.922635 95.6919 -0.00369796 0.994557 -0.104131 -5.81167 -0.927527 -0.0423293 -0.371351 -229.993 0 0 0 1 
-0.374829 0.100157 0.921668 96.4172 0.00493223 0.994349 -0.106049 -5.9005 -0.927081 -0.0352043 -0.373204 -230.297 0 0 0 1 
-0.375826 0.0999335 0.921286 97.1545 0.0080898 0.994484 -0.104573 -5.98982 -0.926655 -0.0318484 -0.374562 -230.6 0 0 0 1 
-0.37659 0.0958603 0.921407 97.9036 0.00205917 0.994716 -0.102646 -6.08166 -0.926378 -0.036758 -0.374798 -230.888 0 0 0 1 
-0.375406 0.0909763 0.922385 98.6602 -0.0025236 0.995067 -0.0991722 -6.1738 -0.926857 -0.0395576 -0.373325 -231.179 0 0 0 1 
-0.371528 0.0911265 0.923939 100.923 0.00159765 0.995233 -0.0975157 -6.44511 -0.92842 -0.0347537 -0.369903 -232.079 0 0 0 1 
-0.371677 0.0873959 0.924239 101.688 -0.00204672 0.995479 -0.0949554 -6.53068 -0.92836 -0.0371844 -0.369818 -232.37 0 0 0 1 
-0.367272 0.0893435 0.925813 104.75 0.000534667 0.995396 -0.0958463 -6.88168 -0.930113 -0.0347067 -0.365629 -233.565 0 0 0 1 
-0.368916 0.0922949 0.924869 106.289 -0.00544621 0.994826 -0.101448 -7.05515 -0.929447 -0.042463 -0.366504 -234.152 0 0 0 1 
-0.372197 0.0888166 0.923895 108.606 -0.00482836 0.995212 -0.0976178 -7.3329 -0.928141 -0.0407939 -0.369986 -235.06 0 0 0 1 
-0.376788 0.0968056 0.921227 110.166 -0.00688589 0.994204 -0.107291 -7.52244 -0.926274 -0.0467692 -0.373937 -235.675 0 0 0 1 
-0.382435 0.0984897 0.918718 111.748 -0.00582881 0.994026 -0.108989 -7.72098 -0.923964 -0.0470363 -0.379576 -236.313 0 0 0 1 
-0.384547 0.0935132 0.918357 114.994 0.00400929 0.995015 -0.0996403 -8.13067 -0.923097 -0.0346344 -0.383005 -237.661 0 0 0 1 
-0.383906 0.0950404 0.918468 116.643 0.0094899 0.995042 -0.0989975 -8.32924 -0.923324 -0.0292895 -0.382904 -238.347 0 0 0 1 
-0.377979 0.0990918 0.920496 119.951 0.0169839 0.99483 -0.10012 -8.73072 -0.925658 -0.0222096 -0.377708 -239.711 0 0 0 1 
-0.375442 0.0946409 0.922001 120.801 0.0113529 0.995168 -0.0975283 -8.82974 -0.926776 -0.0261488 -0.374703 -240.043 0 0 0 1 
-0.370288 0.101423 0.923364 122.455 0.0160892 0.994573 -0.102792 -9.04118 -0.928778 -0.0232065 -0.36991 -240.704 0 0 0 1 
-0.368526 0.0883462 0.92541 125.8 0.00739043 0.995721 -0.0921155 -9.46251 -0.929588 -0.0271078 -0.367602 -241.996 0 0 0 1 
-0.371662 0.0938813 0.923609 127.456 0.00377636 0.995018 -0.0996201 -9.65699 -0.928361 -0.0335371 -0.370165 -242.638 0 0 0 1 
-0.375435 0.0862111 0.92283 130.823 -0.00153247 0.995606 -0.0936333 -10.058 -0.926847 -0.0365675 -0.373653 -243.96 0 0 0 1 
-0.374753 0.0904642 0.922701 132.523 0.00593993 0.995442 -0.0951835 -10.2579 -0.927106 -0.0301895 -0.373582 -244.646 0 0 0 1 
-0.372824 0.100916 0.922398 134.231 0.0114895 0.994494 -0.10416 -10.456 -0.927831 -0.0282353 -0.371931 -245.334 0 0 0 1 
-0.370932 0.0923459 0.924057 137.718 0.0100014 0.995383 -0.0954591 -10.8687 -0.928606 -0.026167 -0.370143 -246.709 0 0 0 1 
-0.371357 0.0911919 0.924001 138.6 0.00558827 0.995367 -0.0959892 -10.9685 -0.928473 -0.0304827 -0.370146 -247.048 0 0 0 1 
-0.37175 0.0899532 0.923965 139.476 0.00457905 0.99546 -0.0950713 -11.0698 -0.928322 -0.0311119 -0.370474 -247.392 0 0 0 1 
-0.373682 0.0900735 0.923173 140.347 0.000786167 0.995304 -0.0967931 -11.1768 -0.927557 -0.0354441 -0.371998 -247.731 0 0 0 1 
-0.375785 0.0894228 0.922382 141.223 -0.00200692 0.995253 -0.097305 -11.2774 -0.926705 -0.0384169 -0.373821 -248.073 0 0 0 1 
-0.37997 0.0894757 0.920661 143.865 0.00480129 0.995488 -0.0947663 -11.5864 -0.924986 -0.031588 -0.378685 -249.143 0 0 0 1 
-0.381166 0.100954 0.918978 145.614 0.0142092 0.994542 -0.103361 -11.7904 -0.924397 -0.0263399 -0.38052 -249.871 0 0 0 1 
-0.383392 0.0922687 0.918965 146.506 0.00836622 0.995303 -0.0964431 -11.8992 -0.923548 -0.0292872 -0.382363 -250.226 0 0 0 1 
-0.387055 0.0793982 0.918632 148.286 -0.00164252 0.996225 -0.0867967 -12.1079 -0.922055 -0.035104 -0.385464 -250.936 0 0 0 1 
-0.389396 0.0796561 0.91762 149.167 -0.00371876 0.996109 -0.0880476 -12.2034 -0.921063 -0.0376978 -0.387584 -251.294 0 0 0 1 
-0.389509 0.0901976 0.916595 150.913 -0.00504969 0.994969 -0.100056 -12.4078 -0.921009 -0.0436012 -0.387094 -252.012 0 0 0 1 
-0.388809 0.0975942 0.916135 151.779 -3.56442e-05 0.994372 -0.105944 -12.5134 -0.921318 -0.0412246 -0.386618 -252.378 0 0 0 1 
-0.386061 0.0918198 0.917892 153.52 0.00427107 0.995201 -0.0977569 -12.7293 -0.922463 -0.0338198 -0.384601 -253.105 0 0 0 1 
-0.383589 0.0910305 0.919007 154.386 0.00198295 0.995209 -0.0977509 -12.8388 -0.923502 -0.0356738 -0.381931 -253.455 0 0 0 1 
-0.374058 0.0914281 0.922888 158.661 0.00444307 0.995294 -0.0968003 -13.3778 -0.927395 -0.0321084 -0.372703 -255.173 0 0 0 1 
-0.3692 0.100589 0.92389 161.179 0.00496966 0.994325 -0.106271 -13.6891 -0.929337 -0.0346439 -0.367604 -256.162 0 0 0 1 
-0.366999 0.0890621 0.925948 162.859 0.000282206 0.995417 -0.0956321 -13.9047 -0.930221 -0.0348356 -0.365343 -256.804 0 0 0 1 
-0.364282 0.0902394 0.926906 163.679 0.0032039 0.99541 -0.0956495 -14.002 -0.931283 -0.0318737 -0.362899 -257.122 0 0 0 1 
-0.360144 0.0962189 0.927921 165.284 0.00792339 0.994946 -0.100094 -14.1986 -0.932863 -0.0286958 -0.359086 -257.744 0 0 0 1 
-0.359047 0.0958374 0.928386 166.079 0.00687627 0.994959 -0.10005 -14.2963 -0.933294 -0.029539 -0.357896 -258.042 0 0 0 1 
-0.357648 0.085781 0.929908 167.636 0.00602519 0.995963 -0.089557 -14.4827 -0.933837 -0.026427 -0.356721 -258.627 0 0 0 1 
-0.358114 0.0817242 0.930094 168.392 0.00520403 0.996321 -0.0855396 -14.5742 -0.933663 -0.0257927 -0.357222 -258.91 0 0 0 1 
-0.358654 0.0906403 0.92906 169.843 0.0051391 0.995451 -0.0951337 -14.7426 -0.933456 -0.0293455 -0.357488 -259.459 0 0 0 1 
-0.359966 0.0956455 0.92805 170.552 0.00549227 0.994931 -0.100408 -14.8278 -0.932949 -0.0310464 -0.358666 -259.727 0 0 0 1 
-0.361299 0.0971713 0.927373 171.253 0.00570844 0.994767 -0.102009 -14.9131 -0.932432 -0.0315619 -0.359963 -259.997 0 0 0 1 
-0.364148 0.0972485 0.92625 171.945 0.00849735 0.994839 -0.101109 -15.0014 -0.931302 -0.028948 -0.363095 -260.269 0 0 0 1 
-0.368565 0.0967608 0.924553 172.625 0.00968542 0.994914 -0.100264 -15.0878 -0.929552 -0.0279989 -0.367627 -260.54 0 0 0 1 
-0.391415 0.0984751 0.91493 174.558 0.0117695 0.994712 -0.102027 -15.3365 -0.920139 -0.0291666 -0.390504 -261.343 0 0 0 1 
-0.433239 0.094669 0.896293 176.921 0.0310616 0.995446 -0.0901276 -15.6371 -0.900744 -0.0112064 -0.434206 -262.472 0 0 0 1 
-0.453358 0.0901852 0.886754 178.009 0.0396151 0.995924 -0.0810345 -15.7706 -0.890448 -0.00160883 -0.455083 -263.042 0 0 0 1 
-0.488069 0.104905 0.866477 179.917 0.0583502 0.994451 -0.0875319 -15.9942 -0.870852 0.00783752 -0.491483 -264.134 0 0 0 1 
-0.500307 0.106061 0.859327 180.755 0.0658576 0.994256 -0.0843712 -16.0953 -0.86334 0.0143817 -0.504418 -264.643 0 0 0 1 
-0.492648 0.111277 0.863085 182.766 0.0749721 0.993531 -0.085301 -16.3412 -0.866993 0.0226838 -0.497804 -265.837 0 0 0 1 
-0.456696 0.116543 0.881956 183.561 0.067688 0.99306 -0.0961742 -16.4447 -0.887044 0.0157754 -0.461415 -266.22 0 0 0 1 
-0.418474 0.116952 0.900668 184.076 0.0654177 0.99298 -0.0985437 -16.5093 -0.90587 0.0176817 -0.423187 -266.433 0 0 0 1 
-0.367786 0.114449 0.922841 184.599 0.0573162 0.9933 -0.100345 -16.5677 -0.928142 0.0159881 -0.371882 -266.594 0 0 0 1 
-0.3054 0.108132 0.946065 185.13 0.0470106 0.994032 -0.0984392 -16.6264 -0.951063 0.0144117 -0.308661 -266.709 0 0 0 1 
-0.234186 0.099502 0.967086 185.669 0.034157 0.994977 -0.0941002 -16.6886 -0.971591 0.0109958 -0.236409 -266.775 0 0 0 1 
-0.149048 0.0952401 0.984233 186.21 0.0132975 0.995454 -0.0943122 -16.7536 -0.98874 -0.000969283 -0.149637 -266.775 0 0 0 1 
-0.0500703 0.0970044 0.994024 186.782 -0.00133651 0.995265 -0.0971928 -16.8167 -0.998745 -0.006195 -0.0497036 -266.731 0 0 0 1 
0.243162 0.103252 0.964475 188.336 -0.012528 0.99457 -0.103316 -16.9837 -0.969905 0.0130394 0.243135 -266.344 0 0 0 1 
0.362848 0.110961 0.925219 188.976 -0.0387136 0.993823 -0.104006 -17.0583 -0.931044 0.00191969 0.364902 -265.978 0 0 0 1 
0.482743 0.110693 0.868738 189.643 -0.0527934 0.993854 -0.0972992 -17.1306 -0.874169 0.00110685 0.48562 -265.51 0 0 0 1 
0.539358 0.109128 0.834975 189.973 -0.0576002 0.994026 -0.0927085 -17.1657 -0.840104 0.00190835 0.542421 -265.24 0 0 0 1 
0.634788 0.108067 0.765092 190.626 -0.078414 0.994069 -0.0753497 -17.2473 -0.768697 -0.0121629 0.639497 -264.572 0 0 0 1 
0.742533 0.121518 0.658694 191.578 -0.105203 0.992358 -0.0644809 -17.3471 -0.661496 -0.0214172 0.749643 -263.36 0 0 0 1 
0.821386 0.133737 0.554472 192.917 -0.123293 0.99077 -0.056328 -17.4796 -0.556887 -0.0220951 0.830294 -261.301 0 0 0 1 
0.873423 0.131708 0.468813 194.303 -0.126656 0.991038 -0.0424554 -17.6135 -0.470203 -0.0222963 0.882277 -258.772 0 0 0 1 
0.893085 0.137545 0.428347 194.964 -0.130344 0.990389 -0.0462602 -17.6938 -0.430593 -0.014518 0.90243 -257.341 0 0 0 1 
0.916726 0.14197 0.373441 196.269 -0.138992 0.989673 -0.0350416 -17.8286 -0.374559 -0.0197818 0.926992 -254.131 0 0 0 1 
0.924116 0.136971 0.356718 196.936 -0.136002 0.990315 -0.0279293 -17.9076 -0.357089 -0.0227046 0.933794 -252.379 0 0 0 1 
0.926649 0.149891 0.344753 197.921 -0.147408 0.988506 -0.0335677 -17.9971 -0.345822 -0.0197139 0.938093 -249.604 0 0 0 1 
0.926485 0.151967 0.344284 198.267 -0.149957 0.988154 -0.0326287 -18.033 -0.345164 -0.021398 0.938298 -248.63 0 0 0 1 
0.926679 0.147017 0.345907 198.981 -0.143157 0.989014 -0.036834 -18.1156 -0.347523 -0.0153859 0.937545 -246.698 0 0 0 1 
0.925556 0.149345 0.34791 199.351 -0.145001 0.988676 -0.0386517 -18.1558 -0.349743 -0.0146729 0.936731 -245.691 0 0 0 1 
0.922904 0.136149 0.360155 200.91 -0.135707 0.990391 -0.0266463 -18.3283 -0.360322 -0.0242834 0.932512 -241.572 0 0 0 1 
0.921733 0.13357 0.364098 201.767 -0.12914 0.99095 -0.0366085 -18.4243 -0.365693 -0.0132764 0.930641 -239.384 0 0 0 1 
0.920246 0.123684 0.371282 203.433 -0.121881 0.992138 -0.028417 -18.6357 -0.371877 -0.0191015 0.928085 -235.153 0 0 0 1 
0.919736 0.124756 0.372184 204.272 -0.123456 0.991971 -0.0274232 -18.7234 -0.372617 -0.0207265 0.927754 -233.024 0 0 0 1 
0.919518 0.130337 0.370808 205.981 -0.127169 0.991329 -0.0330985 -18.938 -0.371906 -0.0167205 0.92812 -228.647 0 0 0 1 
0.919529 0.130286 0.3708 206.421 -0.128849 0.991247 -0.0287635 -18.9893 -0.371301 -0.0213284 0.928267 -227.522 0 0 0 1 
0.919045 0.134353 0.370547 206.858 -0.133262 0.990666 -0.0286742 -19.037 -0.370941 -0.0230269 0.928371 -226.381 0 0 0 1 
0.918862 0.136408 0.370251 207.309 -0.13582 0.990344 -0.0277965 -19.0814 -0.370467 -0.0247462 0.928516 -225.215 0 0 0 1 
0.91856 0.140035 0.369645 207.755 -0.142314 0.989593 -0.0212459 -19.1222 -0.368773 -0.0330901 0.92893 -224.05 0 0 0 1 
0.918583 0.138754 0.370071 208.198 -0.14328 0.989563 -0.0153791 -19.166 -0.368342 -0.0388965 0.928876 -222.898 0 0 0 1 
0.918977 0.141136 0.368187 208.639 -0.14503 0.989277 -0.0172284 -19.2049 -0.366671 -0.0375657 0.929592 -221.762 0 0 0 1 
0.920051 0.14207 0.365132 209.895 -0.142733 0.989437 -0.0253276 -19.3202 -0.364874 -0.0288137 0.930611 -218.507 0 0 0 1 
0.92016 0.141449 0.3651 210.68 -0.138246 0.989778 -0.0350445 -19.4067 -0.366325 -0.0182271 0.930308 -216.482 0 0 0 1 
0.918499 0.141852 0.369104 211.45 -0.142698 0.989446 -0.0251604 -19.4989 -0.368778 -0.0295606 0.929048 -214.48 0 0 0 1 
0.916106 0.150089 0.371784 212.206 -0.149012 0.988324 -0.0318087 -19.584 -0.372217 -0.0262601 0.927774 -212.53 0 0 0 1 
0.914336 0.151474 0.375561 212.588 -0.150485 0.988089 -0.0321529 -19.6269 -0.375958 -0.0271178 0.92624 -211.552 0 0 0 1 
0.912586 0.154777 0.378458 212.971 -0.156066 0.987364 -0.0274724 -19.671 -0.377928 -0.0339936 0.925211 -210.57 0 0 0 1 
0.911352 0.15204 0.382519 213.368 -0.156116 0.987525 -0.0205656 -19.7078 -0.380873 -0.0409748 0.923719 -209.583 0 0 0 1 
0.911286 0.149074 0.383842 213.776 -0.154003 0.987905 -0.0180552 -19.746 -0.381891 -0.0426592 0.923222 -208.588 0 0 0 1 
0.912114 0.144934 0.38346 214.187 -0.147901 0.988759 -0.021913 -19.7838 -0.382326 -0.0367269 0.923297 -207.598 0 0 0 1 
0.914063 0.138945 0.381028 214.604 -0.138056 0.989976 -0.0298128 -19.8232 -0.381351 -0.0253527 0.924083 -206.614 0 0 0 1 
0.914816 0.140142 0.378777 215.008 -0.138978 0.989824 -0.0305627 -19.8635 -0.379205 -0.0246823 0.924983 -205.614 0 0 0 1 
0.915941 0.136901 0.377241 215.408 -0.138647 0.990082 -0.0226666 -19.9049 -0.376603 -0.0315419 0.925838 -204.611 0 0 0 1 
0.916957 0.136492 0.374914 215.806 -0.140023 0.989986 -0.0179512 -19.9434 -0.373609 -0.036036 0.926886 -203.601 0 0 0 1 
0.918116 0.154375 0.365009 216.951 -0.15023 0.987845 -0.0399167 -20.0585 -0.366735 -0.0181872 0.930148 -200.601 0 0 0 1 
0.919095 0.152688 0.363251 217.334 -0.148958 0.988096 -0.0384433 -20.1085 -0.364796 -0.018776 0.930898 -199.601 0 0 0 1 
0.919589 0.150591 0.362876 217.716 -0.149742 0.98825 -0.0306456 -20.1608 -0.363227 -0.0261566 0.931334 -198.593 0 0 0 1 
0.919747 0.150665 0.362444 218.091 -0.151418 0.988114 -0.0265087 -20.2061 -0.36213 -0.0304992 0.931629 -197.593 0 0 0 1 
0.919409 0.155601 0.361214 218.838 -0.154937 0.987438 -0.0309958 -20.2884 -0.361499 -0.0274676 0.931968 -195.597 0 0 0 1 
0.918085 0.154662 0.364966 219.972 -0.15416 0.987569 -0.0307099 -20.4289 -0.365178 -0.0280687 0.930514 -192.62 0 0 0 1 
0.917674 0.152454 0.366922 220.354 -0.153131 0.987825 -0.0274545 -20.4736 -0.36664 -0.0309927 0.929846 -191.631 0 0 0 1 
0.91719 0.146276 0.370629 221.895 -0.143802 0.989006 -0.0344657 -20.6624 -0.371596 -0.0216854 0.928141 -187.696 0 0 0 1 
0.916145 0.141204 0.375152 223.065 -0.141096 0.989602 -0.0279102 -20.7926 -0.375192 -0.0273628 0.926543 -184.741 0 0 0 1 
0.915462 0.147786 0.374285 223.446 -0.142034 0.988924 -0.0430761 -20.8361 -0.376505 -0.0137266 0.926313 -183.778 0 0 0 1 
0.913639 0.146732 0.379122 224.229 -0.140789 0.989083 -0.0435219 -20.9475 -0.381369 -0.0136128 0.924323 -181.821 0 0 0 1 
0.912361 0.142328 0.383849 224.632 -0.140674 0.989521 -0.0325409 -21.0025 -0.384458 -0.0243085 0.922822 -180.832 0 0 0 1 
0.910474 0.134532 0.391074 225.45 -0.136082 0.99041 -0.0238882 -21.0913 -0.390537 -0.0314686 0.920049 -178.873 0 0 0 1 
0.909226 0.135153 0.393753 225.86 -0.134449 0.990481 -0.0295151 -21.1331 -0.393993 -0.0261039 0.918742 -177.908 0 0 0 1 
0.905082 0.141336 0.401062 226.681 -0.137073 0.989774 -0.0394645 -21.2279 -0.402539 -0.0192563 0.9152 -175.978 0 0 0 1 
0.900648 0.134729 0.413136 227.536 -0.131621 0.990642 -0.0361226 -21.3371 -0.414137 -0.0218438 0.909953 -174.057 0 0 0 1 
0.894911 0.12267 0.429052 228.863 -0.121292 0.992143 -0.0306729 -21.4897 -0.429444 -0.0245911 0.902759 -171.215 0 0 0 1 
0.891447 0.115244 0.438224 229.767 -0.111382 0.993175 -0.0346077 -21.5845 -0.439221 -0.0179593 0.898199 -169.353 0 0 0 1 
0.889149 0.121264 0.441258 230.208 -0.118216 0.992388 -0.0345132 -21.6336 -0.442084 -0.0214765 0.896716 -168.422 0 0 0 1 
0.885625 0.12825 0.446342 231.098 -0.122723 0.991577 -0.0414099 -21.7362 -0.447893 -0.0181028 0.893904 -166.583 0 0 0 1 
0.884488 0.130679 0.447888 231.544 -0.125064 0.991249 -0.0422371 -21.7882 -0.449488 -0.0186564 0.893092 -165.666 0 0 0 1 
0.88529 0.12477 0.447988 232.446 -0.1207 0.991971 -0.0377547 -21.8998 -0.449102 -0.0206485 0.893242 -163.843 0 0 0 1 
0.886999 0.11928 0.4461 232.899 -0.114234 0.992715 -0.0383008 -21.9527 -0.447419 -0.0169869 0.894163 -162.942 0 0 0 1 
0.89082 0.109703 0.440913 233.789 -0.105888 0.993819 -0.0333352 -22.0548 -0.441845 -0.0169918 0.896931 -161.139 0 0 0 1 
0.892328 0.110445 0.437667 234.217 -0.107614 0.993698 -0.0313528 -22.1043 -0.438371 -0.0191219 0.898591 -160.236 0 0 0 1 
0.895903 0.112024 0.429894 235.06 -0.104945 0.993664 -0.040226 -22.2014 -0.431676 -0.00907672 0.901983 -158.452 0 0 0 1 
0.897247 0.111504 0.427217 235.477 -0.102167 0.993758 -0.0447983 -22.2534 -0.429546 -0.00345248 0.903039 -157.564 0 0 0 1 
0.899803 0.0993842 0.424827 236.308 -0.0938932 0.995005 -0.0339018 -22.3586 -0.426074 -0.0093834 0.90464 -155.786 0 0 0 1 
0.901012 0.0874976 0.424878 236.726 -0.0849847 0.996071 -0.0249048 -22.4066 -0.425388 -0.0136686 0.904908 -154.911 0 0 0 1 
0.902015 0.0771611 0.424752 237.139 -0.0758036 0.99692 -0.0201231 -22.4467 -0.424996 -0.0140464 0.905086 -154.05 0 0 0 1 
0.901796 0.0772459 0.425203 237.927 -0.0726964 0.99699 -0.0269427 -22.5283 -0.426004 -0.00661387 0.904697 -152.366 0 0 0 1 
0.896296 0.0784441 0.436463 239.453 -0.0748467 0.99687 -0.0254634 -22.6928 -0.437094 -0.00984507 0.899362 -149.118 0 0 0 1 
0.884191 0.0757109 0.46095 240.977 -0.068221 0.997127 -0.0329168 -22.8475 -0.462117 -0.00234166 0.886816 -146.105 0 0 0 1 
0.87479 0.0790881 0.478004 241.726 -0.0711512 0.996861 -0.0347226 -22.9261 -0.479249 -0.0036355 0.877671 -144.704 0 0 0 1 
0.854922 0.0963156 0.509737 243.156 -0.0817204 0.995349 -0.0510128 -23.1001 -0.512279 0.00195604 0.858817 -142.178 0 0 0 1 
0.846532 0.100618 0.522742 243.832 -0.0878614 0.994916 -0.0492185 -23.1767 -0.525037 -0.00426381 0.851069 -141.048 0 0 0 1 
0.841039 0.0797407 0.535065 245.135 -0.0724777 0.996769 -0.0346248 -23.3349 -0.536097 -0.00965951 0.844101 -139.011 0 0 0 1 
0.843088 0.0912404 0.529979 245.724 -0.078284 0.995827 -0.0469062 -23.3947 -0.532047 -0.0019428 0.846712 -138.042 0 0 0 1 
0.852824 0.0783724 0.516284 246.333 -0.0631731 0.996896 -0.0469773 -23.4581 -0.518363 0.00744813 0.855128 -137.077 0 0 0 1 
0.867945 0.0722776 0.491373 246.892 -0.0631365 0.997384 -0.0351862 -23.5146 -0.492631 -0.000483838 0.870238 -136.08 0 0 0 1 
0.918025 0.0727361 0.389795 247.804 -0.0664138 0.99735 -0.0296922 -23.6212 -0.390922 0.0013704 0.920423 -134.045 0 0 0 1 
0.946664 0.0775793 0.312745 248.127 -0.0713448 0.996959 -0.0313479 -23.656 -0.314226 0.00736321 0.94932 -132.982 0 0 0 1 
0.972137 0.0753918 0.221957 248.358 -0.0725586 0.997145 -0.0209035 -23.6876 -0.222899 0.00421621 0.974832 -131.872 0 0 0 1 
0.982198 0.0751538 0.172162 248.429 -0.0741321 0.997172 -0.0123657 -23.7009 -0.172605 -0.000617147 0.984991 -131.302 0 0 0 1 
0.990008 0.075772 0.118921 248.466 -0.0756738 0.997118 -0.00534744 -23.7091 -0.118983 -0.00370518 0.992889 -130.73 0 0 0 1 
0.996762 0.0801783 0.00608668 248.433 -0.0802253 0.996745 0.00791989 -23.7115 -0.00543187 -0.00838255 0.99995 -129.577 0 0 0 1 
0.995171 0.0825956 -0.0530274 248.362 -0.0818618 0.996517 0.015867 -23.7037 0.0541533 -0.0114495 0.998467 -129.001 0 0 0 1 
0.981667 0.0829541 -0.171604 248.117 -0.0785103 0.996382 0.0325342 -23.676 0.173682 -0.0184651 0.984629 -127.823 0 0 0 1 
0.969144 0.0860233 -0.230996 247.934 -0.0781073 0.996008 0.0432157 -23.6581 0.233791 -0.0238398 0.971995 -127.234 0 0 0 1 
0.932238 0.0985088 -0.348178 247.445 -0.082875 0.994779 0.0595536 -23.5964 0.352227 -0.0266629 0.935535 -126.081 0 0 0 1 
0.908784 0.103791 -0.404151 247.145 -0.0834536 0.994211 0.0676702 -23.5543 0.408835 -0.0277698 0.912186 -125.512 0 0 0 1 
0.883842 0.104492 -0.455965 246.81 -0.0774613 0.993968 0.0776328 -23.5057 0.461327 -0.0332956 0.886605 -124.934 0 0 0 1 
0.827569 0.108708 -0.550738 246.019 -0.073006 0.993581 0.0864171 -23.4027 0.556597 -0.0313089 0.830192 -123.807 0 0 0 1 
0.798694 0.108497 -0.591875 245.573 -0.0716463 0.99376 0.0854843 -23.3484 0.597457 -0.0258701 0.801484 -123.262 0 0 0 1 
0.770716 0.105382 -0.628404 245.093 -0.0704948 0.994276 0.0802792 -23.2831 0.633267 -0.0175733 0.773734 -122.721 0 0 0 1 
0.723881 0.110502 -0.681018 244.03 -0.0780619 0.99387 0.0782905 -23.1493 0.685495 -0.00351146 0.728069 -121.644 0 0 0 1 
0.708186 0.118537 -0.696004 243.458 -0.082435 0.992945 0.0852313 -23.0852 0.701197 -0.0029845 0.712961 -121.095 0 0 0 1 
0.690006 0.130653 -0.711914 242.28 -0.0867233 0.991411 0.0978927 -22.9509 0.718589 -0.00580704 0.69541 -119.98 0 0 0 1 
0.686185 0.134465 -0.714891 241.684 -0.0899348 0.990909 0.100058 -22.8752 0.721846 -0.00436473 0.69204 -119.423 0 0 0 1 
0.685113 0.135694 -0.715687 241.102 -0.093507 0.990751 0.0983337 -22.8026 0.722411 -0.000447959 0.691464 -118.878 0 0 0 1 
0.685294 0.136637 -0.715333 240.498 -0.0960999 0.990619 0.0971551 -22.7278 0.721898 0.00216358 0.691996 -118.306 0 0 0 1 
0.691115 0.139574 -0.709139 237.981 -0.106574 0.990131 0.091014 -22.4184 0.714844 0.0126744 0.699169 -115.89 0 0 0 1 
0.698146 0.139708 -0.702192 236.006 -0.114033 0.989955 0.0835858 -22.1898 0.706816 0.0217178 0.707064 -113.952 0 0 0 1 
0.705406 0.143811 -0.694061 233.949 -0.116397 0.989411 0.0867085 -21.9535 0.699181 0.0196217 0.714675 -111.873 0 0 0 1 
0.706933 0.141111 -0.693061 233.263 -0.113692 0.989825 0.0855668 -21.8739 0.698083 0.0183051 0.715783 -111.164 0 0 0 1 
0.707846 0.138509 -0.692653 232.561 -0.111864 0.990193 0.08369 -21.7943 0.697453 0.0182435 0.716399 -110.44 0 0 0 1 
0.709728 0.144136 -0.689573 230.395 -0.111932 0.989483 0.0916194 -21.5457 0.695526 0.0121607 0.718398 -108.218 0 0 0 1 
0.716278 0.137996 -0.684034 228.233 -0.111824 0.990282 0.0826834 -21.2928 0.688797 0.017267 0.724749 -105.967 0 0 0 1 
0.722122 0.137064 -0.678051 226.762 -0.115233 0.990314 0.0774623 -21.1384 0.6821 0.0221968 0.730922 -104.413 0 0 0 1 
0.746109 0.142948 -0.650297 223.867 -0.117385 0.989624 0.0828584 -20.8367 0.655394 0.0145136 0.755148 -101.194 0 0 0 1 
0.760461 0.136528 -0.63487 222.491 -0.11255 0.990564 0.078204 -20.6906 0.639556 0.0119838 0.768651 -99.5463 0 0 0 1 
0.767091 0.136365 -0.626878 221.814 -0.111873 0.99061 0.0785918 -20.6225 0.631709 0.00984376 0.775143 -98.7134 0 0 0 1 
0.773936 0.13493 -0.618722 221.151 -0.108843 0.99084 0.0799338 -20.5522 0.62384 0.00548012 0.781533 -97.875 0 0 0 1 
0.780491 0.131201 -0.611245 220.5 -0.103057 0.991356 0.0811979 -20.4822 0.616614 -0.000381101 0.787266 -97.0296 0 0 0 1 
0.789198 0.126969 -0.600871 219.229 -0.0968274 0.991883 0.0824182 -20.3405 0.606458 -0.00686355 0.795086 -95.3518 0 0 0 1 
0.792428 0.110373 -0.599896 217.344 -0.077178 0.993731 0.0808854 -20.118 0.605063 -0.0177971 0.795979 -92.8039 0 0 0 1 
0.786794 0.108706 -0.607568 216.03 -0.070798 0.993766 0.0861218 -19.9587 0.613142 -0.0247455 0.789585 -91.0841 0 0 0 1 
0.768061 0.101156 -0.632337 213.289 -0.0621106 0.994557 0.0836596 -19.627 0.637358 -0.0249809 0.770163 -87.6737 0 0 0 1 
0.76329 0.0955105 -0.638957 212.589 -0.0580591 0.995151 0.0793972 -19.5478 0.643442 -0.0235058 0.765134 -86.8344 0 0 0 1 
0.759056 0.0913529 -0.644584 211.879 -0.0533538 0.995504 0.0782578 -19.467 0.648835 -0.025011 0.760518 -85.9952 0 0 0 1 
0.753788 0.0941564 -0.650337 211.162 -0.0505297 0.995056 0.0854976 -19.3911 0.655172 -0.0315858 0.75482 -85.1623 0 0 0 1 
0.749022 0.0932942 -0.655944 210.447 -0.0428748 0.994787 0.0925288 -19.3096 0.661157 -0.0411826 0.749117 -84.333 0 0 0 1 
0.734436 0.0871099 -0.673064 208.257 -0.0307673 0.994983 0.0952008 -19.0427 0.67798 -0.0492106 0.733431 -81.8957 0 0 0 1 
0.717176 0.075832 -0.692754 205.245 -0.0167748 0.995653 0.0916226 -18.6919 0.69669 -0.0540888 0.71533 -78.7206 0 0 0 1 
0.713805 0.0789997 -0.695875 204.476 -0.0159591 0.995194 0.0966099 -18.6014 0.700163 -0.0578551 0.711636 -77.9374 0 0 0 1 
0.707579 0.0870096 -0.701257 202.174 -0.0216106 0.994591 0.1016 -18.3215 0.706304 -0.0567354 0.705632 -75.6402 0 0 0 1 
0.707084 0.0812203 -0.70245 199.896 -0.0260734 0.995701 0.0888818 -18.0543 0.706649 -0.0445316 0.706162 -73.3775 0 0 0 1 
0.711187 0.0804624 -0.698383 197.635 -0.0320321 0.996106 0.0821444 -17.8211 0.702272 -0.0360494 0.710995 -71.1131 0 0 0 1 
0.713263 0.0805192 -0.696256 196.899 -0.035694 0.996263 0.0786479 -17.745 0.699987 -0.0312444 0.713472 -70.3711 0 0 0 1 
0.715156 0.0848947 -0.69379 196.155 -0.0381025 0.995856 0.0825806 -17.6749 0.697926 -0.0326228 0.715427 -69.6161 0 0 0 1 
0.718683 0.0919536 -0.689231 193.977 -0.0379291 0.994926 0.093188 -17.4455 0.694303 -0.0408307 0.718524 -67.3668 0 0 0 1 
0.716848 0.0893332 -0.691483 191.842 -0.0355367 0.99515 0.0917239 -17.2084 0.696323 -0.041179 0.716546 -65.157 0 0 0 1 
0.716012 0.0885044 -0.692455 191.134 -0.0383225 0.995418 0.0876006 -17.1299 0.697035 -0.0361865 0.716123 -64.4369 0 0 0 1 
0.715219 0.0904687 -0.69302 190.435 -0.0416154 0.99534 0.0869859 -17.053 0.69766 -0.0333737 0.715651 -63.7317 0 0 0 1 
0.713445 0.0940849 -0.694367 189.057 -0.0380702 0.994686 0.0956612 -16.9051 0.699677 -0.0418143 0.713235 -62.3193 0 0 0 1 
0.71035 0.0924907 -0.697745 187.033 -0.0373939 0.994888 0.0938096 -16.676 0.702854 -0.0405463 0.710177 -60.2691 0 0 0 1 
0.708399 0.0783983 -0.701445 185.741 -0.0298919 0.996253 0.0811597 -16.5347 0.705179 -0.0365259 0.708088 -58.9565 0 0 0 1 
0.707239 0.0844058 -0.701917 185.094 -0.0318289 0.995642 0.0876561 -16.4681 0.706257 -0.0396525 0.706844 -58.3122 0 0 0 1 
0.703723 0.09395 -0.704236 183.827 -0.0319191 0.994398 0.100764 -16.338 0.709757 -0.0484312 0.702779 -57.0556 0 0 0 1 
0.700852 0.088928 -0.707741 182.632 -0.0345803 0.995267 0.0908121 -16.2071 0.712468 -0.0391719 0.700611 -55.8837 0 0 0 1 
0.699101 0.0925623 -0.709007 181.479 -0.0386527 0.995028 0.0917904 -16.0875 0.713978 -0.0367657 0.699203 -54.7713 0 0 0 1 
0.694884 0.101406 -0.711936 178.873 -0.0400605 0.993929 0.102472 -15.8096 0.718005 -0.0426854 0.694728 -52.2511 0 0 0 1 
0.697253 0.0976074 -0.710148 177.528 -0.0438375 0.994638 0.093668 -15.6485 0.715483 -0.0341792 0.697793 -50.9542 0 0 0 1 
0.706872 0.100016 -0.700235 176.355 -0.043907 0.994248 0.0976878 -15.5334 0.705978 -0.0383075 0.707197 -49.7785 0 0 0 1 
0.721678 0.0965737 -0.685459 175.396 -0.0422723 0.994521 0.0956112 -15.4187 0.690937 -0.0400246 0.721807 -48.7598 0 0 0 1 
0.766543 0.103797 -0.633749 173.913 -0.0519639 0.993641 0.0998883 -15.2499 0.640087 -0.0436366 0.767062 -47.0138 0 0 0 1 
0.790284 0.100449 -0.604451 173.286 -0.0612081 0.994479 0.0852393 -15.171 0.609676 -0.0303659 0.792069 -46.1831 0 0 0 1 
0.811527 0.0984077 -0.575968 172.697 -0.0672937 0.994898 0.0751688 -15.0993 0.580426 -0.0222426 0.814009 -45.3354 0 0 0 1 
0.829285 0.0942273 -0.550824 172.089 -0.0732954 0.995507 0.0599485 -15.0285 0.553998 -0.0093416 0.832466 -44.4087 0 0 0 1 
0.839395 0.090666 -0.535906 171.495 -0.0756129 0.99588 0.0500524 -14.9773 0.538236 -0.00149234 0.842793 -43.4698 0 0 0 1 
0.837831 0.0986186 -0.536948 170.735 -0.0858831 0.995111 0.0487587 -14.8924 0.539131 0.00526316 0.842205 -42.3194 0 0 0 1 
0.832911 0.0978672 -0.544685 170.153 -0.0813442 0.995199 0.0544257 -14.8358 0.547396 -0.00102477 0.836873 -41.4306 0 0 0 1 
0.824989 0.101475 -0.555964 169.493 -0.077984 0.994778 0.0658484 -14.7702 0.559743 -0.0109679 0.828594 -40.4591 0 0 0 1 
0.812806 0.112652 -0.571539 168.748 -0.0808569 0.993444 0.0808215 -14.6763 0.576896 -0.0194793 0.816585 -39.4335 0 0 0 1 
0.800488 0.110423 -0.589089 167.965 -0.0710656 0.993435 0.0896488 -14.5817 0.59512 -0.0298989 0.80308 -38.3644 0 0 0 1 
0.771932 0.091021 -0.629155 166.215 -0.0532701 0.995477 0.0786585 -14.3506 0.633469 -0.0272039 0.77329 -36.1529 0 0 0 1 
0.764371 0.0852243 -0.639119 165.738 -0.0470401 0.995956 0.0765483 -14.2939 0.643058 -0.0284471 0.765289 -35.5792 0 0 0 1 
0.751018 0.0762299 -0.655867 164.744 -0.0321483 0.996357 0.0789921 -14.1827 0.659499 -0.0382395 0.750732 -34.4149 0 0 0 1 
0.739128 0.0776154 -0.669078 163.675 -0.0278425 0.99601 0.0847832 -14.0633 0.67299 -0.0440368 0.73834 -33.2369 0 0 0 1 
0.732123 0.078333 -0.676653 162.562 -0.0156012 0.995034 0.0983102 -13.9256 0.680994 -0.0614186 0.729709 -32.0145 0 0 0 1 
0.726639 0.0745044 -0.682968 160.23 -0.0142562 0.995523 0.0934331 -13.624 0.686871 -0.0581556 0.724448 -29.5397 0 0 0 1 
0.725235 0.0819034 -0.683613 159.003 -0.0203608 0.995016 0.097612 -13.474 0.688201 -0.0568728 0.723288 -28.264 0 0 0 1 
0.724071 0.0823259 -0.684794 157.757 -0.0278352 0.99553 0.0902508 -13.32 0.689163 -0.0462866 0.723126 -26.9768 0 0 0 1 
0.723939 0.0827262 -0.684886 155.201 -0.0276402 0.995465 0.0910242 -13.0261 0.68931 -0.0469655 0.722943 -24.3039 0 0 0 1 
0.724566 0.0883536 -0.683519 153.887 -0.026067 0.994552 0.100926 -12.8651 0.688712 -0.0553105 0.722922 -22.9158 0 0 0 1 
0.725506 0.0895003 -0.682371 151.222 -0.034651 0.995001 0.0936636 -12.5359 0.687342 -0.0443088 0.724981 -20.1276 0 0 0 1 
0.724643 0.0926398 -0.682869 148.574 -0.0352596 0.994609 0.0975148 -12.2203 0.688221 -0.0465858 0.724004 -17.3366 0 0 0 1 
0.72491 0.0863455 -0.683411 146.626 -0.028482 0.995021 0.0955045 -11.9863 0.688255 -0.0497672 0.72376 -15.2753 0 0 0 1 
0.723055 0.0753135 -0.686673 145.342 -0.0251639 0.996251 0.0827706 -11.8374 0.690332 -0.0425683 0.722239 -13.9204 0 0 0 1 
0.719506 0.0788959 -0.689991 141.601 -0.0211933 0.995558 0.0917356 -11.4378 0.694163 -0.0513811 0.717982 -10.027 0 0 0 1 
0.714 0.0780247 -0.695784 139.907 -0.016874 0.9954 0.0943076 -11.2582 0.699942 -0.055595 0.712033 -8.28651 0 0 0 1 
0.705952 0.0826429 -0.703421 138.841 -0.0206744 0.99515 0.0961685 -11.139 0.707958 -0.0533475 0.704237 -7.2428 0 0 0 1 
0.676908 0.0830628 -0.731366 136.88 -0.0226313 0.995491 0.0921139 -10.9361 0.73572 -0.0458009 0.675736 -5.42171 0 0 0 1 
0.649086 0.0708912 -0.757405 135.925 -0.0121131 0.996485 0.0828878 -10.8383 0.760619 -0.0446267 0.647663 -4.59864 0 0 0 1 
0.548479 0.0915509 -0.831137 133.882 -0.0143765 0.994874 0.100099 -10.64 0.836041 -0.0429536 0.546983 -3.21407 0 0 0 1 
0.486303 0.101059 -0.867927 132.829 -0.0156681 0.994138 0.106976 -10.5324 0.87365 -0.0384238 0.485035 -2.66878 0 0 0 1 
0.358746 0.110016 -0.926929 130.636 -0.0168619 0.993632 0.111406 -10.2993 0.933283 -0.0243368 0.358316 -1.81654 0 0 0 1 
0.263462 0.128022 -0.956137 128.204 -0.0220733 0.991695 0.1267 -10.0169 0.964417 -0.0122756 0.2641 -1.16702 0 0 0 1 
0.238229 0.138325 -0.961308 126.897 -0.0281654 0.990373 0.135527 -9.8571 0.970801 -0.00521083 0.239831 -0.875283 0 0 0 1 
0.22044 0.137642 -0.96564 124.11 -0.0208827 0.990433 0.136409 -9.48111 0.975177 -0.00990479 0.221206 -0.246055 0 0 0 1 
0.220035 0.12047 -0.968025 121.08 -0.00739961 0.992523 0.121836 -9.09062 0.975464 -0.0196453 0.219281 0.449753 0 0 0 1 
0.222377 0.127956 -0.966528 119.443 -0.00701428 0.991535 0.129653 -8.88554 0.974936 -0.0220523 0.221392 0.817289 0 0 0 1 
0.230462 0.119047 -0.965772 116.851 -0.0108315 0.992741 0.119787 -8.56395 0.973021 -0.0171456 0.230079 1.41018 0 0 0 1 
0.248627 0.11514 -0.961732 113.2 0.00257978 0.992827 0.11953 -8.13254 0.968596 -0.0321993 0.246546 2.33848 0 0 0 1 
0.253185 0.11654 -0.960373 112.251 0.00427773 0.992573 0.121575 -8.01771 0.967409 -0.0348891 0.250806 2.58701 0 0 0 1 
0.257165 0.119704 -0.958925 111.276 0.00576986 0.992091 0.125391 -7.90034 0.96635 -0.037779 0.25444 2.8483 0 0 0 1 
0.265673 0.100813 -0.958778 107.3 0.0186682 0.993793 0.109667 -7.4197 0.963883 -0.0470343 0.262142 3.94118 0 0 0 1 
0.265971 0.0943915 -0.959349 106.272 0.022334 0.994324 0.104025 -7.30818 0.963722 -0.0490936 0.262353 4.2258 0 0 0 1 
0.266368 0.101449 -0.958518 104.161 0.0184315 0.993728 0.110298 -7.08699 0.963695 -0.0470467 0.262828 4.79311 0 0 0 1 
0.265922 0.114075 -0.957221 103.085 0.0149098 0.992368 0.122406 -6.96845 0.963879 -0.0468224 0.262192 5.07701 0 0 0 1 
0.261969 0.123653 -0.957122 100.95 0.01395 0.991169 0.13187 -6.71337 0.964975 -0.0478978 0.257931 5.64396 0 0 0 1 
0.259584 0.112868 -0.959102 99.8968 0.0182939 0.992394 0.121738 -6.58728 0.965547 -0.0491468 0.255545 5.92572 0 0 0 1 
0.254586 0.100164 -0.961849 97.7686 0.0211743 0.993806 0.109097 -6.35528 0.966818 -0.0481409 0.250888 6.47971 0 0 0 1 
0.251936 0.102098 -0.962343 96.6924 0.0216897 0.993574 0.11109 -6.24367 0.967501 -0.0488605 0.248102 6.75517 0 0 0 1 
0.249254 0.106513 -0.962563 95.6121 0.0198427 0.993163 0.115038 -6.13159 0.968235 -0.0477734 0.245436 7.023 0 0 0 1 
0.247706 0.113405 -0.962175 94.53 0.0201557 0.992308 0.122145 -6.00924 0.968626 -0.0496494 0.243514 7.29267 0 0 0 1 
0.245258 0.122999 -0.961623 92.396 0.0166944 0.991236 0.131045 -5.76612 0.969314 -0.0481935 0.241055 7.81572 0 0 0 1 
0.243655 0.112328 -0.963335 88.2072 0.018483 0.992552 0.12041 -5.29756 0.969686 -0.0471439 0.239764 8.84356 0 0 0 1 
0.24374 0.119259 -0.96248 87.1506 0.0184667 0.99166 0.127551 -5.17695 0.969665 -0.0488633 0.239505 9.10642 0 0 0 1 
0.248077 0.108195 -0.962679 83.0481 0.0210643 0.992906 0.11702 -4.71279 0.968511 -0.0493082 0.244038 10.1265 0 0 0 1 
0.249883 0.0979886 -0.963305 81.0231 0.0249954 0.993882 0.107583 -4.5007 0.967953 -0.0509612 0.245905 10.6454 0 0 0 1 
0.251368 0.102388 -0.962461 79.9999 0.0283493 0.993184 0.11306 -4.39534 0.967476 -0.0557048 0.246752 10.9111 0 0 0 1 
0.254176 0.10873 -0.961027 77.9795 0.0312015 0.992221 0.120512 -4.18239 0.966654 -0.0606167 0.248807 11.4376 0 0 0 1 
0.254981 0.107805 -0.960918 76.9796 0.0307357 0.99236 0.119488 -4.06926 0.966457 -0.0600016 0.24972 11.6919 0 0 0 1 
0.254496 0.100937 -0.961792 74.0182 0.039074 0.992653 0.114515 -3.75155 0.966284 -0.0667246 0.248682 12.4662 0 0 0 1 
0.253425 0.10344 -0.961809 73.0273 0.0434963 0.992042 0.118152 -3.64484 0.966377 -0.0717779 0.246909 12.7221 0 0 0 1 
0.24999 0.109866 -0.961995 71.0683 0.0455377 0.991108 0.125025 -3.43161 0.967177 -0.0750621 0.242764 13.2204 0 0 0 1 
0.247251 0.108643 -0.962842 70.1103 0.0459313 0.991263 0.123645 -3.32266 0.967862 -0.0747958 0.2401 13.4582 0 0 0 1 
0.24403 0.109817 -0.96353 69.1454 0.0457561 0.991157 0.124555 -3.21013 0.968688 -0.0744824 0.236847 13.6904 0 0 0 1 
0.234765 0.114774 -0.965253 66.3261 0.0389987 0.991093 0.127332 -2.88775 0.97127 -0.0675366 0.228198 14.3425 0 0 0 1 
0.230213 0.111955 -0.966679 64.5177 0.0398377 0.991443 0.124311 -2.68423 0.972324 -0.0671282 0.223783 14.7543 0 0 0 1 
0.228604 0.11263 -0.966982 63.6351 0.0372282 0.991547 0.124292 -2.58624 0.972808 -0.0644127 0.222478 14.9456 0 0 0 1 
0.228304 0.116055 -0.966648 61.1146 0.0327733 0.991391 0.126766 -2.30811 0.973038 -0.0606214 0.222535 15.5089 0 0 0 1 
0.242894 0.121807 -0.962375 58.0873 0.0269569 0.990854 0.132215 -1.96674 0.969678 -0.058057 0.237389 16.2223 0 0 0 1 
0.260564 0.122956 -0.957595 56.7141 0.0215167 0.990871 0.133084 -1.81502 0.965217 -0.0552811 0.25554 16.5835 0 0 0 1 
0.33112 0.115022 -0.936552 54.2447 0.0183794 0.991568 0.128276 -1.52792 0.94341 -0.0596882 0.326214 17.3831 0 0 0 1 
0.381053 0.117496 -0.917057 53.0844 0.00930513 0.991354 0.130882 -1.38991 0.924506 -0.0584064 0.376665 17.8501 0 0 0 1 
0.508491 0.113506 -0.853553 50.93 -0.0184205 0.992481 0.121006 -1.12525 0.86087 -0.0458078 0.506758 18.9965 0 0 0 1 
0.544198 0.112895 -0.831326 50.4239 -0.0279871 0.992796 0.116502 -1.06375 0.83849 -0.0401339 0.543437 19.3316 0 0 0 1 
0.620255 0.115723 -0.775817 49.4673 -0.0514778 0.992931 0.106953 -0.95101 0.782709 -0.0264008 0.621827 20.0732 0 0 0 1 
0.659946 0.119252 -0.741789 49.022 -0.0667317 0.992725 0.100224 -0.897678 0.748344 -0.0166413 0.663102 20.4766 0 0 0 1 
0.700916 0.118834 -0.703275 48.6085 -0.0699035 0.992721 0.0980741 -0.846886 0.70981 -0.0195803 0.704121 20.9222 0 0 0 1 
0.741318 0.120989 -0.660159 48.2222 -0.0764599 0.992438 0.0960274 -0.796125 0.666785 -0.0207111 0.744962 21.3943 0 0 0 1 
0.817936 0.124725 -0.561627 47.537 -0.0868009 0.991796 0.0938419 -0.706762 0.568724 -0.0280069 0.822052 22.416 0 0 0 1 
0.850903 0.122262 -0.510897 47.2486 -0.0890418 0.992034 0.089102 -0.66833 0.517722 -0.030326 0.855012 22.9613 0 0 0 1 
0.904581 0.118475 -0.409507 46.7535 -0.0993342 0.992742 0.0677881 -0.605512 0.414566 -0.0206418 0.909785 24.096 0 0 0 1 
0.925581 0.122031 -0.358342 46.5379 -0.110958 0.992496 0.0513897 -0.574836 0.361924 -0.0078045 0.932175 24.6823 0 0 0 1 
0.96078 0.107991 -0.255419 46.2382 -0.104367 0.994152 0.0277414 -0.527156 0.256921 3.94842e-06 0.966432 25.9379 0 0 0 1 
0.974149 0.102106 -0.201516 46.1399 -0.0996553 0.994772 0.0222958 -0.519431 0.202739 -0.00163729 0.979231 26.5986 0 0 0 1 
0.983763 0.101394 -0.148084 46.0653 -0.099648 0.994838 0.0191794 -0.517511 0.149264 -0.00411173 0.988789 27.2724 0 0 0 1 
0.993946 0.0991649 -0.0472985 46.0127 -0.0988223 0.995059 0.009533 -0.5179 0.0480101 -0.00480115 0.998835 28.6813 0 0 0 1 
0.995196 0.0978999 0.000331646 46.0348 -0.0979003 0.995182 0.00528767 -0.524056 0.000187614 -0.00529474 0.999986 29.4026 0 0 0 1 
0.993683 0.102012 0.0467687 46.081 -0.102106 0.994773 -0.000374032 -0.533361 -0.0465624 -0.0044037 0.998906 30.1374 0 0 0 1 
0.987557 0.0944515 0.125735 46.2837 -0.0925617 0.99549 -0.0208017 -0.571045 -0.127132 0.00890465 0.991846 31.6304 0 0 0 1 
0.983508 0.0916835 0.155905 46.4188 -0.087735 0.995629 -0.0320365 -0.595735 -0.15816 0.0178298 0.987252 32.3696 0 0 0 1 
0.978922 0.0910426 0.182818 46.5711 -0.0856362 0.995629 -0.037269 -0.619587 -0.185412 0.0208276 0.98244 33.1282 0 0 0 1 
0.970667 0.0869634 0.224151 46.9337 -0.0832664 0.99619 -0.0259121 -0.678394 -0.225551 0.00648776 0.97421 34.71 0 0 0 1 
0.961785 0.0690941 0.264946 47.8184 -0.0661933 0.997609 -0.019873 -0.782353 -0.265686 0.00157586 0.964058 37.9431 0 0 0 1 
0.960794 0.0629474 0.270022 48.7583 -0.0589951 0.997999 -0.0227366 -0.891943 -0.270913 0.00591522 0.962586 41.3038 0 0 0 1 
0.961596 0.0567347 0.26854 49.246 -0.0515514 0.998323 -0.0263199 -0.956966 -0.269583 0.0114655 0.962909 43.0168 0 0 0 1 
0.962733 0.0490854 0.265964 49.7435 -0.0397374 0.998392 -0.0404191 -1.02239 -0.26752 0.0283441 0.963135 44.7631 0 0 0 1 
0.965797 0.0235947 0.258223 50.7747 -0.016318 0.999408 -0.0302872 -1.19956 -0.258785 0.0250376 0.96561 48.4103 0 0 0 1 
0.966502 0.0298729 0.254916 51.256 -0.026336 0.999504 -0.0172774 -1.26824 -0.255306 0.00998514 0.966809 50.3105 0 0 0 1 
0.966466 0.0416078 0.253402 51.7313 -0.0397389 0.999132 -0.0124917 -1.31457 -0.253702 0.00200291 0.96728 52.2572 0 0 0 1 
0.966404 0.052904 0.251524 52.7503 -0.0460466 0.998392 -0.0330757 -1.44231 -0.252869 0.0203827 0.967286 56.2746 0 0 0 1 
0.965274 0.0581331 0.25469 53.2737 -0.0540144 0.998272 -0.0231414 -1.5185 -0.255595 0.0085809 0.966746 58.3577 0 0 0 1 
0.963498 0.0648618 0.25974 54.3758 -0.061752 0.997889 -0.0201236 -1.632 -0.260497 0.00334952 0.965469 62.6177 0 0 0 1 
0.963967 0.0655225 0.257825 54.9502 -0.0589344 0.997709 -0.0332071 -1.69725 -0.259411 0.0168158 0.965621 64.7797 0 0 0 1 
0.965186 0.0621614 0.254071 56.1243 -0.0597854 0.998065 -0.0170706 -1.83272 -0.254641 0.00128658 0.967035 69.2924 0 0 0 1 
0.965861 0.062772 0.25134 56.7183 -0.0587318 0.997996 -0.0235514 -1.90184 -0.252315 0.00798569 0.967612 71.5904 0 0 0 1 
0.966078 0.0646661 0.250024 57.8989 -0.0633257 0.997903 -0.0134103 -2.05004 -0.250366 -0.00287754 0.968147 76.2623 0 0 0 1 
0.966129 0.0641271 0.249965 58.1942 -0.0633826 0.997928 -0.0110356 -2.07944 -0.250154 -0.00518162 0.968192 77.4289 0 0 0 1 
0.966194 0.0637026 0.249821 58.4876 -0.0627908 0.997959 -0.0116262 -2.11034 -0.250052 -0.00445332 0.968222 78.5882 0 0 0 1 
0.966416 0.0619092 0.249415 58.784 -0.0597469 0.998081 -0.0162382 -2.14369 -0.249942 0.00079103 0.96826 79.743 0 0 0 1 
0.966642 0.062939 0.248278 59.0709 -0.0595954 0.998002 -0.0209679 -2.17512 -0.249102 0.00547216 0.968462 80.8698 0 0 0 1 
0.966903 0.0628764 0.247277 59.3573 -0.0595908 0.998007 -0.0207561 -2.21295 -0.248089 0.00533366 0.968723 82.0072 0 0 0 1 
0.967896 0.0634005 0.243224 60.1943 -0.0584029 0.997908 -0.0277106 -2.34058 -0.244472 0.012616 0.969574 85.3709 0 0 0 1 
0.968092 0.0609846 0.243061 60.7584 -0.0601127 0.998131 -0.0110099 -2.42381 -0.243278 -0.0039525 0.969949 87.6589 0 0 0 1 
0.967569 0.0658589 0.243872 61.3088 -0.0635739 0.997828 -0.0172375 -2.48543 -0.244478 0.0011746 0.969654 89.9076 0 0 0 1 
0.966608 0.0725394 0.245777 61.8474 -0.0691325 0.997354 -0.0224734 -2.55822 -0.246757 0.00473183 0.969066 92.1167 0 0 0 1 
0.966151 0.0742539 0.247059 62.1212 -0.0716224 0.997239 -0.0196339 -2.59799 -0.247834 0.00127438 0.968802 93.231 0 0 0 1 
0.965752 0.0757892 0.24815 62.3994 -0.0735443 0.997124 -0.018318 -2.63493 -0.248824 -0.000559355 0.968548 94.3545 0 0 0 1 
0.96525 0.0805944 0.24859 63.2288 -0.0777256 0.996746 -0.0213505 -2.74238 -0.249502 0.00128675 0.968374 97.6731 0 0 0 1 
0.964701 0.0843423 0.249476 64.0556 -0.0824988 0.996431 -0.017856 -2.85716 -0.250092 -0.00335572 0.968216 100.99 0 0 0 1 
0.964421 0.0852072 0.250263 64.3273 -0.0845216 0.99633 -0.0135064 -2.89125 -0.250495 -0.00812674 0.968084 102.08 0 0 0 1 
0.965806 0.0777446 0.247333 65.1659 -0.0760683 0.996969 -0.0163412 -2.98788 -0.247854 -0.00303175 0.968793 105.355 0 0 0 1 
0.966234 0.078177 0.24552 65.4373 -0.0762912 0.996937 -0.0171975 -3.02069 -0.246112 -0.00211414 0.969239 106.437 0 0 0 1 
0.967901 0.0788332 0.238649 66.2301 -0.0790453 0.996833 -0.00869695 -3.11546 -0.238579 -0.0104463 0.971067 109.706 0 0 0 1 
0.968191 0.0812606 0.236648 66.4813 -0.083252 0.996527 -0.00158253 -3.14137 -0.235955 -0.0181693 0.971594 110.797 0 0 0 1 
0.968901 0.0817303 0.23356 66.7322 -0.0837691 0.996484 -0.00119457 -3.1602 -0.232836 -0.0184077 0.972342 111.875 0 0 0 1 
0.970913 0.0781533 0.226317 67.2322 -0.077084 0.996932 -0.0135721 -3.20925 -0.226683 -0.00426806 0.973959 114.012 0 0 0 1 
0.971891 0.0769908 0.222487 67.4771 -0.0743538 0.997027 -0.0202172 -3.23686 -0.223382 0.00310618 0.974726 115.082 0 0 0 1 
0.972897 0.0738797 0.219121 67.7208 -0.0714828 0.997264 -0.0188581 -3.26842 -0.219915 0.00268363 0.975515 116.161 0 0 0 1 
0.973949 0.0720956 0.215002 67.9577 -0.0703747 0.997398 -0.0156584 -3.30501 -0.215571 0.000119737 0.976488 117.243 0 0 0 1 
0.974973 0.0744271 0.209497 68.18 -0.0719284 0.997219 -0.0195321 -3.34036 -0.210368 0.00397445 0.977614 118.307 0 0 0 1 
0.976069 0.074523 0.204292 68.396 -0.0710316 0.997176 -0.0243805 -3.37203 -0.205532 0.0092858 0.978606 119.356 0 0 0 1 
0.978462 0.0791101 0.190665 69.0034 -0.0783281 0.99686 -0.0116468 -3.47523 -0.190987 -0.00353848 0.981586 122.523 0 0 0 1 
0.979809 0.0829018 0.181939 69.3901 -0.0824272 0.996545 -0.0101819 -3.52275 -0.182155 -0.00502048 0.983257 124.666 0 0 0 1 
0.977525 0.112925 0.178027 69.8922 -0.113393 0.993521 -0.00757704 -3.58877 -0.177729 -0.0127803 0.983996 127.835 0 0 0 1 
0.976703 0.119254 0.178412 70.0659 -0.118983 0.992821 -0.012257 -3.61283 -0.178592 -0.0092565 0.98388 128.896 0 0 0 1 
0.973669 0.122229 0.192427 70.8475 -0.12228 0.992427 -0.0116597 -3.72331 -0.192395 -0.0121773 0.981242 133.177 0 0 0 1 
0.972393 0.122231 0.198777 71.073 -0.123136 0.992359 -0.00784781 -3.7464 -0.198217 -0.0168455 0.980013 134.263 0 0 0 1 
0.966611 0.135879 0.217257 71.7391 -0.137481 0.990474 -0.00779557 -3.80639 -0.216247 -0.0223335 0.976083 137.51 0 0 0 1 
0.964777 0.141179 0.221977 71.9839 -0.141069 0.989863 -0.01643 -3.82944 -0.222046 -0.0154629 0.974913 138.586 0 0 0 1 
0.963397 0.142852 0.226846 72.2327 -0.141702 0.989677 -0.0214336 -3.86016 -0.227566 -0.0114954 0.973695 139.647 0 0 0 1 
0.963008 0.136894 0.232112 72.5044 -0.1361 0.990503 -0.0195078 -3.89441 -0.232578 -0.0128044 0.972493 140.729 0 0 0 1 
0.962624 0.122016 0.241798 73.3301 -0.120899 0.992473 -0.0195111 -3.99762 -0.242359 -0.0104513 0.97013 143.993 0 0 0 1 
0.961534 0.123805 0.245205 73.6085 -0.122769 0.992242 -0.0195663 -4.02824 -0.245725 -0.0112899 0.969274 145.075 0 0 0 1 
0.960464 0.124015 0.249257 73.8876 -0.123588 0.992181 -0.0174254 -4.06543 -0.249469 -0.0140687 0.968281 146.154 0 0 0 1 
0.959027 0.128695 0.252399 74.1649 -0.127819 0.991597 -0.0199348 -4.10331 -0.252843 -0.0131434 0.967418 147.233 0 0 0 1 
0.957319 0.12776 0.259263 75.3046 -0.129881 0.991489 -0.00900545 -4.23606 -0.258207 -0.0250522 0.965765 151.614 0 0 0 1 
0.956849 0.131805 0.258974 75.5924 -0.13248 0.991073 -0.014925 -4.26806 -0.258629 -0.0200279 0.965769 152.691 0 0 0 1 
0.957592 0.123571 0.260282 76.7496 -0.124009 0.992171 -0.014806 -4.41614 -0.260074 -0.0180991 0.965419 157.035 0 0 0 1 
0.958158 0.120332 0.259717 77.0514 -0.120156 0.992616 -0.0166138 -4.4497 -0.259798 -0.0152879 0.965542 158.111 0 0 0 1 
0.95834 0.119397 0.259477 77.3485 -0.119263 0.992729 -0.0163188 -4.48036 -0.259538 -0.0153069 0.965612 159.186 0 0 0 1 
0.958378 0.117592 0.260162 77.6389 -0.118566 0.992874 -0.012004 -4.51409 -0.25972 -0.0193419 0.96549 160.244 0 0 0 1 
0.958324 0.115833 0.261147 77.9238 -0.11755 0.993025 -0.00908865 -4.54721 -0.260379 -0.0219881 0.965256 161.278 0 0 0 1 
0.958881 0.108024 0.262445 78.7566 -0.107293 0.994079 -0.0171592 -4.64318 -0.262745 -0.011705 0.964794 164.327 0 0 0 1 
0.958201 0.105172 0.266064 79.2989 -0.104056 0.994403 -0.0183273 -4.71585 -0.266502 -0.0101244 0.963781 166.28 0 0 0 1 
0.953046 0.118514 0.278672 80.0839 -0.118232 0.992825 -0.017882 -4.81694 -0.278792 -0.0159056 0.96022 169.153 0 0 0 1 
0.946868 0.115682 0.300098 81.1564 -0.115841 0.993117 -0.0173279 -4.95795 -0.300037 -0.0183563 0.953751 172.712 0 0 0 1 
0.946044 0.108892 0.305193 81.4427 -0.111279 0.993743 -0.00961975 -4.99176 -0.304331 -0.0248608 0.952242 173.558 0 0 0 1 
0.944647 0.107137 0.310103 81.9742 -0.108643 0.994003 -0.0124629 -5.05284 -0.309578 -0.0219175 0.950621 175.168 0 0 0 1 
0.944835 0.105923 0.309948 82.476 -0.104682 0.994291 -0.0206847 -5.10276 -0.31037 -0.0129024 0.950528 176.673 0 0 0 1 
0.945516 0.103118 0.308815 82.9611 -0.0988378 0.994666 -0.029517 -5.17682 -0.310212 -0.00261387 0.950664 178.124 0 0 0 1 
0.951773 0.0885314 0.293753 84.117 -0.0872825 0.996032 -0.0173853 -5.33615 -0.294126 -0.00909259 0.955723 181.75 0 0 0 1 
0.965124 0.0862354 0.247184 84.887 -0.0837319 0.996274 -0.0206427 -5.43121 -0.248043 -0.00077445 0.968749 184.594 0 0 0 1 
0.971822 0.0906471 0.21759 85.2112 -0.0893923 0.995874 -0.0156242 -5.46965 -0.218108 -0.00426686 0.975915 186.077 0 0 0 1 
0.979657 0.10965 0.168076 85.7418 -0.10891 0.993958 -0.0136465 -5.52835 -0.168557 -0.00493623 0.98568 189.22 0 0 0 1 
0.979738 0.118474 0.161485 85.8674 -0.117476 0.992951 -0.01575 -5.54555 -0.162212 -0.00353972 0.98675 190.047 0 0 0 1 
0.979544 0.125424 0.157364 85.9932 -0.12416 0.992101 -0.0178772 -5.56472 -0.158363 -0.00202677 0.987379 190.882 0 0 0 1 
0.980143 0.122108 0.156233 86.1411 -0.120887 0.992515 -0.0173275 -5.5799 -0.15718 -0.00190308 0.987568 191.745 0 0 0 1 
0.976924 0.130224 0.169296 86.5662 -0.131884 0.991264 -0.00145014 -5.6238 -0.168006 -0.0209107 0.985564 194.423 0 0 0 1 
0.976585 0.124955 0.175124 86.7478 -0.125761 0.992039 -0.00653433 -5.64108 -0.174547 -0.0156424 0.984525 195.323 0 0 0 1 
0.975351 0.123546 0.182831 86.9317 -0.122835 0.99231 -0.015249 -5.65443 -0.183309 -0.00758505 0.983026 196.218 0 0 0 1 
0.971031 0.127965 0.201801 87.3185 -0.126847 0.991749 -0.0185186 -5.69034 -0.202506 -0.00761573 0.979251 198.134 0 0 0 1 
0.960673 0.130018 0.245362 88.2615 -0.126636 0.991508 -0.02958 -5.80074 -0.247124 -0.00265495 0.96898 202.124 0 0 0 1 
0.959144 0.128086 0.252264 88.5456 -0.122777 0.991754 -0.03674 -5.83566 -0.25489 0.00426664 0.966961 203.147 0 0 0 1 
0.957816 0.126103 0.258236 88.8387 -0.12066 0.992008 -0.0368853 -5.87851 -0.260824 0.00417066 0.965377 204.192 0 0 0 1 
0.956861 0.121979 0.263701 89.1424 -0.117796 0.992532 -0.03168 -5.92524 -0.265596 -0.000749564 0.964084 205.257 0 0 0 1 
0.956146 0.116568 0.268695 89.459 -0.113681 0.993168 -0.0263355 -5.9671 -0.269929 -0.00536501 0.962865 206.334 0 0 0 1 
0.955211 0.11322 0.273409 89.7813 -0.111158 0.993535 -0.0230762 -6.0066 -0.274254 -0.00834891 0.961621 207.424 0 0 0 1 
0.954535 0.112472 0.276068 90.1053 -0.110088 0.993628 -0.0241688 -6.04382 -0.277027 -0.00732191 0.960834 208.516 0 0 0 1 
0.9547 0.111274 0.275983 90.4369 -0.108294 0.993777 -0.0260655 -6.07858 -0.277166 -0.00500244 0.960809 209.63 0 0 0 1 
0.956883 0.105224 0.270744 91.4202 -0.103834 0.994404 -0.0194938 -6.17906 -0.27128 -0.00945922 0.962454 213.071 0 0 0 1 
0.95766 0.107554 0.267059 91.7513 -0.105837 0.994165 -0.0208577 -6.21169 -0.267744 -0.00829017 0.963454 214.254 0 0 0 1 
0.963289 0.0951126 0.251055 93.0368 -0.0933066 0.995454 -0.0191155 -6.35163 -0.251732 -0.0050113 0.967784 219.027 0 0 0 1 
0.964838 0.0933362 0.245714 93.355 -0.0900468 0.995633 -0.0246142 -6.3908 -0.246938 0.00162304 0.96903 220.214 0 0 0 1 
0.965873 0.0931128 0.2417 93.6656 -0.0903524 0.995656 -0.0225044 -6.43483 -0.242746 -0.000101767 0.97009 221.421 0 0 0 1 
0.966495 0.0932863 0.239135 93.9671 -0.0923592 0.995611 -0.015105 -6.47566 -0.239494 -0.00748739 0.970869 222.623 0 0 0 1 
0.966835 0.0949354 0.237102 94.265 -0.0958847 0.995364 -0.00755186 -6.50924 -0.236719 -0.015433 0.971455 223.834 0 0 0 1 
0.967855 0.0998878 0.230822 95.1172 -0.100087 0.994919 -0.0108775 -6.5882 -0.230736 -0.0125744 0.972935 227.44 0 0 0 1 
0.968472 0.0997512 0.228279 95.4042 -0.100223 0.994919 -0.00955439 -6.6215 -0.228072 -0.0136256 0.973549 228.633 0 0 0 1 
0.968863 0.102519 0.225376 95.6826 -0.102284 0.994674 -0.0127472 -6.65461 -0.225483 -0.0107022 0.974188 229.812 0 0 0 1 
0.968914 0.104033 0.224459 96.497 -0.103565 0.994526 -0.0138883 -6.7572 -0.224676 -0.0097896 0.974384 233.381 0 0 0 1 
0.969335 0.0981081 0.22531 97.3178 -0.100515 0.994935 -0.000792243 -6.83456 -0.224246 -0.0218791 0.974287 236.934 0 0 0 1 
0.969413 0.0998265 0.224218 97.5947 -0.10105 0.994863 -0.00604021 -6.85665 -0.223669 -0.0168018 0.97452 238.103 0 0 0 1 
0.968687 0.108466 0.223339 98.3801 -0.107134 0.99408 -0.0181071 -6.94841 -0.223981 -0.00638716 0.974573 241.606 0 0 0 1 
0.969045 0.106759 0.22261 98.656 -0.10481 0.994279 -0.020584 -6.98601 -0.223534 -0.0033851 0.97469 242.763 0 0 0 1 
0.969559 0.101527 0.222816 98.9348 -0.100054 0.994821 -0.0179191 -7.02427 -0.223481 -0.00491991 0.974696 243.916 0 0 0 1 
0.97007 0.0976144 0.222342 99.2096 -0.0977499 0.995156 -0.0104228 -7.06335 -0.222282 -0.011623 0.974913 245.07 0 0 0 1 
0.970627 0.0929415 0.221913 99.4837 -0.0940049 0.995555 -0.00578902 -7.09729 -0.221465 -0.0152419 0.975049 246.208 0 0 0 1 
0.970516 0.0961768 0.221016 99.9861 -0.0959176 0.995318 -0.0119311 -7.15794 -0.221128 -0.00961999 0.975197 248.421 0 0 0 1 
0.970543 0.102194 0.218179 100.226 -0.101483 0.994732 -0.014493 -7.18781 -0.218511 -0.00807538 0.975801 249.502 0 0 0 1 
0.971342 0.103191 0.214119 100.46 -0.102681 0.994622 -0.0135319 -7.22115 -0.214364 -0.00884193 0.976714 250.562 0 0 0 1 
0.972629 0.10223 0.208666 100.691 -0.102156 0.994706 -0.011164 -7.25278 -0.208703 -0.0104581 0.977923 251.606 0 0 0 1 
0.975221 0.10093 0.19687 101.112 -0.101364 0.994818 -0.00789935 -7.31228 -0.196647 -0.0122519 0.980398 253.672 0 0 0 1 
0.980386 0.101053 0.16921 101.815 -0.10326 0.994645 0.0042722 -7.3844 -0.167872 -0.021661 0.985571 257.611 0 0 0 1 
0.981641 0.101969 0.16119 101.974 -0.103736 0.994602 0.00256288 -7.39841 -0.160059 -0.0192371 0.98692 258.541 0 0 0 1 
0.983735 0.104749 0.145918 102.251 -0.105509 0.994415 -0.00254547 -7.42821 -0.14537 -0.0128916 0.989293 260.382 0 0 0 1 
0.986052 0.107776 0.12683 102.479 -0.108164 0.994126 -0.00384924 -7.46261 -0.1265 -0.00992288 0.991917 262.157 0 0 0 1 
0.989105 0.114796 0.0921595 102.787 -0.11604 0.99321 0.00824399 -7.51494 -0.0905874 -0.0188484 0.99571 265.464 0 0 0 1 
0.98747 0.131797 0.0867853 102.887 -0.133491 0.990951 0.0139824 -7.52007 -0.0841571 -0.0253922 0.996129 266.963 0 0 0 1 
0.984333 0.142741 0.103508 103.01 -0.145137 0.989283 0.0159629 -7.53121 -0.10012 -0.0307357 0.994501 268.333 0 0 0 1 
0.978676 0.149947 0.140391 103.193 -0.152372 0.988301 0.00661825 -7.55124 -0.137757 -0.0278688 0.990074 269.598 0 0 0 1 
0.966279 0.156538 0.20445 103.455 -0.159585 0.987183 -0.0016067 -7.57562 -0.202081 -0.0310746 0.978876 270.774 0 0 0 1 
0.943092 0.152855 0.295318 103.837 -0.155807 0.987693 -0.0136563 -7.62573 -0.293771 -0.0331336 0.955301 271.841 0 0 0 1 
0.925427 0.153769 0.346323 104.073 -0.155592 0.98756 -0.0227173 -7.65914 -0.345508 -0.0328618 0.93784 272.341 0 0 0 1 
0.875491 0.151093 0.459006 104.621 -0.148352 0.988031 -0.0422724 -7.72652 -0.459899 -0.0310855 0.887427 273.271 0 0 0 1 
0.844799 0.140461 0.516319 104.956 -0.133228 0.989758 -0.0512701 -7.76932 -0.518232 -0.0254751 0.85486 273.683 0 0 0 1 
0.807812 0.133987 0.57401 105.311 -0.12155 0.990758 -0.0602063 -7.81641 -0.576772 -0.0211356 0.816632 274.068 0 0 0 1 
0.716762 0.129584 0.685172 106.066 -0.105649 0.991419 -0.0769835 -7.92186 -0.689269 -0.0172089 0.724302 274.772 0 0 0 1 
0.615567 0.115644 0.779554 106.928 -0.0855993 0.993134 -0.0797346 -8.04172 -0.783422 -0.0176474 0.621239 275.356 0 0 0 1 
0.561103 0.108044 0.820664 107.398 -0.0739759 0.994023 -0.0802883 -8.09841 -0.824434 -0.0156594 0.565742 275.597 0 0 0 1 
0.50497 0.101306 0.857171 107.881 -0.0632516 0.994761 -0.0803047 -8.15434 -0.860816 -0.013666 0.508732 275.805 0 0 0 1 
0.387183 0.0976711 0.916815 108.847 -0.0417855 0.99521 -0.0883762 -8.27045 -0.921056 -0.00409185 0.389409 276.112 0 0 0 1 
0.326691 0.0962071 0.940222 109.352 -0.0323518 0.995361 -0.0906082 -8.33185 -0.944577 -0.000817004 0.328288 276.221 0 0 0 1 
0.266103 0.0931681 0.959431 109.869 -0.0285805 0.995643 -0.0887576 -8.38923 -0.963521 -0.0038023 0.267607 276.31 0 0 0 1 
0.142504 0.0932486 0.985392 110.924 -0.026382 0.995556 -0.0903952 -8.49468 -0.989443 -0.0131149 0.144331 276.411 0 0 0 1 
0.0862872 0.0962024 0.991615 111.448 -0.013935 0.995346 -0.0953518 -8.5522 -0.996173 -0.0055905 0.0872262 276.394 0 0 0 1 
0.0356086 0.0968626 0.994661 111.972 0.00228955 0.995281 -0.097005 -8.61817 -0.999363 0.00573153 0.0352188 276.352 0 0 0 1 
-0.0108818 0.0990391 0.995024 112.53 0.00869078 0.995055 -0.0989471 -8.68682 -0.999903 0.00757081 -0.0116887 276.309 0 0 0 1 
-0.149173 0.1092 0.982763 115.06 0.0155138 0.994019 -0.108096 -8.95215 -0.988689 -0.000878649 -0.149975 275.956 0 0 0 1 
-0.18674 0.110646 0.976159 117.745 0.0297737 0.993818 -0.106952 -9.2663 -0.981958 0.00909174 -0.18888 275.416 0 0 0 1 
-0.175608 0.107155 0.978611 120.86 0.0277966 0.994202 -0.103874 -9.62434 -0.984068 0.00896106 -0.177568 274.86 0 0 0 1 
-0.1635 0.110897 0.98029 124.25 0.0257758 0.993803 -0.108127 -10.0096 -0.986206 0.00758897 -0.165346 274.298 0 0 0 1 
-0.157055 0.120668 0.98019 126.085 0.0239331 0.992681 -0.118371 -10.2202 -0.9873 0.00486822 -0.158793 274.014 0 0 0 1 
-0.149126 0.105691 0.983154 130.052 0.0162532 0.994399 -0.104434 -10.693 -0.988685 0.000405617 -0.150008 273.436 0 0 0 1 
-0.146236 0.105485 0.98361 130.985 0.0152895 0.994421 -0.104371 -10.798 -0.989132 -0.000223938 -0.147033 273.31 0 0 0 1 
-0.141902 0.100813 0.984734 133.11 0.0170797 0.994902 -0.0993925 -11.0318 -0.989733 0.00271499 -0.1429 273.01 0 0 0 1 
-0.140331 0.120914 0.982694 137.528 0.0145195 0.99266 -0.120067 -11.5363 -0.989998 -0.00258078 -0.141056 272.403 0 0 0 1 
-0.14075 0.123389 0.982326 138.677 0.012297 0.992345 -0.122886 -11.678 -0.989969 -0.00521655 -0.14119 272.251 0 0 0 1 
-0.142225 0.118214 0.98275 139.858 0.00917788 0.992958 -0.118113 -11.8293 -0.989792 -0.00777908 -0.142308 272.092 0 0 0 1 
-0.143906 0.109738 0.983488 141.062 0.00589263 0.99391 -0.110038 -11.9838 -0.989574 -0.0100399 -0.143676 271.931 0 0 0 1 
-0.14554 0.104021 0.983869 142.27 0.00688661 0.99454 -0.10413 -12.129 -0.989328 -0.00837956 -0.145461 271.758 0 0 0 1 
-0.148217 0.103485 0.983526 144.679 0.0118781 0.994625 -0.102863 -12.4124 -0.988883 -0.00356359 -0.14865 271.388 0 0 0 1 
-0.147721 0.106897 0.983235 145.885 0.0165953 0.99427 -0.105604 -12.5494 -0.98889 0.000717161 -0.148649 271.206 0 0 0 1 
-0.1463 0.106911 0.983446 147.107 0.0172836 0.994267 -0.105516 -12.6932 -0.989089 0.00156054 -0.147309 271.029 0 0 0 1 
-0.144982 0.105882 0.983753 148.331 0.0135464 0.994377 -0.105029 -12.8345 -0.989341 -0.00190101 -0.145602 270.865 0 0 0 1 
-0.143283 0.105248 0.98407 149.488 0.0104346 0.994435 -0.104837 -12.9707 -0.989627 -0.00475301 -0.143584 270.717 0 0 0 1 
-0.140834 0.106251 0.984315 154.359 0.00300595 0.994266 -0.106895 -13.5393 -0.990029 -0.0120956 -0.140346 270.069 0 0 0 1 
-0.138104 0.109324 0.984366 156.759 0.0026364 0.993926 -0.110016 -13.8323 -0.990414 -0.0125985 -0.137553 269.751 0 0 0 1 
-0.136307 0.0965724 0.985948 161.661 0.00784258 0.995311 -0.0964052 -14.4238 -0.990636 -0.00540833 -0.136425 269.089 0 0 0 1 
-0.141229 0.1023 0.984677 166.551 0.0088735 0.994737 -0.102072 -14.9759 -0.989937 -0.00567807 -0.141394 268.426 0 0 0 1 
-0.141223 0.100129 0.984901 170.167 0.0173035 0.99497 -0.0986716 -15.3943 -0.989827 0.00310763 -0.142245 267.913 0 0 0 1 
-0.138654 0.105688 0.984685 172.536 0.0151495 0.994399 -0.104597 -15.6747 -0.990225 0.000414655 -0.139479 267.596 0 0 0 1 
-0.135772 0.113963 0.984164 177.234 0.0071514 0.993449 -0.114052 -16.2747 -0.990714 -0.00844691 -0.135698 266.991 0 0 0 1 
-0.132403 0.0978806 0.986351 180.753 0.0115737 0.995197 -0.0972048 -16.7055 -0.991128 -0.00145441 -0.1329 266.529 0 0 0 1 
-0.130068 0.106003 0.985822 183.069 0.0139809 0.994366 -0.105077 -16.9789 -0.991406 0.000115441 -0.130817 266.228 0 0 0 1 
-0.128191 0.109979 0.985633 184.222 0.0114354 0.99393 -0.109418 -17.1214 -0.991684 -0.00275527 -0.128671 266.093 0 0 0 1 
-0.126028 0.114171 0.985435 185.379 0.00950742 0.993449 -0.113884 -17.2659 -0.991981 -0.00498361 -0.126288 265.96 0 0 0 1 
-0.124186 0.116941 0.985344 186.525 0.00746477 0.993113 -0.116922 -17.4149 -0.992231 -0.00716472 -0.124204 265.83 0 0 0 1 
-0.121897 0.116709 0.985657 187.67 0.00351988 0.993107 -0.117156 -17.566 -0.992537 -0.0108116 -0.121467 265.71 0 0 0 1 
-0.118131 0.113787 0.986457 188.825 0.000644469 0.993422 -0.114513 -17.7121 -0.992998 -0.0128918 -0.117427 265.59 0 0 0 1 
-0.106327 0.101162 0.989172 191.135 0.00109958 0.994823 -0.101622 -18.0015 -0.994331 -0.00971749 -0.105888 265.357 0 0 0 1 
-0.0975569 0.0983483 0.990359 192.282 8.04791e-05 0.995106 -0.0988118 -18.1351 -0.99523 -0.00956007 -0.0970874 265.256 0 0 0 1 
-0.0872778 0.0956266 0.991584 193.431 0.00390545 0.995407 -0.0956515 -18.2655 -0.996176 -0.00447567 -0.0872504 265.16 0 0 0 1 
-0.0756756 0.0945316 0.992641 194.589 0.00432833 0.995518 -0.0944756 -18.3949 -0.997123 -0.00285302 -0.0757456 265.079 0 0 0 1 
-0.0643117 0.096087 0.993293 195.752 2.96311e-05 0.995354 -0.0962845 -18.5312 -0.99793 -0.00616278 -0.0640157 265.024 0 0 0 1 
-0.0527784 0.100116 0.993575 196.887 -0.00447803 0.994928 -0.10049 -18.6582 -0.998596 -0.00975296 -0.0520624 264.983 0 0 0 1 
-0.0410322 0.103866 0.993745 198.01 -0.00737803 0.994524 -0.104252 -18.7871 -0.999131 -0.0116096 -0.0400412 264.954 0 0 0 1 
-0.00226884 0.0943777 0.995534 202.408 -0.0180743 0.99537 -0.0944033 -19.2859 -0.999834 -0.0182078 -0.000552524 264.94 0 0 0 1 
0.00675914 0.101881 0.994774 203.483 -0.0200501 0.99461 -0.101728 -19.4036 -0.999776 -0.0192577 0.00876544 264.964 0 0 0 1 
0.02291 0.102545 0.994464 205.668 -0.0209362 0.994557 -0.102072 -19.6521 -0.999518 -0.0184819 0.0249322 265.03 0 0 0 1 
0.0589687 0.0966277 0.993572 210.013 -0.0244942 0.995145 -0.0953269 -20.1279 -0.997959 -0.0187155 0.0610492 265.271 0 0 0 1 
0.0703199 0.102193 0.992276 211.106 -0.0237535 0.994628 -0.100752 -20.2418 -0.997242 -0.0164852 0.0723696 265.357 0 0 0 1 
0.0814558 0.0978005 0.991867 212.214 -0.0220736 0.995107 -0.0963072 -20.3598 -0.996432 -0.0140493 0.083216 265.456 0 0 0 1 
0.0936182 0.0896341 0.991565 213.316 -0.0198242 0.995909 -0.0881551 -20.4838 -0.995411 -0.0114041 0.0950122 265.569 0 0 0 1 
0.120749 0.0877815 0.988794 215.477 -0.0137276 0.996135 -0.0867568 -20.7071 -0.992588 -0.003098 0.121487 265.82 0 0 0 1 
0.133457 0.094908 0.9865 216.544 -0.0106628 0.995484 -0.0943298 -20.8218 -0.990997 0.00207014 0.133867 265.965 0 0 0 1 
0.14532 0.101858 0.984128 217.593 -0.0066607 0.994765 -0.101975 -20.9361 -0.989362 0.00826401 0.145237 266.116 0 0 0 1 
0.155668 0.104454 0.982271 218.641 -0.0082856 0.994497 -0.104441 -21.0544 -0.987775 0.0081194 0.155677 266.289 0 0 0 1 
0.172402 0.0978855 0.980151 220.714 -0.014274 0.995194 -0.0968771 -21.2975 -0.984923 0.0027112 0.172971 266.67 0 0 0 1 
0.181052 0.0910246 0.979252 221.76 -0.013163 0.995843 -0.0901331 -21.4093 -0.983385 0.00342895 0.181498 266.865 0 0 0 1 
0.202961 0.0914186 0.97491 224.804 -0.0204178 0.995811 -0.0891279 -21.7363 -0.978974 -0.00181604 0.203977 267.505 0 0 0 1 
0.212419 0.0968747 0.972365 225.814 -0.0180104 0.995293 -0.0952245 -21.8404 -0.977013 0.0027148 0.213164 267.726 0 0 0 1 
0.235352 0.0903181 0.967704 228.834 -0.023857 0.99591 -0.0871484 -22.1696 -0.971617 -0.0025759 0.236544 268.467 0 0 0 1 
0.244282 0.0929825 0.965236 229.839 -0.021674 0.995667 -0.0904287 -22.2831 -0.969462 0.00116955 0.245239 268.722 0 0 0 1 
0.268504 0.105779 0.957453 232.784 -0.0256373 0.994385 -0.10267 -22.6122 -0.962937 0.0030209 0.269709 269.545 0 0 0 1 
0.278739 0.103213 0.954805 233.771 -0.0289311 0.994659 -0.0990748 -22.7341 -0.959931 -7.56294e-06 0.280236 269.847 0 0 0 1 
0.288897 0.102921 0.951812 234.747 -0.0322262 0.994687 -0.0977755 -22.8511 -0.956818 -0.00242628 0.290678 270.155 0 0 0 1 
0.299267 0.104006 0.948484 235.716 -0.0362016 0.994564 -0.097636 -22.966 -0.953482 -0.00511738 0.301405 270.474 0 0 0 1 
0.309098 0.104839 0.945234 236.676 -0.0381385 0.994472 -0.097829 -23.078 -0.950265 -0.00581112 0.311387 270.799 0 0 0 1 
0.319063 0.103434 0.942072 237.633 -0.039517 0.994614 -0.0958195 -23.1887 -0.946909 -0.00665545 0.321431 271.132 0 0 0 1 
0.328714 0.102555 0.938845 238.57 -0.0425945 0.994685 -0.0937413 -23.2974 -0.943469 -0.00917552 0.331335 271.472 0 0 0 1 
0.338366 0.10286 0.935376 239.478 -0.0452866 0.994636 -0.0929946 -23.4027 -0.939924 -0.0108938 0.341209 271.813 0 0 0 1 
0.366338 0.115865 0.92324 242.165 -0.0489715 0.993243 -0.105219 -23.7239 -0.929192 -0.00666678 0.369536 272.881 0 0 0 1 
0.384202 0.102844 0.917503 243.936 -0.0511595 0.994621 -0.0900657 -23.9364 -0.921831 -0.0123356 0.387397 273.634 0 0 0 1 
0.4199 0.0922184 0.902873 247.317 -0.0464739 0.995704 -0.0800863 -24.3084 -0.90638 -0.00833182 0.422382 275.178 0 0 0 1 
0.436161 0.0979763 0.894519 248.879 -0.0506915 0.995152 -0.0842818 -24.4922 -0.89844 -0.00858405 0.439013 275.955 0 0 0 1 
0.455372 0.0975714 0.884938 251.767 -0.059817 0.995084 -0.0789351 -24.8279 -0.888289 -0.0169895 0.45897 277.473 0 0 0 1 
0.45687 0.10295 0.883556 253.077 -0.0648987 0.994491 -0.0823186 -24.9808 -0.887163 -0.0197328 0.461034 278.169 0 0 0 1 
0.450687 0.109258 0.885971 254.29 -0.0686736 0.993784 -0.0876194 -25.1241 -0.890036 -0.0213538 0.455389 278.804 0 0 0 1 
0.41 0.0911284 0.907522 256.456 -0.0655974 0.995366 -0.0703137 -25.3711 -0.909724 -0.0307024 0.414078 279.835 0 0 0 1 
0.38421 0.0835046 0.919462 257.405 -0.0547072 0.996211 -0.0676147 -25.4787 -0.921623 -0.0243229 0.387323 280.208 0 0 0 1 
0.352257 0.0888064 0.93168 258.296 -0.044504 0.995951 -0.0781062 -25.579 -0.934845 -0.01395 0.354783 280.518 0 0 0 1 
0.309386 0.102028 0.945447 259.178 -0.0443912 0.994693 -0.0928157 -25.672 -0.9499 -0.0132536 0.312273 280.796 0 0 0 1 
0.251195 0.102975 0.962443 260.074 -0.0433813 0.994523 -0.0950853 -25.7617 -0.966964 -0.0178671 0.254286 281.012 0 0 0 1 
0.181869 0.098939 0.978333 260.968 -0.0321613 0.994991 -0.094645 -25.8566 -0.982797 -0.0142515 0.184141 281.136 0 0 0 1 
0.0227073 0.0993156 0.994797 262.696 -0.015491 0.994969 -0.0989792 -26.0764 -0.999622 -0.0131629 0.0241316 281.163 0 0 0 1 
-0.166914 0.110667 0.979741 264.47 0.0023988 0.993724 -0.111837 -26.2822 -0.985969 -0.016317 -0.166132 280.855 0 0 0 1 
-0.216473 0.109041 0.97018 264.947 0.0075112 0.9939 -0.110031 -26.3385 -0.97626 -0.0165315 -0.215972 280.715 0 0 0 1 
-0.266476 0.103534 0.958265 265.433 0.00954702 0.994449 -0.104789 -26.3982 -0.963794 -0.0187751 -0.265985 280.554 0 0 0 1 
-0.367741 0.0921519 0.925351 266.392 0.0115233 0.995453 -0.0945536 -26.5189 -0.929857 -0.0241081 -0.36713 280.146 0 0 0 1 
-0.417935 0.0885281 0.904153 266.876 0.0144112 0.995762 -0.0908363 -26.5795 -0.908363 -0.0249337 -0.41744 279.89 0 0 0 1 
-0.468735 0.0860328 0.879139 267.36 0.0178897 0.995966 -0.0879271 -26.6402 -0.883158 -0.025487 -0.468383 279.602 0 0 0 1 
-0.569754 0.0826052 0.817653 268.331 0.0229339 0.996146 -0.0846571 -26.7565 -0.821495 -0.0294818 -0.569452 278.895 0 0 0 1 
-0.617292 0.0812445 0.782528 268.834 0.0250739 0.99618 -0.0836471 -26.8106 -0.786335 -0.0320136 -0.616971 278.475 0 0 0 1 
-0.66009 0.0799642 0.746918 269.335 0.0282399 0.996257 -0.0817011 -26.8653 -0.750656 -0.0328371 -0.659877 278.006 0 0 0 1 
-0.728633 0.0812716 0.680066 270.323 0.0395969 0.996273 -0.0766354 -26.9803 -0.683759 -0.0289106 -0.729135 276.917 0 0 0 1 
-0.75286 0.0817211 0.653087 270.813 0.0438445 0.996285 -0.0741229 -27.0377 -0.656718 -0.0271699 -0.753646 276.338 0 0 0 1 
-0.772271 0.0820381 0.629974 271.298 0.0472483 0.996298 -0.0718219 -27.091 -0.633534 -0.0257008 -0.773288 275.75 0 0 0 1 
-0.810233 0.0839593 0.580063 272.829 0.0539889 0.99617 -0.0687756 -27.2731 -0.583616 -0.0244073 -0.811663 273.678 0 0 0 1 
-0.825657 0.0851291 0.557712 273.862 0.0565496 0.996059 -0.0683202 -27.4017 -0.561331 -0.0248706 -0.827218 272.182 0 0 0 1 
-0.840876 0.0857663 0.534389 276.056 0.0639524 0.996192 -0.0592522 -27.6752 -0.537436 -0.0156483 -0.843159 268.804 0 0 0 1 
-0.842559 0.089352 0.531141 277.22 0.0640636 0.995768 -0.0658893 -27.8203 -0.534781 -0.0214888 -0.844717 267.005 0 0 0 1 
-0.844393 0.0883923 0.528382 278.431 0.0628115 0.995827 -0.0662131 -27.9693 -0.532029 -0.0227214 -0.846421 265.127 0 0 0 1 
-0.847399 0.0867635 0.52382 280.996 0.0660281 0.99612 -0.0581778 -28.2913 -0.526836 -0.014713 -0.84984 261.04 0 0 0 1 
-0.846446 0.0916238 0.524533 282.252 0.0699903 0.995682 -0.0609785 -28.4519 -0.527855 -0.0149028 -0.849204 259.059 0 0 0 1 
-0.841707 0.0948683 0.531534 284.848 0.0734973 0.995411 -0.0612751 -28.8171 -0.534908 -0.0125093 -0.844817 254.965 0 0 0 1 
-0.839221 0.0948867 0.535447 286.156 0.074442 0.995435 -0.0597261 -29.0014 -0.53867 -0.0102636 -0.842454 252.946 0 0 0 1 
-0.834898 0.0971704 0.54176 288.78 0.0756381 0.99521 -0.0619369 -29.3609 -0.545183 -0.0107332 -0.838248 248.931 0 0 0 1 
-0.832808 0.0991285 0.544613 290.074 0.0754382 0.994981 -0.0657446 -29.5404 -0.548397 -0.013668 -0.836106 247.005 0 0 0 1 
-0.832024 0.0931003 0.546871 292.654 0.0719841 0.995601 -0.0599743 -29.9055 -0.550049 -0.010534 -0.835066 243.135 0 0 0 1 
-0.831737 0.0926056 0.547392 293.31 0.0703768 0.995623 -0.0615012 -29.9949 -0.550692 -0.012629 -0.834613 242.177 0 0 0 1 
-0.832467 0.0916689 0.546438 295.261 0.0693865 0.995703 -0.0613298 -30.2643 -0.549712 -0.0131396 -0.835251 239.275 0 0 0 1 
-0.832381 0.0925068 0.546429 295.912 0.0705495 0.995636 -0.0610858 -30.3544 -0.549695 -0.0122964 -0.835275 238.314 0 0 0 1 
-0.83265 0.0944025 0.545695 297.196 0.0720227 0.995455 -0.0623126 -30.5349 -0.549097 -0.0125821 -0.835664 236.397 0 0 0 1 
-0.832342 0.0948102 0.546094 297.84 0.0717512 0.995402 -0.0634555 -30.6237 -0.549599 -0.0136338 -0.835317 235.45 0 0 0 1 
-0.831847 0.0931382 0.547134 298.475 0.0711057 0.995579 -0.0613695 -30.7094 -0.550431 -0.0121458 -0.834793 234.519 0 0 0 1 
-0.831113 0.0897129 0.548819 299.112 0.0700502 0.99593 -0.0567183 -30.7947 -0.551673 -0.00869451 -0.834015 233.595 0 0 0 1 
-0.830342 0.0867575 0.550459 299.762 0.0684368 0.996205 -0.0537775 -30.8776 -0.553036 -0.00698202 -0.833128 232.668 0 0 0 1 
-0.824569 0.088724 0.558762 302.272 0.0664557 0.995979 -0.0600792 -31.1883 -0.561846 -0.0124065 -0.827149 228.997 0 0 0 1 
-0.822801 0.0891167 0.561299 302.921 0.0667471 0.995947 -0.0602815 -31.266 -0.564396 -0.0121346 -0.825415 228.087 0 0 0 1 
-0.820176 0.0916477 0.564722 304.225 0.0680266 0.995706 -0.0627925 -31.43 -0.568052 -0.0130847 -0.822889 226.245 0 0 0 1 
-0.818058 0.096114 0.567048 305.552 0.0714992 0.995284 -0.0655505 -31.5929 -0.570674 -0.0130806 -0.821072 224.355 0 0 0 1 
-0.819933 0.085374 0.566058 308.21 0.0590232 0.996155 -0.0647471 -31.9291 -0.569409 -0.0196778 -0.821819 220.593 0 0 0 1 
-0.819808 0.0828262 0.566617 308.837 0.0582198 0.996413 -0.0614173 -32.0005 -0.569671 -0.0173621 -0.821689 219.713 0 0 0 1 
-0.819143 0.0828292 0.567577 309.468 0.0603511 0.996472 -0.0583195 -32.0681 -0.570405 -0.0135181 -0.821252 218.823 0 0 0 1 
-0.818324 0.0839379 0.568595 310.103 0.0633516 0.996423 -0.0559194 -32.1344 -0.571255 -0.00973883 -0.820715 217.925 0 0 0 1 
-0.817391 0.0857152 0.56967 310.739 0.0663041 0.996295 -0.0547707 -32.2003 -0.572254 -0.00699763 -0.820046 217.029 0 0 0 1 
-0.816393 0.0879374 0.570762 312.069 0.068253 0.996104 -0.0558437 -32.3495 -0.573449 -0.00663418 -0.819214 215.156 0 0 0 1 
-0.814878 0.0878006 0.572943 312.706 0.0682604 0.996119 -0.0555656 -32.4155 -0.575599 -0.00616985 -0.817709 214.277 0 0 0 1 
-0.813077 0.0882999 0.575421 313.346 0.0687606 0.996078 -0.0556912 -32.4821 -0.578081 -0.00571498 -0.815959 213.399 0 0 0 1 
-0.81133 0.0877691 0.577962 313.979 0.0678721 0.996122 -0.0559934 -32.5491 -0.580635 -0.00620163 -0.81414 212.54 0 0 0 1 
-0.809729 0.0876864 0.580215 314.62 0.0674991 0.996127 -0.0563426 -32.6153 -0.582909 -0.00645828 -0.812512 211.682 0 0 0 1 
-0.806058 0.0901022 0.584938 316.625 0.0668718 0.99588 -0.0612516 -32.8539 -0.588047 -0.0102565 -0.808762 208.958 0 0 0 1 
-0.804734 0.089995 0.586774 317.263 0.0659952 0.995877 -0.0622308 -32.9238 -0.589955 -0.011355 -0.807356 208.118 0 0 0 1 
-0.803512 0.0884711 0.588678 317.896 0.064956 0.99602 -0.0610286 -32.9941 -0.591734 -0.010799 -0.806061 207.289 0 0 0 1 
-0.802417 0.0864782 0.590465 318.542 0.0639645 0.996208 -0.0589774 -33.0643 -0.593326 -0.00955563 -0.804905 206.453 0 0 0 1 
-0.803003 0.0811632 0.590423 320.593 0.0609172 0.996672 -0.0541585 -33.3166 -0.592854 -0.00752246 -0.805275 203.739 0 0 0 1 
-0.803511 0.0807637 0.589786 321.269 0.0618961 0.996719 -0.0521621 -33.3946 -0.592064 -0.00540735 -0.805873 202.847 0 0 0 1 
-0.809463 0.0790887 0.58182 323.732 0.0623514 0.996862 -0.0487597 -33.6859 -0.583851 -0.00319187 -0.811854 199.516 0 0 0 1 
-0.816161 0.0792183 0.572369 324.836 0.0621099 0.996846 -0.049403 -33.8178 -0.574477 -0.00477108 -0.818507 197.977 0 0 0 1 
-0.840917 0.0827737 0.534796 326.73 0.0679991 0.996562 -0.047322 -34.056 -0.536875 -0.00342819 -0.843655 195.135 0 0 0 1 
-0.863128 0.0842634 0.497905 327.496 0.0694227 0.996418 -0.0482841 -34.157 -0.50019 -0.00710944 -0.865886 193.828 0 0 0 1 
-0.892849 0.0854738 0.44217 328.12 0.0724489 0.996297 -0.0462975 -34.2504 -0.44449 -0.00930198 -0.895736 192.575 0 0 0 1 
-0.927539 0.0880648 0.363201 328.593 0.0780922 0.996058 -0.0420812 -34.3334 -0.365475 -0.0106687 -0.93076 191.343 0 0 0 1 
-0.94533 0.0897657 0.313518 328.773 0.081849 0.995907 -0.0383519 -34.3683 -0.315677 -0.0105941 -0.948808 190.725 0 0 0 1 
-0.961722 0.0901407 0.258776 328.917 0.0851665 0.995903 -0.0303928 -34.3976 -0.260456 -0.00719033 -0.965459 190.102 0 0 0 1 
-0.975991 0.0896417 0.19851 329.022 0.0872557 0.99597 -0.0207527 -34.4218 -0.19957 -0.00293334 -0.979879 189.481 0 0 0 1 
-0.994005 0.090713 0.0610364 329.089 0.0907262 0.995873 -0.002562 -34.4553 -0.0610169 0.00299096 -0.998132 188.254 0 0 0 1 
-0.995609 0.092756 -0.0126352 329.052 0.0927128 0.995685 0.00396769 -34.461 0.0129487 0.00277883 -0.999912 187.653 0 0 0 1 
-0.982365 0.0963386 -0.160246 328.844 0.0947551 0.995347 0.0175123 -34.4556 0.161188 0.00201935 -0.986922 186.478 0 0 0 1 
-0.967664 0.0987572 -0.232108 328.673 0.0956127 0.99511 0.0247873 -34.4454 0.233421 0.00179327 -0.972374 185.909 0 0 0 1 
-0.922988 0.104637 -0.370331 328.213 0.0967927 0.99451 0.0397588 -34.4128 0.372458 0.00085157 -0.928049 184.836 0 0 0 1 
-0.861644 0.112076 -0.494983 327.575 0.0965593 0.993699 0.0569102 -34.3615 0.498242 0.00124115 -0.867037 183.813 0 0 0 1 
-0.792852 0.117293 -0.59802 326.804 0.0902533 0.993082 0.0751207 -34.2905 0.602694 0.00558627 -0.797953 182.841 0 0 0 1 
-0.756918 0.117838 -0.642798 326.396 0.0851593 0.993007 0.0817604 -34.2502 0.647937 0.00714574 -0.76166 182.397 0 0 0 1 
-0.627595 0.119318 -0.769342 324.389 0.0640976 0.99275 0.101679 -34.0276 0.775897 0.0145003 -0.630694 180.634 0 0 0 1 
-0.508394 0.113896 -0.853559 321.978 0.0338723 0.993092 0.11234 -33.7426 0.860458 0.0282011 -0.508741 179.051 0 0 0 1 
-0.38988 0.110963 -0.914156 319.08 0.0202569 0.993507 0.111955 -33.4002 0.920643 0.0251311 -0.389596 177.709 0 0 0 1 
-0.335256 0.111571 -0.935498 317.51 0.0186914 0.993555 0.111797 -33.2207 0.941942 0.0199947 -0.33518 177.151 0 0 0 1 
-0.308782 0.111282 -0.9446 316.68 0.0198395 0.993669 0.110577 -33.1292 0.950926 0.0154039 -0.309035 176.896 0 0 0 1 
-0.283982 0.111944 -0.952273 315.827 0.0232168 0.993673 0.109887 -33.0338 0.958549 0.00909722 -0.284784 176.66 0 0 0 1 
-0.238006 0.118155 -0.96405 314.042 0.0325 0.992986 0.113678 -32.8353 0.97072 -0.00427555 -0.240177 176.235 0 0 0 1 
-0.217076 0.122706 -0.968412 313.121 0.0357424 0.992402 0.117734 -32.7326 0.9755 -0.00905615 -0.219812 176.045 0 0 0 1 
-0.165663 0.118727 -0.97901 310.189 0.0297485 0.992877 0.115374 -32.398 0.985734 -0.0100108 -0.168014 175.504 0 0 0 1 
-0.148502 0.116528 -0.982023 309.175 0.0251504 0.993157 0.114046 -32.2798 0.988592 -0.00776215 -0.150417 175.346 0 0 0 1 
-0.114026 0.11984 -0.986223 307.047 0.0221523 0.992758 0.118073 -32.0411 0.993231 -0.00838365 -0.115855 175.077 0 0 0 1 
-0.0999158 0.11973 -0.987766 306.003 0.0248248 0.992725 0.11782 -31.9238 0.994686 -0.012749 -0.102161 174.979 0 0 0 1 
-0.0783569 0.109792 -0.990861 303.803 0.0300592 0.993725 0.107732 -31.6815 0.996472 -0.0213429 -0.0811655 174.802 0 0 0 1 
-0.0573259 0.105259 -0.992791 300.325 0.0308806 0.994138 0.103619 -31.3303 0.997878 -0.024718 -0.0602403 174.573 0 0 0 1 
-0.049399 0.108221 -0.992899 297.938 0.0333597 0.993737 0.106652 -31.0939 0.998222 -0.0278543 -0.0526999 174.44 0 0 0 1 
-0.0459635 0.10854 -0.993029 296.723 0.0311568 0.993752 0.107177 -30.9709 0.998457 -0.0260133 -0.0490581 174.376 0 0 0 1 
-0.040843 0.108606 -0.993245 294.265 0.0305839 0.993745 0.107403 -30.7253 0.998697 -0.0259906 -0.0439091 174.259 0 0 0 1 
-0.0347303 0.106447 -0.993712 291.87 0.0262118 0.994066 0.105569 -30.4925 0.999053 -0.0223805 -0.0373144 174.151 0 0 0 1 
-0.0322204 0.107002 -0.993737 290.664 0.0240398 0.994048 0.106256 -30.3765 0.999192 -0.0204656 -0.034601 174.1 0 0 0 1 
-0.0243783 0.10804 -0.993848 286.993 0.018003 0.994029 0.107618 -30.0237 0.999541 -0.0152687 -0.0261778 173.975 0 0 0 1 
-0.0213487 0.109023 -0.99381 285.779 0.0156996 0.99395 0.108702 -29.9075 0.999649 -0.0132818 -0.0229312 173.94 0 0 0 1 
-0.0167753 0.108748 -0.993928 283.18 0.013656 0.994 0.108525 -29.6525 0.999766 -0.0117526 -0.0181597 173.875 0 0 0 1 
-0.0124338 0.112729 -0.993548 280.594 0.0105623 0.993584 0.112601 -29.3943 0.999867 -0.00909409 -0.0135447 173.822 0 0 0 1 
-0.00217548 0.111721 -0.993737 275.374 0.00291487 0.993736 0.111715 -28.8786 0.999993 -0.00265358 -0.00248751 173.75 0 0 0 1 
0.000682909 0.111466 -0.993768 274.101 0.00336916 0.993762 0.111468 -28.755 0.999994 -0.00342429 0.000303102 173.744 0 0 0 1 
0.00274479 0.111389 -0.993773 272.833 0.0036387 0.993769 0.111399 -28.6306 0.99999 -0.0039218 0.00232238 173.745 0 0 0 1 
0.00613 0.115098 -0.993335 270.376 0.00135101 0.993352 0.115109 -28.3895 0.99998 -0.00204763 0.00593375 173.742 0 0 0 1 
0.00773092 0.115915 -0.993229 269.22 0.000150004 0.993259 0.11592 -28.2761 0.99997 -0.00104515 0.00766141 173.741 0 0 0 1 
