0.999968 0.00127989 -0.00795701 -0.0201132 -0.00130427 0.999994 -0.00305951 -0.00256216 0.00795305 0.00306979 0.999964 1.4026 0 0 0 1 
0.999357 0.00538814 -0.0354594 -0.16286 -0.00543804 0.999984 -0.00131081 -0.0456692 0.0354517 0.0015028 0.99937 5.98098 0 0 0 1 
0.999229 0.00500081 -0.0389463 -0.19719 -0.00495073 0.999987 0.00138226 -0.0539846 0.0389527 -0.00118838 0.99924 6.78751 0 0 0 1 
0.999025 0.00607368 -0.0437267 -0.278609 -0.0060542 0.999982 0.000577857 -0.0676067 0.0437294 -0.000312563 0.999043 8.42043 0 0 0 1 
0.998958 0.00312214 -0.045532 -0.315324 -0.00312596 0.999995 -1.26713e-05 -0.0729841 0.0455317 0.000154989 0.998963 9.25043 0 0 0 1 
0.998861 0.00301365 -0.0476156 -0.356293 -0.00297678 0.999995 0.000845089 -0.0804401 0.047618 -0.000702385 0.998865 10.0925 0 0 0 1 
0.998624 0.00428892 -0.0522581 -0.49959 -0.00451728 0.999981 -0.00425244 -0.105687 0.0522389 0.00448266 0.998625 12.6638 0 0 0 1 
0.99844 0.00908788 -0.0550829 -0.610501 -0.00940171 0.999941 -0.00544085 -0.126331 0.0550302 0.00595024 0.998467 14.4191 0 0 0 1 
0.998371 0.00815975 -0.0564721 -0.66403 -0.00839472 0.999957 -0.00392497 -0.139256 0.0564376 0.00439265 0.998396 15.3122 0 0 0 1 
0.998234 0.00843879 -0.0588078 -0.778418 -0.00859022 0.99996 -0.00232261 -0.162328 0.0587859 0.00282368 0.998267 17.1131 0 0 0 1 
0.998087 0.00688577 -0.0614345 -0.894881 -0.00713754 0.999967 -0.00387965 -0.184034 0.0614058 0.00431072 0.998104 18.9307 0 0 0 1 
0.998051 0.00702475 -0.0620074 -0.955489 -0.00717239 0.999972 -0.0021587 -0.193922 0.0619905 0.00259924 0.998073 19.8504 0 0 0 1 
0.998045 0.00838028 -0.0619372 -1.01956 -0.00831676 0.999965 0.00128327 -0.20511 0.0619458 -0.000765643 0.998079 20.7784 0 0 0 1 
0.998195 0.0081819 -0.0594895 -1.13948 -0.00772756 0.999939 0.00786342 -0.217591 0.0595503 -0.00738952 0.998198 22.6486 0 0 0 1 
0.998284 0.00841294 -0.0579436 -1.19624 -0.00792586 0.999931 0.00863087 -0.221436 0.0580122 -0.00815681 0.998283 23.59 0 0 0 1 
0.998404 0.00955357 -0.0556563 -1.31117 -0.00951632 0.999954 0.000934246 -0.229859 0.0556626 -0.000403112 0.99845 25.4849 0 0 0 1 
0.998479 0.00872495 -0.0544477 -1.36594 -0.00884514 0.999959 -0.00196685 -0.236822 0.0544283 0.00244545 0.998515 26.4411 0 0 0 1 
0.998535 0.00619503 -0.0537593 -1.4184 -0.00625629 0.99998 -0.000971325 -0.24521 0.0537522 0.00130624 0.998553 27.401 0 0 0 1 
0.9985 0.000561028 -0.0547531 -1.52397 -0.000150568 0.999972 0.00750041 -0.263026 0.0547557 -0.00748092 0.998472 29.3532 0 0 0 1 
0.998416 -0.00691901 -0.0558405 -1.5692 0.00731351 0.99995 0.00686354 -0.268916 0.0557902 -0.00726105 0.998416 30.3278 0 0 0 1 
0.998237 -0.00887617 -0.0586881 -1.68503 0.0088381 0.999961 -0.000908135 -0.280565 0.0586938 0.000387843 0.998276 32.2841 0 0 0 1 
0.998125 -0.00755371 -0.0607417 -1.7491 0.00746947 0.999971 -0.00161388 -0.28963 0.0607522 0.00115715 0.998152 33.2726 0 0 0 1 
0.998028 -0.00433995 -0.0626214 -1.88462 0.00451307 0.999986 0.00262341 -0.31355 0.0626091 -0.00290085 0.998034 35.2678 0 0 0 1 
0.997899 -0.00308594 -0.0647129 -2.08963 0.00371537 0.999947 0.0096084 -0.336301 0.0646798 -0.00982865 0.997858 38.2729 0 0 0 1 
0.997857 0.00488029 -0.0652434 -2.37522 -0.00439759 0.999962 0.00753999 -0.349727 0.0652777 -0.00723693 0.997841 42.2478 0 0 0 1 
0.997791 0.0043581 -0.0662922 -2.44196 -0.00386119 0.999963 0.00762211 -0.355844 0.066323 -0.0073493 0.997771 43.2376 0 0 0 1 
0.997629 0.00540689 -0.0686143 -2.65356 -0.00498365 0.999967 0.00633803 -0.375988 0.0686464 -0.00598105 0.997623 46.1894 0 0 0 1 
0.997572 0.0059409 -0.0693878 -2.72872 -0.00580281 0.999981 0.00219153 -0.382485 0.0693994 -0.00178356 0.997587 47.1622 0 0 0 1 
0.997522 0.00704587 -0.0699988 -2.7994 -0.00697678 0.999975 0.00123137 -0.391177 0.0700057 -0.000739951 0.997546 48.1073 0 0 0 1 
0.997519 0.00606819 -0.0701335 -2.86698 -0.00572445 0.999971 0.00510107 -0.403023 0.0701624 -0.00468693 0.997525 49.0542 0 0 0 1 
0.997507 0.00442045 -0.0704281 -2.933 -0.00383627 0.999957 0.00842785 -0.411229 0.0704623 -0.00813666 0.997481 49.9971 0 0 0 1 
0.997484 -0.000429407 -0.0708938 -3.06744 0.00100618 0.999967 0.00810025 -0.425628 0.070888 -0.0081512 0.997451 51.8871 0 0 0 1 
0.997259 -0.00752263 -0.073604 -3.26971 0.00845789 0.999887 0.0124032 -0.441596 0.0735024 -0.0129918 0.99721 54.7208 0 0 0 1 
0.997206 -0.0081757 -0.0742509 -3.33704 0.00950819 0.9998 0.01761 -0.44165 0.0740921 -0.0182668 0.997084 55.6462 0 0 0 1 
0.997177 -0.00619982 -0.0748243 -3.41032 0.00772456 0.999768 0.0201056 -0.440605 0.0746823 -0.0206268 0.996994 56.5637 0 0 0 1 
0.997074 -0.0048444 -0.0762934 -3.48296 0.00611544 0.999846 0.0164351 -0.441058 0.0762021 -0.0168536 0.99695 57.4677 0 0 0 1 
0.996977 -0.00307565 -0.0776317 -3.55745 0.00377839 0.999953 0.0089069 -0.441141 0.0776006 -0.0091733 0.996942 58.3616 0 0 0 1 
0.99674 0.00662274 -0.080413 -3.79719 -0.00602977 0.999953 0.00761469 -0.463652 0.0804597 -0.00710499 0.996733 61.0464 0 0 0 1 
0.996622 0.00946456 -0.0815733 -3.87341 -0.00872145 0.999917 0.00946129 -0.474049 0.0816561 -0.0087179 0.996622 61.8961 0 0 0 1 
0.996524 0.0104586 -0.0826492 -3.94777 -0.00971056 0.999908 0.0094473 -0.478564 0.0827404 -0.00861189 0.996534 62.7295 0 0 0 1 
0.996369 0.0124892 -0.0842235 -4.02418 -0.0116388 0.999876 0.01058 -0.485043 0.0843453 -0.00956128 0.996391 63.5519 0 0 0 1 
0.995855 0.0160862 -0.0895181 -4.32948 -0.0147441 0.999769 0.0156336 -0.502238 0.0897489 -0.0142489 0.995862 66.7972 0 0 0 1 
0.995505 0.0209944 -0.0923497 -4.48369 -0.0190584 0.999581 0.0217952 -0.503345 0.0927686 -0.0199372 0.995488 68.3261 0 0 0 1 
0.995005 0.0237694 -0.0969525 -4.78402 -0.0235584 0.999717 0.00332028 -0.515357 0.0970039 -0.00101965 0.995283 71.1894 0 0 0 1 
0.99475 0.0267276 -0.0987868 -4.9276 -0.0259382 0.999621 0.00926691 -0.537171 0.098997 -0.0066559 0.995065 72.5138 0 0 0 1 
0.994887 0.0154902 -0.0998023 -5.04262 -0.0154885 0.99988 0.000791793 -0.554917 0.0998025 0.000758047 0.995007 73.7481 0 0 0 1 
0.995319 0.0139388 -0.0956335 -5.15648 -0.0144114 0.999887 -0.00425208 -0.571308 0.0955634 0.00561038 0.995408 74.9168 0 0 0 1 
0.997285 0.00916398 -0.0730636 -5.32473 -0.00850234 0.99992 0.00936152 -0.608245 0.0731435 -0.00871489 0.997283 77.0943 0 0 0 1 
0.998724 0.0178812 -0.0472211 -5.38228 -0.0174957 0.99981 0.00856487 -0.619764 0.0473653 -0.00772778 0.998848 78.094 0 0 0 1 
0.999749 0.021205 -0.00726027 -5.38013 -0.0211373 0.999733 0.00928422 -0.625111 0.00745521 -0.00912842 0.999931 79.0479 0 0 0 1 
0.998693 0.0165438 0.0483595 -5.30489 -0.0171107 0.999789 0.0113333 -0.635187 -0.0481618 -0.012146 0.998766 79.9536 0 0 0 1 
0.992807 0.0159459 0.118656 -5.17105 -0.0175806 0.999764 0.0127431 -0.644128 -0.118425 -0.0147375 0.992854 80.8192 0 0 0 1 
0.951629 0.0191207 0.306654 -4.67823 -0.0221124 0.999736 0.00628443 -0.668115 -0.306453 -0.0127613 0.9518 82.415 0 0 0 1 
0.907595 0.0198865 0.419376 -4.30528 -0.0224882 0.999746 0.00126078 -0.680094 -0.419245 -0.0105753 0.907812 83.1199 0 0 0 1 
0.845435 0.018292 0.533765 -3.84021 -0.0192961 0.999807 -0.00369989 -0.696521 -0.53373 -0.00717156 0.845625 83.7626 0 0 0 1 
0.808577 0.0177217 0.588124 -3.58112 -0.0182774 0.99982 -0.00499864 -0.711865 -0.588107 -0.00670757 0.808756 84.0511 0 0 0 1 
0.725561 0.0159929 0.687972 -3.0079 -0.0194311 0.999807 -0.00274921 -0.735127 -0.687884 -0.0113733 0.725732 84.5806 0 0 0 1 
0.680261 0.0149491 0.732817 -2.69726 -0.0186831 0.999821 -0.0030526 -0.743477 -0.732732 -0.0116148 0.680419 84.8126 0 0 0 1 
0.586975 0.0109892 0.80953 -2.03343 -0.00999683 0.99993 -0.00632533 -0.76375 -0.809543 -0.00437992 0.587044 85.2065 0 0 0 1 
0.540109 0.0130812 0.841493 -1.68944 -0.0119097 0.999898 -0.00789945 -0.776444 -0.841511 -0.00575534 0.54021 85.3805 0 0 0 1 
0.447111 0.0179456 0.894298 -0.98552 -0.0165797 0.999793 -0.0117734 -0.800539 -0.894325 -0.00956318 0.447316 85.6862 0 0 0 1 
0.404614 0.0152427 0.914361 -0.611007 -0.00930722 0.999878 -0.0125498 -0.810746 -0.91444 -0.00343234 0.404706 85.8003 0 0 0 1 
0.296934 0.00808919 0.954864 0.549091 0.00728929 0.999916 -0.0107376 -0.833287 -0.95487 0.0101486 0.29685 86.087 0 0 0 1 
0.211357 0.0217645 0.977166 1.76274 -0.00687088 0.99976 -0.0207816 -0.888185 -0.977385 -0.00232165 0.211456 86.3533 0 0 0 1 
0.188094 0.0231418 0.981878 2.19529 0.000699412 0.999719 -0.0236963 -0.901028 -0.982151 0.00514387 0.188025 86.4068 0 0 0 1 
0.168254 0.0294545 0.985303 2.6323 0.00777106 0.999483 -0.0312054 -0.903821 -0.985713 0.0129073 0.167938 86.4518 0 0 0 1 
0.130829 0.036993 0.990715 3.55448 0.00762443 0.999237 -0.038318 -0.924115 -0.991376 0.0125667 0.130447 86.5613 0 0 0 1 
0.0874279 0.0269275 0.995807 5.06643 0.00835743 0.99958 -0.0277633 -0.996679 -0.996136 0.0107497 0.0871661 86.6902 0 0 0 1 
0.0657328 0.0265511 0.997484 6.15615 0.015877 0.999492 -0.0276508 -1.0341 -0.997711 0.0176546 0.0652779 86.7433 0 0 0 1 
0.0410517 0.029152 0.998732 8.54568 0.0215963 0.999315 -0.0300567 -1.11571 -0.998924 0.0228027 0.040394 86.841 0 0 0 1 
0.0307919 0.0286535 0.999115 10.5501 0.0265282 0.999213 -0.0294739 -1.18587 -0.999174 0.0274123 0.0300076 86.8968 0 0 0 1 
0.0285956 0.0276756 0.999208 12.7172 0.0367377 0.998912 -0.0287188 -1.2609 -0.998916 0.0375299 0.0275477 86.9407 0 0 0 1 
0.0350536 0.0272656 0.999013 14.2587 0.0409983 0.998747 -0.0286968 -1.31147 -0.998544 0.0419638 0.0338918 86.9887 0 0 0 1 
0.0433871 0.0252079 0.99874 15.8643 0.0428635 0.998714 -0.0270693 -1.36419 -0.998138 0.043984 0.0422508 87.056 0 0 0 1 
0.0595155 0.0214242 0.997997 19.2452 0.0361275 0.999068 -0.0236016 -1.47458 -0.997573 0.0374599 0.058686 87.2606 0 0 0 1 
0.0639342 0.0306318 0.997484 20.9854 0.0284684 0.999066 -0.032505 -1.54049 -0.997548 0.030475 0.0630025 87.3875 0 0 0 1 
0.0640739 0.0300778 0.997492 24.4975 0.0215257 0.999271 -0.0315142 -1.69616 -0.997713 0.0234909 0.0633798 87.6232 0 0 0 1 
0.0626445 0.0313269 0.997544 27.9689 0.0110932 0.999424 -0.0320825 -1.85313 -0.997974 0.0130757 0.0622609 87.8816 0 0 0 1 
0.0588533 0.0305161 0.9978 28.8138 0.00757334 0.99949 -0.0310144 -1.88805 -0.998238 0.00938198 0.0585922 87.9477 0 0 0 1 
0.0545907 0.0291937 0.998082 29.6818 0.00496453 0.999552 -0.0295082 -1.92368 -0.998496 0.00656588 0.0544213 87.9986 0 0 0 1 
0.0499666 0.0270648 0.998384 30.5732 0.00328929 0.999623 -0.027263 -1.9685 -0.998745 0.00464622 0.0498587 88.0439 0 0 0 1 
0.0447328 0.025255 0.99868 31.3911 0.00152367 0.999678 -0.0253485 -2.00205 -0.998998 0.00265556 0.0446798 88.0933 0 0 0 1 
0.0296939 0.0266041 0.999205 33.052 0.00115219 0.999644 -0.02665 -2.07024 -0.999558 0.00194262 0.0296527 88.1598 0 0 0 1 
0.0207483 0.0271753 0.999415 33.8862 0.00174709 0.999628 -0.0272174 -2.10275 -0.999783 0.00231078 0.0206931 88.1832 0 0 0 1 
-0.0109184 0.0241229 0.999649 36.4015 0.00397654 0.999702 -0.0240807 -2.20049 -0.999932 0.00371222 -0.0110111 88.1769 0 0 0 1 
-0.0230722 0.0243937 0.999436 37.2026 0.00412951 0.999696 -0.0243047 -2.23026 -0.999725 0.00356642 -0.023166 88.1682 0 0 0 1 
-0.0446501 0.0263812 0.998654 38.8196 0.00348977 0.999649 -0.0262514 -2.29661 -0.998997 0.00231294 -0.0447265 88.0931 0 0 0 1 
-0.0543365 0.0275903 0.998141 39.634 0.0038006 0.999617 -0.0274242 -2.33207 -0.998515 0.00230341 -0.0544205 88.0331 0 0 0 1 
-0.0926513 0.0286848 0.995285 42.8074 0.00778066 0.999575 -0.0280841 -2.47117 -0.995668 0.00514195 -0.0928351 87.8017 0 0 0 1 
-0.105411 0.025513 0.994101 44.3565 0.0119988 0.999631 -0.0243826 -2.53562 -0.994356 0.00935786 -0.105678 87.6525 0 0 0 1 
-0.115 0.021917 0.993124 47.3067 0.0182238 0.999635 -0.0199505 -2.65191 -0.993198 0.0158042 -0.115358 87.3282 0 0 0 1 
-0.111735 0.0240248 0.993448 48.67 0.0211622 0.999539 -0.0217919 -2.70326 -0.993513 0.0185886 -0.112192 87.188 0 0 0 1 
-0.0739741 0.0254796 0.996935 51.1525 0.0188549 0.999531 -0.0241469 -2.80856 -0.997082 0.0170109 -0.0744198 86.9884 0 0 0 1 
-0.035516 0.0292303 0.998942 52.2755 0.0160508 0.99946 -0.0286748 -2.86251 -0.99924 0.0150154 -0.035966 86.9626 0 0 0 1 
0.0174241 0.0337875 0.999277 53.3719 0.0116678 0.999354 -0.0339935 -2.91797 -0.99978 0.0122516 0.0170186 87.0024 0 0 0 1 
0.17618 0.0225919 0.984099 55.5059 0.00284055 0.999721 -0.0234591 -3.01828 -0.984354 0.0069284 0.176066 87.3306 0 0 0 1 
0.224708 0.019271 0.974236 56.0156 -0.0018883 0.999811 -0.0193414 -3.04065 -0.974424 0.00250651 0.224702 87.4774 0 0 0 1 
0.331121 0.0173785 0.943428 56.9894 -0.00610611 0.999849 -0.0162747 -3.07582 -0.943569 -0.000371775 0.331177 87.8469 0 0 0 1 
0.389072 0.0178889 0.921034 57.4564 -0.0039735 0.999835 -0.0177409 -3.09089 -0.921199 0.00324277 0.389078 88.0709 0 0 0 1 
0.507538 0.0241311 0.861292 58.2945 -0.0017828 0.999635 -0.0269566 -3.12821 -0.861628 0.012146 0.507395 88.6154 0 0 0 1 
0.621645 0.030905 0.782689 59.0287 -0.00948836 0.999445 -0.0319276 -3.16133 -0.783242 0.0124212 0.621593 89.2798 0 0 0 1 
0.723138 0.0293522 0.690079 59.6764 -0.0105329 0.999449 -0.0314736 -3.19723 -0.690623 0.0154913 0.723049 90.0326 0 0 0 1 
0.768322 0.0254908 0.639555 59.9643 -0.0119674 0.999604 -0.0254644 -3.21529 -0.639951 0.0119111 0.768323 90.4433 0 0 0 1 
0.846322 0.0176207 0.53238 60.4525 -0.013825 0.999843 -0.0111151 -3.24392 -0.532492 0.00204681 0.846432 91.3243 0 0 0 1 
0.877473 0.0138904 0.479424 60.658 -0.0139674 0.999897 -0.00340598 -3.25454 -0.479422 -0.00370766 0.877577 91.7887 0 0 0 1 
0.903219 0.0143523 0.42894 60.8375 -0.0170742 0.999851 0.00249819 -3.26716 -0.428841 -0.00958024 0.903329 92.2685 0 0 0 1 
0.938914 0.0219874 0.343449 61.1344 -0.0267749 0.999599 0.00920268 -3.28149 -0.343109 -0.0178363 0.939126 93.2714 0 0 0 1 
0.950996 0.0257943 0.308126 61.2578 -0.0297411 0.999525 0.0081187 -3.28014 -0.307771 -0.0168849 0.951311 93.776 0 0 0 1 
0.966536 0.0224636 0.255544 61.5124 -0.0255759 0.999634 0.00886232 -3.27851 -0.255251 -0.0151015 0.966757 94.8265 0 0 0 1 
0.970562 0.0196167 0.240051 61.634 -0.0225857 0.999699 0.00962317 -3.28267 -0.23979 -0.0147616 0.970713 95.3738 0 0 0 1 
0.976923 0.0427573 0.209268 62.0616 -0.0447753 0.998985 0.00491267 -3.27642 -0.208846 -0.0141694 0.977846 97.6615 0 0 0 1 
0.977043 0.0440742 0.208433 62.176 -0.0455777 0.998958 0.00241394 -3.28329 -0.20811 -0.0118584 0.978034 98.2513 0 0 0 1 
0.973682 0.0461416 0.223189 62.7322 -0.0445955 0.998933 -0.0119652 -3.30287 -0.223503 0.00169709 0.974702 100.76 0 0 0 1 
0.96972 0.0393028 0.241037 63.4021 -0.0421835 0.999087 0.00680123 -3.33762 -0.24055 -0.0167631 0.970492 103.518 0 0 0 1 
0.969347 0.0307387 0.243766 63.958 -0.0310313 0.999515 -0.00264033 -3.35045 -0.243729 -0.00500498 0.969831 105.684 0 0 0 1 
0.969481 0.0332115 0.242906 64.1359 -0.031931 0.999448 -0.00920774 -3.35631 -0.243077 0.0011705 0.970006 106.411 0 0 0 1 
0.970028 0.0361729 0.240286 64.3143 -0.0340824 0.999336 -0.0128512 -3.36137 -0.240592 0.00427651 0.970617 107.163 0 0 0 1 
0.970688 0.0344189 0.237865 64.4992 -0.033347 0.999407 -0.00852973 -3.36822 -0.238017 0.000347617 0.971261 107.942 0 0 0 1 
0.971746 0.0306012 0.234038 64.8803 -0.0326825 0.999453 0.00501891 -3.39132 -0.233757 -0.0125261 0.972214 109.548 0 0 0 1 
0.974178 0.0393528 0.222327 65.6213 -0.0384474 0.999225 -0.00840073 -3.41556 -0.222485 -0.000364085 0.974936 112.872 0 0 0 1 
0.976032 0.0331431 0.215088 66.0007 -0.0329054 0.999447 -0.00468666 -3.43928 -0.215125 -0.00250324 0.976583 114.599 0 0 0 1 
0.976831 0.028702 0.212077 66.3823 -0.0294734 0.999565 0.000476582 -3.45984 -0.211971 -0.00671616 0.977253 116.374 0 0 0 1 
0.976666 0.0353776 0.211831 67.1358 -0.0357978 0.999357 -0.00185216 -3.49262 -0.211761 -0.00577416 0.977305 119.999 0 0 0 1 
0.975212 0.0500187 0.215546 67.4957 -0.0505893 0.998715 -0.00287258 -3.51113 -0.215413 -0.00810293 0.976489 121.845 0 0 0 1 
0.973517 0.0451995 0.224103 68.3203 -0.0456778 0.998952 -0.0030522 -3.56304 -0.224006 -0.00726519 0.974561 125.567 0 0 0 1 
0.973467 0.037903 0.225668 68.7519 -0.0378838 0.999272 -0.00441722 -3.59822 -0.225671 -0.00424913 0.974194 127.427 0 0 0 1 
0.971975 0.0452987 0.230677 69.5743 -0.0469969 0.998893 0.00186985 -3.64624 -0.230337 -0.0126586 0.973029 131.117 0 0 0 1 
0.972538 0.0389596 0.229461 70.0052 -0.0350147 0.999161 -0.0212402 -3.68082 -0.230096 0.0126224 0.973086 132.914 0 0 0 1 
0.973513 0.0306275 0.226573 70.8559 -0.035693 0.999195 0.0182933 -3.73594 -0.22583 -0.0258958 0.973822 136.63 0 0 0 1 
0.973942 0.0391483 0.223392 71.247 -0.0388986 0.999228 -0.00551981 -3.73685 -0.223435 -0.00331364 0.974713 138.411 0 0 0 1 
0.975211 0.0347964 0.218524 71.6498 -0.0346769 0.999389 -0.0043833 -3.77838 -0.218543 -0.00330309 0.975822 140.203 0 0 0 1 
0.977677 0.0464144 0.204922 72.3633 -0.0458744 0.99892 -0.00738786 -3.84177 -0.205044 -0.00217772 0.97875 143.769 0 0 0 1 
0.978308 0.0457872 0.202033 72.7164 -0.0466422 0.998912 -0.000529011 -3.87559 -0.201838 -0.00890576 0.979378 145.562 0 0 0 1 
0.979303 0.0426148 0.197863 73.0659 -0.0427829 0.999079 -0.00342677 -3.90655 -0.197826 -0.0051093 0.980224 147.31 0 0 0 1 
0.981808 0.0352769 0.186573 73.407 -0.034377 0.999376 -0.00805771 -3.93398 -0.18674 0.00149732 0.982408 149.052 0 0 0 1 
0.983033 0.0337704 0.180291 73.5601 -0.0338719 0.999423 -0.00251634 -3.94706 -0.180272 -0.00363316 0.98361 149.922 0 0 0 1 
0.986064 0.0379564 0.161981 74.1158 -0.0406986 0.999078 0.0136436 -3.9677 -0.161314 -0.0200458 0.9867 153.403 0 0 0 1 
0.988354 0.0354169 0.147995 74.3784 -0.0355301 0.999367 -0.00187959 -3.96963 -0.147968 -0.00340059 0.988986 155.145 0 0 0 1 
0.992066 0.0492018 0.115691 74.7882 -0.049058 0.998788 -0.00409192 -4.0095 -0.115752 -0.00161611 0.993277 158.725 0 0 0 1 
0.993103 0.0478561 0.107032 74.8792 -0.0474519 0.998854 -0.00632173 -4.01955 -0.107212 0.00119926 0.994235 159.637 0 0 0 1 
0.993954 0.0477126 0.0988871 74.9625 -0.0476125 0.99886 -0.00337353 -4.03002 -0.0989353 -0.00135513 0.995093 160.558 0 0 0 1 
0.994562 0.0501497 0.0912812 75.0339 -0.050716 0.998706 0.00389397 -4.04183 -0.0909678 -0.00850221 0.995818 161.468 0 0 0 1 
0.995077 0.0537422 0.0832651 75.0937 -0.0547452 0.998452 0.00980793 -4.0473 -0.0826091 -0.014318 0.996479 162.379 0 0 0 1 
0.996487 0.0523725 0.0653445 75.2627 -0.0533849 0.998478 0.0138427 -4.05116 -0.0645201 -0.0172825 0.997767 165.096 0 0 0 1 
0.99639 0.063187 0.0566969 75.3346 -0.0633988 0.997986 0.00194284 -4.05822 -0.05646 -0.00553034 0.99839 166.89 0 0 0 1 
0.996561 0.065594 0.0506411 75.4072 -0.0659727 0.997804 0.00584187 -4.06643 -0.0501467 -0.00916271 0.9987 168.707 0 0 0 1 
0.996588 0.068819 0.0455706 75.4689 -0.0699533 0.997267 0.0237813 -4.06734 -0.0438095 -0.0268879 0.998678 170.549 0 0 0 1 
0.99796 0.0537314 0.034465 75.5414 -0.0541357 0.998474 0.0109063 -4.06351 -0.0338264 -0.0127498 0.999346 172.334 0 0 0 1 
0.99883 0.0480493 0.0054922 75.5826 -0.0481404 0.99868 0.0178853 -4.05399 -0.00462558 -0.0181288 0.999825 175.925 0 0 0 1 
0.99936 0.0351535 -0.00659814 75.5798 -0.0349995 0.999142 0.0221488 -4.039 0.00737108 -0.0219037 0.999733 177.769 0 0 0 1 
0.999291 0.0163535 -0.0339229 75.5019 -0.0160543 0.99983 0.00907536 -4.03405 0.0340656 -0.00852431 0.999383 181.459 0 0 0 1 
0.998876 0.0271418 -0.0388489 75.4421 -0.0262826 0.999402 0.0224578 -4.03082 0.0394352 -0.0214115 0.998993 182.413 0 0 0 1 
0.99854 0.0320798 -0.0434691 75.3855 -0.0307787 0.999068 0.0302762 -4.02958 0.0443999 -0.0288941 0.998596 183.338 0 0 0 1 
0.998385 0.0315479 -0.047254 75.3308 -0.0302754 0.999166 0.0274063 -4.0206 0.0480792 -0.0259314 0.998507 184.277 0 0 0 1 
0.997624 0.0420644 -0.0545522 75.1468 -0.0419001 0.999113 0.00415165 -4.0036 0.0546785 -0.00185605 0.998502 187.025 0 0 0 1 
0.997693 0.0368511 -0.0570191 75.1027 -0.0363871 0.999296 0.00915375 -4.00642 0.0573163 -0.00705787 0.998331 187.943 0 0 0 1 
0.997654 0.0388137 -0.0563891 74.9796 -0.0375334 0.999017 0.0235888 -4.00041 0.0572493 -0.021417 0.99813 189.796 0 0 0 1 
0.997776 0.0140511 -0.0651632 74.7695 -0.0141921 0.999898 -0.00170085 -3.99718 0.0651326 0.00262187 0.997873 193.496 0 0 0 1 
0.997475 0.0228019 -0.0672542 74.6241 -0.0219231 0.999665 0.0137755 -4.00832 0.0675458 -0.0122663 0.997641 195.385 0 0 0 1 
0.997301 0.0227954 -0.0697871 74.4872 -0.0218848 0.999665 0.0137858 -4.01626 0.070078 -0.0122213 0.997467 197.244 0 0 0 1 
0.9973 0.0230314 -0.069732 74.416 -0.0225518 0.999716 0.00765716 -4.01428 0.0698885 -0.00606391 0.997536 198.18 0 0 0 1 
0.996985 0.032319 -0.070548 74.2598 -0.0316595 0.999444 0.0104462 -4.02093 0.0708464 -0.00818116 0.997454 200.07 0 0 0 1 
0.996795 0.0361365 -0.0713742 74.1861 -0.0352394 0.999284 0.013788 -4.02588 0.0718213 -0.0112286 0.997354 201.001 0 0 0 1 
0.996486 0.0427338 -0.0720429 74.04 -0.041664 0.998999 0.0162884 -4.02554 0.0726669 -0.0132296 0.997269 202.84 0 0 0 1 
0.99653 0.0404945 -0.0727141 73.9751 -0.0396674 0.999131 0.0127824 -4.03136 0.0731686 -0.00985364 0.997271 203.74 0 0 0 1 
0.996352 0.042575 -0.0739565 73.9038 -0.0421369 0.999084 0.00747396 -4.0326 0.0742069 -0.00433039 0.997233 204.621 0 0 0 1 
0.996191 0.0438969 -0.0753368 73.8335 -0.0434324 0.999026 0.0077945 -4.03055 0.0756056 -0.00449276 0.997128 205.498 0 0 0 1 
0.996202 0.0364338 -0.0790834 73.6354 -0.0342647 0.999003 0.0286145 -4.03056 0.0800471 -0.0257961 0.996457 208.078 0 0 0 1 
0.996177 0.0348507 -0.0801056 73.5703 -0.033196 0.999209 0.021896 -4.02541 0.0808054 -0.0191531 0.996546 208.891 0 0 0 1 
0.996152 0.0362702 -0.0797814 73.501 -0.0350286 0.999243 0.0169075 -4.01797 0.0803343 -0.0140478 0.996669 209.673 0 0 0 1 
0.996333 0.0328487 -0.0790067 73.3765 -0.0323332 0.999447 0.00779525 -4.03106 0.079219 -0.00521212 0.996844 211.199 0 0 0 1 
0.997602 0.0337774 -0.0604107 73.1631 -0.0328864 0.999336 0.0156829 -4.05199 0.0609003 -0.0136586 0.99805 214.158 0 0 0 1 
0.997962 0.0414933 -0.0484689 73.0749 -0.0406431 0.999004 0.0183976 -4.06003 0.049184 -0.0163902 0.998655 215.585 0 0 0 1 
0.998892 0.0424018 -0.020415 72.9842 -0.0424723 0.999093 -0.00303127 -4.07495 0.0202679 0.00389498 0.999787 218.365 0 0 0 1 
0.999478 0.0312659 -0.00817548 72.9861 -0.0311987 0.999479 0.00822112 -4.09776 0.00842827 -0.00796176 0.999933 219.755 0 0 0 1 
0.99952 0.0309012 0.00206526 72.9827 -0.0309269 0.999426 0.0138602 -4.10362 -0.00163577 -0.0139174 0.999902 222.49 0 0 0 1 
0.999482 0.0321638 0.00142546 72.9773 -0.0321848 0.999308 0.0186477 -4.10433 -0.000824695 -0.0186839 0.999825 223.879 0 0 0 1 
0.999289 0.0372331 -0.00591687 72.936 -0.0372786 0.999275 -0.00777558 -4.10998 0.00562307 0.00799062 0.999952 226.665 0 0 0 1 
0.998831 0.0464619 -0.0133494 72.8929 -0.046323 0.998871 0.0105303 -4.11357 0.0138236 -0.00989962 0.999855 228.107 0 0 0 1 
0.999152 0.0352941 -0.0212237 72.8675 -0.0345465 0.998804 0.0346133 -4.11358 0.0224199 -0.0338507 0.999175 229.584 0 0 0 1 
0.999051 0.0281914 -0.0332034 72.7711 -0.0277657 0.999527 0.0132124 -4.06883 0.0335602 -0.012278 0.999361 232.487 0 0 0 1 
0.999277 0.0134372 -0.0355702 72.736 -0.0126424 0.999667 0.0224764 -4.05775 0.0358604 -0.0220105 0.999114 233.989 0 0 0 1 
0.999169 -0.00677388 -0.0402017 72.6299 0.00744708 0.999834 0.0166195 -4.03891 0.0400825 -0.0169051 0.999053 237.025 0 0 0 1 
0.999078 -0.00915433 -0.0419516 72.5669 0.0101731 0.999657 0.0241348 -4.02848 0.0417163 -0.0245393 0.998828 238.558 0 0 0 1 
0.998935 -0.0160254 -0.0432753 72.4414 0.0163894 0.999833 0.0080703 -4.01533 0.0431388 -0.00877096 0.999031 241.533 0 0 0 1 
0.999008 -0.0116924 -0.042979 72.3727 0.0118778 0.999921 0.00406226 -4.01621 0.0429282 -0.00456873 0.999068 243.012 0 0 0 1 
0.998897 -0.0142485 -0.0447518 72.2526 0.0154398 0.999533 0.0263877 -4.02528 0.0443549 -0.0270495 0.99865 245.778 0 0 0 1 
0.995838 -0.0314056 -0.0855624 72.0678 0.0331523 0.999268 0.0190707 -4.00909 0.0849008 -0.0218279 0.99615 248.791 0 0 0 1 
0.991274 -0.0366053 -0.126632 71.9257 0.0390699 0.999091 0.0170338 -4.00209 0.125894 -0.0218327 0.991803 249.886 0 0 0 1 
0.983214 -0.0337731 -0.179305 71.7122 0.0382839 0.99903 0.0217555 -3.99949 0.178396 -0.0282548 0.983553 250.956 0 0 0 1 
0.944109 -0.0253056 -0.32866 71.059 0.0299599 0.99951 0.00910439 -4.00828 0.328268 -0.0184422 0.944405 252.905 0 0 0 1 
0.907839 -0.0102226 -0.419195 70.5922 0.0140274 0.999884 0.00599545 -4.0089 0.419085 -0.0113231 0.907876 253.772 0 0 0 1 
0.857387 0.0151926 -0.514448 70.0276 -0.0131937 0.999885 0.00753949 -4.02394 0.514503 0.00032322 0.857489 254.546 0 0 0 1 
0.792197 0.0309176 -0.609482 69.4034 -0.0283414 0.999502 0.0138646 -4.01956 0.609607 0.00629005 0.792679 255.264 0 0 0 1 
0.71575 0.0506024 -0.696521 68.6908 -0.0357118 0.998719 0.0358595 -4.00404 0.697443 -0.000792442 0.71664 255.896 0 0 0 1 
0.67462 0.062601 -0.735506 68.3061 -0.0399468 0.998033 0.0483055 -3.99025 0.737084 -0.00320678 0.675794 256.175 0 0 0 1 
0.587989 0.0753832 -0.805348 67.5126 -0.0423699 0.997151 0.0624021 -3.95488 0.807758 -0.00256921 0.589508 256.65 0 0 0 1 
0.541032 0.0777668 -0.837399 67.1118 -0.0403931 0.996969 0.0664882 -3.93745 0.840031 -0.00214706 0.542533 256.852 0 0 0 1 
0.441657 0.0691803 -0.894513 66.2823 -0.0238311 0.997576 0.0653847 -3.88913 0.896868 -0.00756037 0.442235 257.203 0 0 0 1 
0.388473 0.0622733 -0.919353 65.783 -0.0159606 0.998019 0.0608576 -3.84643 0.921322 -0.00896811 0.388697 257.346 0 0 0 1 
0.333551 0.0572177 -0.940994 65.2251 -0.0184999 0.998362 0.0541483 -3.78405 0.942551 -0.000652933 0.334063 257.47 0 0 0 1 
0.231403 0.0550947 -0.971297 64.1358 -0.0230233 0.998426 0.0511484 -3.70175 0.972585 0.0105266 0.232307 257.64 0 0 0 1 
0.184637 0.0577273 -0.98111 63.6018 -0.0216547 0.99827 0.0546618 -3.70417 0.982568 0.011153 0.185568 257.69 0 0 0 1 
0.14104 0.0575397 -0.98833 63.0872 -0.0183746 0.99829 0.0554974 -3.70571 0.989833 0.0103329 0.141856 257.732 0 0 0 1 
0.0114017 0.0509357 -0.998637 60.8129 -0.0151161 0.998596 0.0507611 -3.61927 0.999821 0.0145168 0.0121556 257.73 0 0 0 1 
-0.0551389 0.0460111 -0.997418 58.253 -0.0218295 0.998643 0.0472743 -3.53645 0.99824 0.0243798 -0.0540597 257.553 0 0 0 1 
-0.0702462 0.0449106 -0.996518 55.4891 -0.0210039 0.998698 0.0464894 -3.41128 0.997309 0.0241964 -0.0692115 257.392 0 0 0 1 
-0.0704024 0.0411386 -0.99667 52.3636 -0.0157157 0.998979 0.0423441 -3.27363 0.997395 0.0186445 -0.069684 257.223 0 0 0 1 
-0.0667641 0.0404452 -0.996949 50.6251 -0.0147378 0.999029 0.0415166 -3.20979 0.99766 0.0174646 -0.0661032 257.102 0 0 0 1 
-0.0599185 0.0425747 -0.997295 46.6546 -0.00699508 0.999048 0.0430698 -3.06739 0.998179 0.00955684 -0.0595636 256.852 0 0 0 1 
-0.0548065 0.0447608 -0.997493 44.4466 -0.00524485 0.998968 0.0451152 -2.9769 0.998483 0.00770431 -0.0545152 256.7 0 0 0 1 
-0.0522132 0.0506243 -0.997352 40.6808 -0.00144171 0.998709 0.0507686 -2.82218 0.998635 0.00408869 -0.0520728 256.463 0 0 0 1 
-0.060342 0.0552423 -0.996648 36.7177 0.007772 0.998463 0.0548724 -2.67069 0.998148 -0.00443484 -0.0606786 256.213 0 0 0 1 
-0.0622425 0.0580488 -0.996372 35.7467 0.0107567 0.998288 0.0574885 -2.62745 0.998003 -0.0071394 -0.0627604 256.13 0 0 0 1 
-0.0647699 0.0583517 -0.996193 34.8682 0.0137146 0.998247 0.0575803 -2.58367 0.997806 -0.00993294 -0.0654566 256.069 0 0 0 1 
-0.0671704 0.0570725 -0.996108 34.0064 0.0147617 0.99831 0.0562033 -2.54133 0.997632 -0.0109291 -0.0678994 256.004 0 0 0 1 
-0.0738761 0.052283 -0.995896 31.4383 0.0127269 0.998593 0.0514805 -2.43246 0.997186 -0.00887145 -0.0744376 255.806 0 0 0 1 
-0.0760049 0.0474564 -0.995977 29.5179 0.00319111 0.998873 0.0473509 -2.36761 0.997102 0.000420619 -0.0760707 255.63 0 0 0 1 
-0.0767802 0.0437546 -0.996088 27.8114 -0.000429639 0.999035 0.0439172 -2.29827 0.997048 0.00379993 -0.0766873 255.496 0 0 0 1 
-0.0703932 0.0465413 -0.996433 24.2733 0.00335509 0.998916 0.0464202 -2.17958 0.997514 -7.54568e-05 -0.0704731 255.241 0 0 0 1 
-0.0696844 0.049277 -0.996351 23.5022 0.00895306 0.99877 0.0487705 -2.14354 0.997529 -0.00552186 -0.0700398 255.208 0 0 0 1 
-0.0687924 0.0499934 -0.996378 22.7551 0.0146383 0.998687 0.0490986 -2.10483 0.997524 -0.0112077 -0.0694338 255.18 0 0 0 1 
-0.0673116 0.0487601 -0.99654 21.9361 0.013545 0.998758 0.0479537 -2.07415 0.99764 -0.0102703 -0.0678884 255.12 0 0 0 1 
-0.0655418 0.05695 -0.996223 18.5338 0.0171811 0.998286 0.0559376 -1.94985 0.997702 -0.01345 -0.0664079 254.889 0 0 0 1 
-0.0692457 0.0579092 -0.995917 16.8065 0.0139501 0.998272 0.0570762 -1.88212 0.997502 -0.00994087 -0.069934 254.751 0 0 0 1 
-0.075322 0.0517535 -0.995815 15.0771 0.011848 0.998628 0.0510035 -1.80942 0.997089 -0.00795673 -0.0758319 254.604 0 0 0 1 
-0.0840972 0.0497858 -0.995213 13.3873 0.0098959 0.998744 0.0491262 -1.74339 0.996408 -0.00571715 -0.0844842 254.45 0 0 0 1 
-0.0882463 0.0504342 -0.994821 12.533 0.00776587 0.998722 0.0499431 -1.70744 0.996068 -0.00331836 -0.0885252 254.366 0 0 0 1 
-0.100782 0.054431 -0.993418 10.9048 0.00372196 0.998516 0.0543327 -1.63682 0.994902 0.00177831 -0.100835 254.233 0 0 0 1 
-0.114325 0.0519023 -0.992087 7.56362 -0.0138318 0.998454 0.0538294 -1.50527 0.993347 0.0198764 -0.113431 253.835 0 0 0 1 
-0.114671 0.0521081 -0.992036 6.52738 -0.0184573 0.998339 0.0545727 -1.47469 0.993232 0.0245682 -0.113519 253.725 0 0 0 1 
-0.115847 0.0525191 -0.991878 4.99474 -0.0227536 0.998199 0.0555114 -1.40878 0.993006 0.0289996 -0.114443 253.527 0 0 0 1 
-0.111649 0.0544699 -0.992254 2.07124 -0.0298725 0.997861 0.058139 -1.28612 0.993299 0.0361322 -0.109783 253.161 0 0 0 1 
-0.106551 0.0538248 -0.992849 0.759543 -0.0321975 0.997823 0.0575498 -1.2296 0.993786 0.0380992 -0.104586 252.993 0 0 0 1 
-0.101162 0.0521507 -0.993502 -0.49304 -0.0294403 0.998031 0.0553861 -1.17385 0.994434 0.034852 -0.0994275 252.846 0 0 0 1 
-0.0950819 0.0525606 -0.994081 -1.77407 -0.0275067 0.998085 0.0554033 -1.12324 0.995089 0.0326117 -0.0934541 252.725 0 0 0 1 
-0.0873409 0.0537897 -0.994725 -2.97792 -0.0290079 0.99798 0.0565128 -1.07915 0.995756 0.0337908 -0.0856042 252.616 0 0 0 1 
-0.0782505 0.0541225 -0.995464 -4.09608 -0.0271826 0.998038 0.0563992 -1.0377 0.996563 0.0314726 -0.0766258 252.532 0 0 0 1 
-0.0652495 0.0570767 -0.996235 -5.60859 -0.025616 0.997938 0.058852 -0.979148 0.99754 0.0293597 -0.0636529 252.436 0 0 0 1 
-0.025643 0.0593623 -0.997907 -8.52736 -0.0211771 0.997979 0.0599108 -0.868222 0.999447 0.022669 -0.0243341 252.335 0 0 0 1 
-0.0105734 0.0589366 -0.998206 -9.46994 -0.0203405 0.998042 0.0591424 -0.831838 0.999737 0.0209294 -0.00935389 252.337 0 0 0 1 
0.00570112 0.0486173 -0.998801 -10.5031 -0.0150667 0.998708 0.0485268 -0.80156 0.99987 0.014772 0.00642626 252.361 0 0 0 1 
0.0150879 0.0302153 -0.99943 -11.4584 -0.0143201 0.999447 0.0299997 -0.770763 0.999784 0.0138593 0.0155122 252.38 0 0 0 1 
0.0534364 0.0250776 -0.998256 -12.3006 -0.0153404 0.999587 0.0242899 -0.750427 0.998453 0.0140157 0.053799 252.445 0 0 0 1 
0.176517 0.0344439 -0.983695 -13.8189 -0.0175843 0.999338 0.0318362 -0.728225 0.984141 0.011678 0.177005 252.733 0 0 0 1 
0.24143 0.0347929 -0.969794 -14.405 -0.0130823 0.999383 0.0325976 -0.715373 0.97033 0.0048171 0.241736 252.919 0 0 0 1 
0.404641 0.0484735 -0.91319 -15.6905 -0.0164996 0.998819 0.0457077 -0.675102 0.914327 -0.00342791 0.404963 253.486 0 0 0 1 
0.594744 0.0495674 -0.802385 -16.9325 -0.0197959 0.998698 0.0470215 -0.639528 0.803671 -0.0120818 0.594951 254.42 0 0 0 1 
0.641968 0.0454815 -0.765381 -17.2547 -0.020641 0.998902 0.0420454 -0.622471 0.766454 -0.0111936 0.642202 254.706 0 0 0 1 
0.734122 0.0402394 -0.677825 -17.7929 -0.0275187 0.999186 0.0295129 -0.591411 0.67846 -0.00301321 0.734631 255.379 0 0 0 1 
0.77737 0.0410661 -0.627702 -18.0453 -0.0312588 0.999156 0.0266556 -0.576513 0.628266 -0.00110003 0.777998 255.76 0 0 0 1 
0.851089 0.0393459 -0.523544 -18.5123 -0.0298993 0.999202 0.0264879 -0.559485 0.524169 -0.00688994 0.851587 256.683 0 0 0 1 
0.88095 0.0364427 -0.471804 -18.717 -0.0273312 0.999284 0.0261531 -0.557255 0.47242 -0.0101446 0.881315 257.212 0 0 0 1 
0.908085 0.035175 -0.417306 -18.9325 -0.0268873 0.999307 0.0257237 -0.563194 0.417922 -0.0121391 0.908402 257.706 0 0 0 1 
0.945782 0.0311979 -0.323301 -19.2332 -0.0271849 0.999487 0.0169222 -0.549017 0.323663 -0.00721586 0.946145 258.84 0 0 0 1 
0.960829 0.0300772 -0.275506 -19.4182 -0.027098 0.999526 0.0146143 -0.561632 0.275815 -0.00657617 0.961188 259.441 0 0 0 1 
0.971968 0.0287512 -0.233349 -19.5644 -0.0260925 0.999555 0.0144729 -0.568546 0.233661 -0.00797852 0.972285 260.056 0 0 0 1 
0.989736 0.0269938 -0.140337 -19.8013 -0.0254193 0.999592 0.0130004 -0.522896 0.14063 -0.00929969 0.990018 262.056 0 0 0 1 
0.994422 0.022778 -0.102986 -19.923 -0.0215974 0.999688 0.0125645 -0.510611 0.10324 -0.0102702 0.994603 263.46 0 0 0 1 
0.997602 0.0205799 -0.0660886 -20.1263 -0.020063 0.999763 0.00847541 -0.491475 0.0662474 -0.00712915 0.997778 266.407 0 0 0 1 
0.998191 0.0201723 -0.0566349 -20.3137 -0.0195799 0.999748 0.0109966 -0.477864 0.0568425 -0.00986781 0.998334 269.783 0 0 0 1 
0.998097 0.01753 -0.059121 -20.5171 -0.0169934 0.99981 0.00956645 -0.460817 0.0592774 -0.00854357 0.998205 273.253 0 0 0 1 
0.997929 0.0215915 -0.0605871 -20.6382 -0.0216044 0.999766 0.000441597 -0.459732 0.0605825 0.000868267 0.998163 275.017 0 0 0 1 
0.997908 0.0240585 -0.0600123 -20.6935 -0.0240296 0.999711 0.00120353 -0.461585 0.0600239 0.000241058 0.998197 275.864 0 0 0 1 
0.998008 0.0199878 -0.0598401 -20.9294 -0.0187887 0.999613 0.0205343 -0.445654 0.0602274 -0.0193691 0.997997 279.957 0 0 0 1 
0.997715 0.0142302 -0.0660429 -21.0259 -0.013868 0.999886 0.00593964 -0.421559 0.0661199 -0.00501019 0.997799 281.911 0 0 0 1 
0.997236 0.0180525 -0.072072 -21.3072 -0.0174717 0.99981 0.00868043 -0.429392 0.072215 -0.00739721 0.997362 285.941 0 0 0 1 
0.997155 0.0192049 -0.0728847 -21.3894 -0.0181214 0.999716 0.0154986 -0.43415 0.0731616 -0.0141338 0.99722 287.17 0 0 0 1 
0.996959 0.0182307 -0.0757639 -21.521 -0.016998 0.999713 0.0168837 -0.413187 0.0760499 -0.0155445 0.996983 289.274 0 0 0 1 
0.996671 0.0174247 -0.0796417 -21.5762 -0.01649 0.999787 0.0123779 -0.399602 0.0798404 -0.0110234 0.996747 290.312 0 0 0 1 
0.996709 0.0151086 -0.079642 -21.8205 -0.0144995 0.999861 0.00822122 -0.382625 0.0797552 -0.0070394 0.99679 293.599 0 0 0 1 
0.99673 0.0138895 -0.0795999 -22.0005 -0.0127381 0.999807 0.0149537 -0.384541 0.0797922 -0.0138908 0.996715 295.649 0 0 0 1 
0.996868 0.0121489 -0.0781444 -22.0895 -0.0111426 0.999849 0.0132997 -0.38673 0.0782942 -0.0123873 0.996853 296.586 0 0 0 1 
0.996561 0.00950096 -0.0823154 -22.2597 -0.00926612 0.999952 0.00323452 -0.383113 0.0823421 -0.00246065 0.996601 298.793 0 0 0 1 
0.996409 0.00935822 -0.0841573 -22.3455 -0.00922146 0.999955 0.00201361 -0.388528 0.0841724 -0.00123032 0.99645 299.885 0 0 0 1 
0.996216 0.0109067 -0.0862261 -22.4356 -0.0106334 0.999937 0.00362846 -0.395452 0.0862602 -0.00269785 0.996269 300.98 0 0 0 1 
0.995907 0.0143124 -0.0892405 -22.6342 -0.013257 0.999835 0.012408 -0.406401 0.0894034 -0.0111741 0.995933 303.218 0 0 0 1 
0.995805 0.0164326 -0.0900104 -22.7369 -0.0150135 0.999752 0.0164207 -0.405139 0.090258 -0.0150004 0.995805 304.31 0 0 0 1 
0.995759 0.0176314 -0.0902967 -23.0562 -0.0163961 0.999762 0.0144044 -0.396268 0.0905292 -0.0128628 0.995811 307.63 0 0 0 1 
0.995783 0.0165949 -0.0902275 -23.2601 -0.0159725 0.999843 0.00761559 -0.398169 0.0903397 -0.00614232 0.995892 309.828 0 0 0 1 
0.995818 0.0170985 -0.0897484 -23.362 -0.0165778 0.999841 0.00654356 -0.399938 0.0898461 -0.00502836 0.995943 310.911 0 0 0 1 
0.995915 0.0180218 -0.0884739 -23.4649 -0.0173324 0.999813 0.00855389 -0.402733 0.0886115 -0.00698549 0.996042 311.995 0 0 0 1 
0.995875 0.0206524 -0.0883577 -23.5551 -0.0196728 0.999735 0.0119426 -0.408903 0.088581 -0.0101551 0.996017 313.027 0 0 0 1 
0.995848 0.0225422 -0.0881972 -23.6445 -0.021407 0.999676 0.0137953 -0.412932 0.0884796 -0.01185 0.996008 314.057 0 0 0 1 
0.995794 0.0264978 -0.0877018 -23.8334 -0.0249303 0.99951 0.0189205 -0.407247 0.0881602 -0.0166545 0.995967 316.189 0 0 0 1 
0.995765 0.0288031 -0.0873018 -23.9225 -0.0267985 0.999352 0.0240487 -0.400055 0.0879379 -0.0216073 0.995892 317.206 0 0 0 1 
0.995676 0.031098 -0.0875308 -24.0222 -0.0291405 0.999298 0.0235538 -0.400481 0.0882018 -0.0209012 0.995883 318.344 0 0 0 1 
0.995477 0.0374654 -0.0873052 -24.3303 -0.0366287 0.999267 0.0111662 -0.393011 0.0876595 -0.00791785 0.996119 321.63 0 0 0 1 
0.995346 0.0439315 -0.0857719 -24.6136 -0.0432441 0.999016 0.00985634 -0.395638 0.0861205 -0.00610133 0.996266 324.527 0 0 0 1 
0.9954 0.044743 -0.08472 -24.6877 -0.0438739 0.998964 0.0120932 -0.393035 0.0851734 -0.00832058 0.996331 325.262 0 0 0 1 
0.995447 0.0447174 -0.0841742 -24.7799 -0.0437144 0.99895 0.0137226 -0.391104 0.0846995 -0.00998053 0.996357 326.234 0 0 0 1 
0.995484 0.0463954 -0.0828151 -24.8419 -0.0453904 0.998872 0.0139784 -0.38855 0.0833702 -0.0101563 0.996467 326.834 0 0 0 1 
0.995653 0.0463477 -0.0807926 -25.1137 -0.0453748 0.998874 0.0138376 -0.377767 0.081343 -0.0101115 0.996635 330.049 0 0 0 1 
0.995777 0.0447769 -0.0801487 -25.1952 -0.0438369 0.998948 0.0134509 -0.373469 0.0806667 -0.00988065 0.996692 331.07 0 0 0 1 
0.995812 0.0455957 -0.0792442 -25.3812 -0.0445554 0.998897 0.0148474 -0.36346 0.0798337 -0.0112544 0.996745 333.297 0 0 0 1 
0.995903 0.0443 -0.0788383 -25.4719 -0.0433624 0.998967 0.0135661 -0.362253 0.0793579 -0.0100919 0.996795 334.42 0 0 0 1 
0.995829 0.0457099 -0.0789634 -25.5658 -0.0451277 0.998939 0.00914318 -0.359107 0.0792976 -0.00554161 0.996836 335.548 0 0 0 1 
0.995891 0.0443473 -0.0789566 -25.8478 -0.0433939 0.998963 0.0137499 -0.362138 0.0794845 -0.0102672 0.996783 338.98 0 0 0 1 
0.995965 0.0442376 -0.0780784 -26.0398 -0.0429065 0.998905 0.0186452 -0.352591 0.0788177 -0.0152199 0.996773 341.275 0 0 0 1 
0.996047 0.0427587 -0.0778644 -26.2271 -0.0412527 0.998931 0.0208481 -0.339439 0.0786726 -0.0175535 0.996746 343.56 0 0 0 1 
0.996131 0.0398995 -0.0783052 -26.3174 -0.0385192 0.999076 0.0190595 -0.332182 0.0789933 -0.0159695 0.996747 344.702 0 0 0 1 
0.996224 0.0348092 -0.0795369 -26.5938 -0.0336204 0.999303 0.0162376 -0.320597 0.0800466 -0.0135022 0.9967 348.096 0 0 0 1 
0.9963 0.0322775 -0.0796475 -26.6873 -0.0308411 0.99934 0.0191985 -0.316284 0.0802146 -0.0166711 0.996638 349.235 0 0 0 1 
0.996402 0.0266948 -0.0804335 -26.8694 -0.0248136 0.999397 0.024297 -0.304394 0.0810335 -0.0222138 0.996464 351.474 0 0 0 1 
0.996456 0.0187959 -0.0819886 -27.1397 -0.0175665 0.999723 0.0156894 -0.284991 0.0822607 -0.0141936 0.99651 354.76 0 0 0 1 
0.996272 0.0140566 -0.0851099 -27.4106 -0.0122269 0.999684 0.0219812 -0.283908 0.085392 -0.0208587 0.996129 358.034 0 0 0 1 
0.996244 0.0121306 -0.0857339 -27.5054 -0.0100638 0.999649 0.0244981 -0.282479 0.086001 -0.0235433 0.996017 359.132 0 0 0 1 
0.996095 0.00818418 -0.0879128 -27.6887 -0.00604928 0.999681 0.0245233 -0.273568 0.0880854 -0.0238957 0.995826 361.243 0 0 0 1 
0.996013 0.00675119 -0.0889523 -27.7813 -0.00473239 0.999727 0.0228867 -0.26957 0.0890825 -0.0223745 0.995773 362.303 0 0 0 1 
0.99576 0.00859391 -0.091592 -28.0682 -0.00672841 0.999764 0.0206569 -0.257682 0.0917479 -0.019953 0.995582 365.358 0 0 0 1 
0.995656 0.0111765 -0.0924295 -28.2619 -0.00911837 0.999702 0.0226591 -0.254794 0.0926552 -0.0217179 0.995461 367.354 0 0 0 1 
0.995584 0.0135873 -0.0928881 -28.4522 -0.0118357 0.999742 0.0193819 -0.252945 0.0931275 -0.0181969 0.995488 369.284 0 0 0 1 
0.995771 0.0137093 -0.090846 -28.6283 -0.0120605 0.999753 0.0186734 -0.252201 0.0910796 -0.0174987 0.99569 371.157 0 0 0 1 
0.995883 0.013647 -0.0896111 -28.7223 -0.0119958 0.999749 0.0189391 -0.250815 0.089847 -0.0177862 0.995797 372.097 0 0 0 1 
0.996527 0.00654967 -0.08301 -29.0115 -0.00463256 0.999719 0.0232665 -0.240346 0.0831391 -0.0228012 0.996277 375.485 0 0 0 1 
0.99678 0.00785244 -0.0797978 -29.1371 -0.00574585 0.99963 0.0265944 -0.229998 0.0799771 -0.0260503 0.996456 377.008 0 0 0 1 
0.996988 0.00712273 -0.0772249 -29.2506 -0.00534202 0.999716 0.0232408 -0.221757 0.0773685 -0.0227582 0.996743 378.434 0 0 0 1 
0.997243 0.00728525 -0.0738448 -29.4981 -0.00563043 0.999729 0.0225929 -0.217367 0.0739894 -0.0221148 0.997014 381.636 0 0 0 1 
0.996277 0.0098077 -0.0856546 -29.646 -0.00827761 0.9998 0.0182005 -0.215157 0.085816 -0.0174237 0.996159 383.282 0 0 0 1 
0.986703 0.0144645 -0.16189 -30.0173 -0.0122016 0.999814 0.0149633 -0.213947 0.162076 -0.012789 0.986695 385.639 0 0 0 1 
0.97614 0.016406 -0.216524 -30.2517 -0.0119331 0.999688 0.021949 -0.209107 0.216816 -0.0188415 0.976031 386.54 0 0 0 1 
0.957241 0.0158524 -0.288858 -30.5489 -0.00899893 0.999646 0.0250386 -0.203349 0.289152 -0.0213686 0.957045 387.396 0 0 0 1 
0.927747 0.0237372 -0.372453 -30.9277 -0.0129892 0.999424 0.0313404 -0.190362 0.372983 -0.0242381 0.927522 388.193 0 0 0 1 
0.887243 0.0273081 -0.460493 -31.389 -0.00964176 0.999126 0.0406731 -0.153441 0.461201 -0.031647 0.886731 388.986 0 0 0 1 
0.763622 0.0507521 -0.643666 -32.5596 -0.0161063 0.998093 0.0595903 -0.0785763 0.645463 -0.0351374 0.762983 390.385 0 0 0 1 
0.632773 0.0509748 -0.772658 -33.6942 0.00729015 0.997394 0.0717718 0.00548734 0.774303 -0.051048 0.630753 391.314 0 0 0 1 
0.581252 0.0514096 -0.812098 -34.1462 0.0150904 0.99715 0.073925 0.0469315 0.813583 -0.0552239 0.57882 391.581 0 0 0 1 
0.467965 0.0436128 -0.88267 -35.1047 0.0355262 0.997046 0.0680991 0.130499 0.883033 -0.0632259 0.465033 392.042 0 0 0 1 
0.405907 0.0418744 -0.912955 -35.6335 0.0380239 0.997311 0.0626492 0.169901 0.913123 -0.0601438 0.403223 392.216 0 0 0 1 
0.340715 0.0409169 -0.939276 -36.1856 0.039644 0.997539 0.0578355 0.206039 0.939331 -0.0569421 0.338254 392.353 0 0 0 1 
0.20819 0.0332405 -0.977523 -37.3375 0.0594976 0.997141 0.0465792 0.27668 0.976277 -0.0678576 0.205617 392.559 0 0 0 1 
0.082558 0.0473389 -0.995461 -38.552 0.0582183 0.996936 0.0522374 0.336039 0.994884 -0.0622667 0.0795491 392.606 0 0 0 1 
-0.0210038 0.0584633 -0.998069 -39.7188 0.0384414 0.997598 0.0576267 0.37556 0.99904 -0.0371568 -0.0232007 392.559 0 0 0 1 
-0.109707 0.0725128 -0.991315 -41.5833 0.0308929 0.997102 0.0695172 0.461388 0.993484 -0.0229981 -0.111629 392.268 0 0 0 1 
-0.141807 0.0460662 -0.988822 -44.4633 0.019906 0.998847 0.0436786 0.597395 0.989694 -0.0134896 -0.142561 391.769 0 0 0 1 
-0.134774 0.0527622 -0.989471 -48.2966 0.0243373 0.998456 0.0499264 0.733979 0.990578 -0.0173523 -0.13585 391.19 0 0 0 1 
-0.133542 0.0536164 -0.989592 -49.0344 0.0188465 0.998492 0.0515554 0.759068 0.990864 -0.0117655 -0.134352 391.049 0 0 0 1 
-0.130097 0.0523654 -0.990117 -49.814 0.0147832 0.998596 0.0508714 0.787979 0.991391 -0.00801885 -0.130689 390.929 0 0 0 1 
-0.120537 0.052309 -0.99133 -51.4295 0.00930715 0.998626 0.0515624 0.856314 0.992665 -0.00301127 -0.120858 390.707 0 0 0 1 
-0.115434 0.0562659 -0.99172 -52.2255 0.00814436 0.998414 0.0556977 0.892701 0.993282 -0.00164754 -0.115709 390.603 0 0 0 1 
-0.110846 0.0590947 -0.992079 -53.0595 0.00364006 0.998248 0.0590554 0.937665 0.993831 0.00293486 -0.110867 390.498 0 0 0 1 
-0.0969928 0.0567197 -0.993668 -56.6851 0.00389414 0.998389 0.0566091 1.13868 0.995277 0.00162119 -0.0970574 390.108 0 0 0 1 
-0.0851286 0.0729583 -0.993695 -60.63 0.00735411 0.997334 0.0725954 1.36687 0.996343 -0.0011278 -0.0854382 389.739 0 0 0 1 
-0.0826786 0.0713896 -0.994016 -61.6335 0.00562048 0.997448 0.0711686 1.42875 0.99656 0.000297283 -0.0828689 389.643 0 0 0 1 
-0.0796983 0.0632409 -0.994811 -63.6544 0.00537759 0.997998 0.0630127 1.55059 0.996805 -0.000327676 -0.0798789 389.461 0 0 0 1 
-0.0795148 0.0628125 -0.994853 -64.6568 0.00539095 0.998025 0.0625819 1.60981 0.996819 -0.000387013 -0.0796964 389.378 0 0 0 1 
-0.0796544 0.0637187 -0.994784 -65.6797 0.00514388 0.997968 0.0635108 1.66872 0.996809 -5.81422e-05 -0.0798203 389.291 0 0 0 1 
-0.0805303 0.0650028 -0.99463 -66.7119 0.00568729 0.997885 0.064755 1.72643 0.996736 -0.000442013 -0.0807297 389.204 0 0 0 1 
-0.0830845 0.066514 -0.99432 -68.7753 0.00359593 0.997784 0.0664452 1.83992 0.996536 0.00194506 -0.0831396 389.02 0 0 0 1 
-0.0845804 0.0672493 -0.994145 -69.8435 0.00235983 0.997731 0.0672911 1.8867 0.996414 0.00334549 -0.0845471 388.92 0 0 0 1 
-0.0858285 0.0675987 -0.994014 -70.8406 0.000993193 0.997701 0.0677636 1.94029 0.996309 0.00482881 -0.0856983 388.83 0 0 0 1 
-0.0883013 0.0673646 -0.993813 -72.8658 -0.000465366 0.997708 0.0676699 2.04875 0.996094 0.00643783 -0.0880676 388.645 0 0 0 1 
-0.100472 0.0702884 -0.992454 -76.8238 -0.00253089 0.99748 0.0709006 2.26831 0.994937 0.0096353 -0.100041 388.25 0 0 0 1 
-0.107905 0.0699278 -0.991699 -78.7694 -0.0104537 0.997388 0.0714664 2.38665 0.994106 0.0180785 -0.106892 388.026 0 0 0 1 
-0.112053 0.0631209 -0.991695 -80.8007 -0.0113764 0.997834 0.064797 2.49287 0.993637 0.0185426 -0.111092 387.747 0 0 0 1 
-0.115141 0.0666189 -0.991113 -84.7056 -0.0107107 0.997607 0.0682997 2.70796 0.993291 0.0184796 -0.114152 387.286 0 0 0 1 
-0.109489 0.0603422 -0.992155 -86.7075 -0.0155109 0.99793 0.0624052 2.8133 0.993867 0.0222219 -0.108327 387.028 0 0 0 1 
-0.0963021 0.0665649 -0.993124 -90.5773 -0.021863 0.997379 0.0689702 3.02325 0.995112 0.0283546 -0.0945944 386.635 0 0 0 1 
-0.0921095 0.0679393 -0.993428 -91.6017 -0.0210965 0.997313 0.0701609 3.07085 0.995525 0.0274203 -0.0904287 386.526 0 0 0 1 
-0.0822898 0.0673644 -0.994329 -93.6533 -0.018393 0.99744 0.0690974 3.16909 0.996439 0.0239747 -0.0808401 386.342 0 0 0 1 
-0.0622642 0.0635493 -0.996034 -97.4964 -0.0203282 0.997683 0.0649252 3.37276 0.997853 0.0242901 -0.0608281 386.063 0 0 0 1 
-0.0527388 0.0666431 -0.996382 -99.4147 -0.022311 0.997443 0.067895 3.47255 0.998359 0.025811 -0.0511171 385.947 0 0 0 1 
-0.0395654 0.069035 -0.996829 -103.199 -0.0151663 0.997454 0.0696803 3.67915 0.999102 0.0178751 -0.0384177 385.791 0 0 0 1 
-0.0369454 0.0665433 -0.997099 -104.954 -0.00985029 0.997708 0.0669489 3.77183 0.999269 0.0122952 -0.0362053 385.733 0 0 0 1 
-0.0365979 0.0638965 -0.997285 -106.626 -0.00554429 0.997925 0.064141 3.84813 0.999315 0.00787666 -0.0361678 385.681 0 0 0 1 
-0.0398115 0.0631398 -0.99721 -108.221 -0.000964406 0.997999 0.0632282 3.92269 0.999207 0.00347892 -0.0396709 385.614 0 0 0 1 
-0.047545 0.0676062 -0.996579 -109.694 0.0033064 0.997712 0.0675253 3.98558 0.998864 -8.45951e-05 -0.0476597 385.537 0 0 0 1 
-0.058606 0.0686686 -0.995917 -111.064 0.00707747 0.997635 0.0683706 4.04885 0.998256 -0.00304164 -0.0589534 385.446 0 0 0 1 
-0.0945264 0.0660392 -0.99333 -114.323 0.00935942 0.997812 0.0654465 4.20882 0.995478 -0.00311056 -0.0949377 385.15 0 0 0 1 
-0.108248 0.0597913 -0.992324 -115.573 0.00783683 0.99821 0.0592911 4.2709 0.994093 -0.00135854 -0.108523 385.005 0 0 0 1 
-0.120724 0.0540242 -0.991215 -116.807 0.00942735 0.998535 0.053275 4.33174 0.992641 -0.00291298 -0.121056 384.852 0 0 0 1 
-0.131822 0.0503632 -0.989993 -118.059 0.00769553 0.99873 0.049783 4.38431 0.991243 -0.00105601 -0.132043 384.658 0 0 0 1 
-0.140927 0.0491992 -0.988797 -119.337 0.00751616 0.998789 0.0486251 4.43557 0.989992 -0.000579385 -0.141126 384.459 0 0 0 1 
-0.148701 0.0483503 -0.987699 -120.639 0.0081335 0.99883 0.0476706 4.48656 0.988849 -0.000944769 -0.148921 384.249 0 0 0 1 
-0.154602 0.0444011 -0.986979 -121.969 0.000275246 0.998992 0.0448984 4.53326 0.987977 0.00666974 -0.154459 384.027 0 0 0 1 
-0.156331 0.0486995 -0.986503 -124.769 0.000782896 0.99879 0.0491819 4.63858 0.987704 0.00691631 -0.15618 383.575 0 0 0 1 
-0.153709 0.0654912 -0.985943 -126.309 -0.00265102 0.99777 0.0666901 4.71515 0.988113 0.0128646 -0.153193 383.298 0 0 0 1 
-0.147166 0.0778394 -0.986044 -127.969 -0.00747872 0.996783 0.0798033 4.81498 0.989084 0.0191187 -0.146111 383.009 0 0 0 1 
-0.141763 0.052981 -0.988482 -129.569 -0.0149173 0.998339 0.0556487 4.90621 0.989788 0.0226344 -0.140737 382.762 0 0 0 1 
-0.135777 0.0594547 -0.988954 -131.255 -0.0168066 0.997916 0.0623009 5.02188 0.990597 0.02508 -0.134495 382.525 0 0 0 1 
-0.128298 0.0827657 -0.988276 -133.044 -0.015576 0.99622 0.0854531 5.12062 0.991613 0.0263568 -0.126524 382.271 0 0 0 1 
-0.121061 0.0557613 -0.991078 -134.883 -0.0160819 0.99818 0.0581253 5.23567 0.992515 0.0229751 -0.119944 382.024 0 0 0 1 
-0.113808 0.049137 -0.992287 -136.783 -0.0258581 0.998291 0.0524001 5.34361 0.993166 0.0316222 -0.112343 381.792 0 0 0 1 
-0.102993 0.0623917 -0.992723 -138.767 -0.0364437 0.997124 0.0664492 5.44071 0.994014 0.0430223 -0.100423 381.564 0 0 0 1 
-0.0735801 0.0374035 -0.996588 -142.712 -0.0253623 0.998903 0.0393629 5.61575 0.996967 0.0281721 -0.0725507 381.215 0 0 0 1 
-0.0597663 0.0598209 -0.996418 -144.814 -0.0195551 0.997941 0.0610852 5.69979 0.998021 0.0231359 -0.0584734 381.083 0 0 0 1 
-0.0476319 0.0541608 -0.997396 -149.143 -0.0139417 0.998396 0.0548809 5.91233 0.998768 0.0165194 -0.0468004 380.857 0 0 0 1 
-0.0479734 0.0567014 -0.997238 -151.309 -0.0120499 0.998282 0.0573405 6.00779 0.998776 0.0147674 -0.0472078 380.746 0 0 0 1 
-0.0589625 0.0570841 -0.996627 -155.58 -0.00830955 0.998301 0.0576716 6.22178 0.998226 0.011682 -0.058388 380.496 0 0 0 1 
-0.0653715 0.0487434 -0.99667 -157.626 0.00229648 0.998811 0.0486975 6.31774 0.997858 0.000894597 -0.0654057 380.374 0 0 0 1 
-0.0774946 0.0589268 -0.99525 -161.817 -0.000131144 0.998251 0.0591147 6.50376 0.996993 0.00471159 -0.0773513 380.033 0 0 0 1 
-0.0801267 0.0543803 -0.9953 -162.864 -0.00285304 0.998494 0.0547845 6.54803 0.996781 0.00722932 -0.0798509 379.927 0 0 0 1 
-0.0820796 0.0519216 -0.995272 -163.852 -0.00466431 0.998611 0.0524804 6.59618 0.996615 0.00894983 -0.0817234 379.855 0 0 0 1 
-0.0850201 0.0510611 -0.99507 -164.84 -0.00407474 0.99866 0.0515935 6.63511 0.996371 0.00844113 -0.0846981 379.766 0 0 0 1 
-0.0881154 0.0533573 -0.99468 -165.901 -0.00375866 0.998539 0.0538973 6.67559 0.996103 0.00848785 -0.0877862 379.669 0 0 0 1 
-0.0946451 0.0658256 -0.993332 -168 0.000483171 0.997814 0.0660766 6.76607 0.995511 0.00577388 -0.0944701 379.472 0 0 0 1 
-0.09867 0.0698454 -0.992666 -168.965 0.00218233 0.997547 0.0699719 6.81679 0.995118 0.0047378 -0.0985804 379.394 0 0 0 1 
-0.105624 0.0606631 -0.992554 -170.981 -0.00170795 0.998125 0.0611854 6.92116 0.994405 0.00815788 -0.105322 379.176 0 0 0 1 
-0.112918 0.0657476 -0.991427 -175.1 0.00144845 0.997818 0.0660065 7.11707 0.993603 0.00601725 -0.112766 378.7 0 0 0 1 
-0.114534 0.069801 -0.990964 -177.119 0.00449153 0.997555 0.0697461 7.22639 0.993409 0.00353733 -0.114567 378.466 0 0 0 1 
-0.112337 0.0650928 -0.991536 -181.124 -0.00667724 0.99778 0.0662592 7.44631 0.993648 0.0140641 -0.111653 377.974 0 0 0 1 
-0.107043 0.0635615 -0.992221 -184.948 -0.00327963 0.997926 0.0642809 7.64694 0.994249 0.0101349 -0.106613 377.551 0 0 0 1 
-0.106208 0.0697574 -0.991894 -185.924 -0.00126954 0.997526 0.0702894 7.69401 0.994343 0.00872452 -0.105856 377.445 0 0 0 1 
-0.101515 0.0675577 -0.992537 -189.723 -0.000439605 0.997688 0.0679533 7.90393 0.994834 0.00733461 -0.101251 377.034 0 0 0 1 
-0.0990986 0.0742165 -0.992306 -192.456 -0.00198445 0.997198 0.0747806 8.05168 0.995076 0.00937984 -0.0986737 376.743 0 0 0 1 
-0.0978833 0.0704054 -0.992704 -193.321 0.00267767 0.997509 0.0704822 8.09408 0.995194 0.00424089 -0.0978281 376.66 0 0 0 1 
-0.0967293 0.0635273 -0.993281 -194.17 0.00516092 0.99798 0.0633252 8.13781 0.995297 0.000999159 -0.0968617 376.574 0 0 0 1 
-0.0976931 0.0732538 -0.992517 -196.595 0.0161972 0.997272 0.0720105 8.25913 0.995085 -0.00904108 -0.0986132 376.342 0 0 0 1 
-0.100848 0.0724598 -0.99226 -198.09 0.0151579 0.99734 0.0712902 8.32996 0.994786 -0.00785107 -0.101678 376.178 0 0 0 1 
-0.106176 0.0573903 -0.99269 -199.474 0.0117097 0.998336 0.0564642 8.39575 0.994278 -0.00562896 -0.106671 376.014 0 0 0 1 
-0.112968 0.0587328 -0.991861 -200.794 0.00487944 0.998272 0.0585567 8.45725 0.993587 0.00177528 -0.113059 375.84 0 0 0 1 
-0.123865 0.0651703 -0.990157 -202.073 0.00460857 0.997868 0.0651013 8.50705 0.992288 0.00350054 -0.123901 375.666 0 0 0 1 
-0.14427 0.0657647 -0.987351 -203.29 0.00829741 0.997834 0.0652506 8.56519 0.989504 0.00122124 -0.144503 375.478 0 0 0 1 
-0.180521 0.0633437 -0.981529 -204.447 0.0139207 0.997989 0.0618456 8.62091 0.983473 -0.00249909 -0.18104 375.255 0 0 0 1 
-0.235433 0.0619301 -0.969915 -205.558 0.0176626 0.998076 0.0594408 8.67208 0.97173 -0.00313687 -0.236074 374.964 0 0 0 1 
-0.398418 0.064063 -0.914964 -207.627 0.029472 0.997937 0.057039 8.76153 0.91673 -0.00424045 -0.399484 374.125 0 0 0 1 
-0.496813 0.0667206 -0.865289 -208.567 0.0368846 0.997763 0.0557577 8.80473 0.867073 -0.00421471 -0.498163 373.555 0 0 0 1 
-0.595683 0.0677627 -0.800356 -209.427 0.0399425 0.997701 0.0547429 8.84948 0.802226 0.000641162 -0.59702 372.878 0 0 0 1 
-0.693985 0.0680681 -0.716764 -210.205 0.0411822 0.997644 0.0548686 8.89259 0.71881 0.00856006 -0.695153 372.074 0 0 0 1 
-0.784441 0.0681568 -0.616447 -210.868 0.0469105 0.997616 0.0506059 8.9304 0.618427 0.0107795 -0.785768 371.141 0 0 0 1 
-0.824862 0.0678347 -0.561249 -211.159 0.0481108 0.997597 0.0498653 8.95476 0.563283 0.0141299 -0.826143 370.626 0 0 0 1 
-0.861737 0.0641662 -0.503281 -211.415 0.0461286 0.997771 0.0482284 8.98141 0.505253 0.0183445 -0.862776 370.081 0 0 0 1 
-0.922734 0.0617971 -0.380452 -211.834 0.0479317 0.997799 0.0458215 9.02037 0.382446 0.0240453 -0.923665 368.916 0 0 0 1 
-0.964474 0.0691803 -0.254959 -212.141 0.0597394 0.997217 0.0445981 9.05623 0.257335 0.0277826 -0.965923 367.667 0 0 0 1 
-0.977686 0.0693176 -0.198308 -212.235 0.0621837 0.997181 0.0419856 9.07819 0.200659 0.0287172 -0.97924 367.025 0 0 0 1 
-0.992987 0.0610375 -0.101249 -212.322 0.0576911 0.997697 0.0356591 9.11191 0.103193 0.0295678 -0.994222 365.677 0 0 0 1 
-0.996365 0.0562744 -0.0639567 -212.33 0.0542723 0.997993 0.0326225 9.11946 0.0656642 0.0290328 -0.997419 365.113 0 0 0 1 
-0.99831 0.0547126 0.0196039 -212.282 0.0552265 0.998116 0.0267137 9.17723 -0.0181054 0.0277512 -0.999451 362.164 0 0 0 1 
-0.996845 0.0635265 0.0475799 -212.216 0.0640444 0.997902 0.0094393 9.20394 -0.0468804 0.0124567 -0.998823 360.658 0 0 0 1 
-0.993587 0.0591137 0.0963855 -211.922 0.0598599 0.998195 0.00486628 9.20013 -0.0959238 0.0106047 -0.995332 357.453 0 0 0 1 
-0.99299 0.052705 0.105796 -211.726 0.0534763 0.998559 0.00446518 9.19295 -0.105408 0.0100914 -0.994378 355.765 0 0 0 1 
-0.992241 0.0510509 0.113365 -211.521 0.0518968 0.998642 0.00452127 9.18803 -0.11298 0.0103695 -0.993543 354.033 0 0 0 1 
-0.991142 0.0497007 0.123155 -211.296 0.0512 0.998648 0.00903752 9.18554 -0.122539 0.015263 -0.992346 352.221 0 0 0 1 
-0.98941 0.0411127 0.139205 -210.737 0.0423094 0.999089 0.00564729 9.18956 -0.138846 0.0114772 -0.990247 348.373 0 0 0 1 
-0.989571 0.0377893 0.139001 -210.435 0.0380647 0.999275 -0.000677351 9.18651 -0.138925 0.00462073 -0.990292 346.35 0 0 0 1 
-0.989785 0.0378961 0.137439 -210.287 0.0383759 0.999263 0.000841644 9.1813 -0.137306 0.00610739 -0.99051 345.298 0 0 0 1 
-0.990126 0.0360486 0.135468 -210.143 0.0368836 0.999313 0.00365772 9.17452 -0.135243 0.00861814 -0.990775 344.261 0 0 0 1 
-0.990573 0.032978 0.132958 -210.002 0.0339802 0.999409 0.005275 9.16706 -0.132705 0.00974321 -0.991108 343.232 0 0 0 1 
-0.990965 0.0315137 0.130368 -209.88 0.0324593 0.99946 0.00513432 9.16425 -0.130136 0.00931957 -0.991452 342.248 0 0 0 1 
-0.992717 0.0248145 0.117885 -209.192 0.0277778 0.999336 0.0235607 9.16464 -0.117222 0.0266637 -0.992748 336.914 0 0 0 1 
-0.993306 0.0221135 0.113374 -208.95 0.0251766 0.999354 0.0256576 9.18346 -0.112733 0.0283402 -0.993221 334.858 0 0 0 1 
-0.993864 0.0211024 0.108573 -208.699 0.023443 0.999519 0.0203267 9.20714 -0.108092 0.0227472 -0.993881 332.709 0 0 0 1 
-0.9946 0.023408 0.101113 -208.241 0.0253978 0.999507 0.018436 9.23901 -0.100631 0.0209045 -0.994704 328.44 0 0 0 1 
-0.99489 0.0195334 0.0990541 -208.127 0.0214452 0.999603 0.0182726 9.24366 -0.0986579 0.0203035 -0.994914 327.367 0 0 0 1 
-0.995454 0.0111665 0.0945917 -207.911 0.0127279 0.999792 0.01592 9.25614 -0.0943943 0.0170516 -0.995389 325.294 0 0 0 1 
-0.99617 0.00298366 0.0873813 -207.601 0.00491402 0.999748 0.0218845 9.27779 -0.0872941 0.0222301 -0.995935 322.108 0 0 0 1 
-0.9964 0.0173093 0.0829953 -207.438 0.0188969 0.999652 0.0183821 9.29265 -0.0826482 0.0198843 -0.99638 319.966 0 0 0 1 
-0.99663 0.0178371 0.0800613 -207.088 0.0203272 0.999331 0.0303954 9.33702 -0.0794656 0.0319204 -0.996326 315.707 0 0 0 1 
-0.996667 0.00748205 0.0812283 -206.887 0.00898025 0.999796 0.0180947 9.36255 -0.0810764 0.0187639 -0.996531 313.588 0 0 0 1 
-0.996656 0.0111677 0.0809405 -206.335 0.0123989 0.999815 0.0147245 9.37341 -0.080761 0.0156788 -0.99661 307.28 0 0 0 1 
-0.996875 0.0112146 0.0781968 -206.264 0.012354 0.999824 0.0141026 9.37222 -0.0780249 0.0150246 -0.996838 306.312 0 0 0 1 
-0.997605 0.0142991 0.0676768 -205.952 0.0149759 0.999843 0.00950257 9.38147 -0.0675303 0.0104933 -0.997662 302.151 0 0 0 1 
-0.997698 0.0140691 0.0663447 -205.808 0.0152874 0.999723 0.0178914 9.38391 -0.0660746 0.0188645 -0.997636 300.092 0 0 0 1 
-0.997677 0.0167906 0.066015 -205.672 0.0177869 0.999736 0.0145334 9.39131 -0.0657535 0.0156738 -0.997713 298.05 0 0 0 1 
-0.996345 0.03186 0.0792508 -205.374 0.0329377 0.999381 0.0123276 9.39251 -0.078809 0.0148929 -0.996778 293.909 0 0 0 1 
-0.996158 0.0271927 0.0832444 -205.28 0.0281039 0.999557 0.00979366 9.39321 -0.0829412 0.0120955 -0.996481 292.875 0 0 0 1 
-0.996 0.0225579 0.0864542 -205.175 0.0232521 0.999705 0.00703086 9.39264 -0.08627 0.00901297 -0.996231 291.835 0 0 0 1 
-0.995835 0.0220965 0.0884593 -205.074 0.0231703 0.99967 0.0111305 9.39418 -0.0881841 0.0131338 -0.996018 290.766 0 0 0 1 
-0.995832 0.0211361 0.0887224 -204.974 0.0226615 0.999612 0.0162204 9.39547 -0.0883451 0.0181634 -0.995924 289.696 0 0 0 1 
-0.995862 0.0197671 0.088701 -204.876 0.021654 0.999558 0.0203613 9.3997 -0.0882594 0.0221978 -0.99585 288.601 0 0 0 1 
-0.995481 0.0287063 0.090517 -204.705 0.0293772 0.99955 0.00608789 9.40569 -0.0903015 0.00871952 -0.995876 286.548 0 0 0 1 
-0.995488 0.0289304 0.0903671 -204.516 0.0297866 0.999523 0.00813924 9.40026 -0.0900886 0.0107942 -0.995875 284.499 0 0 0 1 
-0.99576 0.027375 0.0878267 -204.219 0.0291708 0.999389 0.0192288 9.40769 -0.0872467 0.0217092 -0.99595 281.372 0 0 0 1 
-0.995972 0.0293216 0.0847368 -204.13 0.0306774 0.999421 0.0147419 9.41446 -0.0842555 0.0172821 -0.996294 280.315 0 0 0 1 
-0.996183 0.0310303 0.0815918 -204.047 0.0322295 0.99939 0.0134214 9.42001 -0.0811256 0.0159998 -0.996575 279.251 0 0 0 1 
-0.996489 0.034601 0.0762333 -203.89 0.036304 0.999119 0.0210683 9.43225 -0.0754371 0.0237619 -0.996867 277.092 0 0 0 1 
-0.996682 0.0345187 0.0737174 -203.812 0.0363158 0.999072 0.0231781 9.44027 -0.0728489 0.0257782 -0.99701 276.021 0 0 0 1 
-0.996886 0.0309383 0.072531 -203.646 0.0324945 0.999264 0.0203745 9.46444 -0.0718473 0.0226679 -0.997158 273.885 0 0 0 1 
-0.996497 0.0360991 0.0754376 -203.487 0.0376966 0.999092 0.0198608 9.48078 -0.0746522 0.022635 -0.996953 271.728 0 0 0 1 
-0.995861 0.0321549 0.0850141 -203.207 0.0345154 0.999054 0.026444 9.51044 -0.0840834 0.0292688 -0.996029 268.541 0 0 0 1 
-0.995743 0.0323715 0.0863 -203.017 0.0339487 0.999281 0.0168699 9.52851 -0.0856918 0.0197279 -0.996126 266.448 0 0 0 1 
-0.995353 0.030722 0.0912569 -202.721 0.0323501 0.999342 0.0164153 9.53948 -0.0906925 0.0192912 -0.995692 263.282 0 0 0 1 
-0.995002 0.0244747 0.0968108 -202.387 0.0260422 0.999549 0.0149609 9.56148 -0.096401 0.0174072 -0.99519 260.087 0 0 0 1 
-0.994741 0.0284263 0.0983979 -202.28 0.0286169 0.99959 0.000526062 9.55844 -0.0983426 0.00333914 -0.995147 259.026 0 0 0 1 
-0.994092 0.0361639 0.102337 -202.065 0.0354526 0.999333 -0.0087616 9.53263 -0.102586 -0.00508173 -0.994711 256.889 0 0 0 1 
-0.99391 0.0366497 0.103919 -201.954 0.0371056 0.999308 0.00245608 9.51722 -0.103757 0.00629709 -0.994583 255.792 0 0 0 1 
-0.993995 0.032419 0.104515 -201.715 0.0348113 0.99917 0.0211463 9.51326 -0.103743 0.0246577 -0.994298 253.632 0 0 0 1 
-0.994144 0.0309779 0.103532 -201.598 0.0333373 0.999221 0.0211365 9.51702 -0.102797 0.0244642 -0.994401 252.552 0 0 0 1 
-0.994454 0.0385142 0.0978707 -201.276 0.0394697 0.99919 0.00784478 9.51602 -0.0974893 0.0116642 -0.995168 249.388 0 0 0 1 
-0.994569 0.0412052 0.0955787 -201.175 0.0418838 0.999109 0.00510277 9.51116 -0.0952833 0.00907825 -0.995409 248.332 0 0 0 1 
-0.994624 0.0439306 0.0937733 -201.079 0.0445661 0.998995 0.00469242 9.50263 -0.0934729 0.00884631 -0.995583 247.28 0 0 0 1 
-0.994875 0.0447594 0.0906695 -200.884 0.0459981 0.998874 0.0116179 9.48815 -0.0900474 0.015729 -0.995813 245.185 0 0 0 1 
-0.995048 0.0441078 0.0890784 -200.789 0.0454257 0.998885 0.0128211 9.4825 -0.0884136 0.0168041 -0.995942 244.151 0 0 0 1 
-0.995472 0.0409737 0.0857695 -200.598 0.0420027 0.999065 0.0102264 9.47451 -0.0852703 0.0137826 -0.996263 242.098 0 0 0 1 
-0.995521 0.0425009 0.0844521 -200.51 0.0435895 0.998988 0.0110875 9.47079 -0.0838954 0.0147191 -0.996366 241.078 0 0 0 1 
-0.995643 0.0436581 0.0823902 -200.338 0.0450968 0.99886 0.0156818 9.46497 -0.0816116 0.019329 -0.996477 239.055 0 0 0 1 
-0.995371 0.0503791 0.0818476 -200.264 0.0521306 0.998452 0.0194049 9.46762 -0.0807433 0.0235818 -0.996456 238.056 0 0 0 1 
-0.995162 0.0535813 0.0823554 -200.189 0.0555251 0.998226 0.0214956 9.46932 -0.0810575 0.0259644 -0.996371 237.07 0 0 0 1 
-0.995262 0.0522885 0.0819672 -200.107 0.0540818 0.99834 0.0198125 9.46766 -0.0807952 0.0241516 -0.996438 236.099 0 0 0 1 
-0.995239 0.0544167 0.0808576 -199.878 0.0555858 0.998378 0.0122777 9.46568 -0.0800583 0.0167138 -0.99665 233.257 0 0 0 1 
-0.996076 0.0463922 0.0753688 -199.719 0.0466544 0.99891 0.00172071 9.45271 -0.0752068 0.00523024 -0.997154 231.456 0 0 0 1 
-0.997615 0.0356112 0.0591317 -199.462 0.0366262 0.999198 0.0161707 9.42922 -0.0585084 0.0182979 -0.998119 227.987 0 0 0 1 
-0.998273 0.0374547 0.0452591 -199.297 0.0383067 0.999102 0.0181061 9.42471 -0.0445403 0.0198086 -0.998811 224.799 0 0 0 1 
-0.99829 0.0428843 0.0397295 -199.212 0.0436561 0.99887 0.0187659 9.41913 -0.0388799 0.0204682 -0.999034 222.628 0 0 0 1 
-0.998088 0.0465681 0.0406474 -199.16 0.0472814 0.998741 0.016765 9.41698 -0.0398155 0.0186548 -0.999033 221.297 0 0 0 1 
-0.996586 0.0532617 0.0630775 -199.031 0.0543024 0.998413 0.0149007 9.4064 -0.0621838 0.0182751 -0.997897 218.914 0 0 0 1 
-0.994715 0.0542518 0.0871751 -198.934 0.0556503 0.998356 0.0136906 9.40035 -0.0862891 0.0184696 -0.996099 217.874 0 0 0 1 
-0.990379 0.0587593 0.125284 -198.806 0.0602475 0.99815 0.00811899 9.38732 -0.124575 0.0155889 -0.992088 216.907 0 0 0 1 
-0.98159 0.0575219 0.182135 -198.607 0.0591796 0.998241 0.00367534 9.37675 -0.181603 0.0143863 -0.983267 215.973 0 0 0 1 
-0.963687 0.0577034 0.260727 -198.337 0.0600793 0.998193 0.00114458 9.36577 -0.26019 0.0167673 -0.965412 215.086 0 0 0 1 
-0.935886 0.049383 0.348825 -197.969 0.0519024 0.99865 -0.00212579 9.34856 -0.348459 0.0161154 -0.937185 214.249 0 0 0 1 
-0.850025 0.0411842 0.525129 -197.012 0.0392806 0.999119 -0.0147742 9.3069 -0.525275 0.00806892 -0.850894 212.743 0 0 0 1 
-0.821741 0.0402512 0.568438 -196.716 0.0381645 0.99915 -0.015579 9.29592 -0.568582 0.00889222 -0.822579 212.368 0 0 0 1 
-0.79031 0.0373786 0.611566 -196.385 0.0360132 0.999246 -0.0145346 9.28365 -0.611648 0.0105376 -0.79106 211.997 0 0 0 1 
-0.755415 0.0359837 0.654258 -196.028 0.0368002 0.999245 -0.0124677 9.27083 -0.654212 0.0146585 -0.756169 211.632 0 0 0 1 
-0.71668 0.0355558 0.696495 -195.64 0.0390646 0.999178 -0.010811 9.25848 -0.696307 0.0194602 -0.71748 211.27 0 0 0 1 
-0.674815 0.0366724 0.737075 -195.228 0.0401948 0.999108 -0.01291 9.24438 -0.736891 0.0209147 -0.675688 210.931 0 0 0 1 
-0.581452 0.036565 0.812758 -194.296 0.034959 0.99919 -0.0199425 9.21146 -0.812829 0.0168176 -0.582259 210.312 0 0 0 1 
-0.48143 0.0422606 0.875465 -193.25 0.0317686 0.999022 -0.030755 9.17546 -0.875909 0.0130059 -0.482302 209.776 0 0 0 1 
-0.4313 0.0463979 0.901015 -192.684 0.0313464 0.998844 -0.0364307 9.15172 -0.901664 0.012531 -0.432256 209.538 0 0 0 1 
-0.380199 0.0464155 0.923739 -192.089 0.0298283 0.998836 -0.037912 9.12273 -0.924423 0.0131394 -0.381141 209.327 0 0 0 1 
-0.276093 0.0389472 0.960341 -190.808 0.0193893 0.999201 -0.0349488 9.06784 -0.960935 0.0089712 -0.276628 209.003 0 0 0 1 
-0.224931 0.0355114 0.973727 -190.148 0.0101334 0.999367 -0.0341057 9.04228 -0.974322 0.00219568 -0.225149 208.894 0 0 0 1 
-0.135671 0.0255315 0.990425 -188.754 0.00144956 0.999672 -0.0255713 8.9851 -0.990753 -0.00203359 -0.135663 208.74 0 0 0 1 
-0.100325 0.025877 0.994618 -188.051 -0.000371883 0.999661 -0.0260457 8.95723 -0.994955 -0.00298292 -0.100281 208.69 0 0 0 1 
-0.0278883 0.0438405 0.998649 -185.84 -0.0125723 0.998943 -0.0442046 8.87335 -0.999532 -0.0137881 -0.0273076 208.652 0 0 0 1 
-0.00236667 0.036753 0.999322 -184.261 -0.0119 0.999253 -0.0367787 8.80166 -0.999926 -0.011979 -0.00192754 208.657 0 0 0 1 
0.00902656 0.0300012 0.999509 -182.645 -0.00926773 0.999509 -0.0299176 8.72267 -0.999916 -0.00899312 0.00930018 208.676 0 0 0 1 
0.0228884 0.0516427 0.998403 -179.35 -0.00407567 0.998661 -0.0515626 8.56597 -0.99973 -0.00288898 0.0230682 208.745 0 0 0 1 
0.027209 0.0371414 0.99894 -177.632 -0.000615964 0.99931 -0.0371384 8.47083 -0.99963 0.000395186 0.0272131 208.79 0 0 0 1 
0.0320589 0.0347514 0.998882 -175.889 0.00434552 0.999381 -0.0349082 8.38676 -0.999477 0.00545978 0.031888 208.841 0 0 0 1 
0.0400786 0.0402609 0.998385 -172.164 0.00511876 0.999167 -0.0404979 8.21375 -0.999183 0.0067336 0.0398391 208.993 0 0 0 1 
0.042519 0.0405266 0.998273 -170.308 0.00504649 0.999156 -0.0407774 8.1237 -0.999083 0.00677159 0.0422786 209.078 0 0 0 1 
0.0500628 0.0336024 0.998181 -166.455 0.0145883 0.999303 -0.0343719 7.94737 -0.99864 0.0162825 0.0495377 209.247 0 0 0 1 
0.0585987 0.0317491 0.997777 -164.484 0.0192759 0.999272 -0.0329287 7.86451 -0.998096 0.0211626 0.0579441 209.35 0 0 0 1 
0.0784837 0.0229941 0.99665 -160.621 0.018196 0.999534 -0.0244935 7.69556 -0.996749 0.0200574 0.0780287 209.624 0 0 0 1 
0.0886627 0.0209052 0.995842 -158.811 0.0177903 0.999587 -0.0225677 7.61891 -0.995903 0.0197172 0.0882541 209.776 0 0 0 1 
0.106496 0.0279261 0.993921 -154.924 0.0063799 0.999566 -0.0287683 7.45256 -0.994293 0.00940482 0.106272 210.201 0 0 0 1 
0.109286 0.0256504 0.993679 -153.035 -0.000688275 0.999669 -0.0257293 7.36896 -0.99401 0.00212794 0.109268 210.427 0 0 0 1 
0.106098 0.0309374 0.993874 -149.215 -0.0164752 0.999433 -0.0293516 7.20494 -0.994219 -0.0132601 0.106548 210.883 0 0 0 1 
0.102496 0.0366802 0.994057 -147.376 -0.0211032 0.999175 -0.0346931 7.12025 -0.99451 -0.0174219 0.103185 211.088 0 0 0 1 
0.093996 0.0355276 0.994938 -143.678 -0.0250829 0.99913 -0.0333076 6.92696 -0.995257 -0.0218251 0.0948054 211.481 0 0 0 1 
0.0881616 0.0351587 0.995486 -141.95 -0.0317313 0.998969 -0.0324715 6.83966 -0.995601 -0.0287253 0.0891863 211.654 0 0 0 1 
0.0664486 0.0398313 0.996995 -138.74 -0.0318708 0.998778 -0.0377784 6.66828 -0.997281 -0.0292647 0.0676369 211.911 0 0 0 1 
0.0554797 0.0391874 0.997691 -137.27 -0.0273382 0.998915 -0.0377153 6.58199 -0.998085 -0.0251826 0.0564907 211.988 0 0 0 1 
0.0439107 0.0408063 0.998202 -135.893 -0.0208076 0.998986 -0.0399231 6.49918 -0.998819 -0.0190171 0.0447152 212.038 0 0 0 1 
0.0319283 0.0455102 0.998454 -134.553 -0.0182468 0.998823 -0.0449436 6.41869 -0.999324 -0.0167836 0.0327212 212.083 0 0 0 1 
0.0131735 0.0441286 0.998939 -131.913 -0.0200168 0.998837 -0.0438601 6.26271 -0.999713 -0.0194177 0.0140415 212.134 0 0 0 1 
0.0105359 0.0302963 0.999485 -130.597 -0.0159257 0.999419 -0.0301264 6.1871 -0.999818 -0.0156001 0.0110122 212.145 0 0 0 1 
0.013543 0.0201229 0.999706 -129.288 -0.0199436 0.999604 -0.0198507 6.12756 -0.999709 -0.0196689 0.013939 212.171 0 0 0 1 
0.0216367 0.0172267 0.999617 -127.993 -0.0144907 0.999752 -0.0169154 6.07806 -0.999661 -0.0141191 0.0218809 212.195 0 0 0 1 
0.078997 0.0357637 0.996233 -125.461 0.00843028 0.999297 -0.0365422 5.98104 -0.996839 0.0112852 0.0786399 212.312 0 0 0 1 
0.1252 0.0339356 0.991551 -124.213 0.0107548 0.99931 -0.0355591 5.9097 -0.992073 0.0151159 0.124749 212.465 0 0 0 1 
0.181655 0.0371007 0.982662 -122.994 0.00859888 0.99919 -0.0393143 5.83895 -0.983325 0.0155914 0.181189 212.689 0 0 0 1 
0.330927 0.0237393 0.943358 -120.621 -0.00472186 0.999713 -0.023501 5.7229 -0.943645 0.00332271 0.330944 213.466 0 0 0 1 
0.374825 0.0236319 0.926794 -120.069 -0.00574441 0.999715 -0.023168 5.70061 -0.927078 0.00336006 0.374854 213.717 0 0 0 1 
0.419749 0.0233809 0.907339 -119.536 -0.00639598 0.99972 -0.0228025 5.67646 -0.907618 0.00376803 0.419781 213.994 0 0 0 1 
0.466418 0.0233475 0.884256 -119.022 -0.00713103 0.999718 -0.0226347 5.65137 -0.884536 0.00425158 0.466453 214.298 0 0 0 1 
0.51345 0.0251602 0.857751 -118.526 -0.00896298 0.999673 -0.023958 5.63103 -0.858073 0.0046132 0.513507 214.629 0 0 0 1 
0.603796 0.0332816 0.796444 -117.607 -0.00971366 0.999361 -0.0343969 5.58548 -0.79708 0.0130323 0.603733 215.363 0 0 0 1 
0.646936 0.0363311 0.761678 -117.183 -0.0122032 0.99923 -0.0372972 5.5624 -0.762447 0.014834 0.646881 215.771 0 0 0 1 
0.726713 0.0284216 0.686353 -116.377 -0.0049447 0.999334 -0.0361466 5.51507 -0.686924 0.0228743 0.726369 216.651 0 0 0 1 
0.762235 0.0214694 0.646944 -116.003 -0.00225678 0.999532 -0.0305114 5.48819 -0.647296 0.0217969 0.761927 217.126 0 0 0 1 
0.794699 0.0173807 0.606754 -115.663 -0.00230508 0.999669 -0.0256168 5.46329 -0.606999 0.018959 0.794476 217.624 0 0 0 1 
0.851894 0.0153451 0.523489 -115.07 -0.0027221 0.999687 -0.0248741 5.41903 -0.523707 0.0197651 0.851669 218.655 0 0 0 1 
0.876586 0.0150144 0.481012 -114.817 -0.00282594 0.999657 -0.0260537 5.39958 -0.481238 0.0214789 0.876327 219.175 0 0 0 1 
0.898389 0.0159478 0.438911 -114.6 -0.00529813 0.999661 -0.0254781 5.38047 -0.439169 0.0205639 0.898169 219.705 0 0 0 1 
0.94814 0.0288502 0.31654 -114.114 -0.024295 0.999537 -0.0183287 5.33183 -0.316922 0.00968787 0.948402 221.344 0 0 0 1 
0.96577 0.0414457 0.256068 -113.872 -0.0399624 0.999141 -0.0109955 5.30002 -0.256303 0.000386071 0.966596 222.515 0 0 0 1 
0.977281 0.0640989 0.202022 -113.466 -0.0637988 0.997931 -0.00800381 5.25279 -0.202117 -0.00506681 0.979348 224.902 0 0 0 1 
0.977925 0.0671965 0.197857 -113.28 -0.066665 0.997732 -0.00935346 5.22618 -0.198037 -0.00404317 0.980186 226.025 0 0 0 1 
0.966286 0.0570674 0.251066 -112.618 -0.0552172 0.99837 -0.014414 5.15122 -0.251479 6.49293e-05 0.967863 228.881 0 0 0 1 
0.948358 0.0573072 0.311981 -112.281 -0.0583626 0.998278 -0.00596135 5.12126 -0.311785 -0.0125545 0.95007 229.922 0 0 0 1 
0.921484 0.0298991 0.387265 -111.818 -0.0333812 0.99944 0.00226677 5.08109 -0.38698 -0.0150162 0.921966 230.856 0 0 0 1 
0.819746 0.046038 0.570874 -110.772 -0.0356334 0.998933 -0.029391 5.00268 -0.571618 0.00375098 0.820511 232.417 0 0 0 1 
0.782536 0.0504055 0.620561 -110.456 -0.041577 0.998723 -0.0286927 4.99446 -0.621215 -0.00334802 0.783633 232.775 0 0 0 1 
0.703034 0.0291129 0.71056 -109.73 -0.0222134 0.999573 -0.0189762 4.9577 -0.710809 -0.00244308 0.703381 233.359 0 0 0 1 
0.659169 0.0246719 0.75159 -109.349 -0.0162934 0.999696 -0.0185264 4.93559 -0.751818 -3.3934e-05 0.65937 233.613 0 0 0 1 
0.566282 0.02619 0.823795 -108.563 -0.00923803 0.999634 -0.02543 4.89093 -0.82416 0.0067903 0.566317 234.059 0 0 0 1 
0.52068 0.0283177 0.853282 -108.179 -0.00715733 0.999559 -0.0288047 4.87173 -0.853722 0.00889081 0.520653 234.24 0 0 0 1 
0.477789 0.0299641 0.877963 -107.789 -0.00745428 0.99952 -0.0300561 4.8524 -0.878443 0.00781588 0.477783 234.412 0 0 0 1 
0.356035 0.0310194 0.933958 -106.554 -0.0131917 0.999516 -0.0281679 4.80806 -0.934379 -0.00229176 0.356272 234.854 0 0 0 1 
0.280689 0.0228571 0.959527 -105.604 -0.00484501 0.999737 -0.0223976 4.75695 -0.959787 0.00163785 0.280726 235.073 0 0 0 1 
0.175803 0.0321526 0.9839 -103.594 0.00255594 0.999448 -0.0331174 4.681 -0.984422 0.00833693 0.175624 235.419 0 0 0 1 
0.114907 0.0442545 0.99239 -101.242 0.00309612 0.998986 -0.0449071 4.57925 -0.993371 0.00823272 0.114654 235.712 0 0 0 1 
0.0961477 0.0415879 0.994498 -100.057 0.0106332 0.999027 -0.0428053 4.52331 -0.99531 0.0146903 0.0956119 235.803 0 0 0 1 
0.0898957 0.0322354 0.995429 -97.3697 0.0127496 0.999357 -0.033514 4.3993 -0.99587 0.0157041 0.0894269 236.046 0 0 0 1 
0.0867564 0.0327984 0.99569 -95.9118 0.0112573 0.999362 -0.0339002 4.34183 -0.996166 0.0141498 0.0863318 236.179 0 0 0 1 
0.0817932 0.0370495 0.99596 -94.3651 0.011407 0.999209 -0.0381071 4.27607 -0.996584 0.0144778 0.0813059 236.306 0 0 0 1 
0.0720164 0.0395488 0.996619 -90.9345 0.00745143 0.999164 -0.0401882 4.11839 -0.997376 0.0103204 0.0716615 236.581 0 0 0 1 
0.0674685 0.0368523 0.997041 -89.3038 0.00824826 0.999263 -0.0374926 4.03742 -0.997687 0.0107534 0.0671148 236.689 0 0 0 1 
0.0573578 0.0352375 0.997732 -85.6311 0.0124356 0.999274 -0.0360069 3.86668 -0.998276 0.0144727 0.056878 236.913 0 0 0 1 
0.0523715 0.0381065 0.9979 -82.7953 0.0126809 0.999166 -0.0388204 3.73328 -0.998547 0.0146873 0.0518446 237.072 0 0 0 1 
0.050703 0.0413813 0.997856 -81.8676 0.0119565 0.999044 -0.0420381 3.68881 -0.998642 0.0140623 0.0501597 237.122 0 0 0 1 
0.0452666 0.0446816 0.997975 -79.0333 0.00883464 0.998942 -0.0451256 3.53885 -0.998936 0.0108594 0.044824 237.274 0 0 0 1 
0.0462434 0.0391003 0.998165 -77.1724 0.0118575 0.999142 -0.0396879 3.43787 -0.99886 0.0136711 0.0457401 237.361 0 0 0 1 
0.0585811 0.0359535 0.997635 -73.1249 0.0205622 0.999096 -0.0372136 3.23576 -0.998071 0.0226936 0.0577888 237.578 0 0 0 1 
0.0616962 0.0383012 0.99736 -72.1066 0.0196598 0.999023 -0.0395812 3.18351 -0.997901 0.0220499 0.060883 237.645 0 0 0 1 
0.0643751 0.0405496 0.997102 -71.1182 0.0186552 0.998951 -0.0418292 3.13183 -0.997751 0.0212939 0.063551 237.714 0 0 0 1 
0.0661417 0.0407087 0.996979 -70.1052 0.0183965 0.998948 -0.0420096 3.0778 -0.997641 0.0211195 0.0653232 237.784 0 0 0 1 
0.0698658 0.0377392 0.996842 -67.1179 0.0123037 0.999176 -0.0386899 2.91278 -0.997481 0.0149679 0.0693438 238.008 0 0 0 1 
0.0733544 0.0244981 0.997005 -65.1964 0.0151208 0.999556 -0.0256733 2.81952 -0.997191 0.0169588 0.0729514 238.151 0 0 0 1 
0.0784184 0.0469608 0.995814 -61.394 0.0162782 0.998696 -0.0483786 2.62559 -0.996788 0.0200038 0.0775518 238.456 0 0 0 1 
0.0765951 0.0326636 0.996527 -57.6083 0.0187218 0.99924 -0.0341915 2.42377 -0.996886 0.0212757 0.0759254 238.76 0 0 0 1 
0.0771766 0.0366081 0.996345 -56.6906 0.0214571 0.999033 -0.0383689 2.37965 -0.996787 0.0243399 0.0763165 238.828 0 0 0 1 
0.0779415 0.036341 0.996295 -55.7865 0.0234423 0.998992 -0.0382733 2.33499 -0.996682 0.0263386 0.077011 238.897 0 0 0 1 
0.079126 0.0328746 0.996322 -54.8897 0.0224815 0.999143 -0.0347531 2.28902 -0.996611 0.0251487 0.0783191 238.972 0 0 0 1 
0.0826107 0.0349284 0.99597 -52.2359 0.0208323 0.999107 -0.0367663 2.15568 -0.996364 0.0237857 0.0818092 239.202 0 0 0 1 
0.0847397 0.0366612 0.995728 -50.4847 0.0220802 0.999008 -0.0386611 2.06592 -0.996158 0.0252621 0.0838462 239.356 0 0 0 1 
0.0895191 0.0311813 0.995497 -46.9696 0.0230101 0.999178 -0.0333658 1.88354 -0.995719 0.0258933 0.088728 239.675 0 0 0 1 
0.0906474 0.0313336 0.99539 -46.1487 0.0224589 0.999186 -0.0334983 1.84222 -0.99563 0.0253919 0.08987 239.752 0 0 0 1 
0.0922293 0.0313725 0.995243 -44.5372 0.0172342 0.999304 -0.0330976 1.76013 -0.995589 0.0202048 0.0916244 239.918 0 0 0 1 
0.0932094 0.0360421 0.994994 -41.448 0.00500521 0.999315 -0.0366675 1.59721 -0.995634 0.00839791 0.0929651 240.247 0 0 0 1 
0.0916139 0.0366594 0.99512 -39.9138 -0.00015382 0.999323 -0.0368001 1.5177 -0.995795 0.00321833 0.0915575 240.405 0 0 0 1 
0.089292 0.0328997 0.995462 -38.3824 0.00033321 0.999453 -0.0330615 1.44176 -0.996005 0.00328382 0.0892322 240.553 0 0 0 1 
0.0856388 0.0308845 0.995847 -36.8755 0.00370423 0.999503 -0.0313164 1.3631 -0.996319 0.00637075 0.0854818 240.686 0 0 0 1 
0.0813527 0.0348786 0.996075 -35.424 0.00341158 0.999372 -0.0352727 1.2918 -0.99668 0.00626772 0.0811826 240.812 0 0 0 1 
0.075575 0.0372505 0.996444 -34.0804 0.00339558 0.999287 -0.0376143 1.22343 -0.997134 0.00622621 0.0753946 240.919 0 0 0 1 
0.0475347 0.0323732 0.998345 -31.1154 -0.00135771 0.999476 -0.0323452 1.06027 -0.998869 0.000182057 0.0475538 241.113 0 0 0 1 
0.0224854 0.0318517 0.99924 -29.5662 0.00152596 0.99949 -0.0318941 0.979589 -0.999746 0.00224195 0.0224254 241.149 0 0 0 1 
-0.005809 0.0317411 0.999479 -28.1814 0.00408882 0.999489 -0.0317176 0.910616 -0.999975 0.00390245 -0.00593581 241.138 0 0 0 1 
-0.0372559 0.0274049 0.99893 -26.9545 0.00484507 0.999617 -0.027243 0.851898 -0.999294 0.00382493 -0.0373744 241.085 0 0 0 1 
-0.0721862 0.0304615 0.996926 -25.9143 0.0221338 0.999336 -0.0289325 0.799218 -0.997146 0.0199772 -0.0728125 240.969 0 0 0 1 
-0.109739 0.0251979 0.993641 -25.0518 0.0209066 0.999516 -0.0230379 0.762147 -0.993741 0.0182455 -0.110213 240.861 0 0 0 1 
-0.163414 0.0302639 0.986093 -24.2402 0.0225247 0.999383 -0.026939 0.726707 -0.9863 0.0178093 -0.163995 240.699 0 0 0 1 
-0.277956 0.0369807 0.959882 -22.8466 0.0324594 0.99905 -0.0290903 0.657344 -0.960045 0.0230714 -0.278892 240.264 0 0 0 1 
-0.336674 0.0479057 0.940402 -22.2784 0.0306847 0.998733 -0.0398917 0.636772 -0.941121 0.0154255 -0.337718 240.033 0 0 0 1 
-0.457574 0.0512917 0.887691 -21.2862 0.0364371 0.998578 -0.0389168 0.590984 -0.888425 0.0145376 -0.458792 239.493 0 0 0 1 
-0.530692 0.051922 0.845973 -20.718 0.038779 0.998564 -0.0369607 0.564905 -0.846677 0.0131913 -0.531943 239.089 0 0 0 1 
-0.610235 0.0491692 0.790693 -20.1258 0.0338319 0.998779 -0.0359985 0.531152 -0.791498 0.00478313 -0.611153 238.598 0 0 0 1 
-0.765206 0.0498175 0.641855 -18.982 0.0379253 0.998758 -0.0323047 0.466895 -0.642668 -0.000377174 -0.766145 237.248 0 0 0 1 
-0.835994 0.0541333 0.546062 -18.4813 0.0424534 0.99852 -0.0339933 0.43999 -0.547094 -0.00523599 -0.837055 236.386 0 0 0 1 
-0.867724 0.0536149 0.494146 -18.2513 0.0427709 0.998532 -0.0332349 0.421147 -0.495202 -0.00770366 -0.868744 235.914 0 0 0 1 
-0.919133 0.0546153 0.390142 -17.8505 0.0473652 0.99848 -0.028188 0.38984 -0.391089 -0.00742939 -0.920323 234.857 0 0 0 1 
-0.938167 0.0609356 0.340777 -17.6913 0.0554249 0.998127 -0.0258927 0.38096 -0.341717 -0.0054041 -0.939788 234.279 0 0 0 1 
-0.966585 0.0618405 0.248777 -17.4172 0.059419 0.998084 -0.0172385 0.359176 -0.249366 -0.00188041 -0.968407 233.114 0 0 0 1 
-0.976306 0.059309 0.208108 -17.295 0.0580573 0.99824 -0.0121228 0.347037 -0.208461 0.000246588 -0.978031 232.48 0 0 0 1 
-0.992661 0.0626078 0.103463 -16.9509 0.0625544 0.998034 -0.00376366 0.326502 -0.103495 0.00273602 -0.994626 229.621 0 0 0 1 
-0.997032 0.0628938 0.0444116 -16.752 0.0631008 0.998002 0.00327147 0.317824 -0.0441171 0.00606416 -0.999008 226.337 0 0 0 1 
-0.997217 0.0677261 0.0311668 -16.7008 0.0679298 0.997675 0.00552344 0.318467 -0.0307202 0.00762522 -0.999499 224.57 0 0 0 1 
-0.997321 0.0686047 0.0253798 -16.6543 0.0687941 0.997609 0.00666546 0.323872 -0.0248618 0.00839358 -0.999656 222.813 0 0 0 1 
-0.996994 0.0731878 0.0254371 -16.5559 0.0733718 0.997284 0.00637535 0.332935 -0.0249014 0.00822255 -0.999656 218.963 0 0 0 1 
-0.99662 0.0768622 0.0289938 -16.4606 0.0769475 0.997033 0.00183486 0.333313 -0.0287668 0.00405967 -0.999578 215.791 0 0 0 1 
-0.996425 0.0787795 0.0305234 -16.4251 0.0788124 0.996889 -0.000126213 0.329835 -0.0304384 0.00227986 -0.999534 214.707 0 0 0 1 
-0.996101 0.0818001 0.0330529 -16.3876 0.0818282 0.996646 -0.000503626 0.32618 -0.0329832 0.002203 -0.999453 213.596 0 0 0 1 
-0.995925 0.082435 0.0365692 -16.3427 0.0824647 0.996594 -0.00069915 0.317892 -0.0365023 0.00231937 -0.999331 212.473 0 0 0 1 
-0.995888 0.0810037 0.0405632 -16.2901 0.0809977 0.996713 -0.00179617 0.309079 -0.0405754 0.00149674 -0.999175 211.321 0 0 0 1 
-0.995842 0.0794273 0.0446012 -16.2212 0.0793606 0.996841 -0.00326723 0.298614 -0.0447198 0.00028593 -0.999 210.127 0 0 0 1 
-0.995769 0.0739903 0.0544868 -16.03 0.0739866 0.997257 -0.00208827 0.265985 -0.0544918 0.00195185 -0.998512 206.903 0 0 0 1 
-0.995613 0.0741813 0.0570298 -15.9618 0.074178 0.997243 -0.0021774 0.255631 -0.0570341 0.00206251 -0.99837 205.815 0 0 0 1 
-0.995125 0.0766874 0.0620099 -15.8204 0.0768539 0.997042 0.00030205 0.235564 -0.0618034 0.00506628 -0.998075 203.596 0 0 0 1 
-0.99491 0.0775051 0.0644032 -15.7456 0.0776753 0.996979 0.000138843 0.224733 -0.0641978 0.00514067 -0.997924 202.479 0 0 0 1 
-0.994762 0.0776123 0.0665177 -15.6662 0.0777271 0.996974 -0.000863672 0.213797 -0.0663834 0.00431108 -0.997785 201.353 0 0 0 1 
-0.994744 0.0747725 0.0699589 -15.4934 0.0749108 0.99719 -0.000648126 0.188694 -0.0698108 0.00459596 -0.99755 199.081 0 0 0 1 
-0.994735 0.074121 0.0707652 -15.4065 0.074259 0.997239 -0.000682883 0.175943 -0.0706205 0.00457567 -0.997493 197.938 0 0 0 1 
-0.99473 0.0735899 0.0713858 -15.3199 0.073773 0.997275 -7.10555e-05 0.163529 -0.0711965 0.00519567 -0.997449 196.787 0 0 0 1 
-0.994559 0.0746052 0.07271 -15.1442 0.0747741 0.9972 -0.000400048 0.13908 -0.0725363 0.00503896 -0.997353 194.478 0 0 0 1 
-0.994499 0.0751956 0.0729171 -15.0554 0.0754031 0.997153 9.30619e-05 0.127544 -0.0727026 0.00559073 -0.997338 193.316 0 0 0 1 
-0.994562 0.074373 0.0729068 -14.9635 0.0746386 0.99721 0.000920981 0.114873 -0.0726349 0.00635763 -0.997338 192.151 0 0 0 1 
-0.994685 0.0732352 0.0723818 -14.8701 0.0735402 0.997291 0.00155461 0.10281 -0.0720719 0.00686932 -0.997376 190.98 0 0 0 1 
-0.994854 0.0716612 0.0716247 -14.7766 0.0720058 0.997402 0.00223729 0.0926589 -0.0712782 0.00738317 -0.997429 189.806 0 0 0 1 
-0.995084 0.0694299 0.0706206 -14.6839 0.0697734 0.99756 0.00240609 0.0817314 -0.0702812 0.0073217 -0.9975 188.628 0 0 0 1 
-0.995284 0.0681987 0.068988 -14.5937 0.0684565 0.997653 0.00137795 0.0704826 -0.0687321 0.00609413 -0.997617 187.447 0 0 0 1 
-0.99558 0.0669865 0.0658211 -14.4208 0.0672151 0.997738 0.00126148 0.0491403 -0.0655877 0.00568007 -0.997831 185.073 0 0 0 1 
-0.995646 0.0675419 0.0642487 -14.3392 0.0679384 0.997681 0.00400438 0.0405599 -0.0638293 0.00835191 -0.997926 183.877 0 0 0 1 
-0.995779 0.0681263 0.0614988 -14.1795 0.0688531 0.997579 0.00977468 0.0310729 -0.060684 0.0139678 -0.998059 181.455 0 0 0 1 
-0.995813 0.0691931 0.0597421 -14.1032 0.0699193 0.997501 0.0101484 0.0308441 -0.0588906 0.0142831 -0.998162 180.236 0 0 0 1 
-0.995914 0.0706007 0.0563116 -13.954 0.0711192 0.997441 0.00725528 0.0299143 -0.0556553 0.0112305 -0.998387 177.781 0 0 0 1 
-0.995874 0.0723336 0.0547971 -13.8814 0.0727782 0.997329 0.00615896 0.02819 -0.0542052 0.0101216 -0.998479 176.54 0 0 0 1 
-0.995646 0.0774405 0.0518861 -13.7479 0.0777377 0.996967 0.00373044 0.0166795 -0.0514398 0.0077477 -0.998646 174.043 0 0 0 1 
-0.995611 0.0786149 0.0507801 -13.6814 0.078831 0.996885 0.00226425 0.00853516 -0.0504439 0.00625736 -0.998707 172.784 0 0 0 1 
-0.995669 0.0784828 0.0498273 -13.6144 0.0786067 0.996906 0.000529756 -0.00193292 -0.0496315 0.00444422 -0.998758 171.52 0 0 0 1 
-0.99602 0.0751164 0.0479754 -13.4739 0.0754085 0.997143 0.00430428 -0.0211692 -0.047515 0.0079049 -0.998839 168.966 0 0 0 1 
-0.996246 0.0725192 0.0472765 -13.4052 0.0729003 0.997319 0.00638536 -0.0296736 -0.0466867 0.00980786 -0.998861 167.682 0 0 0 1 
-0.99625 0.0728615 0.0466536 -13.2738 0.0730156 0.99733 0.00160619 -0.0440598 -0.046412 0.00500661 -0.99891 165.111 0 0 0 1 
-0.996193 0.0736677 0.0466172 -13.2078 0.0737117 0.997279 -0.000775932 -0.0564989 -0.0465475 0.00266326 -0.998913 163.817 0 0 0 1 
-0.996004 0.0756045 0.0475435 -13.0755 0.0757494 0.997126 0.00125075 -0.0860273 -0.0473123 0.00484714 -0.998868 161.21 0 0 0 1 
-0.995973 0.0756822 0.0480557 -13.0084 0.0759591 0.997103 0.00396079 -0.0993562 -0.0476167 0.00759511 -0.998837 159.902 0 0 0 1 
-0.995886 0.0765411 0.0485108 -12.9407 0.0768102 0.997039 0.00370522 -0.109841 -0.0480836 0.00741611 -0.998816 158.594 0 0 0 1 
-0.995777 0.0773023 0.0495255 -12.8005 0.0775051 0.99699 0.00218303 -0.131859 -0.0492076 0.00601228 -0.99877 155.971 0 0 0 1 
-0.995706 0.0778998 0.0500052 -12.7289 0.078086 0.996945 0.00177904 -0.14517 -0.0497139 0.0056761 -0.998747 154.653 0 0 0 1 
-0.995712 0.0769845 0.051286 -12.5813 0.0772128 0.997012 0.00248346 -0.173813 -0.0509415 0.00643275 -0.998681 152.016 0 0 0 1 
-0.995717 0.0764625 0.0519761 -12.5067 0.0767219 0.997048 0.00301096 -0.188388 -0.0515925 0.00698577 -0.998644 150.698 0 0 0 1 
-0.995729 0.0756717 0.052899 -12.4301 0.075971 0.997103 0.00366706 -0.201533 -0.0524683 0.00767018 -0.998593 149.38 0 0 0 1 
-0.995718 0.0751712 0.0537975 -12.3522 0.0755255 0.997133 0.00458084 -0.21508 -0.0532989 0.00862431 -0.998541 148.063 0 0 0 1 
-0.995608 0.0752675 0.0556704 -12.1947 0.0756749 0.997119 0.00524257 -0.237863 -0.0551154 0.00943239 -0.998435 145.432 0 0 0 1 
-0.99556 0.0753199 0.0564526 -12.1159 0.0756766 0.997124 0.00420428 -0.249967 -0.0559735 0.00845776 -0.998396 144.122 0 0 0 1 
-0.995517 0.0759227 0.0564013 -12.0257 0.076278 0.997078 0.00417068 -0.266802 -0.0559198 0.00845416 -0.998399 142.751 0 0 0 1 
-0.995459 0.0760655 0.0572329 -11.9464 0.0764398 0.997065 0.00437567 -0.280297 -0.0567321 0.00873067 -0.998351 141.466 0 0 0 1 
-0.995374 0.0767232 0.057821 -11.8643 0.0771312 0.997009 0.00485501 -0.293645 -0.0572756 0.00929236 -0.998315 140.179 0 0 0 1 
-0.995488 0.0735038 0.0600018 -11.6175 0.0740211 0.997236 0.00644105 -0.330974 -0.0593625 0.0108534 -0.998177 136.311 0 0 0 1 
-0.995528 0.0722403 0.0608653 -11.5331 0.0731197 0.997247 0.012344 -0.338615 -0.059806 0.0167393 -0.99807 135.032 0 0 0 1 
-0.995335 0.0732178 0.0628315 -11.365 0.0743468 0.997107 0.0158194 -0.339709 -0.0614914 0.0204169 -0.997899 132.476 0 0 0 1 
-0.995208 0.0742751 0.0635993 -11.2817 0.0753089 0.997062 0.0140119 -0.337054 -0.0623717 0.0187344 -0.997877 131.216 0 0 0 1 
-0.99518 0.0740072 0.064334 -11.1945 0.0750251 0.99709 0.0135489 -0.337755 -0.0631441 0.0183102 -0.997836 129.955 0 0 0 1 
-0.995128 0.0739611 0.0651941 -11.107 0.07507 0.99707 0.0147244 -0.338297 -0.063914 0.0195468 -0.997764 128.696 0 0 0 1 
-0.994976 0.0753101 0.0659564 -11.0201 0.0765036 0.996945 0.0157556 -0.339257 -0.0645683 0.0207224 -0.997698 127.44 0 0 0 1 
-0.994716 0.0777317 0.0670664 -10.8465 0.0790676 0.996716 0.0174956 -0.337257 -0.0654862 0.0227059 -0.997595 124.926 0 0 0 1 
-0.99476 0.07675 0.0675407 -10.7629 0.0781525 0.996772 0.0183686 -0.333868 -0.0659129 0.0235509 -0.997547 123.763 0 0 0 1 
-0.994754 0.0772869 0.0670215 -10.6725 0.078424 0.996815 0.0145003 -0.33249 -0.0656873 0.0196803 -0.997646 122.506 0 0 0 1 
-0.994967 0.0752027 0.0662157 -10.5865 0.0761635 0.997022 0.012103 -0.330213 -0.0651083 0.0170853 -0.997732 121.349 0 0 0 1 
-0.995144 0.0729823 0.0660442 -10.4986 0.0739368 0.997189 0.0121217 -0.337564 -0.0649739 0.0169459 -0.997743 120.144 0 0 0 1 
-0.995249 0.0722627 0.0652424 -10.4144 0.0732061 0.997242 0.0121834 -0.344752 -0.0641821 0.0169016 -0.997795 118.957 0 0 0 1 
-0.995444 0.0716923 0.0628612 -10.2558 0.0725641 0.997295 0.0116947 -0.360421 -0.0618528 0.0162029 -0.997954 116.628 0 0 0 1 
-0.995507 0.0717935 0.0617368 -10.1812 0.0726428 0.99729 0.0116201 -0.368953 -0.0607352 0.0160526 -0.998025 115.496 0 0 0 1 
-0.995698 0.0710591 0.05946 -10.0403 0.0718513 0.997351 0.0112903 -0.385795 -0.0585002 0.0155141 -0.998167 113.288 0 0 0 1 
-0.9958 0.0706579 0.0582225 -9.97319 0.07139 0.997392 0.0105891 -0.394626 -0.0573225 0.0147011 -0.998247 112.212 0 0 0 1 
-0.995819 0.0713004 0.0571022 -9.90888 0.0719711 0.997359 0.00977324 -0.403707 -0.0562546 0.0138421 -0.99832 111.151 0 0 0 1 
-0.995845 0.0718411 0.0559648 -9.84636 0.0724941 0.997321 0.00972528 -0.41416 -0.0551163 0.013742 -0.998385 110.125 0 0 0 1 
-0.995784 0.0751634 0.0525717 -9.68205 0.0758428 0.997059 0.0110481 -0.444959 -0.0515867 0.0149887 -0.998556 107.2 0 0 0 1 
-0.995858 0.0755054 0.0506463 -9.5783 0.0762272 0.997012 0.0124718 -0.464929 -0.0495533 0.0162808 -0.998639 105.326 0 0 0 1 
-0.99614 0.073323 0.0482485 -9.48287 0.0740598 0.99716 0.0136632 -0.479949 -0.0471097 0.0171837 -0.998742 103.506 0 0 0 1 
-0.995916 0.0768268 0.0474295 -9.32093 0.0778241 0.996775 0.0195479 -0.494388 -0.0457747 0.0231592 -0.998683 100.268 0 0 0 1 
-0.994765 0.083962 0.0582572 -9.23913 0.085154 0.9962 0.0182846 -0.497243 -0.0565006 0.0231497 -0.998134 98.7504 0 0 0 1 
-0.992038 0.0907424 0.087331 -9.12059 0.0925731 0.995558 0.0171374 -0.503043 -0.0853881 0.0250854 -0.996032 97.3543 0 0 0 1 
-0.986701 0.093677 0.132839 -8.93881 0.0964991 0.995221 0.0149536 -0.515799 -0.130803 0.0275735 -0.991025 96.0589 0 0 0 1 
-0.975989 0.0957609 0.195642 -8.68614 0.0994536 0.995 0.00911627 -0.530971 -0.193791 0.0283546 -0.980633 94.8732 0 0 0 1 
-0.958904 0.0884139 0.269603 -8.34821 0.0925094 0.995709 0.00249669 -0.552666 -0.268225 0.0273349 -0.962968 93.8035 0 0 0 1 
-0.896485 0.0607491 0.43889 -7.4078 0.065632 0.997836 -0.0040548 -0.606766 -0.438187 0.0251702 -0.898531 91.8502 0 0 0 1 
-0.87285 0.0498226 0.485439 -7.13811 0.0552372 0.998468 -0.00315684 -0.613194 -0.484852 0.0240588 -0.874265 91.4956 0 0 0 1 
-0.816306 0.0336695 0.576638 -6.49903 0.0402858 0.999187 -0.0013121 -0.635795 -0.576213 0.0221592 -0.816999 90.6772 0 0 0 1 
-0.746871 0.021085 0.664634 -5.76005 0.0301425 0.999543 0.00216244 -0.662224 -0.664285 0.0216488 -0.747166 89.9448 0 0 0 1 
-0.705772 0.0185823 0.708195 -5.35767 0.0288598 0.99958 0.00253313 -0.680595 -0.707851 0.0222262 -0.706012 89.5929 0 0 0 1 
-0.662201 0.0191954 0.74908 -4.93752 0.0298009 0.999556 0.000730682 -0.684102 -0.748734 0.0228071 -0.662479 89.257 0 0 0 1 
-0.568457 0.0210047 0.822445 -4.03832 0.0285901 0.999575 -0.00576766 -0.699364 -0.822216 0.0202351 -0.568815 88.68 0 0 0 1 
-0.518081 0.0191281 0.855118 -3.56067 0.0267179 0.999624 -0.00617322 -0.704112 -0.854914 0.0196487 -0.518397 88.4266 0 0 0 1 
-0.412194 0.0144561 0.910981 -2.58756 0.0180453 0.999808 -0.00770065 -0.7332 -0.910917 0.0132648 -0.412376 88.0006 0 0 0 1 
-0.359632 0.0138921 0.932991 -2.06309 0.017647 0.999812 -0.00808482 -0.756863 -0.932927 0.013557 -0.359809 87.8247 0 0 0 1 
-0.26113 0.0190312 0.965116 -1.00642 0.0182072 0.999725 -0.0147874 -0.798023 -0.965132 0.0137106 -0.261404 87.5643 0 0 0 1 
-0.216665 0.0191726 0.976058 -0.448238 0.00850333 0.999806 -0.0177515 -0.791663 -0.976209 0.00445362 -0.216786 87.5132 0 0 0 1 
-0.141089 0.0182018 0.98983 0.614277 0.00178402 0.999834 -0.0181314 -0.812648 -0.989995 -0.000792274 -0.141098 87.4119 0 0 0 1 
-0.112748 0.0210193 0.993401 1.13228 0.00316721 0.999779 -0.0207947 -0.823034 -0.993619 0.000801735 -0.11279 87.386 0 0 0 1 
-0.091033 0.0232657 0.995576 1.69639 0.00411962 0.999727 -0.022986 -0.853079 -0.995839 0.00200891 -0.091104 87.3557 0 0 0 1 
-0.0534378 0.0337958 0.997999 2.86142 0.0004243 0.999428 -0.0338215 -0.898149 -0.998571 -0.00138389 -0.0534215 87.3079 0 0 0 1 
-0.040886 0.0356046 0.998529 3.41598 0.00220821 0.999366 -0.035544 -0.914077 -0.999161 0.000751709 -0.0409386 87.2779 0 0 0 1 
-0.0248799 0.0283804 0.999288 4.67332 0.00695619 0.999578 -0.0282155 -0.971946 -0.999666 0.00624924 -0.0250669 87.244 0 0 0 1 
-0.0191822 0.026394 0.999468 5.85085 0.00597714 0.999637 -0.0262838 -0.996063 -0.999798 0.00546978 -0.0193329 87.2346 0 0 0 1 
-0.0181383 0.0300347 0.999384 8.54762 0.0177337 0.999401 -0.0297133 -1.08008 -0.999678 0.0171838 -0.01866 87.1816 0 0 0 1 
-0.0162343 0.0293866 0.999436 11.5203 0.0284197 0.999178 -0.0289174 -1.18956 -0.999464 0.0279342 -0.0170561 87.1175 0 0 0 1 
-0.00234385 0.0297589 0.999554 13.8852 0.0393187 0.998787 -0.0296439 -1.27803 -0.999224 0.0392317 -0.00351109 87.0714 0 0 0 1 
0.0155602 0.0279562 0.999488 15.5622 0.0453531 0.99856 -0.0286363 -1.33538 -0.99885 0.0457755 0.0142699 87.0918 0 0 0 1 
0.0365966 0.0252565 0.999011 17.3135 0.0420527 0.998756 -0.0267906 -1.3934 -0.998445 0.0429916 0.035489 87.1689 0 0 0 1 
0.0775008 0.0354091 0.996363 20.9906 0.0284665 0.998883 -0.0377129 -1.53593 -0.996586 0.0312858 0.0764062 87.4481 0 0 0 1 
0.0861593 0.0339468 0.995703 22.7896 0.0171824 0.99922 -0.0355535 -1.62299 -0.996133 0.0201718 0.0855088 87.6308 0 0 0 1 
0.0759282 0.0309398 0.996633 26.5454 0.00297417 0.999507 -0.0312556 -1.80269 -0.997109 0.00533733 0.0757987 87.9736 0 0 0 1 
0.0564533 0.0303191 0.997945 29.2055 0.00345603 0.999527 -0.0305627 -1.92235 -0.998399 0.00517429 0.0563219 88.1069 0 0 0 1 
0.0438917 0.0271815 0.998666 30.1226 0.00238612 0.999624 -0.0273124 -1.95921 -0.999033 0.00358172 0.0438104 88.1716 0 0 0 1 
0.0310522 0.0247023 0.999212 31.0348 0.00181633 0.999692 -0.0247705 -1.99508 -0.999516 0.00258408 0.0309978 88.2234 0 0 0 1 
0.0139587 0.0261809 0.99956 32.0058 -0.000407199 0.999657 -0.0261777 -2.03858 -0.999902 -4.16128e-05 0.0139646 88.2368 0 0 0 1 
0.000545204 0.0275353 0.999621 32.9593 0.000357609 0.999621 -0.0275355 -2.08317 -1 0.000372486 0.00053515 88.2292 0 0 0 1 
-0.0120425 0.0283387 0.999526 33.8945 0.00114232 0.999598 -0.0283269 -2.12204 -0.999927 0.000800654 -0.01207 88.2142 0 0 0 1 
-0.0353575 0.0262791 0.999029 35.7066 0.00433307 0.999649 -0.0261421 -2.19632 -0.999365 0.00340455 -0.0354589 88.1677 0 0 0 1 
-0.0524973 0.0269584 0.998257 37.5139 0.0101922 0.999598 -0.0264586 -2.27196 -0.998569 0.00878547 -0.052751 88.0826 0 0 0 1 
-0.0584447 0.0284487 0.997885 38.4167 0.0112359 0.999549 -0.0278381 -2.30781 -0.998227 0.00958515 -0.058738 88.025 0 0 0 1 
-0.0647148 0.03572 0.997264 41.1748 0.0142984 0.99929 -0.0348647 -2.42721 -0.997801 0.012003 -0.0651796 87.8547 0 0 0 1 
-0.0621342 0.0354413 0.997438 43.0727 0.0148601 0.999291 -0.0345815 -2.51322 -0.997957 0.0126733 -0.0626168 87.7285 0 0 0 1 
-0.0573062 0.0310669 0.997873 44.9947 0.0147747 0.999433 -0.030267 -2.5958 -0.998247 0.0130087 -0.0577327 87.6178 0 0 0 1 
-0.054682 0.0278896 0.998114 48.875 0.00579309 0.999602 -0.0276138 -2.75282 -0.998487 0.00427219 -0.0548218 87.4311 0 0 0 1 
-0.0659292 0.0283602 0.997421 50.8461 -0.00452684 0.999577 -0.0287208 -2.83563 -0.997814 -0.0064087 -0.0657729 87.331 0 0 0 1 
-0.12399 0.0362054 0.991623 54.647 -0.0162861 0.999125 -0.0385157 -3.01807 -0.99215 -0.0209253 -0.123292 86.989 0 0 0 1 
-0.142229 0.0324523 0.989302 55.5357 -0.0149012 0.999279 -0.0349219 -3.06497 -0.989722 -0.0197087 -0.141643 86.8609 0 0 0 1 
-0.184668 0.0264656 0.982444 57.389 -0.00986391 0.999537 -0.0287801 -3.15766 -0.982751 -0.0150055 -0.184322 86.5358 0 0 0 1 
-0.26453 0.0286832 0.963951 60.9981 0.00976931 0.999586 -0.0270627 -3.31975 -0.964328 0.00225825 -0.2647 85.6382 0 0 0 1 
-0.318324 0.020645 0.947757 64.5537 0.0211437 0.999669 -0.0146742 -3.45398 -0.947746 0.0153679 -0.318655 84.4984 0 0 0 1 
