0.103755 -0.000005 0.000025 -0.000005 -0.000035 -0.000044 -0.000010 1.000000
0.518120 0.015963 -0.013468 1.215819 0.002121 -0.000144 0.004500 0.999988
0.828918 -0.052401 -0.030595 2.207726 0.003115 -0.024414 0.002643 0.999694
1.243510 -0.261301 -0.051674 3.673542 0.003130 -0.064990 0.002034 0.997879
1.659233 -0.601319 -0.083983 5.321384 0.002808 -0.094736 0.001286 0.995498
2.076388 -1.030226 -0.118332 7.170609 0.006908 -0.111473 0.002482 0.993740
2.491106 -1.561708 -0.171925 9.217442 0.011300 -0.128326 0.005443 0.991653
2.907234 -2.235721 -0.256623 11.441945 0.015917 -0.145552 0.005565 0.989207
3.115221 -2.626194 -0.312261 12.618484 0.020310 -0.153604 0.004940 0.987911
3.531593 -3.492982 -0.473350 15.107612 0.037417 -0.162907 0.003006 0.985927
3.742035 -3.972884 -0.590546 16.410453 0.044734 -0.167499 0.000434 0.984857
3.947360 -4.483669 -0.729903 17.753339 0.050909 -0.172436 -0.002364 0.983701
4.363183 -5.597816 -1.052090 20.570288 0.052589 -0.183913 -0.005418 0.981520
4.571450 -6.207923 -1.220020 22.043730 0.050181 -0.191779 -0.005646 0.980138
4.778763 -6.860428 -1.380057 23.522842 0.045169 -0.200564 -0.007882 0.978607
5.194245 -8.291194 -1.672919 26.542481 0.042048 -0.219138 -0.010300 0.974733
5.401997 -9.070952 -1.814458 28.085149 0.040164 -0.227961 -0.010393 0.972786
5.609757 -9.903500 -1.949430 29.666917 0.035407 -0.236300 -0.011093 0.970972
6.025285 -11.700370 -2.193787 32.909850 0.030726 -0.250980 -0.010039 0.967452
6.233134 -12.666954 -2.314162 34.588100 0.029742 -0.256695 -0.008668 0.965996
6.752638 -15.245620 -2.614786 38.926378 0.028323 -0.261069 -0.007695 0.964874
6.960403 -16.318448 -2.738152 40.737456 0.028377 -0.262879 -0.005463 0.964396
7.375748 -18.540930 -2.987173 44.373021 0.021805 -0.272886 -0.003838 0.961792
7.583886 -19.701746 -3.106953 46.166302 0.023892 -0.283240 -0.000886 0.958751
7.998481 -22.174987 -3.336969 49.704010 0.020343 -0.301468 -0.004135 0.953250
8.206229 -23.429436 -3.450409 51.410922 0.026122 -0.306817 -0.003731 0.951403
8.621720 -26.002483 -3.688575 54.822142 0.020827 -0.317268 -0.004497 0.948097
8.829907 -27.339133 -3.798436 56.535121 0.022049 -0.322483 -0.004685 0.946307
9.244879 -30.081679 -4.028713 59.922218 0.022271 -0.336142 -0.003082 0.941543
9.659968 -32.959288 -4.263695 63.244420 0.023748 -0.352302 -0.001108 0.935584
9.971133 -35.216312 -4.446497 65.694762 0.023032 -0.365336 0.000385 0.930591
10.178630 -36.776856 -4.571903 67.310785 0.022673 -0.374120 0.001492 0.927102
10.386180 -38.386616 -4.698519 68.907264 0.023615 -0.382390 0.001319 0.923698
10.593630 -40.034220 -4.824246 70.494451 0.023365 -0.389128 0.000786 0.920887
11.008770 -43.412577 -5.083557 73.609646 0.026637 -0.401964 0.002211 0.915265
11.216240 -45.160289 -5.225405 75.162623 0.025282 -0.408187 0.002425 0.912545
11.631420 -48.777932 -5.509024 78.262109 0.024475 -0.419275 0.004537 0.907518
11.839050 -50.602877 -5.653247 79.777619 0.025190 -0.424100 0.008210 0.905228
12.253600 -54.380802 -5.960419 82.801990 0.021531 -0.440800 0.016689 0.897192
12.460990 -56.337877 -6.113963 84.246170 0.020169 -0.450951 0.016188 0.892174
12.668390 -58.332624 -6.266043 85.641128 0.021737 -0.461609 0.017179 0.886651
13.083110 -62.483360 -6.589431 88.341801 0.019775 -0.483097 0.019695 0.875122
13.186860 -63.540904 -6.668892 88.983415 0.020406 -0.488390 0.019731 0.872163
13.601730 -67.963659 -7.013508 91.505837 0.021336 -0.507891 0.018462 0.860959
13.809230 -70.231963 -7.185491 92.710756 0.019955 -0.515615 0.018438 0.856390
14.224500 -74.839853 -7.545862 95.032071 0.021970 -0.527982 0.024697 0.848612
14.327630 -75.987431 -7.642557 95.587239 0.021079 -0.530155 0.025715 0.847248
14.742390 -80.597441 -8.009030 97.759193 0.014679 -0.536862 0.026684 0.843120
15.053740 -83.986913 -8.257005 99.304450 0.011514 -0.540193 0.028209 0.840989
15.365030 -87.308383 -8.498386 100.798864 0.007353 -0.543062 0.029909 0.839127
15.780370 -91.640639 -8.803920 102.717784 0.008163 -0.544313 0.032035 0.838231
16.195700 -95.785199 -9.111460 104.583356 0.011337 -0.536326 0.030143 0.843396
16.611110 -99.794131 -9.405761 106.542559 0.011722 -0.520711 0.027748 0.853202
16.818850 -101.748195 -9.550703 107.578653 0.014522 -0.511026 0.027337 0.859008
17.338110 -106.452529 -9.920399 110.353871 0.015231 -0.480630 0.023321 0.876481
17.442380 -107.349214 -9.990516 110.941303 0.015561 -0.474685 0.023493 0.879705
18.064140 -112.428517 -10.401704 114.598100 0.014164 -0.440013 0.022212 0.897605
18.375420 -114.758845 -10.590040 116.474103 0.016275 -0.423248 0.020629 0.905633
18.790260 -117.673893 -10.829897 119.039648 0.014510 -0.402694 0.018780 0.915027
18.997780 -119.064905 -10.938309 120.341445 0.013438 -0.393439 0.017292 0.919090
19.205270 -120.404412 -11.043705 121.646049 0.012262 -0.383888 0.015423 0.923169
19.620500 -122.900922 -11.228113 124.258864 0.009996 -0.361142 0.010836 0.932394
19.828250 -124.052033 -11.309293 125.569596 0.010702 -0.346860 0.009059 0.937812
20.243550 -126.190626 -11.455894 128.266105 0.009684 -0.316190 0.007565 0.948616
20.451300 -127.165044 -11.517721 129.638035 0.007216 -0.300783 0.006933 0.953640
20.868590 -129.020878 -11.622210 132.491082 0.005333 -0.275350 0.006703 0.961306
21.074000 -129.903093 -11.669210 133.958476 0.005069 -0.263077 0.005273 0.964747
21.488760 -131.602455 -11.758669 137.015016 0.005368 -0.244120 0.006026 0.969712
21.696840 -132.447626 -11.797836 138.609911 0.001999 -0.237454 0.003753 0.971390
21.903660 -133.286590 -11.825312 140.244763 0.000024 -0.230232 0.001400 0.973135
22.318740 -134.944077 -11.852693 143.693327 -0.003898 -0.214602 0.000685 0.976694
22.526370 -135.761299 -11.857965 145.520858 -0.003937 -0.205373 0.002272 0.978673
22.941740 -137.329451 -11.878410 149.356792 -0.002059 -0.178912 0.000320 0.983863
23.149820 -138.044822 -11.888523 151.384006 -0.003830 -0.158873 -0.003042 0.987287
23.357620 -138.679399 -11.891468 153.483119 -0.004822 -0.136915 -0.004521 0.990561
23.773430 -139.681932 -11.868910 157.885832 -0.011427 -0.091931 -0.007925 0.995668
23.981240 -140.049496 -11.842919 160.197511 -0.010398 -0.069673 -0.008780 0.997477
24.188990 -140.327878 -11.816902 162.591871 -0.010990 -0.048933 -0.008484 0.998706
24.396610 -140.517469 -11.787690 165.058574 -0.012396 -0.028712 -0.009270 0.999468
24.604240 -140.609787 -11.752481 167.576160 -0.013101 -0.008136 -0.010623 0.999825
25.019370 -140.481832 -11.689508 172.741616 -0.010206 0.031476 -0.013979 0.999355
25.226870 -140.262548 -11.673688 175.386337 -0.008029 0.050625 -0.014326 0.998583
25.434250 -139.940784 -11.678785 178.060839 -0.002328 0.069051 -0.015514 0.997490
25.848990 -139.001206 -11.769652 183.575834 0.002966 0.104722 -0.018085 0.994333
26.056490 -138.360238 -11.837341 186.360155 0.005737 0.122132 -0.017362 0.992345
26.471490 -136.768181 -12.017459 192.011421 0.008693 0.157447 -0.021590 0.987253
26.679010 -135.792744 -12.131282 194.878082 0.011630 0.175476 -0.021859 0.984172
27.094360 -133.464236 -12.442386 200.570219 0.018527 0.218878 -0.025105 0.975253
27.302140 -132.085171 -12.633935 203.344337 0.020302 0.246247 -0.029008 0.968560
27.717500 -128.809718 -13.089615 208.694612 0.025206 0.299813 -0.031577 0.953142
27.925020 -126.968111 -13.349638 211.150414 0.029154 0.324757 -0.032209 0.944799
28.340050 -122.822287 -13.945656 215.991675 0.033669 0.368204 -0.031603 0.928597
28.547500 -120.658750 -14.260613 218.119217 0.037633 0.387212 -0.031561 0.920682
28.962310 -115.915493 -14.966426 222.406566 0.037241 0.425491 -0.033910 0.903560
29.169630 -113.452074 -15.324537 224.390880 0.034567 0.445459 -0.036676 0.893883
29.584410 -108.388253 -16.054336 227.971878 0.032982 0.485370 -0.040371 0.872753
29.895500 -104.500361 -16.572762 230.245880 0.029555 0.516958 -0.039758 0.854576
29.999280 -103.167632 -16.740292 230.951370 0.029353 0.527018 -0.039587 0.848424
30.310460 -99.159815 -17.238693 232.802026 0.031703 0.555277 -0.037237 0.830226
30.414180 -97.841894 -17.400497 233.324322 0.031246 0.564457 -0.036407 0.824067
30.829180 -92.681609 -18.054550 235.066410 0.037928 0.597310 -0.044674 0.799866
31.036690 -90.126569 -18.412413 235.769668 0.037217 0.613308 -0.048623 0.787467
31.451710 -84.952215 -19.129122 236.891546 0.033560 0.643459 -0.051243 0.763026
31.659170 -82.474915 -19.473334 237.269335 0.033432 0.657614 -0.054401 0.750644
32.075790 -77.596744 -20.159226 237.730759 0.030058 0.682037 -0.051525 0.728881
32.281410 -75.267648 -20.473636 237.838153 0.029620 0.690554 -0.049997 0.720942
32.696160 -70.825271 -21.088534 237.967856 0.034778 0.699522 -0.057093 0.711477
32.903550 -68.630305 -21.402496 238.005312 0.032338 0.702635 -0.055505 0.708645
33.318440 -64.333004 -21.971197 238.054170 0.029963 0.703943 -0.052123 0.707707
33.525770 -62.177321 -22.261134 238.103899 0.029454 0.702393 -0.054770 0.709068
33.940910 -58.004555 -22.826510 238.254849 0.028692 0.695703 -0.057408 0.715456
34.147880 -55.998058 -23.101590 238.349168 0.029137 0.690742 -0.055374 0.720389
34.563020 -52.018212 -23.634702 238.627087 0.027938 0.680783 -0.054553 0.729916
34.770400 -50.055537 -23.891673 238.803107 0.027663 0.675756 -0.054025 0.734622
35.185510 -46.166418 -24.402673 239.241050 0.028927 0.665686 -0.056687 0.743514
35.393080 -44.242790 -24.658894 239.498229 0.027465 0.660758 -0.056033 0.748001
35.808130 -40.447204 -25.154496 240.069855 0.028312 0.650475 -0.054493 0.757041
36.015630 -38.581107 -25.400752 240.396106 0.030544 0.643432 -0.054951 0.762917
36.223240 -36.728439 -25.646096 240.760410 0.029962 0.636795 -0.055377 0.768458
36.638140 -33.010070 -26.135041 241.549819 0.029368 0.631104 -0.056997 0.773044
36.845830 -31.125970 -26.383187 241.959099 0.030256 0.628732 -0.055736 0.775032
37.260770 -27.321826 -26.886733 242.830516 0.030144 0.623318 -0.052608 0.779614
37.468260 -25.410093 -27.136513 243.292360 0.031029 0.619440 -0.051945 0.782708
37.884310 -21.598342 -27.635766 244.295847 0.032025 0.608129 -0.050086 0.791609
38.090970 -19.698266 -27.886632 244.843549 0.034615 0.599831 -0.048340 0.797915
38.505750 -15.955591 -28.380978 246.078721 0.033268 0.581602 -0.047914 0.811379
38.713300 -14.118085 -28.624029 246.761633 0.033349 0.572514 -0.049738 0.817705
39.128410 -10.482960 -29.105471 248.233066 0.030454 0.557358 -0.049216 0.828252
39.543570 -6.933183 -29.564600 249.813969 0.030120 0.543052 -0.050600 0.837632
39.751160 -5.174951 -29.795044 250.650588 0.029359 0.535511 -0.049519 0.842564
39.958670 -3.457614 -30.013669 251.506997 0.026992 0.527705 -0.048043 0.847638
40.373770 -0.123662 -30.415337 253.293790 0.023226 0.511739 -0.048181 0.857474
40.581350 1.506413 -30.611384 254.231041 0.022484 0.503659 -0.048223 0.862262
40.996290 4.705704 -30.989519 256.189561 0.021443 0.487654 -0.047233 0.871495
41.203950 6.289504 -31.167643 257.210149 0.019024 0.482103 -0.046179 0.874690
41.619170 9.453235 -31.489981 259.302281 0.013614 0.476491 -0.043966 0.877974
41.826800 11.018514 -31.642205 260.352058 0.014858 0.474837 -0.044947 0.878800
42.241880 14.200928 -31.946858 262.501986 0.013660 0.471843 -0.041285 0.880610
42.345760 15.008146 -32.018577 263.053459 0.012681 0.471274 -0.040364 0.880971
42.449700 15.828439 -32.089917 263.615569 0.010883 0.470628 -0.039556 0.881378
42.760910 18.231183 -32.290693 265.271687 0.009872 0.469849 -0.039906 0.881789
42.864650 19.036322 -32.356119 265.825032 0.008958 0.469719 -0.039164 0.881901
43.279750 22.289552 -32.606259 268.070688 0.005575 0.468296 -0.036923 0.882782
43.487270 23.911419 -32.723046 269.200022 0.003612 0.466904 -0.035474 0.883589
43.694790 25.516768 -32.831442 270.328078 0.002621 0.464649 -0.034864 0.884805
44.109610 28.703470 -33.024146 272.617501 -0.000813 0.456278 -0.031075 0.889294
44.316920 30.261120 -33.107278 273.782412 -0.000651 0.449728 -0.030735 0.892636
44.731960 33.341273 -33.254565 276.201931 -0.004134 0.435076 -0.027795 0.899955
44.940270 34.846746 -33.316667 277.448745 -0.002949 0.425091 -0.026305 0.904764
45.148480 36.332327 -33.378127 278.747512 -0.003282 0.414491 -0.025033 0.909703
45.561770 39.230976 -33.477708 281.471787 -0.007503 0.392573 -0.023267 0.919396
45.769260 40.655451 -33.509255 282.903456 -0.011623 0.381678 -0.019758 0.924011
46.184260 43.437004 -33.531507 285.900998 -0.012467 0.356747 -0.012757 0.934031
46.391460 44.780463 -33.529475 287.483474 -0.014543 0.343787 -0.010235 0.938879
46.598920 46.092884 -33.515734 289.120887 -0.015806 0.330620 -0.008157 0.943596
47.013900 48.614318 -33.471230 292.556453 -0.018737 0.308145 -0.010941 0.951092
47.221650 49.839212 -33.445726 294.341597 -0.018380 0.298968 -0.013139 0.953996
47.636820 52.213346 -33.369166 298.018272 -0.024997 0.282729 -0.018737 0.958691
47.844470 53.378440 -33.318065 299.908960 -0.027809 0.277097 -0.021810 0.960192
48.052150 54.539754 -33.270399 301.814826 -0.023479 0.274146 -0.025692 0.961058
48.467570 56.869418 -33.211103 305.668334 -0.023158 0.272023 -0.027652 0.961615
48.675200 58.045419 -33.183183 307.614499 -0.022121 0.271175 -0.026591 0.961908
49.090150 60.394197 -33.135330 311.545478 -0.021244 0.265989 -0.023818 0.963448
49.297550 61.535376 -33.112243 313.533053 -0.020877 0.258489 -0.022797 0.965520
49.712270 63.672300 -33.055615 317.576972 -0.021720 0.234707 -0.022371 0.971566
49.919640 64.652601 -33.021725 319.629684 -0.024122 0.222041 -0.022057 0.974489
50.334510 66.446055 -32.934563 323.795445 -0.025032 0.195447 -0.023140 0.980122
50.542010 67.241889 -32.887707 325.893867 -0.025039 0.183154 -0.026748 0.982401
50.749770 67.993331 -32.839467 328.006051 -0.026111 0.174982 -0.030163 0.983763
51.165140 69.442451 -32.738798 332.194400 -0.024864 0.164844 -0.027271 0.985629
51.268910 69.788958 -32.716222 333.236012 -0.023997 0.162125 -0.026474 0.986123
51.476390 70.464117 -32.674348 335.335747 -0.022273 0.156713 -0.026522 0.987037
51.683890 71.113211 -32.632637 337.452174 -0.022706 0.149962 -0.027053 0.988061
52.098770 72.324628 -32.533632 341.695296 -0.023171 0.138153 -0.026767 0.989778
52.202390 72.621863 -32.508702 342.764007 -0.022384 0.136195 -0.025488 0.990101
52.513900 73.474724 -32.445791 345.898720 -0.023966 0.138185 -0.027864 0.989724
52.721640 74.053436 -32.406252 347.912727 -0.024899 0.149203 -0.031710 0.987984
53.137020 75.310552 -32.339389 351.718280 -0.024864 0.166577 -0.029368 0.985277
53.344390 75.937776 -32.310191 353.526133 -0.022479 0.168064 -0.027856 0.985126
53.759020 77.122763 -32.255248 357.118745 -0.020467 0.152289 -0.021923 0.987881
53.966270 77.636762 -32.226418 358.918415 -0.020358 0.136475 -0.018925 0.990253
54.380770 78.416222 -32.165250 362.524407 -0.018435 0.091510 -0.014621 0.995526
54.588020 78.657500 -32.137021 364.337370 -0.016111 0.064325 -0.013883 0.997702
55.002770 78.797366 -32.080731 367.972085 -0.015430 0.003723 -0.014563 0.999768
55.210270 78.701604 -32.051615 369.797039 -0.014240 -0.026086 -0.014330 0.999456
55.626020 78.239692 -31.992936 373.526651 -0.017132 -0.063494 -0.022798 0.997575
55.834140 77.958244 -31.951039 375.420432 -0.013373 -0.067827 -0.025710 0.997276
56.042270 77.674922 -31.918606 377.348247 -0.009934 -0.067193 -0.027675 0.997307
56.458520 77.147253 -31.880848 381.331165 -0.007067 -0.061468 -0.025054 0.997770
56.666390 76.891026 -31.872039 383.397661 -0.003471 -0.059582 -0.023230 0.997947
57.081890 76.348197 -31.863293 387.675147 -0.005785 -0.058146 -0.026457 0.997941
57.185780 76.207794 -31.858715 388.765146 -0.005575 -0.058305 -0.027750 0.997897
57.393270 75.926546 -31.853361 390.971574 -0.004307 -0.059061 -0.028462 0.997839
57.600640 75.639529 -31.857428 393.206967 -0.001779 -0.061302 -0.026579 0.997764
58.015420 75.001787 -31.892021 397.698090 -0.002673 -0.076775 -0.018049 0.996881
58.119020 74.813260 -31.903028 398.797023 -0.001815 -0.081574 -0.017019 0.996520
58.534020 73.946931 -31.948956 403.223816 -0.002020 -0.100293 -0.014956 0.994844
58.741650 73.453221 -31.974241 405.401878 -0.000351 -0.109048 -0.015746 0.993912
59.156650 72.380338 -32.038360 409.678554 0.000962 -0.123696 -0.014549 0.992213
59.364270 71.813715 -32.075619 411.812119 0.003712 -0.129524 -0.011192 0.991506
59.779400 70.606034 -32.166411 416.072759 0.004337 -0.140340 -0.005856 0.990077
59.987020 69.963939 -32.211525 418.198903 0.004065 -0.143562 -0.006511 0.989612
60.402270 68.658892 -32.282701 422.479073 -0.000651 -0.146669 -0.001359 0.989184
60.506060 68.332462 -32.296375 423.558293 -0.001671 -0.147196 0.001191 0.989105
60.609930 68.002516 -32.311019 424.639186 -0.001474 -0.147772 0.003108 0.989015
60.921300 66.997516 -32.354143 427.877620 -0.002420 -0.149577 0.005855 0.988730
61.128990 66.309809 -32.379572 430.029757 -0.004253 -0.150825 0.004147 0.988543
61.543930 64.926364 -32.405355 434.328742 -0.007519 -0.150678 0.000434 0.988554
61.751640 64.246744 -32.406147 436.486145 -0.009645 -0.149016 0.000124 0.988788
61.855290 63.911609 -32.404298 437.547085 -0.010639 -0.148235 -0.000546 0.988895
62.270350 62.594045 -32.380499 441.787599 -0.012161 -0.145263 -0.002794 0.989314
62.477810 61.957381 -32.363865 443.888223 -0.014725 -0.144242 -0.001721 0.989431
62.892780 60.721600 -32.306816 448.047225 -0.017780 -0.142088 0.002421 0.989691
63.100390 60.121219 -32.274120 450.100835 -0.018703 -0.141862 0.005927 0.989692
63.515270 58.922588 -32.204525 454.152734 -0.021106 -0.142256 0.007451 0.989577
63.722540 58.329210 -32.167400 456.132616 -0.021281 -0.142589 0.007256 0.989527
64.137290 57.164012 -32.088877 460.024070 -0.022892 -0.143525 0.008368 0.989347
64.344770 56.588413 -32.045324 461.928152 -0.022900 -0.144044 0.008090 0.989273
64.759950 55.441451 -31.948966 465.690415 -0.025779 -0.143881 0.005395 0.989244
65.174920 54.313473 -31.814958 469.406393 -0.032821 -0.146030 0.005493 0.988720
65.382430 53.752037 -31.732021 471.225473 -0.034969 -0.147867 0.006993 0.988364
65.589790 53.188045 -31.643338 473.032366 -0.036103 -0.149633 0.007782 0.988052
66.004800 52.071899 -31.462917 476.580005 -0.037125 -0.149457 0.009344 0.988027
66.419700 51.021546 -31.286364 479.974885 -0.037876 -0.148447 0.012679 0.988113
66.627050 50.523563 -31.206300 481.577703 -0.035940 -0.147605 0.013416 0.988302
67.042030 49.569136 -31.064152 484.682764 -0.034445 -0.145859 0.014415 0.988600
67.249580 49.107470 -30.993986 486.221375 -0.033965 -0.143238 0.014210 0.989003
67.664920 48.246283 -30.850595 489.319376 -0.035159 -0.126100 0.011434 0.991328
67.872840 47.880005 -30.768432 490.893924 -0.040270 -0.110808 0.009973 0.992976
68.080710 47.575432 -30.674262 492.458966 -0.041511 -0.090773 0.007938 0.994974
68.496670 47.215406 -30.469773 495.597685 -0.042922 -0.039749 0.006250 0.998268
68.704540 47.167111 -30.366455 497.164260 -0.041244 -0.012883 0.006482 0.999045
69.119820 47.333341 -30.158221 500.361154 -0.043019 0.039433 0.009643 0.998249
69.327420 47.540051 -30.048083 501.971704 -0.043085 0.064849 0.010800 0.996906
69.535030 47.829275 -29.935626 503.584089 -0.042197 0.089662 0.011507 0.995011
69.950110 48.627055 -29.717462 506.816674 -0.039734 0.131547 0.013033 0.990428
70.157430 49.116718 -29.611869 508.422260 -0.038980 0.149959 0.012309 0.987847
70.572360 50.309721 -29.397272 511.659450 -0.039131 0.186950 0.014038 0.981489
70.779670 51.002551 -29.288037 513.268084 -0.039694 0.204768 0.013619 0.977911
70.987040 51.756652 -29.175183 514.854261 -0.037016 0.222035 0.013716 0.974239
71.401990 53.441257 -28.970838 517.967366 -0.037038 0.261143 0.009291 0.964545
71.609450 54.400557 -28.867021 519.477994 -0.038824 0.283952 0.009241 0.958008
72.024670 56.545477 -28.659270 522.300040 -0.038245 0.335678 0.010823 0.941138
72.439440 58.936994 -28.458965 524.829004 -0.037400 0.382483 0.013963 0.923100
72.646700 60.216197 -28.352949 526.009913 -0.037060 0.400942 0.015944 0.915215
72.854050 61.547328 -28.247009 527.157363 -0.038615 0.418381 0.016048 0.907308
73.268930 64.369024 -28.017420 529.319678 -0.041741 0.453588 0.017030 0.890070
73.476410 65.859567 -27.893391 530.324465 -0.043210 0.473444 0.016980 0.879600
73.891550 69.037624 -27.640955 532.127378 -0.040204 0.515664 0.020607 0.855599
74.099040 70.716998 -27.513583 532.920765 -0.039467 0.537330 0.022697 0.842142
74.306540 72.454458 -27.384726 533.643189 -0.038825 0.558859 0.022560 0.828046
74.721470 76.097356 -27.128736 534.839708 -0.039363 0.601963 0.019269 0.797320
75.136310 79.945966 -26.875928 535.644317 -0.037324 0.644047 0.021791 0.763764
75.447460 82.962582 -26.682094 535.995579 -0.035096 0.672567 0.022880 0.738850
75.654690 85.012235 -26.552061 536.111127 -0.035781 0.690948 0.023536 0.721635
75.862200 87.086882 -26.417556 536.130274 -0.037434 0.708234 0.024795 0.704549
76.276990 91.299327 -26.142786 535.863727 -0.036599 0.742764 0.022085 0.668187
76.484350 93.428068 -26.009012 535.565151 -0.035965 0.758535 0.023807 0.650204
76.899070 97.671233 -25.751915 534.680172 -0.033014 0.785503 0.023148 0.617543
77.313830 101.918122 -25.520331 533.444723 -0.033330 0.811146 0.017785 0.583622
77.521170 104.021547 -25.415652 532.685717 -0.034550 0.823049 0.017733 0.566640
77.728490 106.112020 -25.305870 531.838855 -0.034833 0.832452 0.019110 0.552671
78.142930 110.267967 -25.088744 529.971451 -0.027181 0.841632 0.023156 0.538870
78.454020 113.420930 -24.914563 528.503931 -0.025433 0.843403 0.027557 0.535972
78.557850 114.489038 -24.850803 528.013539 -0.026210 0.843680 0.028206 0.535464
78.868800 117.706185 -24.639918 526.517528 -0.029064 0.844639 0.030640 0.533668
79.081780 119.869966 -24.492026 525.500450 -0.026921 0.845185 0.029471 0.532981
79.387330 123.154031 -24.279589 523.946787 -0.026160 0.846194 0.030409 0.531364
79.802330 127.610577 -23.972277 521.816905 -0.028544 0.847397 0.032932 0.529168
80.528440 135.603440 -23.395795 517.956122 -0.026474 0.847902 0.031430 0.528558
80.632230 136.764078 -23.316065 517.397969 -0.025444 0.847704 0.029603 0.529031
81.047130 141.499141 -22.999957 515.114774 -0.025548 0.847868 0.032015 0.528624
81.254550 143.903693 -22.833084 513.959266 -0.026401 0.848011 0.030839 0.528421
81.669620 148.784224 -22.501705 511.598054 -0.025838 0.848361 0.030858 0.527887
81.876950 151.260311 -22.334578 510.396624 -0.025718 0.848579 0.031648 0.527496
82.291790 156.300057 -21.992960 507.964585 -0.030686 0.849042 0.027305 0.526727
82.395640 157.583303 -21.907694 507.347747 -0.032741 0.849062 0.026908 0.526590
82.603060 160.117579 -21.740628 506.104130 -0.030537 0.849107 0.027255 0.526632
83.225460 167.724775 -21.240887 502.381099 -0.028933 0.848707 0.030728 0.527176
83.536780 171.507893 -20.991309 500.528803 -0.024328 0.848526 0.031110 0.527678
83.744180 174.051427 -20.825443 499.305089 -0.026974 0.847878 0.031539 0.528565
83.847930 175.331316 -20.738113 498.695014 -0.029236 0.847522 0.033330 0.528906
84.262850 180.407288 -20.381600 496.293789 -0.029025 0.845392 0.028689 0.532585
84.677950 185.456027 -20.054721 493.932984 -0.030470 0.844726 0.029230 0.533531
84.989500 189.214056 -19.814245 492.164566 -0.028575 0.845792 0.027357 0.532044
85.196770 191.732606 -19.661372 490.959440 -0.026957 0.847046 0.028552 0.530068
85.611430 196.692163 -19.342185 488.545671 -0.027291 0.850391 0.030714 0.524545
85.818930 199.140812 -19.184142 487.319136 -0.024402 0.852095 0.029850 0.521966
86.233840 203.930879 -18.889224 484.882676 -0.029035 0.855268 0.029562 0.516526
86.441310 206.250811 -18.741026 483.677162 -0.030432 0.856508 0.029853 0.514370
86.856060 210.666992 -18.457186 481.354140 -0.033413 0.858352 0.027741 0.511220
87.063460 212.764251 -18.324339 480.246208 -0.035342 0.858376 0.027008 0.511090
87.478210 216.751654 -18.073661 478.175507 -0.036777 0.853707 0.025795 0.518813
87.685550 218.682762 -17.952489 477.234407 -0.036725 0.847400 0.025753 0.529056
88.100300 222.493958 -17.715422 475.613530 -0.038379 0.828752 0.020856 0.557909
88.307800 224.403963 -17.603749 474.926980 -0.038764 0.817972 0.017931 0.573670
88.722430 228.305308 -17.372556 473.782104 -0.042245 0.793694 0.018663 0.606562
88.929940 230.290134 -17.246125 473.338097 -0.046407 0.780901 0.018209 0.622662
89.344810 234.278642 -16.976063 472.701930 -0.049958 0.754058 0.015144 0.654730
89.552220 236.277400 -16.844309 472.506209 -0.046223 0.737688 0.014767 0.673396
89.966950 240.327860 -16.595840 472.438571 -0.041398 0.699366 0.015419 0.713398
90.381840 244.432520 -16.333449 472.876248 -0.046807 0.655434 0.013527 0.753679
90.589300 246.469419 -16.189494 473.286932 -0.048731 0.632936 0.008211 0.772625
90.796800 248.500067 -16.050271 473.810494 -0.049230 0.610467 0.004524 0.790497
91.211680 252.559670 -15.762125 475.226518 -0.052416 0.563855 0.004783 0.824195
91.419180 254.554974 -15.607270 476.116038 -0.049709 0.539949 0.003708 0.840220
91.626680 256.505045 -15.451641 477.121789 -0.052145 0.517209 0.002813 0.854264
92.041550 260.314125 -15.092646 479.464398 -0.057307 0.473897 0.004734 0.878701
92.456800 263.951395 -14.694461 482.178553 -0.059433 0.439437 0.001179 0.896304
92.872100 267.514951 -14.276543 485.191267 -0.060422 0.415086 -0.001769 0.907772
93.287430 270.970419 -13.878348 488.368414 -0.058037 0.398463 -0.002153 0.915344
93.495180 272.662248 -13.680702 489.981502 -0.059695 0.394766 -0.001705 0.916839
93.598950 273.502772 -13.581084 490.789073 -0.060227 0.393217 -0.001979 0.917469
94.014310 276.834011 -13.170381 494.038529 -0.058310 0.388806 -0.002067 0.919470
94.221930 278.481915 -12.981550 495.650120 -0.056373 0.388121 -0.000954 0.919882
94.637210 281.695886 -12.615492 498.776735 -0.060395 0.394488 -0.001769 0.916912
94.844930 283.262406 -12.435556 500.249783 -0.060720 0.401200 -0.003151 0.913970
95.260560 286.341852 -12.117909 502.950053 -0.056000 0.422907 -0.004432 0.904430
95.468320 287.861930 -11.984752 504.161151 -0.053068 0.435682 -0.002879 0.898530
95.884060 290.804041 -11.777902 506.279655 -0.036576 0.463905 -0.001472 0.885128
96.092060 292.202783 -11.717925 507.201712 -0.028530 0.480398 -0.008946 0.876541
96.508310 295.029241 -11.660039 508.769092 -0.031052 0.525530 -0.009489 0.850155
96.716580 296.443708 -11.638292 509.355869 -0.028809 0.555402 -0.005577 0.831064
97.133190 299.341530 -11.620777 510.164390 -0.012233 0.621490 -0.009846 0.783264
97.549480 302.376116 -11.654519 510.495327 -0.016142 0.685275 -0.004501 0.728092
97.965440 305.384781 -11.678192 510.278952 -0.009607 0.745166 -0.002386 0.666805
98.380560 308.314047 -11.713555 509.655066 -0.004663 0.785166 0.001514 0.619266
98.795310 311.197884 -11.743649 508.783235 -0.001373 0.808369 0.005406 0.588650
99.002810 312.629625 -11.756854 508.262127 -0.000049 0.818935 0.007440 0.573838
99.626160 316.787682 -11.788445 506.307005 0.000274 0.862323 0.004521 0.506338
99.938070 318.705885 -11.810228 505.001524 0.001433 0.890428 0.009377 0.455026
100.146100 319.872092 -11.816325 504.005203 0.003442 0.908816 0.009470 0.417075
100.562100 321.877133 -11.828695 501.777839 0.007572 0.940830 0.013322 0.338532
100.770000 322.693998 -11.833151 500.601349 0.009773 0.953424 0.014551 0.301125
101.184900 324.080198 -11.833567 498.123616 0.015871 0.970608 0.011895 0.239845
101.392300 324.679001 -11.831870 496.817148 0.016671 0.977121 0.013437 0.211602
101.807200 325.631247 -11.815448 494.099864 0.020163 0.987893 0.016959 0.152883
102.014700 325.973839 -11.804757 492.711840 0.022309 0.992387 0.013745 0.120335
102.222200 326.220622 -11.781652 491.279278 0.024745 0.995778 0.015939 0.086943
102.637400 326.439148 -11.739457 488.360888 0.024339 0.999349 0.018355 0.019291
103.052400 326.272409 -11.677855 485.363610 0.027747 0.998553 0.016618 -0.042956
103.259900 326.067985 -11.645828 483.830298 0.029068 0.997132 0.015764 -0.068077
103.467300 325.806275 -11.616631 482.281465 0.028243 0.995654 0.013994 -0.087631
103.882200 325.117588 -11.559564 479.075351 0.025707 0.992693 0.013623 -0.117109
104.089600 324.700778 -11.523570 477.433111 0.026890 0.991509 0.015154 -0.126322
104.296900 324.258506 -11.491794 475.767420 0.028382 0.990977 0.013879 -0.130254
104.711700 323.327840 -11.423524 472.319665 0.030353 0.990430 0.013540 -0.133951
104.919200 322.834767 -11.386104 470.531080 0.031279 0.990206 0.014670 -0.135269
105.126600 322.330049 -11.342924 468.708289 0.031036 0.990009 0.013425 -0.136889
105.541700 321.286469 -11.270315 464.999549 0.031440 0.989534 0.013383 -0.140194
105.956700 320.175478 -11.194556 461.172180 0.032782 0.989002 0.013622 -0.143576
106.164200 319.611444 -11.154871 459.239231 0.032024 0.988762 0.014505 -0.145308
106.683000 318.158892 -11.054593 454.386011 0.031834 0.988234 0.015837 -0.148760
107.098100 317.017208 -10.981688 450.480166 0.027012 0.989102 0.014131 -0.144039
107.305700 316.468689 -10.954227 448.516983 0.024496 0.989846 0.011780 -0.139521
107.720700 315.455854 -10.935825 444.574731 0.015476 0.991725 0.008441 -0.127165
107.824300 315.216189 -10.929184 443.566686 0.014276 0.992266 0.009713 -0.122919
108.446400 314.058128 -10.890349 437.610252 0.013910 0.996558 0.009273 -0.081201
108.550200 313.920611 -10.888301 436.612836 0.013311 0.997104 0.008329 -0.074408
108.965300 313.488632 -10.880902 432.608107 0.014708 0.998737 0.010406 -0.046908
109.380500 313.295741 -10.861354 428.582541 0.008869 0.999642 0.014006 -0.020979
109.484300 313.276916 -10.852396 427.575392 0.007861 0.999765 0.014061 -0.014505
109.900300 313.330886 -10.814565 423.549970 0.006607 0.999774 0.016872 0.011139
110.106700 313.427789 -10.789679 421.540331 0.008026 0.999541 0.017246 0.023568
110.314400 313.571863 -10.766911 419.531904 0.009062 0.999219 0.014755 0.035513
110.729500 314.013886 -10.738048 415.518205 0.007594 0.998224 0.012679 0.057702
111.144800 314.607703 -10.725560 411.537739 0.006408 0.997013 0.011055 0.076171
111.352300 314.957329 -10.719686 409.568727 0.004378 0.996320 0.013413 0.084537
111.560000 315.334395 -10.709663 407.622838 0.003939 0.995589 0.012912 0.092846
111.974900 316.175207 -10.683439 403.768560 0.000962 0.994114 0.014857 0.107313
112.182300 316.628923 -10.664728 401.871941 0.000240 0.993313 0.016182 0.114310
112.597300 317.590129 -10.641455 398.195988 0.000012 0.991702 0.010848 0.128098
112.804900 318.087825 -10.647632 396.437485 0.000753 0.990757 0.008910 0.135357
113.220000 319.095250 -10.709232 393.185956 0.002000 0.988700 -0.005847 0.149782
113.739100 320.290035 -10.900986 389.664839 0.001702 0.987062 -0.024160 0.158497
114.258700 321.351442 -11.137498 386.380954 0.008675 0.988758 -0.021474 0.147718
114.467000 321.705035 -11.214819 385.081156 0.010381 0.991220 -0.020578 0.130202
114.675400 321.970575 -11.287564 383.768741 0.013685 0.994574 -0.012003 0.102431
115.092200 322.207972 -11.379054 381.167769 0.017275 0.999527 -0.001197 0.025395
115.300700 322.155666 -11.405059 379.896206 0.019617 0.999639 0.002224 -0.018217
115.717200 321.711401 -11.412678 377.386890 0.018855 0.993781 0.009940 -0.109290
116.133100 320.788862 -11.378027 374.926540 0.015816 0.979511 0.014041 -0.200278
116.341000 320.143417 -11.351840 373.753054 0.019417 0.969760 0.014463 -0.242858
116.548600 319.388134 -11.320538 372.607585 0.022872 0.959381 0.014768 -0.280798
116.963400 317.611419 -11.247525 370.386490 0.029788 0.940709 0.009270 -0.337778
117.377900 315.551846 -11.172223 368.159460 0.033157 0.928140 0.006522 -0.370694
117.585200 314.413270 -11.127607 367.016715 0.033808 0.923007 0.005327 -0.383259
117.792500 313.207960 -11.085462 365.848629 0.035823 0.920100 0.004469 -0.390017
118.207000 310.696589 -10.995373 363.351928 0.035750 0.922525 0.006285 -0.384227
118.621700 308.075660 -10.902468 360.680656 0.032705 0.923766 0.007023 -0.381494
118.829100 306.715021 -10.855637 359.290662 0.032369 0.924458 0.006196 -0.379857
119.244200 303.929012 -10.774812 356.404747 0.030245 0.925960 0.003405 -0.376393
119.451600 302.512721 -10.748594 354.916813 0.028656 0.926870 0.001180 -0.374285
119.866500 299.646265 -10.713908 351.856997 0.028693 0.928902 0.003191 -0.369198
120.073700 298.222332 -10.691142 350.302556 0.028862 0.930868 0.005089 -0.364179
120.488500 295.417167 -10.639579 347.119903 0.029121 0.936061 0.004823 -0.350597
120.695800 294.057621 -10.620525 345.492388 0.030526 0.940266 0.003220 -0.339053
120.903200 292.749540 -10.608342 343.831665 0.031824 0.945358 0.001058 -0.324476
121.317800 290.304161 -10.597683 340.357292 0.028236 0.955127 0.000937 -0.294846
121.525300 289.141121 -10.591163 338.539970 0.027352 0.958819 0.005051 -0.282653
121.940300 286.943017 -10.568871 334.821887 0.026373 0.965834 0.002666 -0.257801
122.355300 284.914304 -10.578179 330.977994 0.028504 0.971489 0.000606 -0.235363
122.563000 283.932007 -10.583033 328.996320 0.030318 0.973185 0.001370 -0.228014
122.666800 283.446943 -10.582624 327.993893 0.030410 0.973756 0.001242 -0.225552
123.082400 281.507438 -10.581235 323.896434 0.027683 0.974660 0.001456 -0.221968
123.497600 279.558680 -10.585401 319.723070 0.031707 0.975906 0.002605 -0.215858
123.705300 278.591203 -10.584076 317.607945 0.033097 0.976438 -0.001368 -0.213243
123.913000 277.624373 -10.592050 315.467560 0.034131 0.976608 -0.000805 -0.212300
124.328100 275.646046 -10.570305 311.116339 0.041569 0.976363 0.001726 -0.212095
124.431900 275.144189 -10.562929 310.019453 0.042833 0.976245 0.000156 -0.212394
124.639300 274.134300 -10.554640 307.796155 0.042479 0.975982 0.001129 -0.213666
125.054300 272.072966 -10.525661 303.276095 0.030921 0.974439 0.005843 -0.222438
125.262000 270.967411 -10.503865 300.984340 0.027319 0.972939 0.004314 -0.229401
125.676800 268.602744 -10.464850 296.425301 0.032378 0.968805 0.005687 -0.245632
126.091700 266.058524 -10.424408 291.924167 0.038045 0.964601 0.002618 -0.260943
126.403000 264.057828 -10.368206 288.573476 0.044202 0.961818 0.006492 -0.270018
126.610300 262.697914 -10.324247 286.357906 0.045917 0.961027 0.002000 -0.272609
126.714100 262.019256 -10.310235 285.232162 0.042857 0.960899 0.003176 -0.273545
127.025200 259.953945 -10.257336 281.850913 0.039390 0.960337 0.004929 -0.276002
127.336500 257.852723 -10.193331 278.457423 0.039189 0.960260 0.007104 -0.276250
127.440100 257.149654 -10.169599 277.323918 0.038793 0.960282 0.006800 -0.276236
127.958600 253.585660 -10.042728 271.601292 0.038036 0.959408 0.009171 -0.279295
128.477100 249.947035 -9.907423 265.841360 0.036916 0.958990 0.009568 -0.280861
128.788200 247.740800 -9.825718 262.359420 0.037862 0.959199 0.007972 -0.280072
128.995500 246.261849 -9.772241 260.008609 0.037052 0.959319 0.008762 -0.279745
129.306600 244.027795 -9.691020 256.456709 0.037285 0.959430 0.008018 -0.279355
129.514100 242.527333 -9.641360 254.071362 0.037428 0.959485 0.007512 -0.279161
129.929100 239.490857 -9.537479 249.255032 0.040559 0.959284 0.007543 -0.279413
130.032700 238.730264 -9.512094 248.052824 0.041835 0.959166 0.006173 -0.279663
130.240200 237.210730 -9.465632 245.654346 0.042886 0.958884 0.004834 -0.280498
130.343800 236.435375 -9.442609 244.424621 0.041681 0.958698 0.005565 -0.281300
130.758700 233.323016 -9.335877 239.562401 0.039362 0.957323 0.008332 -0.286207
130.862500 232.538059 -9.308275 238.358936 0.039286 0.957003 0.007081 -0.287317
130.966100 231.747971 -9.282704 237.148481 0.038540 0.956808 0.006744 -0.288076
131.277500 229.354040 -9.208147 233.509299 0.040163 0.956243 0.008139 -0.289689
131.381100 228.531811 -9.174183 232.269446 0.041209 0.956127 0.008548 -0.289914
131.796000 225.288075 -9.047704 227.389066 0.045154 0.955677 0.008770 -0.290801
132.003300 223.668034 -8.979724 224.950897 0.045847 0.955754 0.007519 -0.290476
132.107000 222.870984 -8.947603 223.739772 0.044773 0.955894 0.007909 -0.290173
132.521700 219.681753 -8.822843 218.867394 0.042765 0.956849 0.009830 -0.287253
132.936500 216.557382 -8.711959 213.997866 0.036306 0.958309 0.007440 -0.283320
133.040100 215.782545 -8.689414 212.772116 0.035442 0.958695 0.009098 -0.282074
133.143700 215.005847 -8.660243 211.538461 0.034934 0.959078 0.010176 -0.280794
133.558600 211.920903 -8.536676 206.606464 0.038595 0.960709 0.010691 -0.274652
133.766000 210.409159 -8.474668 204.129637 0.040219 0.961950 0.009708 -0.270074
134.180800 207.501456 -8.371568 199.108370 0.036698 0.965756 0.008503 -0.256702
134.284500 206.801099 -8.347296 197.843762 0.035731 0.966687 0.009039 -0.253292
134.491900 205.418617 -8.299502 195.300794 0.036061 0.968401 0.010830 -0.246538
134.595600 204.743806 -8.277488 194.025231 0.035121 0.969269 0.009366 -0.243304
135.010600 202.093830 -8.199574 188.882108 0.037557 0.971531 0.008732 -0.233755
135.114300 201.433446 -8.177418 187.570518 0.038516 0.971825 0.009308 -0.232348
135.529500 198.867320 -8.103928 182.364725 0.037414 0.973029 0.007283 -0.227513
135.736900 197.603252 -8.067723 179.740039 0.036783 0.973662 0.008415 -0.224854
136.151600 195.106987 -7.992928 174.483788 0.039305 0.974788 0.007600 -0.219512
136.566500 192.671042 -7.928293 169.193391 0.035228 0.975729 0.009326 -0.215928
136.877700 190.878649 -7.860314 165.249688 0.033557 0.976094 0.010545 -0.214483
136.981400 190.279295 -7.838017 163.931756 0.034123 0.976175 0.010792 -0.214012
137.085100 189.671615 -7.815988 162.594490 0.034451 0.976283 0.010199 -0.213497
137.500000 187.279788 -7.750141 157.279042 0.033307 0.976749 0.008349 -0.211619
137.603600 186.689847 -7.736363 155.950988 0.032575 0.976931 0.008582 -0.210883
138.018400 184.338905 -7.678365 150.638255 0.034363 0.977576 0.007617 -0.207622
138.122100 183.759861 -7.666979 149.322565 0.034950 0.977673 0.006586 -0.207102
138.433400 182.007721 -7.635739 145.335439 0.035509 0.977398 0.006096 -0.208316
138.537100 181.421051 -7.624195 144.004987 0.034550 0.977030 0.006646 -0.210175
138.952200 179.005330 -7.558081 138.714052 0.031471 0.974377 0.011862 -0.222391
139.056000 178.378101 -7.535001 137.407055 0.030803 0.973379 0.012570 -0.226775
139.471100 175.758049 -7.443985 132.255042 0.025702 0.968671 0.012065 -0.246720
139.574900 175.067032 -7.421680 130.987167 0.026186 0.967331 0.011903 -0.251878
139.782200 173.644188 -7.371565 128.480224 0.027345 0.964515 0.011958 -0.262336
139.886000 172.918600 -7.347227 127.253482 0.027764 0.963047 0.012011 -0.267629
140.197100 170.645350 -7.274540 123.622498 0.031888 0.957901 0.010543 -0.285127
140.508200 168.248287 -7.184639 120.092420 0.036530 0.952431 0.011543 -0.302338
140.715600 166.573376 -7.121361 117.765414 0.037790 0.949336 0.008622 -0.311864
141.026700 164.024626 -7.039086 114.378871 0.043343 0.945728 0.005926 -0.322000
141.234200 162.301054 -6.976545 112.163590 0.044970 0.943576 0.004753 -0.328053
141.649100 158.764344 -6.857513 107.743443 0.043728 0.940066 0.006632 -0.338111
142.064000 155.120084 -6.715297 103.349528 0.041053 0.937404 0.008494 -0.345713
142.167700 154.180435 -6.677453 102.242031 0.041399 0.936389 0.010043 -0.348369
142.271500 153.225592 -6.633216 101.138477 0.042133 0.935066 0.009385 -0.351837
142.686500 149.355715 -6.477780 96.840368 0.042542 0.929690 0.007001 -0.365811
143.101100 145.415361 -6.319910 92.607376 0.042099 0.928127 0.009601 -0.369752
143.412100 142.450499 -6.186654 89.415590 0.040918 0.929205 0.011060 -0.367125
143.619600 140.480421 -6.105867 87.273053 0.037832 0.929872 0.007070 -0.365866
144.034400 136.514788 -5.969232 82.973708 0.042681 0.930261 0.006826 -0.364343
144.449100 132.565720 -5.836486 78.661264 0.040304 0.929891 0.006299 -0.365567
144.552700 131.588692 -5.806136 77.598883 0.040190 0.929678 0.006887 -0.366109
144.760200 129.596175 -5.735554 75.439458 0.040173 0.929222 0.008765 -0.367227
145.175400 125.557321 -5.587130 71.127858 0.040021 0.927182 0.008576 -0.372368
145.382900 123.518791 -5.509397 68.983019 0.039227 0.926252 0.009367 -0.374740
145.797700 119.390876 -5.332916 64.705881 0.039976 0.924802 0.009288 -0.378227
146.212500 115.232594 -5.156874 60.436855 0.038909 0.924279 0.011525 -0.379555
146.523500 112.106659 -5.014291 57.238377 0.039901 0.923945 0.012890 -0.380220
146.938400 107.933945 -4.857025 52.964166 0.037538 0.924482 0.009085 -0.379265
147.145700 105.852303 -4.772223 50.832594 0.039666 0.924643 0.008907 -0.378658
147.353100 103.773631 -4.692379 48.708179 0.041803 0.924622 0.007940 -0.378502
147.768000 99.606531 -4.538558 44.433030 0.043423 0.924956 0.007240 -0.377515
147.975500 97.528775 -4.460488 42.268670 0.040989 0.925296 0.008309 -0.376934
148.390400 93.412834 -4.302171 37.983440 0.039826 0.925878 0.009222 -0.375604
148.701600 90.360945 -4.196843 34.787539 0.037732 0.926409 0.007896 -0.374541
149.012800 87.345762 -4.092895 31.615578 0.036831 0.926835 0.009648 -0.373534
149.116400 86.308851 -4.051556 30.526161 0.038048 0.926826 0.009586 -0.373436
149.531200 82.264719 -3.905687 26.225638 0.030741 0.927306 0.011753 -0.372855
149.634900 81.247520 -3.867526 25.152831 0.031847 0.927302 0.012743 -0.372740
149.738600 80.222021 -3.826582 24.070579 0.031853 0.927514 0.011493 -0.372252
150.153500 76.171750 -3.678409 19.771991 0.030308 0.927722 0.011554 -0.371859
150.361000 74.123214 -3.607910 17.604224 0.031280 0.927934 0.009662 -0.371304
150.775700 70.051455 -3.469241 13.264053 0.030453 0.928535 0.010865 -0.369833
150.983100 68.064445 -3.406691 11.129348 0.026975 0.928755 0.010321 -0.369567
151.398000 64.057127 -3.302166 6.822854 0.024654 0.929099 0.009272 -0.368892
151.605500 62.056706 -3.260666 4.671424 0.024011 0.929256 0.007084 -0.368586
152.020400 58.086657 -3.210274 0.378280 0.018452 0.929358 0.004179 -0.368695
152.227900 56.109114 -3.209262 -1.772735 0.013821 0.929286 0.005222 -0.369066
152.642600 52.227913 -3.205055 -5.978656 0.012744 0.930382 0.004626 -0.366340
152.849900 50.345309 -3.221423 -8.013920 0.016884 0.931279 -0.000134 -0.363914
153.057200 48.474447 -3.236801 -10.053586 0.023327 0.932518 0.000375 -0.360368
153.264500 46.654603 -3.245316 -12.111723 0.021777 0.933836 0.002808 -0.357026
153.783100 42.327651 -3.307172 -17.094352 0.020095 0.936477 -0.002689 -0.350143
154.094200 39.912991 -3.367490 -19.984930 0.009266 0.937315 0.000703 -0.348359
154.716900 35.658558 -3.483223 -25.178417 -0.016423 0.936110 0.011587 -0.351132
155.028600 33.742406 -3.531676 -27.420805 -0.030098 0.929888 0.015177 -0.366294
155.236600 32.535666 -3.571158 -28.726795 -0.037904 0.923221 0.016536 -0.382037
155.444800 31.378363 -3.614072 -29.861911 -0.044932 0.913448 0.017983 -0.404068
155.653000 30.244653 -3.659200 -30.833305 -0.047894 0.899299 0.020109 -0.434239
155.861400 29.111028 -3.709834 -31.636791 -0.047980 0.882201 0.019645 -0.468009
156.277900 26.873478 -3.819931 -32.801703 0.041297 -0.839676 -0.016387 0.541268
156.694500 24.608226 -3.910427 -33.431443 0.028054 -0.777769 -0.024497 0.627445
157.110900 22.414394 -3.967768 -33.479245 0.018339 -0.697632 -0.027712 0.715686
157.318900 21.361831 -3.976411 -33.324025 0.018080 -0.654802 -0.028024 0.755064
157.734500 19.348172 -4.002573 -32.643898 0.022601 -0.563355 -0.026792 0.825471
158.149700 17.534636 -4.056442 -31.514373 0.021074 -0.466067 -0.027429 0.884073
158.564900 15.921919 -4.126145 -29.925285 0.019676 -0.367170 -0.029516 0.929477
158.979700 14.585989 -4.209201 -27.888723 0.020575 -0.272558 -0.023943 0.961621
159.394500 13.568311 -4.322639 -25.512838 0.018942 -0.187363 -0.018235 0.981939
159.808900 12.815201 -4.454614 -22.849109 0.023287 -0.127175 -0.011877 0.991536
160.016100 12.509550 -4.529700 -21.430780 0.024309 -0.106800 -0.009476 0.993938
160.223400 12.236382 -4.614597 -19.957832 0.022881 -0.092994 -0.006539 0.995382
160.637900 11.720280 -4.773664 -16.871046 0.017728 -0.082102 -0.001068 0.996466
160.845200 11.450464 -4.847828 -15.275910 0.018057 -0.080885 -0.001556 0.996559
161.052600 11.188563 -4.917398 -13.638197 0.016928 -0.079492 0.000768 0.996691
161.467500 10.647315 -5.057989 -10.242302 0.014863 -0.077012 0.002265 0.996917
161.675000 10.380048 -5.126308 -8.505491 0.012100 -0.075472 0.004648 0.997064
162.089900 9.868738 -5.257424 -5.040876 0.009519 -0.072854 0.010058 0.997247
162.297200 9.626261 -5.317933 -3.353388 0.005200 -0.071680 0.012157 0.997340
162.712100 9.148096 -5.415798 -0.127928 0.004734 -0.073646 0.013970 0.997175
162.919500 8.895677 -5.465421 1.412286 0.007170 -0.075769 0.010717 0.997042
163.334500 8.392126 -5.551929 4.421342 -0.000129 -0.081860 0.008797 0.996605
163.542000 8.127962 -5.575755 5.842942 0.001011 -0.086438 0.005135 0.996243
163.749500 7.863906 -5.600126 7.289704 -0.004290 -0.092243 0.006023 0.995709
