0.827521 -0.0369791 0.560216 385.605 0.0395777 0.999188 0.00749315 1.19898 -0.560039 0.0159713 0.828313 140.874 
0.826194 -0.0360577 0.562231 385.708 0.0395231 0.999201 0.0060032 1.19891 -0.561998 0.0172613 0.826958 141.024 
0.823045 -0.0392982 0.566615 388.564 0.0428019 0.999058 0.00711822 1.1313 -0.566361 0.0183936 0.823952 145.208 
0.8225 -0.039765 0.567373 389.156 0.04278 0.999052 0.00800303 1.11877 -0.567154 0.0176897 0.823422 146.072 
0.82023 -0.0406771 0.570585 391.126 0.0407635 0.999089 0.0126266 1.07995 -0.570579 0.0129023 0.821141 148.934 
0.82058 -0.0454639 0.56972 392.056 0.0447295 0.998882 0.0152863 1.06715 -0.569778 0.0129396 0.821697 150.279 
0.842716 -0.0572011 0.535311 393.656 0.0585745 0.998178 0.0144499 1.05124 -0.535162 0.0191784 0.844532 152.692 
0.867319 -0.059912 0.494134 394.322 0.0611009 0.998037 0.0137621 1.04119 -0.493988 0.0182558 0.869277 153.882 
0.928841 -0.0552875 0.366331 395.248 0.0569053 0.998359 0.00639004 1.0143 -0.366083 0.0149108 0.930463 156.071 
0.957736 -0.0466789 0.283835 395.534 0.0470744 0.998877 0.00543129 0.997493 -0.283769 0.00815961 0.958858 157.161 
0.996493 -0.0160277 0.0821292 395.741 0.0150961 0.999815 0.011952 0.976556 -0.0823055 -0.0106702 0.99655 159.346 
0.999502 -0.00497993 -0.0311519 395.665 0.0056292 0.999768 0.0207889 0.982572 0.0310411 -0.0209539 0.999298 160.434 
0.989414 -0.00028243 -0.14512 395.463 0.00413863 0.999646 0.0262712 0.980122 0.145062 -0.0265937 0.989065 161.486 
0.979772 -0.00165043 -0.200111 395.33 0.00719988 0.999609 0.0270073 0.981029 0.199988 -0.0279018 0.979401 161.991 
0.967098 -0.0032157 -0.254384 395.169 0.0100582 0.999622 0.0256022 0.981533 0.254205 -0.0273185 0.966764 162.482 
0.930855 -0.000757819 -0.365388 394.746 0.0108943 0.999611 0.025681 0.991133 0.365226 -0.027886 0.930501 163.438 
0.908496 0.00184368 -0.417889 394.498 0.010058 0.999604 0.0262764 0.994266 0.417772 -0.0280752 0.908118 163.892 
0.854802 0.0063304 -0.518915 393.908 0.00817989 0.999637 0.0256695 1.00109 0.518889 -0.026187 0.85444 164.762 
0.827006 0.00373401 -0.562181 393.599 0.01115 0.999672 0.0230422 0.999451 0.562083 -0.0253243 0.826693 165.166 
0.799445 0.000658265 -0.600739 393.3 0.0135458 0.999725 0.0191217 0.996241 0.600587 -0.0234242 0.799216 165.523 
0.747171 0.0082801 -0.664581 392.557 0.00530071 0.999816 0.0184163 1.00746 0.664611 -0.0172829 0.74699 166.268 
0.701527 0.00574188 -0.712619 391.864 0.00565412 0.999891 0.0136227 1.00598 0.71262 -0.0135859 0.701419 166.908 
0.685197 0.0043176 -0.728345 391.461 0.00605401 0.999914 0.0116228 0.988297 0.728332 -0.0123733 0.685112 167.231 
0.651472 -0.00489382 -0.758657 390.227 0.00549748 0.999983 -0.00172974 0.984504 0.758653 -0.00304382 0.651488 168.223 
0.6387 -0.00222449 -0.769453 389.34 0.0100384 0.999935 0.00544174 0.977892 0.769391 -0.0111997 0.638681 168.97 
0.632933 -0.00602256 -0.774183 387.582 0.0180655 0.999812 0.00699167 0.961639 0.773996 -0.0184113 0.632923 170.366 
0.633238 -0.0121258 -0.773862 386.719 0.0255222 0.999661 0.00522055 0.953851 0.773537 -0.0230565 0.633332 171.051 
0.632758 -0.0135729 -0.774231 385.751 0.028514 0.999577 0.00578032 0.955846 0.773825 -0.0257339 0.632877 171.849 
0.631018 -0.0188079 -0.77554 384.73 0.0371213 0.999293 0.00596955 0.958082 0.774879 -0.0325559 0.63127 172.701 
0.613538 -0.0271152 -0.789199 382.319 0.0512831 0.998669 0.00555629 0.958356 0.787998 -0.0438816 0.614112 174.636 
0.595535 -0.0268177 -0.802882 381.121 0.055496 0.998428 0.00781469 0.956794 0.80141 -0.0492107 0.596087 175.597 
0.578965 -0.0216766 -0.815064 379.78 0.0507918 0.998664 0.00951957 0.964442 0.813769 -0.0469101 0.579292 176.54 
0.551405 -0.0196777 -0.834006 376.748 0.0330302 0.999453 -0.00174323 0.948391 0.833584 -0.0265862 0.551753 178.436 
0.547728 -0.00867461 -0.836612 375.252 0.0205998 0.999783 0.00312014 0.917826 0.836403 -0.018943 0.547788 179.385 
0.572863 0.00241811 -0.819648 371.459 0.00146874 0.999991 0.00397668 0.8618 0.81965 -0.00348194 0.572854 181.9 
0.60013 0.00783491 -0.799864 369.326 -0.000568209 0.999956 0.00936855 0.832527 0.799902 -0.00516786 0.600108 183.438 
0.618571 0.00453768 -0.785715 367.947 0.00105505 0.999978 0.0066057 0.815596 0.785728 -0.00491507 0.618553 184.501 
0.646027 0.00239848 -0.763311 365.934 0.00509761 0.999959 0.00745644 0.794598 0.763297 -0.00870813 0.645989 186.149 
0.653922 0.000214114 -0.756562 365.261 0.00756457 0.999948 0.00682131 0.784812 0.756524 -0.0101837 0.653886 186.715 
0.663947 -0.00516529 -0.747762 364.008 0.0122371 0.999917 0.00395842 0.767208 0.74768 -0.0117787 0.663955 187.807 
0.665063 -0.00590232 -0.746764 363.543 0.00891084 0.99996 3.23769e-05 0.760661 0.746734 -0.00667583 0.665089 188.275 
0.665286 -0.00840259 -0.746541 362.269 0.0076767 0.999961 -0.00441376 0.753628 0.746549 -0.00279456 0.665324 189.451 
0.658598 -0.00498756 -0.752478 359.514 0.00816975 0.999966 0.000522525 0.714749 0.75245 -0.00649169 0.658617 191.875 
0.655692 -0.00173357 -0.755026 358.066 0.00707267 0.999968 0.00384619 0.697566 0.754995 -0.00786197 0.655683 193.113 
0.655459 0.00287868 -0.755225 356.636 -0.000966184 0.999995 0.00297312 0.684124 0.75523 -0.00121907 0.655459 194.325 
0.679392 0.0125394 -0.733668 353.746 -0.0211255 0.999774 -0.00247506 0.635976 0.733471 0.0171806 0.679504 196.846 
0.689682 0.0103006 -0.724039 352.96 -0.0225389 0.99972 -0.00724681 0.616108 0.723761 0.0213171 0.689721 197.536 
0.731558 0.0128159 -0.681659 351.034 -0.0186505 0.999825 -0.00121798 0.564909 0.681525 0.0136043 0.731669 199.512 
0.760356 0.00962064 -0.649435 349.86 -0.0132144 0.999912 -0.000658813 0.533354 0.649372 0.00908283 0.760417 200.86 
0.773802 0.0044708 -0.633412 349.308 -0.00777726 0.999967 -0.00244297 0.520091 0.63338 0.00681659 0.773811 201.545 
0.798707 0.000463358 -0.60172 348.268 -0.000684559 1 -0.00013861 0.493605 0.601719 0.000522621 0.798707 202.911 
0.825665 -0.00532389 -0.564136 346.788 0.00735227 0.999972 0.00132373 0.460299 0.564113 -0.00524063 0.825681 205.025 
0.83173 -0.0011647 -0.555179 346.301 0.00901369 0.999894 0.011406 0.456339 0.555107 -0.0144909 0.831653 205.757 
0.839893 0.00231087 -0.542747 344.828 0.00918425 0.999787 0.0184693 0.466331 0.542675 -0.020497 0.839693 208.01 
0.840225 -0.00622146 -0.542202 344.418 0.0114765 0.999914 0.00631106 0.471813 0.542117 -0.0115253 0.840224 208.642 
0.841359 -0.00805477 -0.540416 342.412 0.0122904 0.999916 0.00423104 0.438783 0.540336 -0.0102017 0.841387 211.728 
0.852452 -0.00495854 -0.522782 340.943 0.0120228 0.999877 0.0101207 0.425208 0.522667 -0.0149127 0.852406 214.057 
0.858581 -0.00580061 -0.512645 340.495 0.0106976 0.999921 0.00660221 0.423562 0.512567 -0.0111526 0.858575 214.792 
0.886871 -0.0198402 -0.461591 338.733 0.0166094 0.999801 -0.0110613 0.397791 0.461719 0.00214319 0.887024 217.986 
0.896136 -0.021191 -0.443274 337.847 0.0176469 0.999771 -0.0121192 0.362985 0.443429 0.00303799 0.896304 219.749 
0.900465 -0.0218256 -0.434381 336.076 0.0222459 0.999744 -0.00411694 0.298022 0.43436 -0.00595605 0.90072 223.392 
0.901147 -0.0196063 -0.43307 335.716 0.0202603 0.99979 -0.00310491 0.285311 0.433039 -0.00597613 0.901355 224.117 
0.902172 -0.0150098 -0.431116 334.848 0.0153829 0.999878 -0.00262102 0.250545 0.431102 -0.0042672 0.902293 225.892 
0.922286 0.00566305 -0.386467 332.312 -0.00433107 0.999981 0.0043172 0.150265 0.386485 -0.00230787 0.922293 231.371 
0.937798 0.00880164 -0.347071 331.23 -0.00773756 0.99996 0.00445161 0.117578 0.347096 -0.00148923 0.937828 234.114 
0.947969 0.00870472 -0.318243 330.603 -0.00927192 0.999957 -0.000267542 0.092526 0.318227 0.00320434 0.948009 235.9 
0.961448 0.0100422 -0.274803 329.758 -0.0100674 0.999948 0.00131868 0.0498942 0.274802 0.00149871 0.9615 238.657 
0.965347 0.00837813 -0.260835 329.51 -0.00826648 0.999965 0.00152513 0.0352942 0.260838 0.000683904 0.965382 239.568 
0.968636 0.00624951 -0.248405 329.278 -0.00619573 0.99998 0.000998261 0.0221467 0.248406 0.000572097 0.968656 240.474 
0.971178 0.00324729 -0.238335 329.064 -0.00326112 0.999995 0.000336275 0.0110914 0.238335 0.000450657 0.971183 241.358 
0.974864 -0.00624023 -0.222714 328.452 0.00654348 0.999978 0.000623674 -0.0295868 0.222706 -0.00206532 0.974884 244.024 
0.974868 -0.0116473 -0.222479 328.055 0.0120195 0.999928 0.000319266 -0.0564262 0.222459 -0.00298533 0.974937 245.767 
0.973168 -0.0143085 -0.229652 327.663 0.0149638 0.999887 0.00111216 -0.0864449 0.22961 -0.00451877 0.973272 247.438 
0.970057 -0.0174019 -0.242252 327.27 0.018271 0.999832 0.00134141 -0.117189 0.242188 -0.00572743 0.970212 249.02 
0.964586 -0.0154348 -0.263315 326.482 0.0168328 0.999854 0.00305413 -0.170854 0.26323 -0.00737832 0.964705 251.89 
0.963824 -0.016027 -0.266057 326.104 0.0158872 0.99987 -0.0026779 -0.197723 0.266065 -0.00164588 0.963954 253.219 
0.965255 -0.0229829 -0.260296 325.749 0.0203621 0.999711 -0.0127608 -0.230852 0.260514 0.00701726 0.965444 254.532 
0.96771 -0.0239455 -0.250927 325.405 0.0227401 0.999712 -0.00770276 -0.251136 0.25104 0.00174792 0.967975 255.857 
0.9733 -0.0134091 -0.229145 324.752 0.0144678 0.999891 0.00294089 -0.292329 0.22908 -0.0061776 0.973388 258.472 
0.974861 -0.0116671 -0.222508 324.44 0.0107125 0.999928 -0.0054967 -0.300079 0.222556 0.00297489 0.974915 259.785 
0.975797 -0.00861384 -0.218508 324.122 0.00726563 0.999949 -0.00697287 -0.324147 0.218557 0.00521651 0.97581 261.155 
0.974616 -0.00636651 -0.223794 323.466 0.00808778 0.999944 0.00677554 -0.356666 0.223738 -0.00841354 0.974613 264.01 
0.973101 -0.00688712 -0.230275 323.293 0.00963901 0.999895 0.0108276 -0.360748 0.230177 -0.012756 0.973065 264.719 
0.9647 0.00641459 -0.263274 322.471 -0.00428273 0.999953 0.00867059 -0.357486 0.263317 -0.00723699 0.964682 267.702 
0.962901 0.0119031 -0.269591 322.243 -0.00989406 0.999912 0.00880988 -0.364996 0.269672 -0.00581569 0.962935 268.456 
0.961565 0.0202856 -0.273826 322.003 -0.0203268 0.99979 0.00268711 -0.365666 0.273822 0.00298215 0.961776 269.215 
0.960612 0.0257918 -0.276695 321.758 -0.0284266 0.999581 -0.005515 -0.366429 0.276437 0.0131633 0.960942 269.986 
0.959491 0.0338653 -0.279696 321.51 -0.0380083 0.999233 -0.00940027 -0.372792 0.279163 0.0196502 0.960043 270.756 
0.9589 0.033533 -0.281755 321.266 -0.0375846 0.999253 -0.00898632 -0.382741 0.281243 0.0192066 0.959444 271.558 
0.957631 0.0323209 -0.286179 320.246 -0.0349737 0.99938 -0.00416171 -0.424772 0.285867 0.0139941 0.958167 274.906 
0.9598 0.0303545 -0.27904 319.221 -0.0315189 0.999503 0.000313756 -0.463347 0.278911 0.00849389 0.960279 278.347 
0.960541 0.0378388 -0.275551 318.674 -0.0396369 0.999214 -0.000957474 -0.474775 0.275299 0.0118417 0.961286 280.17 
0.962361 0.04578 -0.267893 317.582 -0.0433806 0.998948 0.0148717 -0.496643 0.268292 -0.00269062 0.963334 283.956 
0.962116 0.0542984 -0.267179 316.758 -0.0537783 0.99851 0.00926902 -0.49458 0.267284 0.00545056 0.963602 286.79 
0.961559 0.057695 -0.268468 316.479 -0.0586341 0.998269 0.00452574 -0.494823 0.268264 0.0113896 0.963278 287.73 
0.960945 0.0582183 -0.270545 316.204 -0.0586474 0.998258 0.00650503 -0.499838 0.270453 0.00961579 0.962685 288.678 
0.958776 0.041931 -0.281051 315.39 -0.0420468 0.9991 0.00562086 -0.515902 0.281034 0.00642818 0.959676 291.511 
0.956642 0.0273664 -0.289979 314.557 -0.02748 0.999616 0.00368081 -0.542211 0.289968 0.0044474 0.957026 294.303 
0.956943 0.0306085 -0.288657 314.263 -0.0300696 0.999528 0.00630183 -0.54667 0.288714 0.00264932 0.957412 295.24 
0.957238 0.0346544 -0.287217 313.971 -0.0328338 0.999399 0.0111544 -0.551945 0.287431 -0.00124697 0.9578 296.178 
0.957527 0.0404229 -0.285496 313.681 -0.0379345 0.999179 0.0142431 -0.555743 0.285837 -0.00280798 0.958274 297.106 
0.958161 0.0427996 -0.283011 313.397 -0.0399951 0.999077 0.0156825 -0.555157 0.283421 -0.00370728 0.958988 298.034 
0.958807 0.0527899 -0.279111 312.828 -0.0508489 0.998605 0.0141951 -0.552484 0.279471 0.000582138 0.960154 299.877 
0.959721 0.0475201 -0.276905 312.562 -0.0471 0.998857 0.00817195 -0.557747 0.276977 0.00519944 0.960862 300.782 
0.96144 0.0442704 -0.271429 311.767 -0.0464019 0.998922 -0.00143692 -0.584127 0.271073 0.0139764 0.962457 303.51 
0.961603 0.0468634 -0.270415 311.229 -0.0460944 0.998895 0.00919705 -0.604414 0.270547 0.00362072 0.9627 305.381 
0.9614 0.0431363 -0.271751 310.701 -0.0438914 0.999031 0.00330176 -0.620232 0.27163 0.00875322 0.962362 307.212 
0.960802 0.0488938 -0.272889 309.914 -0.0501965 0.998737 0.00220994 -0.657649 0.272653 0.0115748 0.962043 309.873 
0.961578 0.0454487 -0.270743 309.422 -0.0444801 0.998963 0.00971569 -0.681842 0.270904 0.00270028 0.962603 311.589 
0.962324 0.0428227 -0.26851 309.184 -0.0441999 0.999022 0.000916998 -0.694943 0.268287 0.0109857 0.963276 312.414 
0.967384 0.0336789 -0.251067 308.336 -0.0321317 0.999431 0.0102605 -0.756533 0.251269 -0.00185869 0.967915 315.582 
0.969782 0.0353966 -0.241391 307.955 -0.0337822 0.999371 0.0108244 -0.774073 0.241623 -0.00234256 0.970367 317.034 
0.971337 0.0249898 -0.236389 307.63 -0.027441 0.999598 -0.0070846 -0.794489 0.236117 0.0133683 0.971633 318.381 
0.971102 0.0148156 -0.238204 307.325 -0.0167864 0.99984 -0.00624684 -0.817686 0.238073 0.0100649 0.971195 319.655 
0.965603 0.00157334 -0.260016 307.024 -0.00193579 0.999997 -0.00113789 -0.845933 0.260014 0.00160208 0.965604 320.851 
0.924213 -0.0228812 -0.381191 306.226 0.0241027 0.999708 -0.00157027 -0.884478 0.381116 -0.00773645 0.924495 323.091 
0.887892 -0.0133634 -0.459857 305.66 0.0145518 0.999894 -0.000960248 -0.90143 0.459821 -0.00583914 0.887992 324.105 
0.845272 -0.0195262 -0.53398 305.032 0.0165478 0.999809 -0.0103657 -0.928889 0.534081 -7.43597e-05 0.845433 325.053 
0.821528 -0.0225363 -0.569723 304.687 0.0160555 0.999737 -0.0163944 -0.942362 0.569943 0.00432122 0.821673 325.507 
0.796425 -0.0224766 -0.604319 304.313 0.0149023 0.999735 -0.0175438 -0.95228 0.604553 0.00496656 0.796549 325.951 
0.742341 -0.0162756 -0.669825 303.498 0.011233 0.999867 -0.011846 -0.972522 0.669928 0.0012696 0.742425 326.811 
0.717 -0.00809106 -0.697026 303.067 0.00529676 0.999967 -0.00615904 -0.987084 0.697053 0.000724046 0.717019 327.213 
0.671564 0.00416429 -0.740935 302.131 -0.00344742 0.999991 0.00249563 -0.998713 0.740938 0.000878337 0.671572 328.015 
0.653194 0.00909821 -0.757136 301.651 -0.00847203 0.999953 0.00470708 -1.00076 0.757143 0.00333984 0.653241 328.399 
0.639567 0.0172518 -0.768542 301.168 -0.017009 0.999821 0.00828884 -1.0064 0.768547 0.00777089 0.639746 328.764 
0.619277 0.0297524 -0.784609 299.601 -0.0412691 0.999134 0.00531421 -1.0096 0.784087 0.0290892 0.619968 329.932 
0.61825 0.0287208 -0.785457 299.103 -0.0421368 0.999106 0.00336619 -1.01093 0.784851 0.0310155 0.618908 330.316 
0.625786 0.0354302 -0.77919 297.56 -0.0434559 0.999 0.0105246 -1.01416 0.778783 0.0272742 0.6267 331.529 
0.644544 0.0167374 -0.764384 295.381 -0.0434668 0.998946 -0.0147785 -1.04144 0.763331 0.0427507 0.644592 333.324 
0.664139 0.0366377 -0.746711 293.134 -0.053891 0.998546 0.00106245 -1.09025 0.745664 0.0395354 0.665148 335.253 
0.667726 0.0358125 -0.743545 292.573 -0.0569297 0.998374 -0.00303833 -1.09655 0.742227 0.0443586 0.668679 335.747 
0.672021 0.024803 -0.740116 291.457 -0.0453728 0.99894 -0.00772146 -1.11642 0.73914 0.0387702 0.672435 336.771 
0.671645 0.0347265 -0.740059 289.727 -0.0525994 0.998615 -0.000877855 -1.14711 0.739004 0.0395162 0.672541 338.311 
0.670028 0.0333087 -0.741588 289.154 -0.0499795 0.99875 -0.000297523 -1.15432 0.740652 0.0372636 0.670855 338.829 
0.667571 0.0413764 -0.743396 286.823 -0.0543406 0.998499 0.00677715 -1.18321 0.742561 0.0358724 0.668818 340.886 
0.665693 0.0324741 -0.745519 284.454 -0.0497164 0.998763 -0.000887853 -1.20494 0.744568 0.0376555 0.666484 342.994 
0.666353 0.0348369 -0.744822 283.856 -0.055228 0.99847 -0.002709 -1.20482 0.743588 0.0429402 0.667258 343.514 
0.668177 0.0374487 -0.743059 282.66 -0.0527375 0.998604 0.00290484 -1.22376 0.742131 0.0372461 0.66922 344.584 
0.674745 0.0327387 -0.737325 280.228 -0.0594602 0.99818 -0.0100923 -1.26325 0.735652 0.0506512 0.675463 346.759 
0.679381 0.0289914 -0.733213 278.373 -0.0519852 0.99861 -0.00868316 -1.31123 0.731942 0.0440154 0.679943 348.468 
0.680313 0.0296238 -0.732323 276.28 -0.0437142 0.999044 -0.000196384 -1.35407 0.731617 0.0321465 0.680957 350.403 
0.677592 0.0184206 -0.735207 273.676 -0.0301258 0.999542 -0.00272149 -1.39704 0.73482 0.0239928 0.677837 352.815 
0.671159 0.0255023 -0.740874 271.714 -0.0354731 0.999368 0.002265 -1.42839 0.740464 0.024761 0.67164 354.568 
0.668645 0.0134131 -0.743461 270.395 -0.0370291 0.999197 -0.0152758 -1.45711 0.742659 0.0377438 0.668605 355.735 
0.666501 0.0255599 -0.745066 269.06 -0.043315 0.999051 -0.00447455 -1.48501 0.744245 0.0352549 0.666976 356.902 
0.668171 0.0344443 -0.74321 267.773 -0.0441501 0.999003 0.0066067 -1.51471 0.742697 0.0283984 0.669025 358.041 
0.671437 0.0355665 -0.740207 265.197 -0.0539545 0.998543 -0.000962415 -1.54992 0.739095 0.0405837 0.672378 360.318 
0.672365 0.03849 -0.739218 263.895 -0.0494172 0.998753 0.00705563 -1.56811 0.738568 0.0317861 0.673429 361.496 
0.672198 0.0330432 -0.739634 263.253 -0.0456178 0.998954 0.00316971 -1.57566 0.738965 0.0316098 0.673002 362.078 
0.671258 0.0222069 -0.740891 261.97 -0.0396213 0.999197 -0.0059483 -1.58963 0.740164 0.0333479 0.671599 363.241 
0.669588 0.0293777 -0.742152 259.264 -0.0406354 0.99917 0.0028893 -1.62863 0.741621 0.028223 0.670225 365.657 
0.669574 0.0318904 -0.74206 258.587 -0.045111 0.998979 0.00222717 -1.63308 0.741374 0.0319838 0.67033 366.251 
0.669894 0.0331212 -0.741718 257.915 -0.0459959 0.998937 0.00306538 -1.6394 0.741031 0.0320625 0.670705 366.848 
0.670997 0.0344511 -0.740659 257.244 -0.04983 0.998757 0.00131295 -1.65196 0.739783 0.0360261 0.67188 367.441 
0.672361 0.0362315 -0.739337 256.567 -0.053012 0.998594 0.000726788 -1.65786 0.738323 0.038705 0.673336 368.04 
0.673897 0.0360773 -0.737944 255.891 -0.0498302 0.998752 0.00332252 -1.66081 0.737143 0.0345328 0.674854 368.652 
0.675444 0.0352147 -0.73657 255.212 -0.0447646 0.998975 0.00671037 -1.67169 0.736052 0.0284398 0.676328 369.275 
0.677805 0.0238576 -0.734854 253.889 -0.0396926 0.999203 -0.00417133 -1.68938 0.734169 0.0319957 0.678212 370.485 
0.67988 0.030135 -0.732704 252.214 -0.0433775 0.999058 0.000839526 -1.71276 0.732039 0.0312121 0.680547 372.006 
0.681808 0.0443197 -0.730187 250.796 -0.0537742 0.998499 0.0103938 -1.73173 0.729552 0.0321787 0.683168 373.281 
0.683307 0.0371305 -0.729186 248.739 -0.0574284 0.998345 -0.00297883 -1.75247 0.727869 0.0439114 0.684309 375.169 
0.683134 0.0294562 -0.729699 248.075 -0.0523633 0.99859 -0.00871109 -1.76465 0.728414 0.0441603 0.683713 375.792 
0.681281 0.0325792 -0.731297 246.716 -0.047942 0.99885 -0.000164384 -1.79439 0.73045 0.0351718 0.682059 377.055 
0.677911 0.0281384 -0.734605 245.189 -0.0494214 0.998751 -0.00735099 -1.82662 0.733481 0.0412885 0.678455 378.433 
0.676114 0.0256521 -0.736351 244.583 -0.0490393 0.998744 -0.0102346 -1.83803 0.735164 0.0430299 0.676523 378.982 
0.668591 0.0250537 -0.743208 240.612 -0.0459159 0.998916 -0.00763235 -1.92895 0.742211 0.039228 0.669017 382.54 
0.664481 0.0343624 -0.746514 238.644 -0.0472868 0.998874 0.00388804 -1.97314 0.745807 0.0327168 0.665358 384.268 
0.663 0.0288156 -0.748064 238.025 -0.0418775 0.999122 0.00137089 -1.98217 0.747447 0.0304182 0.663625 384.824 
0.660423 0.0284238 -0.750356 236.755 -0.043365 0.999059 -0.000322727 -2.00596 0.749641 0.0327523 0.661034 385.929 
0.65932 0.0310909 -0.751219 236.166 -0.0436895 0.999041 0.00300272 -2.01226 0.750592 0.0308406 0.660046 386.438 
0.659683 0.040106 -0.750474 234.953 -0.0448265 0.998897 0.0139785 -2.03251 0.750206 0.0244198 0.660753 387.487 
0.659799 0.0363518 -0.750563 234.421 -0.0436402 0.998997 0.0100213 -2.03817 0.750174 0.0261427 0.660723 387.952 
0.662639 0.0267131 -0.748462 232.752 -0.043888 0.999031 -0.00319948 -2.06195 0.747652 0.0349686 0.66317 389.404 
0.665118 0.0255315 -0.746302 232.261 -0.0412659 0.999145 -0.00259556 -2.07425 0.745598 0.0325232 0.665602 389.842 
0.679425 0.0245678 -0.733333 230.738 -0.0410006 0.999149 -0.00451367 -2.11501 0.732598 0.0331338 0.679855 391.223 
0.703737 0.0229391 -0.710091 229.421 -0.0358409 0.999352 -0.00323667 -2.15331 0.709556 0.027728 0.704103 392.495 
0.736911 0.0224269 -0.675618 227.745 -0.0193993 0.999739 0.0120268 -2.19549 0.675711 0.00424385 0.737154 394.312 
0.751129 0.0134929 -0.660018 227.04 -0.0101761 0.999909 0.00886053 -2.20932 0.660077 6.09788e-05 0.751198 395.137 
0.764303 0.00526579 -0.644836 226.396 -0.00437064 0.999986 0.00298559 -2.21635 0.644843 0.000536453 0.764315 395.922 
0.779039 -0.00345516 -0.626966 225.03 0.008864 0.999946 0.00550339 -2.25303 0.626913 -0.00984478 0.779027 397.648 
0.741844 -0.00786981 -0.670526 223.766 0.00758897 0.999966 -0.00334022 -2.28195 0.67053 -0.00261068 0.741878 399.062 
0.712529 -0.00895428 -0.701585 223.372 0.00938343 0.999951 -0.0032325 -2.29058 0.701579 -0.00428002 0.712578 399.428 
0.672315 -0.00587312 -0.740242 222.96 0.00653907 0.999977 -0.00199485 -2.29149 0.740236 -0.00349932 0.672338 399.746 
0.621118 0.000555197 -0.783717 222.524 0.00314426 0.99999 0.00320032 -2.28989 0.783711 -0.00445198 0.62111 400.028 
0.560736 0.0100172 -0.827934 222.066 -0.00208793 0.999941 0.0106843 -2.29107 0.827992 -0.00426238 0.560724 400.269 
0.4857 0.0185352 -0.873929 221.589 -0.0139753 0.999812 0.0134381 -2.29337 0.874014 0.00568649 0.485867 400.448 
0.290677 0.0139558 -0.956719 220.513 -0.0124708 0.999864 0.0107962 -2.29302 0.95674 0.00879287 0.290812 400.703 
0.111309 0.00645533 -0.993765 219.557 0.00303236 0.999972 0.0068353 -2.28214 0.993781 -0.00377428 0.111287 400.757 
-0.0154513 0.00354897 -0.999874 218.89 -0.00943034 0.999949 0.00369496 -2.27992 0.999836 0.00948625 -0.015417 400.651 
-0.0800957 0.00484914 -0.996775 218.54 -0.0141183 0.999882 0.00599873 -2.27855 0.996687 0.0145533 -0.0800179 400.565 
-0.211643 0.00703557 -0.977322 217.826 -0.00921932 0.999915 0.00919471 -2.26392 0.977303 0.0109562 -0.211561 400.357 
-0.271663 0.0105948 -0.962334 217.483 -0.0131202 0.999806 0.0147111 -2.26127 0.962303 0.0166224 -0.271471 400.213 
-0.327601 0.0125251 -0.944733 217.166 -0.0191617 0.999618 0.0198974 -2.26189 0.944622 0.0246212 -0.327236 400.056 
-0.42744 0.00693285 -0.904017 216.63 -0.0270869 0.999423 0.0204718 -2.25178 0.903638 0.0332375 -0.427005 399.757 
-0.47016 0.00208346 -0.882579 216.623 -0.0329647 0.999258 0.0199196 -2.2506 0.881965 0.0384594 -0.469742 399.788 
-0.580946 -0.00989516 -0.813882 215.036 -0.0403009 0.999049 0.0166202 -2.20695 0.812944 0.0424556 -0.580792 398.687 
-0.620584 -0.0115286 -0.784055 214.15 -0.0388998 0.999113 0.0160986 -2.18964 0.783174 0.0404902 -0.620483 398.001 
-0.694588 -0.0170839 -0.719204 211.937 -0.0379531 0.999196 0.0129194 -2.13787 0.718405 0.0362697 -0.694678 395.924 
-0.727594 -0.0300926 -0.685347 210.263 -0.0471545 0.998868 0.00620232 -2.08607 0.684385 0.03683 -0.72819 394.105 
-0.737951 -0.0200741 -0.674555 209.78 -0.0429581 0.998928 0.0172682 -2.08684 0.673485 0.0417207 -0.738022 393.584 
-0.750141 -0.0150718 -0.661106 208.739 -0.0393113 0.998989 0.0218308 -2.07377 0.660108 0.0423651 -0.749975 392.401 
-0.753837 -0.0214998 -0.65671 208.231 -0.0437744 0.998887 0.0175464 -2.05403 0.655602 0.0419742 -0.753939 391.797 
-0.756232 -0.0271323 -0.653741 207.698 -0.0474882 0.998781 0.0134806 -2.03684 0.652578 0.0412395 -0.756598 391.157 
-0.758443 -0.0305672 -0.651022 206.54 -0.0528416 0.998495 0.0146787 -2.0155 0.649594 0.045534 -0.758917 389.776 
-0.758227 -0.030115 -0.651295 205.998 -0.0497927 0.99869 0.0117898 -2.00753 0.650087 0.0413691 -0.758733 389.143 
-0.75718 -0.0284098 -0.652588 205.398 -0.0458046 0.998904 0.00965945 -2.00095 0.651598 0.0372055 -0.757651 388.45 
-0.753672 -0.0283547 -0.656638 204.148 -0.0476523 0.998797 0.0115644 -1.98593 0.655521 0.0400061 -0.754117 386.987 
-0.752156 -0.019342 -0.658702 203.53 -0.0417919 0.998957 0.0183881 -1.97915 0.657659 0.0413591 -0.75218 386.285 
-0.746803 -0.01434 -0.664891 201.547 -0.0352047 0.999218 0.0179912 -1.9481 0.664113 0.0368432 -0.746724 384.038 
-0.744535 -0.0164024 -0.667381 200.917 -0.0326161 0.999398 0.0118243 -1.94607 0.666786 0.030571 -0.744622 383.333 
-0.740162 -0.00525364 -0.672408 198.232 -0.0257328 0.999458 0.0205168 -1.93405 0.671936 0.0324886 -0.739897 380.353 
-0.739655 -0.005826 -0.672961 196.851 -0.0272876 0.9994 0.0213398 -1.91096 0.672433 0.0341476 -0.73937 378.818 
-0.740037 -0.0125787 -0.672448 194.038 -0.0310334 0.999399 0.0154582 -1.89958 0.671849 0.032308 -0.739983 375.677 
-0.740446 -0.0108917 -0.672027 193.348 -0.0326688 0.99927 0.0197994 -1.893 0.671321 0.0366147 -0.740262 374.906 
-0.740763 -0.0154678 -0.671589 191.963 -0.0398265 0.998988 0.0209203 -1.87243 0.670585 0.042244 -0.740629 373.341 
-0.741766 -0.0159196 -0.67047 191.259 -0.0462627 0.998551 0.0274727 -1.85501 0.669061 0.051396 -0.741428 372.54 
-0.743256 -0.0157009 -0.668822 189.876 -0.049128 0.998306 0.0311598 -1.82506 0.6672 0.0560177 -0.742769 370.976 
-0.744671 -0.0195792 -0.667144 187.836 -0.0465645 0.998658 0.0226672 -1.77655 0.665805 0.0479448 -0.744584 368.668 
-0.743227 -0.0183432 -0.668787 185.758 -0.0406922 0.999013 0.017821 -1.75553 0.6678 0.0404595 -0.74324 366.343 
-0.739047 -0.0284592 -0.673052 183.682 -0.0534885 0.998432 0.0165157 -1.73307 0.671527 0.0482064 -0.73941 363.997 
-0.736231 -0.0295054 -0.676086 182.988 -0.0551121 0.998345 0.0164456 -1.7248 0.674482 0.0493683 -0.736639 363.222 
-0.734474 -0.0302784 -0.677961 182.287 -0.0608285 0.99792 0.0213309 -1.71792 0.675905 0.0569063 -0.734788 362.438 
-0.73229 -0.0253226 -0.680522 181.574 -0.0610272 0.997728 0.0285437 -1.70262 0.678253 0.0624326 -0.732171 361.654 
-0.73162 -0.0201013 -0.681416 180.144 -0.0528855 0.998226 0.0273348 -1.67371 0.679658 0.0560357 -0.731385 360.115 
-0.732703 -0.0183753 -0.6803 179.426 -0.0427974 0.998901 0.0191131 -1.65916 0.679201 0.0431193 -0.732685 359.355 
-0.73615 -0.0144942 -0.676664 178.017 -0.043332 0.998729 0.0257485 -1.63716 0.67543 0.0482759 -0.735842 357.808 
-0.738282 -0.0125929 -0.674374 177.315 -0.0445141 0.998556 0.0300861 -1.62426 0.673021 0.0522312 -0.737777 357.029 
-0.73971 -0.016093 -0.672734 176.624 -0.0473113 0.998484 0.028136 -1.60858 0.671261 0.0526404 -0.73935 356.25 
-0.741175 -0.0277251 -0.670739 175.947 -0.0518216 0.998528 0.0159893 -1.59739 0.669308 0.0466096 -0.741521 355.478 
-0.744151 -0.033882 -0.667151 174.569 -0.0528695 0.998567 0.00825824 -1.59019 0.665916 0.0414173 -0.744877 353.916 
-0.745251 -0.0293439 -0.666138 173.875 -0.0536081 0.998434 0.015993 -1.59267 0.664625 0.0476292 -0.745657 353.125 
-0.746237 -0.0337539 -0.664824 171.836 -0.0589323 0.998142 0.0154722 -1.57374 0.663066 0.0507255 -0.74684 350.782 
-0.745306 -0.0367637 -0.665708 171.163 -0.061095 0.998044 0.0132832 -1.56793 0.663917 0.0505715 -0.746094 350.009 
-0.7415 -0.0271625 -0.670403 168.428 -0.0543911 0.998325 0.0197104 -1.55994 0.668745 0.0510792 -0.741735 346.934 
-0.739585 -0.0269313 -0.672524 166.374 -0.0482386 0.998751 0.0130536 -1.55116 0.671332 0.0420958 -0.73996 344.651 
-0.737063 -0.0201673 -0.675523 164.303 -0.0456545 0.998757 0.0199963 -1.53103 0.674281 0.0455792 -0.737067 342.363 
-0.734396 -0.035095 -0.677813 162.949 -0.0460878 0.998936 -0.00178658 -1.52664 0.677154 0.0299269 -0.735232 340.87 
-0.732491 -0.0301798 -0.680107 162.254 -0.04572 0.998942 0.00491343 -1.53496 0.679239 0.0346935 -0.733096 340.111 
-0.728121 -0.0153987 -0.685275 160.848 -0.0439174 0.998742 0.0242207 -1.53267 0.68404 0.0477311 -0.727881 338.595 
-0.725921 -0.012428 -0.687666 160.142 -0.041413 0.998812 0.0256656 -1.52231 0.68653 0.0471095 -0.725573 337.846 
-0.720435 -0.0198709 -0.693238 158.735 -0.0400591 0.999113 0.0129922 -1.50659 0.692365 0.0371305 -0.720592 336.366 
-0.708104 -0.0158218 -0.70593 156.586 -0.0381786 0.999144 0.0159027 -1.50238 0.705075 0.0382122 -0.708103 334.161 
-0.699808 -0.00709742 -0.714296 155.136 -0.0310304 0.999309 0.0204717 -1.4917 0.713657 0.0364912 -0.699544 332.731 
-0.696378 -0.00337793 -0.717667 154.406 -0.0286245 0.999324 0.0230717 -1.4872 0.717104 0.0366095 -0.696004 332.025 
-0.688733 0.00141198 -0.725014 152.951 -0.0191934 0.999612 0.0201797 -1.46868 0.724761 0.0278139 -0.688439 330.642 
-0.686307 -0.00308634 -0.727306 152.236 -0.0262764 0.999443 0.020554 -1.46147 0.726837 0.0332174 -0.686006 329.948 
-0.681463 -0.0107874 -0.731773 150.801 -0.0311555 0.999413 0.0142807 -1.45184 0.731189 0.0325305 -0.681398 328.582 
-0.680099 -0.0129077 -0.733007 150.084 -0.0336461 0.999341 0.0136198 -1.44695 0.732348 0.0339256 -0.680085 327.902 
-0.679793 -0.010759 -0.733325 149.361 -0.033308 0.999314 0.0162151 -1.44497 0.732647 0.0354485 -0.679685 327.221 
-0.682112 -0.00273463 -0.731242 147.913 -0.0226026 0.999594 0.0173458 -1.43962 0.730898 0.0283598 -0.681897 325.878 
-0.684194 0.00223191 -0.729297 147.187 -0.0169755 0.999676 0.018985 -1.43334 0.729103 0.0253697 -0.683934 325.202 
-0.689612 0.00634711 -0.724151 145.777 -0.0153733 0.999608 0.0234015 -1.4242 0.724016 0.0272705 -0.689244 323.854 
-0.692485 0.00485854 -0.721416 145.06 -0.0139545 0.9997 0.0201276 -1.41726 0.721297 0.024005 -0.69221 323.158 
-0.696687 9.34937e-05 -0.717375 143.668 -0.00921507 0.999916 0.00907963 -1.41071 0.717316 0.0129363 -0.696628 321.805 
-0.699845 0.026298 -0.713811 141.611 0.00831319 0.999554 0.0286747 -1.40292 0.714247 0.0141338 -0.699751 319.805 
-0.699101 0.0334121 -0.714242 139.641 0.0204369 0.999433 0.0267497 -1.36961 0.714731 0.00410385 -0.699388 317.89 
-0.696207 0.0270664 -0.71733 138.384 0.0196005 0.999633 0.018695 -1.34894 0.717573 -0.00104443 -0.696482 316.66 
-0.681531 0.0344659 -0.730978 135.916 0.0188406 0.999386 0.0295554 -1.31719 0.731547 0.00637085 -0.681761 314.302 
-0.66968 0.0335557 -0.741891 134.716 0.0227172 0.999437 0.0246984 -1.30139 0.742302 -0.000313649 -0.670066 313.223 
-0.640789 0.0286847 -0.767181 132.435 0.013038 0.999564 0.0264834 -1.28204 0.767606 0.00696777 -0.640884 311.248 
-0.633669 0.0215436 -0.773304 131.896 0.0102793 0.999758 0.0194293 -1.28367 0.773536 0.00436277 -0.633738 310.804 
-0.610262 0.0196733 -0.791956 129.878 -0.00165245 0.999658 0.0261062 -1.27554 0.792198 0.0172403 -0.61002 309.191 
-0.605025 0.0315127 -0.795583 128.937 0.00941393 0.99943 0.0324279 -1.2743 0.796151 0.0121301 -0.604976 308.496 
-0.613497 0.0202124 -0.789438 127.181 0.013736 0.999794 0.0149235 -1.25325 0.789578 -0.00168824 -0.613649 307.141 
-0.630958 0.034262 -0.77506 126.302 0.0282616 0.999376 0.021171 -1.23753 0.775302 -0.0085464 -0.631533 306.459 
-0.660088 0.0364214 -0.750305 125.485 0.0210476 0.999328 0.0299928 -1.23312 0.750894 0.00400576 -0.660411 305.714 
-0.75234 0.0311876 -0.658037 124.029 0.0279836 0.99949 0.0153768 -1.21333 0.658181 -0.00684568 -0.752829 304.129 
-0.780062 0.0286465 -0.625046 123.711 0.0275717 0.999555 0.011401 -1.20806 0.625094 -0.00834015 -0.780505 303.692 
-0.808052 0.0296038 -0.588367 123.408 0.029257 0.999521 0.0101101 -1.20349 0.588385 -0.00904439 -0.808531 303.235 
-0.862345 0.0339231 -0.505184 122.876 0.0301217 0.999423 0.0156938 -1.20042 0.505425 -0.00168351 -0.862869 302.269 
-0.888522 0.0346009 -0.457527 122.651 0.0301983 0.9994 0.0169352 -1.19965 0.457839 0.00123074 -0.889034 301.763 
-0.934912 0.0318645 -0.353447 122.296 0.0272807 0.999467 0.0179446 -1.19571 0.35383 0.0071343 -0.935283 300.704 
-0.954317 0.0306097 -0.297224 122.173 0.0260175 0.999473 0.019395 -1.19004 0.297661 0.0107759 -0.954611 300.179 
-0.970409 0.0315867 -0.239391 122.073 0.0273592 0.999406 0.0209626 -1.18272 0.239911 0.0137928 -0.970697 299.625 
-0.992314 0.031378 -0.1197 121.969 0.0282877 0.999223 0.0274298 -1.17398 0.120467 0.023833 -0.992431 298.453 
-0.999788 0.0201718 0.00412906 122.021 0.0202913 0.999304 0.0312986 -1.15617 -0.00349483 0.0313757 -0.999502 297.314 
-0.997741 0.0156007 0.0653404 122.099 0.0178015 0.999289 0.0332367 -1.14179 -0.0647755 0.0343248 -0.997309 296.729 
-0.992196 0.0167127 0.123562 122.203 0.0214774 0.999072 0.0373304 -1.12461 -0.122823 0.0396929 -0.991634 296.127 
-0.972548 0.0119062 0.2324 122.514 0.0206829 0.99916 0.0353654 -1.0995 -0.231783 0.0392013 -0.971977 294.929 
-0.946053 0.0102282 0.32385 122.951 0.0177043 0.99964 0.0201473 -1.07183 -0.323527 0.024794 -0.945894 293.736 
-0.932541 0.00688656 0.360997 123.208 0.0119572 0.999859 0.0118144 -1.0556 -0.360865 0.0153339 -0.932492 293.15 
-0.921268 0.000710768 0.388928 123.483 0.0057494 0.999914 0.0117915 -1.04448 -0.388886 0.0130992 -0.921193 292.575 
-0.90644 -0.0123907 0.422153 124.095 -0.00278089 0.999723 0.023372 -1.03465 -0.422326 0.0200113 -0.906223 291.346 
-0.899721 -0.0244322 0.435781 124.923 -0.0136235 0.999518 0.0279109 -1.00962 -0.436252 0.0191752 -0.89962 289.74 
-0.900754 -0.0260787 0.433547 125.606 -0.0162948 0.999522 0.0262684 -0.979053 -0.434025 0.0165967 -0.900748 288.363 
-0.901627 -0.0272556 0.431654 125.886 -0.0181403 0.999517 0.0252208 -0.965097 -0.432133 0.0149094 -0.901687 287.804 
-0.906691 -0.036226 0.420236 127.325 -0.0331414 0.999343 0.0146422 -0.918787 -0.420491 -0.000651214 -0.907297 284.846 
-0.909928 -0.0377358 0.413046 128.014 -0.0338283 0.999287 0.0167719 -0.900099 -0.413384 0.00128863 -0.910556 283.368 
-0.913671 -0.0333413 0.405085 129.477 -0.0295279 0.999441 0.0156608 -0.859871 -0.405381 0.00234748 -0.914145 280.112 
-0.914226 -0.033892 0.403785 130.248 -0.0289766 0.999413 0.0182794 -0.840535 -0.404167 0.00501116 -0.914671 278.398 
-0.914935 -0.0363487 0.401961 130.59 -0.0291186 0.999286 0.0240847 -0.829714 -0.40255 0.0103313 -0.91534 277.649 
-0.920235 -0.0311717 0.390123 132.189 -0.029453 0.999512 0.0103887 -0.782963 -0.390256 -0.00193022 -0.920704 274.002 
-0.931539 -0.0374417 0.36171 133.725 -0.0313178 0.99925 0.0227801 -0.770419 -0.362291 0.00989262 -0.932012 270.277 
-0.935247 -0.0356071 0.3522 134.067 -0.0305434 0.999335 0.0199255 -0.764512 -0.352675 0.00787787 -0.935713 269.383 
-0.938891 -0.0312718 0.342791 134.396 -0.0269884 0.999487 0.01726 -0.757311 -0.343155 0.0069539 -0.939253 268.481 
-0.942497 -0.0281542 0.333027 134.714 -0.0237871 0.999569 0.0171841 -0.753463 -0.333367 0.00827418 -0.942761 267.581 
-0.945881 -0.0275315 0.323345 135.034 -0.022831 0.999571 0.0183219 -0.750891 -0.323711 0.00994803 -0.946104 266.655 
-0.949257 -0.0248897 0.313515 135.342 -0.0194441 0.999601 0.0204849 -0.745295 -0.3139 0.0133494 -0.949362 265.729 
-0.952229 -0.0194345 0.304766 135.592 -0.0130383 0.99965 0.0230088 -0.741969 -0.305106 0.017936 -0.952149 264.943 
-0.957269 -0.00386109 0.289173 136.391 0.00326359 0.999703 0.0241519 -0.715965 -0.28918 0.0240636 -0.956972 262.306 
-0.957077 0.00676353 0.289754 136.937 0.0145013 0.999593 0.0245661 -0.684852 -0.28947 0.0277134 -0.956786 260.46 
-0.953998 0.0110599 0.29961 137.54 0.0204953 0.999387 0.0283681 -0.650402 -0.299113 0.0332037 -0.95364 258.508 
-0.949686 0.0145975 0.312863 138.184 0.0249799 0.999261 0.0292024 -0.614556 -0.312206 0.0355484 -0.949349 256.531 
-0.947272 0.0132016 0.320159 138.519 0.0235691 0.999315 0.0285289 -0.597122 -0.319563 0.0345705 -0.946934 255.575 
-0.944287 0.0177672 0.328643 138.875 0.0269841 0.999359 0.0235054 -0.583796 -0.328015 0.031064 -0.944162 254.55 
-0.941627 0.0226542 0.335895 139.214 0.0306814 0.999356 0.0186094 -0.572037 -0.335257 0.0278289 -0.941716 253.605 
-0.939085 0.0269964 0.342623 139.564 0.0348673 0.99925 0.0168326 -0.559378 -0.341912 0.0277536 -0.939322 252.648 
-0.936035 0.0266785 0.350895 139.919 0.0372652 0.99903 0.0234513 -0.552214 -0.349929 0.0350274 -0.936121 251.7 
-0.932855 0.0303781 0.358968 140.289 0.0439291 0.998595 0.0296519 -0.539866 -0.357563 0.0434301 -0.932879 250.72 
-0.929647 0.0348777 0.366797 140.657 0.0500572 0.998235 0.0319507 -0.524077 -0.365035 0.0480637 -0.929752 249.767 
-0.920433 0.04507 0.388294 141.815 0.0602438 0.997819 0.0269865 -0.475522 -0.386231 0.0482316 -0.92114 246.949 
-0.917372 0.0491738 0.394982 142.217 0.0636005 0.997699 0.0235064 -0.461564 -0.392917 0.0466852 -0.918388 246.013 
-0.912694 0.0515865 0.405375 143.038 0.067256 0.997435 0.0244956 -0.435937 -0.403071 0.0496209 -0.913822 244.148 
-0.909125 0.0444848 0.414141 143.883 0.062984 0.997529 0.0311136 -0.408434 -0.411734 0.0543704 -0.909681 242.303 
-0.908169 0.044337 0.41625 144.301 0.0639189 0.997402 0.0332188 -0.390787 -0.413696 0.0567745 -0.908643 241.399 
-0.907883 0.042276 0.417087 145.587 0.0577654 0.998028 0.024579 -0.34397 -0.415225 0.046408 -0.908534 238.651 
-0.909059 0.0447472 0.414258 146.836 0.0576339 0.998163 0.0186541 -0.32039 -0.412663 0.040833 -0.909968 235.931 
-0.910717 0.0413184 0.41096 147.251 0.0518344 0.998551 0.0144734 -0.317391 -0.409766 0.034483 -0.911539 235.039 
-0.912238 0.0396065 0.407741 147.66 0.0483535 0.998768 0.0111646 -0.313003 -0.406797 0.0299005 -0.913029 234.145 
-0.913551 0.0360225 0.405126 148.065 0.0461649 0.998817 0.0152895 -0.314355 -0.404096 0.0326703 -0.914133 233.245 
-0.914715 0.0316609 0.402858 148.464 0.0433923 0.998857 0.0200241 -0.312683 -0.401764 0.0357973 -0.915043 232.356 
-0.915153 0.0336797 0.401698 149.637 0.0490516 0.998403 0.0280405 -0.285737 -0.400112 0.0453653 -0.915343 229.679 
-0.914648 0.0337261 0.402842 150.024 0.0489959 0.998416 0.0276568 -0.274931 -0.401271 0.0450338 -0.914852 228.803 
-0.914024 0.0338227 0.404247 150.793 0.0459042 0.998741 0.020229 -0.258791 -0.403054 0.0370464 -0.914426 227.091 
-0.913846 0.0310561 0.404871 151.184 0.0425936 0.998902 0.0195175 -0.25054 -0.40382 0.0350809 -0.914166 226.234 
-0.913312 0.0287537 0.406245 151.57 0.0417346 0.998861 0.0231281 -0.245004 -0.405117 0.0380777 -0.913471 225.379 
-0.912497 0.0305816 0.407939 151.943 0.0459943 0.998549 0.0280249 -0.236785 -0.40649 0.0443355 -0.912579 224.538 
-0.911747 0.0330587 0.40942 152.31 0.0502787 0.998243 0.0313635 -0.222255 -0.407664 0.0491807 -0.911807 223.712 
-0.909647 0.0387311 0.413572 153.4 0.04953 0.998654 0.0154165 -0.200143 -0.412418 0.0345078 -0.910341 221.33 
-0.908342 0.0389343 0.416413 154.107 0.0515693 0.998486 0.0191329 -0.189495 -0.415037 0.0388533 -0.908974 219.793 
-0.90485 0.0344502 0.424335 155.455 0.0481512 0.998606 0.0216042 -0.171321 -0.422999 0.0399808 -0.905248 216.926 
-0.904167 0.0301967 0.42611 156.096 0.0439257 0.998783 0.0224266 -0.164552 -0.424914 0.0389946 -0.904394 215.6 
-0.903298 0.0227052 0.428413 156.715 0.0379621 0.998912 0.0271015 -0.155315 -0.427331 0.0407442 -0.903176 214.331 
-0.902211 0.0258303 0.430521 157.822 0.0418183 0.998741 0.0277133 -0.136934 -0.429263 0.0430069 -0.902155 212.024 
-0.903539 0.0246878 0.427794 158.319 0.0387319 0.998958 0.024156 -0.114867 -0.426751 0.0383952 -0.903554 210.997 
-0.909201 0.0239828 0.415666 158.96 0.0397401 0.99878 0.0292981 -0.113754 -0.414456 0.0431565 -0.909046 209.595 
-0.917579 0.0278734 0.396576 159.466 0.0428668 0.99866 0.0289921 -0.0924001 -0.395236 0.0436025 -0.917544 208.397 
-0.928161 0.0200211 0.371641 159.855 0.0385434 0.998354 0.0424773 -0.0780478 -0.370179 0.05375 -0.927404 207.406 
-0.942628 0.0223336 0.333096 160.185 0.0375467 0.998522 0.0393041 -0.0664415 -0.331726 0.0495558 -0.942073 206.411 
-0.955094 0.0208537 0.295568 160.458 0.0305241 0.999138 0.0281412 -0.0478512 -0.294727 0.0358995 -0.954907 205.498 
-0.965296 0.0201463 0.260382 160.695 0.0266344 0.999416 0.0214127 -0.0316299 -0.259798 0.0276047 -0.965268 204.585 
-0.977407 0.0200891 0.210409 161.134 0.0207441 0.999784 0.00090584 -0.0204377 -0.210346 0.00525012 -0.977613 202.606 
-0.977335 0.0102932 0.211447 161.427 0.0104203 0.999946 -0.000513252 -0.00594153 -0.211441 0.00170172 -0.977389 201.359 
-0.975165 0.0132144 0.221086 161.65 0.0145106 0.999886 0.00423983 -0.00260867 -0.221005 0.00734264 -0.975245 200.393 
-0.971764 0.0134401 0.235573 161.913 0.0173038 0.999747 0.0143418 0.00225852 -0.23532 0.0180131 -0.971751 199.337 
-0.966701 0.0057423 0.255843 162.229 0.0131885 0.999538 0.0273984 0.0246484 -0.255567 0.0298602 -0.96633 198.221 
-0.960572 0.0114609 0.277794 162.566 0.0217874 0.99918 0.0341148 0.0441003 -0.277175 0.0388222 -0.960035 197.052 
-0.957187 0.0164615 0.289003 162.75 0.0266066 0.999159 0.0312102 0.0615394 -0.288246 0.0375634 -0.956819 196.447 
-0.945528 0.0287629 0.324268 163.385 0.0367724 0.999151 0.0185984 0.103722 -0.323457 0.0295094 -0.945782 194.558 
-0.941216 0.0346278 0.336027 163.619 0.0422403 0.998989 0.0153691 0.114096 -0.335155 0.0286595 -0.941727 193.901 
-0.936997 0.0420473 0.346797 163.861 0.0506817 0.998589 0.0158613 0.121601 -0.34564 0.0324382 -0.937806 193.232 
-0.929376 0.0479047 0.366013 164.384 0.0579921 0.998179 0.0166089 0.135758 -0.36455 0.0366617 -0.930462 191.882 
-0.92621 0.0470513 0.37406 164.67 0.0587822 0.99807 0.0200079 0.144292 -0.372397 0.0405196 -0.927189 191.189 
-0.91917 0.0534015 0.390225 165.862 0.0715506 0.99692 0.0321101 0.199856 -0.387308 0.0574355 -0.920159 188.327 
-0.917787 0.04747 0.394226 167.152 0.0649054 0.99741 0.0310034 0.271081 -0.391733 0.0540419 -0.91849 185.345 
-0.917786 0.0438535 0.394647 167.492 0.0597673 0.997816 0.028116 0.287163 -0.392552 0.0493915 -0.918403 184.578 
-0.917799 0.0434805 0.394657 167.834 0.0574074 0.998073 0.0235437 0.301892 -0.392873 0.0442647 -0.918527 183.806 
-0.917671 0.0441903 0.394877 168.173 0.0558027 0.99828 0.0179657 0.314834 -0.393404 0.0385218 -0.918558 183.038 
-0.918377 0.0378938 0.393887 170.273 0.0555998 0.997886 0.0336337 0.390207 -0.39178 0.0527885 -0.918543 178.177 
-0.919259 0.0362593 0.391979 171.337 0.0509658 0.998331 0.0271751 0.438768 -0.390339 0.0449584 -0.919573 175.724 
-0.919115 0.0362152 0.392322 171.69 0.0511091 0.998312 0.0275821 0.452556 -0.390661 0.0454023 -0.919414 174.903 
-0.918816 0.0341797 0.393204 172.746 0.0503546 0.998254 0.0308914 0.493125 -0.391462 0.0481831 -0.918932 172.447 
-0.918746 0.0348544 0.393308 173.095 0.0519476 0.998108 0.032896 0.509963 -0.391417 0.0506544 -0.918818 171.636 
-0.916354 0.0513078 0.397068 174.806 0.0643641 0.997734 0.0196157 0.563536 -0.395162 0.0435319 -0.917579 167.632 
-0.915912 0.0452537 0.398821 175.829 0.0593107 0.997975 0.022971 0.578582 -0.396974 0.0446938 -0.916741 165.319 
-0.914622 0.0489647 0.401335 176.466 0.0640402 0.997653 0.0242263 0.587881 -0.399207 0.0478594 -0.915611 163.849 
-0.914054 0.0477606 0.402771 176.783 0.0640113 0.997585 0.0269745 0.592582 -0.40051 0.050438 -0.914903 163.142 
-0.906708 0.0461427 0.419227 177.972 0.0632064 0.997638 0.0268973 0.615144 -0.416996 0.0508858 -0.907483 160.541 
-0.899738 0.0395013 0.434638 178.547 0.0583454 0.997843 0.0300928 0.621476 -0.432512 0.0524348 -0.900102 159.38 
-0.871187 0.0542075 0.48795 179.674 0.0662009 0.997779 0.00734945 0.626146 -0.486468 0.0387054 -0.872841 157.278 
-0.841976 0.0459506 0.537555 180.327 0.0610312 0.998083 0.0102766 0.626441 -0.536052 0.0414603 -0.843166 156.293 
-0.759974 0.0236237 0.649524 181.803 0.0461531 0.998778 0.0176749 0.617876 -0.648313 0.0434101 -0.760135 154.536 
-0.712521 0.0174317 0.701434 182.62 0.041447 0.998991 0.0172757 0.618577 -0.700425 0.0413816 -0.712525 153.755 
-0.662282 0.0104146 0.749182 183.498 0.0318655 0.99939 0.0142765 0.62386 -0.748576 0.0333282 -0.66221 153.031 
-0.585061 -0.0106702 0.810919 185.451 0.0167177 0.999542 0.0252136 0.648483 -0.810817 0.0283082 -0.584615 151.646 
-0.552891 -0.0264859 0.832833 187.658 0.00409586 0.999396 0.0345021 0.703833 -0.833243 0.022487 -0.552449 150.225 
-0.547169 -0.0109986 0.83695 190.049 0.0191644 0.999487 0.0256635 0.775498 -0.836803 0.0300819 -0.546677 148.652 
-0.546726 -0.00379768 0.837303 190.632 0.0245111 0.999489 0.0205381 0.79058 -0.836953 0.0317519 -0.546354 148.266 
-0.550095 -0.00846052 0.835059 193.293 0.0286338 0.99917 0.0289857 0.848457 -0.834611 0.0398558 -0.549396 146.528 
-0.562233 0.0105388 0.826912 196.174 0.0343445 0.999354 0.010615 0.903788 -0.826266 0.0343679 -0.562231 144.598 
-0.565893 0.0112183 0.824402 196.881 0.0392932 0.999138 0.0133759 0.905802 -0.823542 0.0399628 -0.565846 144.107 
-0.56946 0.00949792 0.821964 197.556 0.040303 0.999053 0.0163779 0.911251 -0.821031 0.0424542 -0.569304 143.644 
-0.580777 0.012915 0.813961 200.682 0.0502646 0.998535 0.0200212 0.967594 -0.81251 0.0525412 -0.580575 141.43 
-0.581765 0.0352721 0.812592 203.092 0.0620231 0.998074 0.00108133 0.987847 -0.810989 0.0510285 -0.582832 139.69 
-0.58159 0.0380191 0.812593 203.908 0.0645744 0.997913 -0.000472488 0.986983 -0.810915 0.0521979 -0.582831 139.102 
-0.582663 0.0159923 0.812557 205.633 0.0546731 0.998313 0.0195564 0.985398 -0.810873 0.0558198 -0.582554 137.896 
-0.581187 0.00674585 0.813742 206.471 0.0525679 0.998188 0.0292699 0.994909 -0.812071 0.059788 -0.580488 137.307 
-0.576803 0.0177515 0.816691 208.166 0.05725 0.998184 0.0187374 1.02119 -0.814875 0.0575633 -0.576771 136.11 
-0.574623 0.0260046 0.818005 209.002 0.0582389 0.998261 0.0091761 1.02764 -0.816343 0.0529125 -0.575138 135.526 
-0.570225 0.0278047 0.821018 210.713 0.0597019 0.998187 0.00766027 1.0193 -0.819316 0.0533844 -0.570851 134.341 
-0.568237 0.0232517 0.822536 211.558 0.05752 0.998278 0.0115173 1.01463 -0.820852 0.0538568 -0.568596 133.767 
-0.566979 0.017794 0.82354 212.339 0.0578783 0.998156 0.0182803 1.01897 -0.821696 0.0580296 -0.566964 133.238 
-0.565317 0.00834671 0.824831 214.068 0.0541629 0.998166 0.0270211 1.03299 -0.823093 0.0599507 -0.564733 132.07 
-0.563799 0.0180979 0.825714 217.484 0.0556644 0.998319 0.0161268 1.04861 -0.824034 0.0550552 -0.563859 129.752 
-0.563887 0.0121718 0.825762 218.32 0.0555695 0.998184 0.0232333 1.05449 -0.82398 0.0589881 -0.563539 129.185 
-0.564186 0.011686 0.825565 219.155 0.0571198 0.998057 0.0249077 1.05996 -0.823669 0.0612087 -0.563757 128.619 
-0.566498 0.0185212 0.823855 220.785 0.0568369 0.998245 0.0166404 1.07404 -0.822101 0.0562521 -0.566557 127.511 
-0.567302 0.0228684 0.823192 221.601 0.0589928 0.998175 0.0129253 1.073 -0.821394 0.0558949 -0.567616 126.949 
-0.568372 0.0331344 0.822104 223.239 0.0632585 0.997991 0.00351119 1.06677 -0.820336 0.0540008 -0.569326 125.815 
-0.569145 0.0306875 0.821665 224.045 0.0667544 0.997729 0.0089758 1.06218 -0.819523 0.0599582 -0.569901 125.255 
-0.571193 0.0264362 0.82039 225.681 0.069882 0.997419 0.0165143 1.05736 -0.817835 0.0667634 -0.571566 124.112 
-0.572032 0.0271725 0.819781 226.47 0.0694606 0.997466 0.0154066 1.06214 -0.817285 0.0657556 -0.57247 123.568 
-0.571264 0.0343628 0.820047 228.064 0.0771691 0.996946 0.0119823 1.06026 -0.817131 0.0701273 -0.572171 122.445 
-0.570605 0.035903 0.820439 228.852 0.0775583 0.996934 0.0103143 1.06002 -0.817554 0.0695172 -0.571641 121.899 
-0.567774 0.0317947 0.82257 230.434 0.084312 0.996245 0.0196881 1.05999 -0.818855 0.0805309 -0.568323 120.795 
-0.566078 0.0304689 0.823788 231.196 0.083507 0.996296 0.0205338 1.0599 -0.820111 0.0804159 -0.566525 120.276 
-0.563764 0.0315542 0.825333 231.982 0.0835924 0.996319 0.0190085 1.0649 -0.821695 0.0797079 -0.564326 119.742 
-0.556432 0.022631 0.830585 234.317 0.0773737 0.996697 0.0246778 1.07895 -0.827283 0.077997 -0.556345 118.187 
-0.551838 0.0249536 0.833578 235.825 0.0757337 0.996922 0.0202932 1.0934 -0.830505 0.0743285 -0.552029 117.197 
-0.55026 0.0255948 0.834601 236.546 0.0754399 0.996966 0.0191641 1.09374 -0.831579 0.0735074 -0.550521 116.728 
-0.548965 0.0231517 0.835525 238.649 0.0709455 0.9973 0.0189789 1.09599 -0.832829 0.0696955 -0.549125 115.368 
-0.557024 0.0151064 0.830359 241.228 0.0654607 0.997522 0.025765 1.10345 -0.827912 0.0687076 -0.556633 113.677 
-0.56899 0.0121777 0.822255 242.394 0.0631693 0.997583 0.0289381 1.11178 -0.819915 0.0684067 -0.568384 112.88 
-0.61875 0.0203436 0.785325 244.447 0.0661789 0.997461 0.0263028 1.13329 -0.782796 0.0682468 -0.618525 111.339 
-0.655582 0.0201037 0.754856 245.375 0.0648705 0.997449 0.0297746 1.14637 -0.752332 0.0684876 -0.655214 110.51 
-0.699135 0.0163632 0.714802 246.249 0.0589431 0.997654 0.034813 1.15949 -0.712556 0.0664717 -0.69846 109.638 
-0.802108 0.015977 0.596965 247.746 0.0412818 0.998734 0.0287381 1.1992 -0.59575 0.0476948 -0.801752 107.812 
-0.855871 0.00890151 0.517113 248.368 0.0259057 0.999335 0.025674 1.21207 -0.516541 0.0353698 -0.855532 106.799 
-0.881865 0.00197894 0.471497 248.644 0.0145041 0.999632 0.0229321 1.21794 -0.471279 0.0270617 -0.881569 106.257 
-0.92991 0.00175608 0.367783 249.065 0.0130762 0.999514 0.0282898 1.236 -0.367554 0.0311162 -0.929481 105.135 
-0.968031 0.000563738 0.250831 249.345 0.0102058 0.999258 0.0371412 1.25607 -0.250624 0.0385138 -0.967318 103.991 
-0.98143 0.00243622 0.191804 249.438 0.00991949 0.999226 0.0380647 1.27617 -0.191562 0.0392604 -0.980695 103.444 
-0.990975 0.00429431 0.13398 249.503 0.00896808 0.999371 0.0343001 1.29588 -0.133749 0.035192 -0.99039 102.903 
-0.999804 -0.00676671 0.0185998 249.526 -0.0064268 0.999812 0.0182744 1.29442 -0.0187199 0.0181513 -0.99966 101.733 
-0.999321 -0.00480813 -0.0365172 249.512 -0.00521066 0.999927 0.0109357 1.29259 0.0364619 0.0111185 -0.999273 101.262 
-0.995829 0.00651614 -0.0910086 249.471 0.00587233 0.999956 0.00734017 1.29719 0.0910524 0.00677512 -0.995823 100.768 
-0.979828 0.0158272 -0.199216 249.231 0.0139481 0.999844 0.0108324 1.29453 0.199357 0.00783519 -0.979896 99.6291 
-0.968186 0.0148821 -0.249788 249.055 0.01255 0.999862 0.0109268 1.29526 0.249916 0.0074443 -0.968239 99.0207 
-0.954773 0.0174194 -0.296826 248.842 0.0142871 0.999817 0.0127188 1.30138 0.296993 0.00790276 -0.954847 98.4112 
-0.922516 0.0150894 -0.385665 248.313 0.0108237 0.999854 0.0132295 1.30813 0.385808 0.00803009 -0.922544 97.1543 
-0.904981 0.0134949 -0.425237 248.039 0.01027 0.999898 0.00987546 1.30744 0.425327 0.00456994 -0.905028 96.5882 
-0.873561 0.0174593 -0.486401 247.351 0.0233472 0.999709 -0.00604634 1.30519 0.486154 -0.0166379 -0.873715 95.41 
-0.837675 0.0257512 -0.545562 246.27 0.026395 0.999629 0.00665595 1.29465 0.545531 -0.00882457 -0.838044 93.7211 
-0.821955 0.0341793 -0.568526 245.362 0.0275245 0.999415 0.0202901 1.2993 0.568887 0.00102919 -0.822415 92.3976 
-0.813934 0.0435287 -0.579324 244.42 0.04136 0.999 0.0169523 1.31492 0.579483 -0.0101628 -0.814921 91.1013 
-0.81032 0.0473497 -0.584071 242.442 0.0482022 0.998738 0.0140919 1.33563 0.584001 -0.0167345 -0.81158 88.3525 
-0.810946 0.0522514 -0.582783 240.387 0.0673575 0.99772 -0.00427435 1.33859 0.581231 -0.0427211 -0.812617 85.5181 
-0.811469 0.0590224 -0.581408 240.012 0.0775236 0.996966 -0.00699095 1.32619 0.579231 -0.0507458 -0.813582 85.0197 
-0.812896 0.0729479 -0.577822 239.031 0.0911925 0.99583 -0.00257235 1.3087 0.575225 -0.0547841 -0.816159 83.6765 
-0.815832 0.0803394 -0.572681 238.015 0.0887387 0.995966 0.0133048 1.29496 0.571439 -0.0399644 -0.819671 82.2176 
-0.819825 0.0639238 -0.569035 236.008 0.0664771 0.997655 0.0162983 1.32164 0.568743 -0.0244661 -0.822152 79.2279 
-0.820566 0.0524569 -0.569139 234.927 0.0630993 0.998007 0.00101078 1.33047 0.568058 -0.0350829 -0.82224 77.6396 
-0.820121 0.0516426 -0.569855 233.77 0.0581059 0.998287 0.00684446 1.32195 0.569232 -0.0274986 -0.821717 75.9407 
-0.817344 0.050278 -0.573952 231.397 0.0458691 0.998702 0.0221654 1.34881 0.574321 -0.00820993 -0.818589 72.4817 
-0.817053 0.040367 -0.575148 230.2 0.0464391 0.998913 0.00413786 1.36409 0.574689 -0.0233285 -0.818039 70.7593 
-0.81861 0.0465778 -0.572459 229.093 0.0485632 0.99875 0.011818 1.36578 0.572294 -0.0181261 -0.819848 69.1715 
-0.821039 0.0490099 -0.568765 226.632 0.0512105 0.998614 0.012125 1.39898 0.568571 -0.0191716 -0.822411 65.5996 
-0.822419 0.0484737 -0.566813 225.57 0.0500946 0.998663 0.0127205 1.39565 0.566672 -0.0179327 -0.823748 64.03 
-0.823637 0.0512185 -0.5648 223.069 0.0461017 0.998664 0.0233341 1.41816 0.56524 -0.00681938 -0.824898 60.3437 
-0.82472 0.0489189 -0.563422 220.593 0.0501211 0.998654 0.013342 1.43791 0.563316 -0.0172359 -0.826062 56.7114 
-0.82533 0.0498363 -0.562446 220.051 0.0524143 0.998558 0.0115661 1.43534 0.562212 -0.0199343 -0.826753 55.9102 
-0.827275 0.0492754 -0.559631 218.293 0.0499719 0.998652 0.01406 1.42325 0.55957 -0.0163344 -0.828622 53.2798 
-0.826934 0.0476642 -0.560275 216.469 0.0460983 0.998793 0.0169317 1.43586 0.560406 -0.0118263 -0.828133 50.5532 
-0.826676 0.0431562 -0.561021 215.888 0.0428981 0.998986 0.0136351 1.44044 0.56104 -0.012795 -0.82769 49.674 
-0.826208 0.0403196 -0.561921 215.305 0.0404798 0.999106 0.0121703 1.44158 0.561909 -0.0126912 -0.827102 48.7988 
-0.825782 0.0398498 -0.56258 214.728 0.0379961 0.999165 0.0150025 1.44251 0.562708 -0.00898698 -0.826607 47.9309 
-0.825286 0.0393729 -0.56334 214.17 0.0361431 0.999204 0.016887 1.44126 0.563557 -0.00642423 -0.826052 47.0935 
-0.825131 0.0345329 -0.563885 212.411 0.0322681 0.999381 0.0139853 1.45124 0.564019 -0.00665579 -0.825735 44.4817 
-0.825405 0.0306179 -0.56371 211.85 0.0299173 0.999497 0.0104817 1.45366 0.563747 -0.00821298 -0.825907 43.6404 
-0.825137 0.0314868 -0.564055 209.469 0.0237621 0.999496 0.0210333 1.46171 0.564433 0.00395223 -0.82547 40.1013 
-0.825558 0.0342711 -0.563276 208.881 0.0277381 0.999412 0.0201527 1.47196 0.563635 0.00101299 -0.826023 39.2334 
-0.828669 0.0326071 -0.558788 207.138 0.030446 0.99945 0.0131704 1.48103 0.55891 -0.0060989 -0.829206 36.6494 
-0.829784 0.0371989 -0.556843 206.559 0.034549 0.999286 0.015272 1.49287 0.557014 -0.00656595 -0.830477 35.7842 
-0.833292 0.0397236 -0.551403 205.424 0.0270169 0.999149 0.0311511 1.50495 0.552172 0.0110608 -0.833657 34.0365 
-0.835121 0.0393989 -0.548654 204.887 0.0265985 0.999157 0.0312633 1.51869 0.549423 0.0115152 -0.835465 33.2044 
-0.838364 0.0378659 -0.543794 203.778 0.03341 0.999278 0.0180745 1.53906 0.544086 -0.00301512 -0.839024 31.4983 
-0.840133 0.0363964 -0.541157 203.232 0.0362034 0.999284 0.0110035 1.54655 0.54117 -0.0103473 -0.840849 30.6462 
-0.844318 0.0419574 -0.534197 202.138 0.040356 0.999077 0.0146864 1.54597 0.53432 -0.00915804 -0.845233 28.9253 
-0.847284 0.0385052 -0.529743 201.603 0.0390478 0.999186 0.0101734 1.54351 0.529703 -0.0120655 -0.848097 28.0561 
-0.849884 0.0365997 -0.525697 201.087 0.0399965 0.999188 0.00490314 1.54439 0.52545 -0.016859 -0.850658 27.2105 
-0.852267 0.0339285 -0.522005 200.638 0.0362649 0.999326 0.00574367 1.53905 0.521848 -0.0140353 -0.852923 26.4558 
-0.857818 0.036522 -0.512655 199.598 0.0328939 0.999328 0.0161522 1.53141 0.5129 -0.00300755 -0.858443 24.7019 
-0.864976 0.014753 -0.501597 197.61 0.0072572 0.999831 0.0168925 1.54787 0.501761 0.0109714 -0.864937 21.1908 
-0.863915 -0.00284459 -0.50363 196.134 -0.00987465 0.999887 0.0112912 1.5557 0.503541 0.0147278 -0.863846 18.5515 
-0.862489 -0.00486315 -0.506052 195.635 -0.010913 0.9999 0.00899057 1.55681 0.505958 0.0132768 -0.862456 17.6814 
-0.860451 -0.00427809 -0.509515 195.13 -0.0128441 0.999829 0.0132958 1.55671 0.509371 0.0179847 -0.860359 16.8077 
-0.857807 -0.00116649 -0.513971 194.619 -0.0109256 0.999813 0.0159655 1.55745 0.513856 0.0193107 -0.857659 15.9459 
-0.854827 0.000350635 -0.518912 194.108 -0.0119283 0.999722 0.0203256 1.56557 0.518775 0.0235646 -0.854586 15.091 
-0.84167 -0.0180724 -0.53969 192.007 -0.0307979 0.99942 0.0145633 1.60372 0.539113 0.0288788 -0.841738 11.6459 
-0.838607 -0.0209457 -0.544334 191.474 -0.0314103 0.999457 0.00993239 1.60743 0.54383 0.0254271 -0.83881 10.8025 
-0.830552 -0.00187192 -0.556939 189.179 -0.0112563 0.999847 0.0134257 1.6191 0.556828 0.0174197 -0.830445 7.36529 
-0.828567 -0.00337479 -0.55988 188.615 -0.0133307 0.999817 0.0137016 1.62685 0.559731 0.0188163 -0.828461 6.51433 
-0.826355 -0.00280411 -0.563143 188.05 -0.0144402 0.999764 0.0162113 1.62857 0.562964 0.0215282 -0.826201 5.66414 
-0.821507 -0.00306032 -0.57019 185.743 -0.0199267 0.999529 0.0233449 1.63917 0.56985 0.03054 -0.821181 2.2633 
-0.821034 -0.00287337 -0.570872 185.175 -0.0212425 0.999449 0.0255207 1.64897 0.570484 0.0330801 -0.820642 1.42653 
-0.820022 -0.00724708 -0.572285 182.849 -0.0199754 0.999673 0.0159634 1.6631 0.571983 0.024522 -0.819899 -1.95794 
-0.819842 -0.00152727 -0.572587 182.262 -0.0155455 0.999687 0.0195919 1.6631 0.572378 0.0249634 -0.81961 -2.80136 
-0.819913 0.000489894 -0.572487 181.682 -0.0117154 0.999776 0.0176343 1.66973 0.572368 0.0211655 -0.819724 -3.63492 
-0.819974 0.00124866 -0.572399 181.108 -0.0108941 0.999782 0.0177871 1.67798 0.572296 0.0208208 -0.819782 -4.46694 
-0.819764 0.0042329 -0.572685 180.536 -0.0102386 0.999705 0.0220451 1.68246 0.572609 0.0239352 -0.819479 -5.29668 
-0.818717 0.00648024 -0.57416 179.417 -0.0070934 0.999746 0.0213984 1.68851 0.574153 0.021592 -0.818463 -6.91177 
-0.818252 0.00741711 -0.574811 178.865 -0.00383588 0.999824 0.0183617 1.69497 0.574846 0.0172294 -0.81808 -7.70212 
-0.817712 0.0105088 -0.575532 178.313 0.000893104 0.999855 0.0169878 1.69789 0.575627 0.0133771 -0.817603 -8.48348 
-0.816855 0.0125325 -0.576707 177.768 0.00308212 0.999845 0.0173621 1.6959 0.576835 0.0124049 -0.816767 -9.25718 
-0.815305 0.0125553 -0.578895 177.241 0.0038949 0.999861 0.0161999 1.69793 0.579018 0.0109532 -0.815241 -10.0097 
-0.804057 -0.0028466 -0.594545 175.179 -0.0134336 0.99982 0.0133805 1.69945 0.5944 0.0187456 -0.803951 -12.93 
-0.797465 -0.00195081 -0.603362 174.17 -0.0124782 0.999834 0.0132598 1.70007 0.603236 0.0181031 -0.797357 -14.2888 
-0.794186 0.00519424 -0.607653 173.67 -0.00937983 0.99974 0.020805 1.69925 0.607602 0.0222227 -0.79393 -14.9466 
-0.788763 0.0177375 -0.614442 172.691 -0.00134456 0.999531 0.0305802 1.70552 0.614696 0.0249467 -0.788369 -16.2024 
-0.786841 0.0117205 -0.617045 171.788 -0.00197814 0.999767 0.0215126 1.71409 0.617153 0.0181476 -0.786634 -17.3727 
-0.78723 0.00741335 -0.616616 170.084 0.00602643 0.999972 0.00432841 1.70381 0.616631 -0.00030854 -0.787253 -19.5496 
-0.790279 0.0120938 -0.612628 169.246 0.0100989 0.999926 0.00671199 1.70531 0.612664 -0.000882516 -0.790343 -20.6328 
-0.79647 0.0270914 -0.60407 168.417 0.0191246 0.999625 0.0196154 1.69905 0.604375 0.00407049 -0.796689 -21.715 
-0.824108 0.0262316 -0.565824 166.906 0.0242167 0.999645 0.0110726 1.70351 0.565914 -0.00457742 -0.824451 -23.8766 
-0.856139 0.0139328 -0.516558 165.495 0.00807462 0.999875 0.0135861 1.70975 0.516683 0.00746061 -0.856144 -26.2323 
-0.862415 0.0114321 -0.506073 165.146 0.00672083 0.999915 0.0111347 1.71704 0.506158 0.00620152 -0.862419 -26.8456 
-0.86706 0.00544873 -0.498174 164.798 0.00109161 0.999959 0.00903703 1.7224 0.498202 0.00729184 -0.86703 -27.4858 
-0.869985 -0.00355372 -0.493066 164.451 -0.00748216 0.999954 0.00599475 1.72392 0.493022 0.00890454 -0.869971 -28.1445 
-0.871561 -0.0106932 -0.490171 164.096 -0.0141449 0.999894 0.00333772 1.7235 0.490083 0.00984243 -0.87162 -28.8174 
-0.870965 -0.00814782 -0.491278 163.338 -0.0139771 0.999869 0.0081966 1.73424 0.491147 0.0140056 -0.870964 -30.1846 
-0.868897 -0.00953855 -0.4949 162.945 -0.0199971 0.999675 0.0158414 1.73751 0.494588 0.0236611 -0.868805 -30.9036 
-0.866033 -0.00885698 -0.499908 162.543 -0.0222935 0.999533 0.020912 1.74207 0.499489 0.0292551 -0.865826 -31.6211 
-0.862472 -0.00571454 -0.506073 162.127 -0.0162382 0.999734 0.0163849 1.74894 0.505845 0.0223492 -0.862335 -32.3171 
-0.857667 -0.00720848 -0.514155 161.704 -0.0134845 0.999873 0.00847544 1.75956 0.514028 0.0142023 -0.857656 -33.0221 
-0.841079 -0.00846542 -0.540847 160.316 -0.0182226 0.999753 0.01269 1.77164 0.540606 0.0205289 -0.841026 -35.2575 
-0.834269 -0.00797312 -0.5513 159.82 -0.0192155 0.999708 0.0146202 1.77793 0.551023 0.0227907 -0.834179 -36.0162 
-0.816585 -0.0159832 -0.577004 158.245 -0.0156175 0.999862 -0.00559435 1.78182 0.577014 0.00444312 -0.816722 -38.3 
-0.809288 -0.00874523 -0.587347 157.116 -0.0111593 0.999938 0.000487581 1.76721 0.587306 0.00694896 -0.809335 -39.8682 
-0.806207 -0.00223969 -0.591629 156.53 -0.00734816 0.999954 0.00622781 1.76532 0.591588 0.00936829 -0.806186 -40.6677 
-0.803085 0.00178992 -0.595862 155.935 -0.00506403 0.999939 0.00982888 1.76608 0.595843 0.0109109 -0.803027 -41.4761 
-0.800298 0.00215666 -0.599599 154.72 -0.0025057 0.999973 0.00694114 1.77297 0.599598 0.00705739 -0.80027 -43.1134 
-0.800847 0.00702266 -0.598828 154.099 0.0023341 0.99996 0.00860535 1.78103 0.598864 0.00549385 -0.800832 -43.9452 
-0.803444 0.00933832 -0.595307 152.847 0.0022575 0.999918 0.0126385 1.78933 0.595376 0.00881041 -0.803399 -45.652 
-0.809554 0.0144255 -0.586868 150.94 0.00641533 0.999856 0.0157273 1.80577 0.587011 0.00896717 -0.80953 -48.2863 
-0.811748 0.017853 -0.583734 150.31 0.0103158 0.999815 0.016233 1.80988 0.583916 0.00715544 -0.811782 -49.1683 
-0.814247 0.0172942 -0.580261 149.688 0.0136453 0.99985 0.010652 1.81121 0.580358 0.000755527 -0.814361 -50.0462 
-0.816542 0.0164702 -0.577051 149.073 0.0169966 0.999845 0.00448697 1.81213 0.577036 -0.0061441 -0.816696 -50.9176 
-0.818493 0.0170908 -0.574262 148.475 0.0166545 0.999843 0.00601914 1.80561 0.574275 -0.00463742 -0.818649 -51.78 
-0.821992 0.0186844 -0.569192 146.627 0.00898657 0.999763 0.0198406 1.8094 0.569428 0.0111938 -0.821965 -54.4877 
-0.823025 0.0162963 -0.567771 146.028 0.00825093 0.999826 0.0167369 1.81825 0.567945 0.00909022 -0.823016 -55.3725 
-0.825924 0.0116224 -0.563661 144.221 0.00481338 0.999896 0.0135644 1.82398 0.56376 0.00849003 -0.825895 -58.0471 
-0.826153 0.00744906 -0.563397 143.636 0.00314754 0.999958 0.00860564 1.82653 0.563438 0.00533626 -0.826141 -58.9239 
-0.825638 0.0148618 -0.564004 141.838 0.00480905 0.999802 0.0193053 1.82153 0.564179 0.0132269 -0.825546 -61.5839 
-0.825694 0.0184444 -0.563817 141.245 0.00517818 0.999671 0.0251194 1.82797 0.564095 0.0178214 -0.825517 -62.4614 
-0.825512 0.0195783 -0.564045 140.665 0.00648836 0.999661 0.0252027 1.83909 0.564348 0.0171454 -0.825359 -63.3181 
-0.825187 0.0160565 -0.564631 140.102 0.00596715 0.999788 0.0197104 1.85011 0.564828 0.0128955 -0.825108 -64.1566 
-0.823923 0.00436256 -0.566685 137.76 0.00198147 0.999986 0.00481736 1.84586 0.566698 0.00284626 -0.823921 -67.6239 
-0.823266 0.00960991 -0.567575 137.174 0.00663875 0.999951 0.00730122 1.84226 0.567617 0.00224285 -0.82329 -68.478 
-0.82328 0.015626 -0.56742 136.591 0.00895333 0.999854 0.0145441 1.83765 0.567564 0.00689358 -0.8233 -69.3287 
-0.823064 0.0211768 -0.567554 136.017 0.0126114 0.99974 0.0190137 1.83666 0.567809 0.00849187 -0.823116 -70.1625 
-0.822786 0.0197504 -0.568009 135.456 0.0122602 0.99978 0.0170042 1.83607 0.56822 0.00702688 -0.822847 -70.9838 
-0.822536 0.0159962 -0.568488 134.91 0.0107003 0.999863 0.0126522 1.83593 0.568612 0.00432384 -0.822594 -71.792 
-0.825061 0.00881644 -0.564975 133.851 0.00375727 0.999942 0.0101172 1.82632 0.565032 0.00622451 -0.825046 -73.3769 
-0.827573 0.0102013 -0.561265 133.342 0.00430965 0.999921 0.0118195 1.82167 0.561341 0.00736268 -0.827552 -74.1395 
-0.830432 0.00965663 -0.557037 132.858 0.00322407 0.999916 0.0125278 1.81574 0.557111 0.00860756 -0.830393 -74.8797 
-0.837501 0.0159498 -0.546203 131.886 0.00822097 0.999829 0.016591 1.81124 0.546374 0.00940461 -0.837488 -76.3743 
-0.84499 0.0172319 -0.534505 130.975 0.00566331 0.999713 0.0232767 1.81265 0.534753 0.0166415 -0.844845 -77.8392 
-0.859188 0.00848734 -0.51159 129.32 0.00209515 0.999912 0.01307 1.81644 0.511656 0.0101577 -0.85913 -80.6116 
-0.86807 0.00416114 -0.496424 128.572 -0.000733083 0.999953 0.00966374 1.80893 0.496441 0.00875272 -0.868026 -81.9441 
-0.877273 0.00562212 -0.479959 127.875 -0.000957332 0.999909 0.0134625 1.80136 0.479991 0.0122698 -0.877187 -83.2366 
-0.886806 -0.0122047 -0.46198 126.679 -0.0256799 0.999408 0.022892 1.79654 0.461427 0.0321644 -0.886595 -85.6476 
-0.878239 -0.0202707 -0.477792 126.132 -0.0375013 0.998944 0.0265509 1.7985 0.476749 0.0412359 -0.878072 -86.7131 
-0.858417 -0.028101 -0.512183 125.573 -0.0453304 0.998748 0.021177 1.79857 0.510946 0.0413961 -0.858615 -87.6677 
-0.821955 -0.0331334 -0.568587 124.97 -0.05399 0.998344 0.0198717 1.80235 0.566987 0.0470317 -0.822383 -88.5334 
-0.795699 -0.0317094 -0.604862 124.641 -0.0546088 0.998317 0.0195022 1.80135 0.603226 0.0485487 -0.796091 -88.9205 
-0.763648 -0.0288618 -0.644987 124.294 -0.0526188 0.998459 0.0176203 1.79615 0.643485 0.0473942 -0.76399 -89.2759 
-0.682832 -0.0318546 -0.729881 123.561 -0.0572819 0.998308 0.0100197 1.78508 0.728326 0.0486507 -0.683501 -89.909 
-0.634022 -0.0280882 -0.772805 123.167 -0.0524188 0.998603 0.00671028 1.78444 0.771536 0.044764 -0.634608 -90.1794 
-0.580335 -0.0203296 -0.814124 122.762 -0.0406447 0.999166 0.00402262 1.78191 0.813363 0.0354243 -0.580677 -90.4067 
-0.45692 -0.014818 -0.889384 121.935 -0.0277014 0.999613 -0.00242291 1.76899 0.889076 0.0235301 -0.457154 -90.7661 
-0.390522 -0.0138499 -0.920489 121.516 -0.027144 0.999625 -0.0035246 1.76144 0.920193 0.0236093 -0.390752 -90.9118 
-0.257638 -0.00122873 -0.966241 120.654 -0.0180896 0.99983 0.00355196 1.73797 0.966072 0.018394 -0.257617 -91.0812 
-0.189547 0.00537948 -0.981857 120.219 -0.0122 0.999895 0.00783351 1.73448 0.981796 0.0134635 -0.189461 -91.1214 
-0.0534491 0.0116667 -0.998502 119.366 -0.00283034 0.999926 0.0118348 1.72852 0.998567 0.00345866 -0.0534121 -91.0992 
0.0149068 0.0101605 -0.999837 118.965 0.00185069 0.999946 0.0101892 1.72207 0.999887 -0.00200227 0.0148872 -91.0491 
0.0818261 0.0102294 -0.996594 118.571 0.00481902 0.999932 0.0106593 1.71695 0.996635 -0.00567482 0.0817712 -90.9762 
0.209687 0.0185864 -0.977592 117.738 -0.00389415 0.999827 0.0181739 1.71864 0.977761 -3.93256e-06 0.209723 -90.7529 
0.327331 0.0104748 -0.944852 117.201 -0.00127168 0.999943 0.0106449 1.71792 0.944909 -0.00228287 0.327325 -90.539 
0.376552 0.00639617 -0.926374 117.113 0.00824904 0.999913 0.010257 1.70461 0.926359 -0.011504 0.376466 -90.5241 
0.5224 -0.00147872 -0.852699 115.787 -0.00190085 0.999994 -0.00289869 1.70449 0.852698 0.00313513 0.522394 -89.7949 
0.578375 -0.00992878 -0.815711 113.92 0.0131216 0.99991 -0.00286709 1.68487 0.815666 -0.00904514 0.578453 -88.4473 
0.57683 -0.0063874 -0.816839 113.04 0.0116792 0.999932 0.000428465 1.68282 0.81678 -0.00978722 0.576866 -87.8347 
0.568454 -0.00627671 -0.822691 110.767 0.0130926 0.999913 0.00141778 1.66909 0.822611 -0.0115771 0.568487 -86.2775 
0.559342 -0.0144895 -0.82881 108.261 0.0120891 0.999883 -0.00932168 1.64769 0.828849 -0.00480552 0.559452 -84.6028 
0.554241 -0.00755085 -0.832322 106.313 0.00524272 0.999971 -0.00558066 1.61851 0.832339 -0.0012706 0.554265 -83.3397 
0.55248 -0.00212459 -0.833523 105.916 0.00458835 0.999989 0.000492374 1.60862 0.833513 -0.00409653 0.552484 -83.0897 
0.549324 -0.00133206 -0.835609 104.46 0.00377438 0.999992 0.000887143 1.59994 0.835601 -0.00364123 0.549325 -82.1554 
0.545894 -0.00140437 -0.837853 101.272 0.0083742 0.999958 0.00378003 1.58754 0.837813 -0.00907984 0.545882 -80.0968 
0.545532 -0.00688097 -0.838062 100.506 0.00455084 0.999976 -0.00524803 1.58258 0.838077 -0.000950909 0.54555 -79.6184 
0.545965 -0.014421 -0.837684 99.7193 0.00375893 0.999884 -0.0147635 1.57472 0.8378 0.00491154 0.545955 -79.1248 
0.547606 -0.0156099 -0.836591 98.8794 0.00153906 0.999843 -0.0176486 1.56093 0.836735 0.00837692 0.547544 -78.5967 
0.55228 -0.0016425 -0.833657 97.2354 -0.00511006 0.999973 -0.00535548 1.51871 0.833643 0.00721776 0.552256 -77.5441 
0.554963 0.00233535 -0.831872 96.4155 -0.00409726 0.999992 7.39288e-05 1.50672 0.831865 0.00336737 0.554967 -77.0102 
0.55727 0.00191417 -0.830329 95.584 -0.0010916 0.999998 0.00157269 1.49498 0.83033 2.99687e-05 0.557271 -76.459 
0.558847 0.000584267 -0.829271 94.762 0.000775209 0.999999 0.00122697 1.48675 0.82927 -0.00132855 0.558846 -75.9139 
0.560031 -0.00433447 -0.828461 93.9217 0.00510616 0.999985 -0.00178017 1.47609 0.828456 -0.0032333 0.560045 -75.3472 
0.559881 -0.00302841 -0.828567 92.1253 0.0029912 0.999994 -0.00163375 1.44044 0.828567 -0.00156371 0.559887 -74.1503 
0.558917 0.00262891 -0.82922 89.502 -0.00330519 0.999994 0.000942532 1.39719 0.829217 0.00221393 0.558922 -72.4171 
0.558769 0.00347237 -0.829316 88.6101 -0.00597585 0.999982 0.000160599 1.37562 0.829302 0.00486613 0.55878 -71.8335 
0.557112 -0.00147404 -0.830436 86.0762 -0.00666082 0.999958 -0.00624347 1.33189 0.830411 0.0090097 0.557079 -70.1589 
0.556408 0.000838716 -0.830909 84.3708 -0.0050748 0.999984 -0.00238889 1.29551 0.830894 0.00554589 0.556404 -69.0336 
0.557025 0.00249418 -0.830492 83.523 -0.00203808 0.999997 0.00163627 1.28281 0.830493 0.00078117 0.557028 -68.4758 
0.558468 0.00848266 -0.829483 81.8242 -0.00201466 0.999959 0.00886961 1.26368 0.829524 -0.00328226 0.558462 -67.3483 
0.559476 0.00862641 -0.828802 80.9966 -0.00346743 0.999961 0.00806723 1.25943 0.828839 -0.00163961 0.559485 -66.8039 
0.56398 6.58208e-05 -0.825789 78.5211 0.000593099 1 0.000484769 1.23223 0.825789 -0.000763175 0.563979 -65.137 
0.564706 -0.00062315 -0.825292 77.7076 0.00482321 0.999985 0.00254522 1.22055 0.825278 -0.00541786 0.564701 -64.5832 
0.563645 -0.00435371 -0.826006 75.2516 0.00630071 0.99998 -0.000971259 1.18745 0.825993 -0.00465698 0.563661 -62.9201 
0.563039 -0.0083899 -0.826388 74.3562 0.00359444 0.999964 -0.00770314 1.17183 0.826423 0.00136676 0.563048 -62.3321 
0.561604 -0.00836906 -0.827364 71.8337 -0.000980316 0.999941 -0.0107802 1.10301 0.827406 0.00686525 0.561562 -60.6621 
0.561538 0.00141175 -0.827449 71.0166 -0.00289931 0.999996 -0.000261437 1.08163 0.827446 0.00254584 0.56154 -60.1209 
0.560542 0.00290871 -0.828121 69.4314 0.00373813 0.999975 0.00604261 1.05669 0.828117 -0.00648276 0.560517 -59.0535 
0.560503 -0.000900393 -0.828152 68.5383 0.00695137 0.999969 0.00361758 1.04516 0.828123 -0.00778446 0.560492 -58.4735 
0.559405 -0.00741918 -0.828861 66.7607 0.00385091 0.999972 -0.00635179 1.0119 0.828886 0.000361352 0.559418 -57.2869 
0.558505 -0.0103 -0.829437 65.9844 0.00232529 0.999938 -0.0108515 0.994228 0.829498 0.00413196 0.558495 -56.7793 
0.556823 -0.0100309 -0.830571 64.4303 -0.00309223 0.999895 -0.0141489 0.946645 0.830626 0.0104467 0.556733 -55.7657 
0.554563 -0.00654117 -0.832116 63.6514 -0.00555614 0.999918 -0.0115631 0.926633 0.832123 0.0110358 0.554481 -55.265 
0.5459 0.00318666 -0.837844 62.0865 -0.00373421 0.999992 0.00137033 0.888403 0.837842 0.00238063 0.545908 -54.2571 
0.539538 0.00563496 -0.841942 61.3079 -0.00381247 0.999984 0.00424958 0.878345 0.841953 0.000917068 0.539551 -53.7723 
0.532261 0.00568191 -0.846561 60.5288 0.00117382 0.999972 0.00744958 0.871808 0.846579 -0.00495883 0.532239 -53.2911 
0.514503 0.00658934 -0.857463 58.8884 -0.00161613 0.999976 0.00671478 0.854625 0.857487 -0.00206901 0.514501 -52.3226 
0.505349 0.00390353 -0.862906 58.0586 -0.00383872 0.99999 0.00227557 0.851075 0.862906 0.0021625 0.505359 -51.8666 
0.49636 0.000998358 -0.868116 57.2761 -0.00510265 0.999985 -0.00176752 0.841303 0.868102 0.00530702 0.496358 -51.4352 
0.470871 0.0131174 -0.882105 54.8852 -0.0105544 0.999902 0.0092351 0.813413 0.882139 0.00496157 0.470963 -50.1738 
0.449226 0.00343445 -0.893412 52.5038 -0.012434 0.99992 -0.00240818 0.790174 0.893332 0.0121905 0.449232 -48.9874 
0.428452 0.0174234 -0.903396 50.0776 -0.00854803 0.999847 0.0152296 0.76437 0.903524 0.00119711 0.428536 -47.8377 
0.419853 0.0166083 -0.90744 49.2745 -0.0102697 0.999855 0.0135481 0.758258 0.907534 0.00363091 0.419963 -47.482 
0.410833 0.0101805 -0.911654 48.4763 -0.011536 0.999916 0.00596743 0.754641 0.911637 0.00806526 0.410916 -47.1388 
0.401712 0.00392546 -0.915758 47.6664 -0.00936761 0.999956 0.000177124 0.753521 0.915718 0.00850731 0.401731 -46.7963 
0.392824 0.0065329 -0.91959 46.8558 -0.00634969 0.99997 0.00439151 0.749894 0.919592 0.00411402 0.392854 -46.464 
0.38302 0.0124313 -0.923657 46.0393 -0.00287219 0.999921 0.0122667 0.744837 0.923736 -0.00204546 0.383025 -46.1477 
0.37152 0.0149473 -0.928305 45.2209 0.00172075 0.999858 0.0167881 0.743364 0.928423 -0.00783451 0.371442 -45.831 
0.359783 0.00974517 -0.932985 44.4034 0.00634509 0.999897 0.0128909 0.745702 0.933015 -0.0105578 0.359684 -45.5304 
0.339804 -0.00816846 -0.940461 42.8011 0.0159722 0.999868 -0.00291343 0.731207 0.940361 -0.0140313 0.339889 -44.9462 
0.331142 -0.0105836 -0.943522 41.992 0.0154816 0.999863 -0.00578215 0.722953 0.943454 -0.0126925 0.331261 -44.6753 
0.315803 -0.00246327 -0.948821 40.3538 0.0115193 0.999933 0.00123808 0.695888 0.948755 -0.0113207 0.31581 -44.1515 
0.308723 0.00301959 -0.951147 39.5371 0.013624 0.999878 0.00759637 0.692393 0.951054 -0.0153036 0.308644 -43.8953 
0.302164 0.00956076 -0.953208 38.7216 0.0136782 0.999803 0.014364 0.686374 0.953158 -0.0173784 0.301974 -43.6495 
0.295412 0.011669 -0.955299 37.9112 0.00815085 0.999858 0.0147338 0.681704 0.955335 -0.012139 0.295275 -43.4213 
0.288314 0.00489729 -0.957523 37.1124 0.00868536 0.999932 0.00772939 0.680585 0.957496 -0.0105449 0.288252 -43.1979 
0.280648 -0.0023822 -0.959808 36.3295 0.0123828 0.999923 0.00113898 0.680354 0.959731 -0.0122048 0.280656 -42.9806 
0.258794 0.00581338 -0.965915 33.8657 0.00869217 0.999927 0.00834695 0.654774 0.965893 -0.010556 0.258725 -42.3288 
0.251393 0.00146341 -0.967884 33.0171 0.0120213 0.999917 0.00463418 0.644393 0.96781 -0.0128002 0.251354 -42.1151 
0.228165 -0.0107871 -0.973563 30.5586 0.0105897 0.999907 -0.00859717 0.611122 0.973565 -0.00834815 0.228258 -41.542 
0.209274 -0.00579789 -0.97784 28.9246 0.00619834 0.99997 -0.00460255 0.574113 0.977837 -0.00509779 0.209304 -41.2077 
0.199607 -0.00543445 -0.979861 28.1154 0.00303973 0.999983 -0.00492683 0.558622 0.979871 -0.00199508 0.19962 -41.0573 
0.181469 -0.00435938 -0.983387 26.5054 0.00165285 0.99999 -0.00412798 0.529438 0.983395 -0.00087629 0.181474 -40.7732 
0.172286 -0.00247434 -0.985044 25.7041 -0.000396101 0.999997 -0.00258118 0.516085 0.985047 0.000834877 0.172284 -40.6468 
0.163248 -0.00202491 -0.986583 24.9067 -0.00183263 0.999996 -0.00235568 0.500483 0.986583 0.0021926 0.163244 -40.5306 
0.153641 -0.00608982 -0.988108 24.125 -0.00282944 0.999974 -0.0066029 0.48351 0.988123 0.00381027 0.153619 -40.4228 
0.144103 -0.012136 -0.989488 23.3693 -0.00231153 0.999918 -0.0126006 0.468954 0.98956 0.00410302 0.144063 -40.3264 
0.117074 -0.001852 -0.993121 21.054 -0.00319915 0.999992 -0.00224195 0.417267 0.993118 0.00343962 0.117068 -40.0647 
0.098948 0.0124733 -0.995014 19.5291 0.00119905 0.999919 0.0126541 0.392784 0.995092 -0.00244516 0.0989251 -39.9192 
0.0633137 0.00117738 -0.997993 16.5519 -0.000394995 0.999999 0.00115469 0.369278 0.997994 0.000321095 0.0633141 -39.73 
0.0558506 0.00225206 -0.998437 15.8456 -0.00260358 0.999994 0.00210994 0.360037 0.998436 0.00248167 0.0558562 -39.7108 
0.0448575 0.00450812 -0.998983 14.4983 -0.00592232 0.999973 0.00424666 0.340244 0.998976 0.00572581 0.044883 -39.6744 
0.0436321 -0.00206128 -0.999046 12.0415 -0.0130912 0.999911 -0.00263481 0.297877 0.998962 0.0131937 0.0436012 -39.6057 
0.0568959 -0.00309125 -0.998375 10.9499 -0.0160082 0.999864 -0.00400814 0.280752 0.998252 0.0162102 0.0568387 -39.5618 
0.110058 0.0199047 -0.993726 9.05531 -0.010551 0.999767 0.0188572 0.248553 0.993869 0.00840938 0.110242 -39.3772 
0.142231 0.0170485 -0.989687 8.25879 -0.00340146 0.999854 0.0167348 0.23883 0.989828 0.000986174 0.142268 -39.252 
0.23587 -0.00201291 -0.971782 6.76483 -0.00767958 0.999963 -0.00393526 0.225445 0.971754 0.00839109 0.235846 -38.9186 
0.301624 0.000455505 -0.953427 6.05272 -0.00617602 0.99998 -0.00147609 0.227342 0.953407 0.0063336 0.301621 -38.6743 
0.374096 0.00123601 -0.927389 5.3838 0.00285398 0.999993 0.00248404 0.218651 0.927386 -0.00357602 0.37409 -38.3717 
0.448213 -0.000233935 -0.893927 4.76748 0.00471353 0.999987 0.00210166 0.203718 0.893914 -0.00515554 0.448208 -38.0336 
0.605184 -0.00521493 -0.796069 3.58836 -0.00561951 0.999926 -0.0108224 0.179424 0.796066 0.0110231 0.605109 -37.1539 
0.68346 -0.00785983 -0.729946 3.0413 -0.00145047 0.999925 -0.012125 0.170576 0.729987 0.00934569 0.683397 -36.5826 
0.720823 -0.0021192 -0.693116 2.77305 -0.00430253 0.999962 -0.00753191 0.163924 0.693105 0.00841133 0.720787 -36.2736 
0.756749 0.00533531 -0.653683 2.52004 -0.00921198 0.999954 -0.00250289 0.156295 0.65364 0.00791578 0.756764 -35.9601 
0.824125 0.013706 -0.566243 2.04252 -0.0144205 0.999891 0.0032145 0.140472 0.566225 0.00551635 0.824232 -35.2138 
0.884531 0.0179701 -0.466135 1.63358 -0.0182396 0.999826 0.00393331 0.12549 0.466124 0.00502296 0.884705 -34.3841 
0.91091 0.0206869 -0.412086 1.45193 -0.0215332 0.999765 0.00259 0.124549 0.412043 0.00651427 0.911141 -33.9344 
0.934081 0.0233032 -0.3563 1.28571 -0.0246358 0.999696 0.00079788 0.126702 0.356211 0.00803248 0.934371 -33.4466 
0.967808 0.0233982 -0.2506 1.01962 -0.0243821 0.999702 -0.000821531 0.12729 0.250506 0.00690523 0.96809 -32.3688 
0.978171 0.0213779 -0.206701 0.919405 -0.0220188 0.999757 -0.000800659 0.127313 0.206634 0.0053345 0.978404 -31.8017 
0.990094 0.0188973 -0.139127 0.753729 -0.0190977 0.999818 -0.000105439 0.125582 0.1391 0.0027614 0.990275 -30.5447 
0.997074 0.0162982 -0.0746782 0.571404 -0.0164699 0.999863 -0.00168429 0.115928 0.0746405 0.00290931 0.997206 -28.5035 
0.99809 0.0155947 -0.0597734 0.527014 -0.0157492 0.999874 -0.00211411 0.114305 0.0597329 0.00305146 0.99821 -27.8073 
0.999574 0.0136749 -0.0257978 0.434318 -0.0137071 0.999905 -0.00107187 0.0994852 0.0257807 0.00142503 0.999667 -25.4736 
0.999828 0.00993015 -0.015694 0.398188 -0.00987438 0.999945 0.00362741 0.0959868 0.0157292 -0.00347181 0.99987 -23.812 
0.999911 0.011448 -0.00687369 0.326203 -0.0114725 0.999928 -0.0035305 0.0779582 0.00683278 0.00360905 0.99997 -19.9302 
0.999956 0.00941216 0.00040686 0.298859 -0.00941385 0.999946 0.00437502 0.0631002 -0.00036566 -0.00437866 0.99999 -17.0025 
0.999966 0.00807609 0.0016118 0.291949 -0.00808241 0.99996 0.00395226 0.0627162 -0.00157981 -0.00396515 0.999991 -16.0494 
0.999993 0.00358446 0.00141314 0.286505 -0.00358633 0.999993 0.00132604 0.0506749 -0.00140838 -0.00133109 0.999998 -13.9475 
0.999992 0.000203751 -0.00405013 0.260962 -0.000200986 1 0.000683009 0.0149556 0.00405027 -0.000682189 0.999992 -10.7323 
0.999982 -0.00128549 -0.00590757 0.246317 0.00129974 0.999996 0.00240799 0.00330881 0.00590445 -0.00241563 0.99998 -9.74596 
0.999941 -0.00309158 -0.0104056 0.188082 0.00313409 0.999987 0.00407064 -0.0327565 0.0103929 -0.00410301 0.999938 -6.60815 
0.999871 -0.00449638 -0.0154183 0.117517 0.00453794 0.999986 0.00266174 -0.0639778 0.0154062 -0.00273137 0.999878 -3.47684 
0.999837 -0.00551463 -0.0172062 0.0914821 0.00551388 0.999985 -9.09737e-05 -0.0704455 0.0172064 -3.91392e-06 0.999852 -2.45327 
0.999802 -0.00261329 -0.0197281 0.00668167 0.00269838 0.999987 0.00428771 -0.111602 0.0197167 -0.00434009 0.999796 0.62366 
0.999802 -0.00226085 -0.0197661 -0.0231947 0.00236589 0.999983 0.00529216 -0.123475 0.0197538 -0.00533788 0.999791 1.65626 
0.999811 0.000876585 -0.0194264 -0.109237 -0.000817706 0.999995 0.00303864 -0.151807 0.0194289 -0.00302218 0.999807 4.76031 
0.999821 0.000951025 -0.0188704 -0.137786 -0.000889217 0.999994 0.00328351 -0.161325 0.0188735 -0.00326615 0.999817 5.78783 
0.999841 0.000834014 -0.0177926 -0.165969 -0.000769166 0.999993 0.00365117 -0.170861 0.0177956 -0.00363691 0.999835 6.78711 
0.999881 -0.00214335 -0.0152479 -0.236545 0.00218507 0.999994 0.00272053 -0.207498 0.015242 -0.00275353 0.99988 9.88253 
0.999885 -0.00208374 -0.0149915 -0.259871 0.00211014 0.999996 0.00174507 -0.216393 0.0149878 -0.00177651 0.999886 10.8745 
0.999859 0.000828123 -0.0167519 -0.33533 -0.000630392 0.99993 0.0118053 -0.239242 0.0167605 -0.0117931 0.99979 13.8842 
0.999789 0.000133173 -0.0205464 -0.390958 0.00010571 0.999932 0.011625 -0.242318 0.0205466 -0.0116247 0.999721 15.8703 
0.999582 0.00194832 -0.0288506 -0.498331 -0.00177011 0.999979 0.00620131 -0.252593 0.0288621 -0.00614765 0.999564 18.8977 
0.999471 0.000176097 -0.0325285 -0.579125 -4.95238e-05 0.999992 0.00389193 -0.263057 0.0325289 -0.00388826 0.999463 20.9433 
0.999422 -0.00284457 -0.0338634 -0.617727 0.00286195 0.999996 0.000464772 -0.264224 0.033862 -0.000561419 0.999426 21.9716 
0.999387 -0.00381204 -0.034798 -0.658347 0.00386174 0.999992 0.00136111 -0.266845 0.0347925 -0.00149466 0.999393 23.0092 
0.999407 0.00171178 -0.0343975 -0.754492 -0.00168577 0.999998 0.00078495 -0.283524 0.0343988 -0.000726498 0.999408 25.1216 
0.999432 0.00552447 -0.0332335 -0.804271 -0.00554504 0.999984 -0.000526969 -0.288581 0.0332301 0.000710951 0.999447 26.1753 
0.999457 0.00867081 -0.0317776 -0.852078 -0.00863076 0.999962 0.00139724 -0.296332 0.0317885 -0.00112222 0.999494 27.2393 
0.999485 0.00976964 -0.0305675 -0.896863 -0.00965218 0.999945 0.00398785 -0.302818 0.0306048 -0.00369076 0.999525 28.3081 
0.999519 0.00798867 -0.0299649 -0.936248 -0.00779902 0.999949 0.00644069 -0.306357 0.0300148 -0.0062039 0.99953 29.3853 
0.999556 0.00532867 -0.0293285 -0.972578 -0.00509114 0.999954 0.00816768 -0.30835 0.0293707 -0.00801473 0.999536 30.4625 
0.999581 0.00216955 -0.0288505 -1.00802 -0.00192138 0.999961 0.00862704 -0.310846 0.0288681 -0.00856799 0.999547 31.542 
0.999579 0.000229873 -0.0290233 -1.08472 -2.72783e-05 0.999976 0.0069806 -0.321838 0.0290242 -0.00697686 0.999554 33.7159 
0.999541 0.000382436 -0.0302908 -1.12836 -0.000176904 0.999977 0.00678768 -0.326228 0.0302927 -0.0067792 0.999518 34.7953 
0.999494 -5.81587e-05 -0.0318098 -1.17156 0.00025519 0.999981 0.00619002 -0.33207 0.0318088 -0.006195 0.999475 35.8659 
0.999439 0.000928373 -0.0334883 -1.21792 -0.000748621 0.999985 0.00537975 -0.338755 0.0334928 -0.00535166 0.999425 36.9317 
0.99939 0.00113845 -0.0349136 -1.26536 -0.000979486 0.999989 0.00456975 -0.345235 0.0349184 -0.00453276 0.99938 37.9903 
0.999325 0.000740705 -0.0367231 -1.3138 -0.000592815 0.999992 0.00403789 -0.353009 0.0367258 -0.0040134 0.999317 39.0464 
0.99921 0.00126541 -0.0397275 -1.41372 -0.00128256 0.999999 -0.000406215 -0.377977 0.0397269 0.000456847 0.99921 41.1474 
0.999172 0.00229334 -0.0406258 -1.46829 -0.0023658 0.999996 -0.00173547 -0.391014 0.0406217 0.00183014 0.999173 42.1867 
0.999133 0.00347181 -0.0414842 -1.52391 -0.00351315 0.999993 -0.000923516 -0.405078 0.0414807 0.00106846 0.999139 43.2324 
0.999086 0.00657089 -0.0422458 -1.63182 -0.00645478 0.999975 0.00288424 -0.4354 0.0422637 -0.00260891 0.999103 45.2854 
0.999091 0.00810341 -0.0418488 -1.68844 -0.00792568 0.999959 0.00441101 -0.446118 0.0418829 -0.00407532 0.999114 46.3131 
0.999305 0.00701068 -0.036605 -1.87864 -0.00661639 0.999919 0.0108815 -0.489607 0.0366783 -0.0106318 0.999271 50.263 
0.999408 0.00675674 -0.0337232 -1.91886 -0.00639501 0.999921 0.0108228 -0.495229 0.0337936 -0.0106007 0.999373 51.1991 
0.999678 0.00730389 -0.0243033 -1.98239 -0.00706022 0.999924 0.0100968 -0.508996 0.0243752 -0.00992193 0.999654 52.9815 
0.999928 0.00664366 -0.00998502 -2.01331 -0.00656261 0.999945 0.00812834 -0.524828 0.0100385 -0.00806223 0.999917 54.587 
0.999908 0.00369481 0.0130489 -2.00535 -0.0038082 0.999955 0.00867562 -0.540719 -0.0130163 -0.00872452 0.999877 56.0641 
0.998828 0.00521017 0.048123 -1.95029 -0.00551832 0.999965 0.00627292 -0.562081 -0.0480886 -0.00653112 0.998822 57.4578 
0.997371 0.00477949 0.0723088 -1.89587 -0.00506077 0.99998 0.0037073 -0.570698 -0.0722896 -0.0040635 0.997375 58.0901 
0.9948 0.00556443 0.101693 -1.82343 -0.00579162 0.999981 0.00193894 -0.580583 -0.10168 -0.00251782 0.994814 58.7019 
0.990662 0.00524603 0.136242 -1.7278 -0.00539894 0.999985 0.000752793 -0.592487 -0.136236 -0.00148132 0.990675 59.2851 
0.984383 0.00520575 0.175961 -1.60118 -0.00523236 0.999986 -0.000312719 -0.605197 -0.17596 -0.000612857 0.984397 59.8624 
0.961925 0.0023316 0.273302 -1.25803 -0.00167165 0.999995 -0.00264756 -0.63226 -0.273307 0.00208989 0.961925 61.0057 
0.945092 -7.93541e-05 0.326804 -1.03151 -7.60798e-05 1 0.000462836 -0.642205 -0.326804 -0.000462286 0.945092 61.6392 
0.895142 -0.00436852 0.445761 -0.4827 0.000636893 0.999963 0.00852082 -0.659021 -0.445782 -0.00734344 0.895112 62.7332 
0.861372 -0.00659613 0.507932 -0.15392 0.00151152 0.999945 0.0104222 -0.665092 -0.507973 -0.00820966 0.861334 63.2747 
0.777943 -0.00948539 0.628263 0.581646 0.00405535 0.999941 0.0100754 -0.672115 -0.628322 -0.00529026 0.777936 64.1913 
0.730233 -0.011377 0.683104 0.979468 0.00545874 0.999927 0.0108183 -0.673002 -0.683177 -0.00417102 0.730241 64.6227 
0.678712 -0.0134252 0.734282 1.42719 0.00641633 0.999903 0.012351 -0.673327 -0.734377 -0.00367135 0.678732 65.0005 
0.56509 -0.0183968 0.824824 2.39835 0.010191 0.999831 0.0153182 -0.673546 -0.824966 -0.000250398 0.565182 65.6288 
0.443782 -0.0244599 0.895801 3.28657 0.0136994 0.999696 0.0205101 -0.669654 -0.89603 0.0031699 0.443983 66.0657 
0.328427 -0.0316316 0.943999 4.31307 0.0112467 0.999499 0.0295784 -0.664168 -0.944462 0.000902514 0.328619 66.4119 
0.273002 -0.0332583 0.961438 4.73231 0.00771013 0.999446 0.0323838 -0.661031 -0.961983 -0.00142803 0.273107 66.5396 
0.129505 -0.0353862 0.990947 6.17494 0.00204294 0.99937 0.03542 -0.636053 -0.991577 -0.0025626 0.129495 66.8254 
-0.0183443 -0.0401766 0.999024 8.83733 -0.0176577 0.99905 0.0398533 -0.564746 -0.999676 -0.0169094 -0.0190363 66.8775 
-0.0584637 -0.0400344 0.997486 9.4782 -0.0216032 0.999012 0.0388295 -0.545174 -0.998056 -0.0192788 -0.0592708 66.9361 
-0.159945 -0.0367681 0.986441 11.3607 -0.0246791 0.999143 0.03324 -0.504281 -0.986817 -0.0190279 -0.160716 66.6756 
-0.247927 -0.0332133 0.968209 13.4382 -0.0182612 0.999395 0.029607 -0.461571 -0.968607 -0.0103403 -0.248383 66.1887 
-0.274387 -0.0303463 0.961141 14.0568 -0.0130262 0.999528 0.0278395 -0.459142 -0.961531 -0.00488123 -0.274652 66.0084 
-0.342817 -0.0246701 0.939078 16.1917 0.0089736 0.999523 0.0295339 -0.428245 -0.939359 0.0185516 -0.342433 65.2604 
-0.410459 -0.0220897 0.911612 19.607 0.0146416 0.999418 0.0308098 -0.344942 -0.911762 0.0259936 -0.409896 63.8102 
-0.427059 -0.021351 0.903972 20.4718 0.00985358 0.999552 0.0282636 -0.30768 -0.90417 0.0209776 -0.426657 63.4029 
-0.458601 -0.0242325 0.888312 22.2501 0.00790989 0.999477 0.0313486 -0.253159 -0.888607 0.0214029 -0.458169 62.5075 
-0.471175 -0.0221579 0.881761 23.0896 0.0097379 0.999493 0.03032 -0.221855 -0.881986 0.0228725 -0.47072 62.0497 
-0.482499 -0.017102 0.87573 23.8179 0.0113616 0.999603 0.025781 -0.197627 -0.875823 0.022389 -0.482113 61.6605 
-0.509661 -0.00434069 0.860364 28.048 0.0198675 0.999661 0.0168125 -0.112636 -0.860146 0.025662 -0.509403 59.1957 
-0.519222 -0.00610842 0.854618 30.5929 0.0157441 0.999736 0.0167109 -0.0857198 -0.854495 0.0221318 -0.518989 57.6944 
-0.521093 -0.00587078 0.853479 31.7088 0.0174492 0.999694 0.0175302 -0.0746209 -0.853321 0.0240273 -0.520831 56.9997 
-0.528221 -0.00791143 0.84907 34.4449 0.0119359 0.999789 0.0167413 -0.0386862 -0.849023 0.0189775 -0.528015 55.3194 
-0.535647 -0.011583 0.844362 37.3858 0.0070044 0.999811 0.0181589 -0.0254219 -0.844413 0.015641 -0.535465 53.493 
-0.538935 -0.013994 0.842231 38.2442 0.00434139 0.999803 0.0193901 -0.026718 -0.842336 0.0141065 -0.538768 52.9564 
-0.545297 -0.016347 0.838083 41.1529 0.00140503 0.999791 0.0204153 -0.00167192 -0.838242 0.0123099 -0.54516 51.0984 
-0.547502 -0.0197069 0.836572 42.1306 -0.000393611 0.999729 0.0232928 0.00993224 -0.836804 0.0124235 -0.547361 50.4658 
-0.555032 -0.0206796 0.831572 45.1717 -0.00510187 0.999757 0.0214568 0.0436288 -0.831813 0.00766666 -0.555003 48.4788 
-0.559778 -0.0219271 0.828352 47.1467 -0.00609035 0.999732 0.0223479 0.0579831 -0.82862 0.00746491 -0.559762 47.1727 
-0.560717 -0.0203772 0.827757 48.0172 -0.00418142 0.999754 0.0217789 0.0766911 -0.827997 0.00875061 -0.560664 46.58 
-0.56237 -0.0254983 0.826493 49.5907 -0.00716265 0.999637 0.0259664 0.108968 -0.826855 0.00868284 -0.562348 45.5243 
-0.563659 -0.0264819 0.825583 50.5306 -0.00736124 0.999607 0.0270383 0.118904 -0.825974 0.00916306 -0.563633 44.8899 
-0.567378 -0.0287268 0.822956 52.9815 -0.00492722 0.999492 0.0314921 0.15952 -0.823443 0.013813 -0.567231 43.2359 
-0.569265 -0.0296582 0.821619 53.7294 -0.00330969 0.999424 0.0337834 0.173631 -0.822148 0.0165124 -0.569035 42.7282 
-0.571245 -0.0266147 0.820348 55.1913 0.000326831 0.999467 0.0326534 0.206778 -0.820779 0.0189212 -0.570932 41.7176 
-0.57252 -0.0249407 0.819512 56.0172 0.000724505 0.999521 0.0309252 0.221242 -0.819891 0.018299 -0.572228 41.1523 
-0.573209 -0.0242128 0.819052 57.0894 8.19333e-06 0.999563 0.0295548 0.239296 -0.819409 0.0169478 -0.572958 40.4156 
-0.573613 -0.0245135 0.818759 58.13 0.000220649 0.999547 0.0300808 0.254776 -0.819126 0.0174354 -0.573348 39.6978 
-0.573584 -0.0266108 0.818714 60.8837 0.0027513 0.999404 0.0344113 0.302285 -0.819142 0.0219903 -0.573169 37.7903 
-0.573608 -0.0275814 0.818665 63.6154 -0.000173265 0.999437 0.0335503 0.36042 -0.81913 0.0191029 -0.57329 35.9073 
-0.573873 -0.0280258 0.818465 64.5678 -0.00103035 0.999438 0.0335003 0.377675 -0.818944 0.0183816 -0.57358 35.2491 
-0.574326 -0.0271459 0.818177 66.4036 -4.37728e-05 0.999451 0.0331296 0.414037 -0.818627 0.0189914 -0.574012 33.9753 
-0.574628 -0.0266396 0.817981 67.2478 0.000368679 0.999462 0.032809 0.432095 -0.818415 0.0191545 -0.574309 33.3961 
-0.575116 -0.0263702 0.817647 68.1101 0.000356621 0.999472 0.0324851 0.449245 -0.818072 0.0189743 -0.574803 32.7972 
-0.577564 -0.0251094 0.815959 69.8232 0.000176853 0.999523 0.0308833 0.479756 -0.816345 0.0179814 -0.577285 31.6032 
-0.579227 -0.0227875 0.814848 70.6624 -0.000301597 0.999615 0.0277402 0.491739 -0.815166 0.0158221 -0.579011 31.0165 
-0.585577 -0.0187317 0.8104 73.1404 0.00214468 0.999694 0.0246568 0.51809 -0.810614 0.0161765 -0.585358 29.2535 
-0.587988 -0.0186349 0.808655 73.9473 0.0043825 0.999647 0.0262228 0.523714 -0.808858 0.0189626 -0.587698 28.6705 
-0.595727 -0.0197077 0.802945 76.2836 0.00608365 0.99956 0.0290471 0.54598 -0.803164 0.022189 -0.595345 26.9662 
