-0.812813 0.0159497 -0.582307 443.188 0.0150688 0.999866 0.00635311 1.29725 0.58233 -0.0036108 -0.812944 229.248 
-0.815562 0.0148591 -0.578479 443.139 0.014319 0.999882 0.0054959 1.29637 0.578493 -0.00380102 -0.815679 229.179 
-0.8177 0.0170417 -0.575393 442.155 0.0168696 0.999842 0.00563913 1.29193 0.575398 -0.00509551 -0.817858 227.783 
-0.820398 0.0127843 -0.571649 440.67 0.0152874 0.999883 0.000421713 1.27823 0.571588 -0.00839306 -0.820498 225.636 
-0.822015 0.00802992 -0.56941 439.664 0.0103501 0.999946 -0.000840207 1.26434 0.569372 -0.00658409 -0.822053 224.159 
-0.822761 0.00968759 -0.568305 439.151 0.011334 0.999936 0.000636631 1.25534 0.568275 -0.00591737 -0.822817 223.411 
-0.823593 0.0100648 -0.567092 438.637 0.0107281 0.99994 0.00216647 1.24762 0.56708 -0.00429955 -0.823651 222.656 
-0.825032 0.0100732 -0.564997 437.605 0.0112055 0.999936 0.00146495 1.23133 0.564975 -0.00512245 -0.825092 221.137 
-0.825574 0.0108206 -0.564191 437.083 0.0126143 0.99992 0.000719228 1.22471 0.564154 -0.00652307 -0.825644 220.37 
-0.825875 0.0127339 -0.563709 436.032 0.0114035 0.999918 0.00588068 1.21182 0.563738 -0.00157154 -0.825952 218.813 
-0.825436 0.0142466 -0.564315 435.497 0.0106789 0.999897 0.009623 1.20772 0.564394 0.00191691 -0.825503 218.024 
-0.823669 0.0172632 -0.566808 434.422 0.0118045 0.999842 0.0132982 1.20881 0.566948 0.00426248 -0.823743 216.451 
-0.822891 0.0153229 -0.567993 433.878 0.0113781 0.99988 0.0104897 1.20873 0.568086 0.00216922 -0.822966 215.658 
-0.821692 0.0105918 -0.569834 432.781 0.0109881 0.999936 0.0027417 1.20667 0.569826 -0.00400858 -0.821755 214.061 
-0.821233 0.0132688 -0.570439 432.224 0.0135401 0.999901 0.00376528 1.20135 0.570432 -0.00463163 -0.821332 213.257 
-0.821724 0.0231583 -0.569415 431.093 0.0197085 0.999731 0.012218 1.19343 0.569545 -0.00118246 -0.821959 211.63 
-0.82213 0.0288323 -0.568569 430.523 0.0270655 0.999567 0.0115525 1.19157 0.568656 -0.00589097 -0.822554 210.821 
-0.823762 0.0257392 -0.566351 429.397 0.0286753 0.999582 0.00371991 1.19082 0.56621 -0.013176 -0.824156 209.183 
-0.824975 0.0244073 -0.564641 428.838 0.0273639 0.99962 0.00322934 1.18225 0.564506 -0.0127867 -0.82533 208.357 
-0.826109 0.0246673 -0.562971 427.714 0.024558 0.999668 0.00776516 1.1646 0.562975 -0.00741058 -0.82644 206.685 
-0.826831 0.0257097 -0.561862 427.134 0.0246218 0.999652 0.00950896 1.15389 0.561911 -0.00597174 -0.827176 205.823 
-0.827783 0.0287568 -0.560311 426.027 0.0241977 0.999586 0.0155529 1.1563 0.560527 -0.000683793 -0.828136 204.198 
-0.8286 0.0213147 -0.559435 423.799 0.0164452 0.99977 0.013734 1.16892 0.559599 0.00217998 -0.82876 200.868 
-0.829491 0.0222513 -0.558076 423.266 0.017341 0.99975 0.0140869 1.17346 0.55825 0.00200739 -0.82967 200.088 
-0.830493 0.0250334 -0.556466 422.726 0.0197378 0.999685 0.0155146 1.17752 0.556679 0.00190138 -0.830726 199.297 
-0.832209 0.0170967 -0.554198 420.53 0.015145 0.999852 0.00810254 1.16835 0.554255 -0.00165031 -0.832345 195.968 
-0.832537 0.0207779 -0.553579 419.979 0.0168319 0.999784 0.0122118 1.15751 0.553713 0.000849043 -0.832707 195.14 
-0.832983 0.0267374 -0.552652 418.89 0.0212618 0.999641 0.016316 1.15212 0.552889 0.0018406 -0.833253 193.498 
-0.833344 0.0291868 -0.551984 418.348 0.0246666 0.999574 0.0156139 1.14668 0.552205 -0.000603809 -0.833708 192.685 
-0.833924 0.0311847 -0.550997 417.806 0.0275376 0.99951 0.0148916 1.14136 0.551192 -0.00275468 -0.834374 191.87 
-0.835068 0.0420116 -0.54854 416.177 0.0337505 0.999114 0.0251403 1.1569 0.54911 0.00248038 -0.835746 189.405 
-0.835274 0.0417603 -0.548246 415.633 0.0319993 0.999114 0.027351 1.16802 0.548902 0.00530204 -0.83587 188.569 
-0.835992 0.0382794 -0.547405 415.095 0.0304461 0.999263 0.0233802 1.17665 0.547896 0.00287932 -0.836541 187.743 
-0.837117 0.0280871 -0.546302 414.141 0.026252 0.999593 0.0111654 1.18344 0.546393 -0.00499474 -0.837514 186.258 
-0.837564 0.0247816 -0.545777 413.704 0.0214164 0.999692 0.012526 1.18093 0.545919 -0.00119726 -0.837837 185.566 
-0.837823 0.0240173 -0.545414 413.283 0.0187077 0.999708 0.0152849 1.17499 0.545622 0.00260263 -0.838027 184.9 
-0.838669 0.0236858 -0.544125 412.772 0.0173772 0.999709 0.0167336 1.17358 0.544363 0.0045786 -0.838837 184.097 
-0.840911 0.0216357 -0.54074 411.379 0.0142255 0.999739 0.0178786 1.17273 0.540986 0.00734204 -0.841 181.905 
-0.842406 0.0226962 -0.538366 410.483 0.0145842 0.999707 0.0193247 1.17472 0.538646 0.00842759 -0.84249 180.49 
-0.84392 0.0232548 -0.535965 409.624 0.010971 0.999599 0.0260964 1.18143 0.536357 0.0161432 -0.843837 179.112 
-0.846971 0.00943413 -0.531556 408.031 0.00459001 0.999935 0.0104334 1.19007 0.53162 0.00639691 -0.846959 176.532 
-0.848851 0.00971616 -0.528543 406.607 0.00404763 0.999921 0.0118809 1.17317 0.528617 0.00794574 -0.848823 174.216 
-0.848092 0.0139107 -0.529666 405.945 0.0152055 0.999883 0.0019132 1.16321 0.52963 -0.00643129 -0.848204 173.176 
-0.838693 0.0183858 -0.544293 404.713 0.013921 0.999827 0.0123229 1.14132 0.544426 0.00275801 -0.838804 171.239 
-0.828298 0.0213084 -0.559883 404.112 0.01481 0.99976 0.0161394 1.13106 0.560092 0.00507637 -0.828415 170.356 
-0.780368 0.0186763 -0.625042 402.918 0.00850854 0.999778 0.0192506 1.13291 0.625263 0.00970432 -0.780354 168.814 
-0.73984 0.0222143 -0.672416 402.283 0.00864461 0.999686 0.0235148 1.13406 0.672728 0.0115844 -0.7398 168.156 
-0.684248 0.0227495 -0.728894 401.618 0.00619223 0.999659 0.0253874 1.13907 0.729223 0.0128578 -0.684155 167.572 
-0.611433 0.0208105 -0.791023 400.919 0.00186857 0.999689 0.0248558 1.13986 0.791294 0.0137196 -0.611282 167.075 
-0.517397 0.0179873 -0.855556 400.189 -0.00084432 0.999768 0.0215298 1.13997 0.855745 0.0118618 -0.517262 166.682 
-0.405193 0.0161337 -0.914089 399.43 -0.00314126 0.999814 0.0190392 1.14806 0.914226 0.0105859 -0.405067 166.396 
-0.344458 0.0161606 -0.938662 399.035 -0.00184926 0.999838 0.0178924 1.14532 0.9388 0.00789903 -0.344373 166.294 
-0.218968 0.0182033 -0.975562 398.25 -0.00327249 0.999807 0.0193902 1.13696 0.975727 0.00743837 -0.218866 166.173 
-0.155652 0.0209083 -0.987591 397.858 -0.00636885 0.999734 0.0221692 1.1383 0.987791 0.00974048 -0.155477 166.151 
-0.0300462 0.0211991 -0.999324 397.069 -0.00586925 0.999754 0.0213847 1.14178 0.999531 0.00650781 -0.0299144 166.191 
0.0292181 0.0206445 -0.99936 396.687 -0.00192832 0.999786 0.0205969 1.14309 0.999571 0.00132528 0.0292517 166.252 
0.0854182 0.0201007 -0.996142 396.306 -0.00532607 0.999791 0.0197176 1.14294 0.996331 0.00362128 0.0855074 166.325 
0.190919 0.0181853 -0.981437 395.55 -0.0128264 0.999789 0.0160303 1.14172 0.981522 0.00952779 0.191112 166.516 
0.237795 0.0162244 -0.97118 395.192 -0.00704799 0.999863 0.0149779 1.14397 0.97129 0.00328321 0.237876 166.66 
0.316176 0.0151975 -0.948579 394.458 0.0104736 0.999755 0.0195084 1.15676 0.948643 -0.0161032 0.315939 166.991 
0.429279 0.0101434 -0.903115 392.954 -0.0095737 0.999932 0.00668014 1.1398 0.903121 0.00577851 0.429347 167.691 
0.451152 0.00410603 -0.892438 392.569 -0.00239915 0.999991 0.00338804 1.1401 0.892444 0.000612573 0.451158 167.926 
0.501725 -0.0113726 -0.864952 391.404 0.00287772 0.99993 -0.0114781 1.15363 0.865022 0.00326974 0.501722 168.642 
0.548454 -0.00360247 -0.836173 389.674 0.00582566 0.999983 -0.000487106 1.11659 0.83616 -0.0046041 0.548466 169.793 
0.563523 -0.00779465 -0.826063 388.732 0.0109732 0.999938 -0.0019496 1.10597 0.826027 -0.00796595 0.563574 170.465 
0.580777 -0.0129404 -0.81396 386.742 0.0164854 0.999856 -0.0041331 1.08844 0.813896 -0.0110181 0.580906 171.905 
0.585583 -0.0141187 -0.81049 385.654 0.0189008 0.999814 -0.00376083 1.07366 0.810392 -0.0131167 0.585741 172.725 
0.587397 -0.0192213 -0.80907 383.933 0.0289626 0.999577 -0.00271984 1.05698 0.80878 -0.0218352 0.587705 174.014 
0.582484 -0.0218651 -0.812548 382.707 0.0334228 0.999437 -0.00293459 1.04725 0.812154 -0.0254483 0.582887 174.919 
0.570211 -0.0165294 -0.821332 380.081 0.0323581 0.999474 0.00235013 1.02994 0.820861 -0.0279168 0.570446 176.738 
0.563375 -0.0146876 -0.826071 378.675 0.0298487 0.999551 0.0025845 1.01982 0.825662 -0.0261132 0.56356 177.697 
0.560037 -0.0181778 -0.828268 377.267 0.023823 0.999699 -0.00583211 1.00766 0.828125 -0.0164656 0.560301 178.633 
0.560087 -0.014008 -0.828315 374.371 0.018526 0.999819 -0.00438154 0.955111 0.828226 -0.0128913 0.560246 180.558 
0.559919 -0.00908688 -0.828498 371.482 0.00885362 0.999948 -0.00498384 0.89525 0.8285 -0.00454465 0.559971 182.503 
0.562286 -0.00651295 -0.826917 370.788 0.00593536 0.999975 -0.00384007 0.883669 0.826922 -0.00274883 0.562311 182.98 
0.565512 -0.00346931 -0.824733 370.096 0.00354908 0.999992 -0.00177298 0.874416 0.824732 -0.0019244 0.56552 183.463 
0.569413 0.000103933 -0.822052 369.407 0.00182269 0.999997 0.00138896 0.866997 0.82205 -0.00228923 0.569411 183.952 
0.574323 0.00371227 -0.81862 368.72 -0.000310281 0.999991 0.00431707 0.862723 0.818628 -0.00222539 0.574319 184.446 
0.58023 0.00452168 -0.81444 368.043 -0.000978381 0.999988 0.0048548 0.857103 0.814452 -0.00202007 0.580228 184.944 
0.59509 0.00374894 -0.80365 366.707 -0.00101385 0.999992 0.00391412 0.846367 0.803658 -0.00151447 0.595089 185.942 
0.603227 0.00421575 -0.797558 366.067 5.18041e-05 0.999986 0.00532493 0.841488 0.797569 -0.00325346 0.603219 186.438 
0.620384 0.00593565 -0.784275 364.783 2.0587e-05 0.999971 0.00758439 0.829219 0.784298 -0.00472138 0.620366 187.454 
0.628916 0.00599496 -0.77745 364.153 -0.000651556 0.999974 0.00718378 0.820478 0.777473 -0.00401144 0.628903 187.972 
0.637325 0.00586864 -0.770573 363.55 -0.00113979 0.999977 0.00667307 0.811372 0.770594 -0.00337462 0.637317 188.484 
0.645371 0.00578393 -0.763848 362.977 -0.00249065 0.999982 0.00546763 0.803127 0.763866 -0.00162617 0.645373 188.984 
0.67581 0.00231914 -0.737072 360.639 -5.32005e-05 0.999995 0.00309763 0.767322 0.737076 -0.0020542 0.675807 191.076 
0.695144 0.00222535 -0.718867 358.474 0.00627019 0.999938 0.00915871 0.736807 0.718843 -0.010874 0.695087 193.195 
0.69945 0.00400044 -0.71467 357.507 0.00605735 0.999915 0.0115255 0.729264 0.714656 -0.0123905 0.699366 194.168 
0.694781 0.00123067 -0.71922 355.653 0.00676922 0.999943 0.00825023 0.712807 0.719189 -0.0106007 0.694734 195.999 
0.68231 0.00354374 -0.731054 354.862 0.00296045 0.999967 0.00761033 0.703362 0.731057 -0.00735686 0.682277 196.764 
0.624208 0.000154414 -0.781258 353.125 -8.81513e-05 1 0.000127217 0.670877 0.781258 -1.05411e-05 0.624208 198.177 
0.57511 0.000554151 -0.818076 352.232 -0.00228946 0.999997 -0.00093212 0.654837 0.818073 0.00240902 0.57511 198.782 
0.423976 0.0159313 -0.905533 350.34 -0.00697821 0.999873 0.0143238 0.632793 0.905646 0.000246042 0.424034 199.729 
0.321752 0.0194857 -0.946624 349.349 -0.00783012 0.999809 0.0179191 0.632748 0.946792 0.00164668 0.321843 200.035 
0.262715 0.0166901 -0.964729 348.864 -0.00351129 0.99986 0.0163417 0.63446 0.964867 -0.000905762 0.262737 200.15 
0.131093 0.00649714 -0.991349 347.936 0.0033675 0.99997 0.00699895 0.631746 0.991364 -0.00425588 0.131068 200.249 
-0.00604879 0.00082779 -0.999981 346.958 0.000450108 1 0.000825083 0.631316 0.999982 -0.000445109 -0.00604916 200.19 
-0.142869 0.000132443 -0.989742 345.995 0.00391042 0.999992 -0.000430654 0.625192 0.989734 -0.00393184 -0.142868 200.009 
-0.209836 0.00523467 -0.977723 345.522 0.00439313 0.999981 0.004411 0.621494 0.977727 -0.00336968 -0.209855 199.874 
-0.337643 0.0177987 -0.941106 344.653 0.00628231 0.999842 0.0166556 0.621438 0.941253 -0.000288674 -0.337701 199.524 
-0.394855 0.0239678 -0.918431 344.234 0.00769482 0.999711 0.0227808 0.622624 0.918711 0.00192792 -0.394925 199.313 
-0.446055 0.026975 -0.894599 343.822 0.00620566 0.999615 0.0270473 0.619753 0.894984 0.00651302 -0.446051 199.075 
-0.526199 0.0262841 -0.849955 343.089 -0.00109367 0.9995 0.0315858 0.625163 0.850361 0.01755 -0.525907 198.561 
-0.556849 0.0220843 -0.83032 342.897 -0.00401972 0.999563 0.0292815 0.633755 0.830604 0.019643 -0.556517 198.421 
-0.61423 0.0255775 -0.788712 341.645 0.00519888 0.999584 0.0283672 0.661926 0.78911 0.0133236 -0.614108 197.427 
-0.632003 0.0192708 -0.774726 340.779 -0.00379315 0.999602 0.0279589 0.686903 0.774957 0.0206087 -0.631678 196.67 
-0.631155 -0.00275544 -0.775652 338.125 -0.0116494 0.999915 0.00592708 0.734595 0.77557 0.0127768 -0.631133 194.408 
-0.619569 0.00020889 -0.784942 336.537 -0.0188841 0.999707 0.0151716 0.743515 0.784715 0.0242228 -0.619383 193.076 
-0.610962 0.0149319 -0.791519 334.166 -0.00590111 0.999708 0.0234143 0.777995 0.791638 0.0189761 -0.610696 191.243 
-0.611369 0.0108229 -0.791271 333.625 -0.00353738 0.999859 0.0164091 0.78951 0.791338 0.012831 -0.611245 190.814 
-0.611441 0.00472733 -0.791276 333.223 -0.00440256 0.999946 0.00937596 0.796305 0.791278 0.00921649 -0.611387 190.45 
-0.615362 0.00415472 -0.788234 332.044 -0.00584492 0.999935 0.00983362 0.810521 0.788223 0.0106584 -0.615297 189.495 
-0.621875 0.0056448 -0.783096 329.484 -0.0131109 0.999759 0.0176182 0.834 0.783007 0.0212234 -0.621651 187.41 
-0.627873 0.000454093 -0.778316 328.06 -0.0105725 0.999903 0.00911233 0.85574 0.778244 0.0139502 -0.627807 186.196 
-0.636011 0.0123659 -0.771581 325.408 -0.00182406 0.999845 0.0175278 0.870004 0.771678 0.0125553 -0.63589 183.993 
-0.636061 0.0164325 -0.771463 324.795 0.00340744 0.999823 0.0184873 0.876931 0.771631 0.00913035 -0.636005 183.483 
-0.636241 0.0121642 -0.771395 323.485 -0.00300108 0.999829 0.0182417 0.890621 0.771485 0.0139211 -0.636095 182.37 
-0.630522 -0.00396588 -0.776161 320.8 -0.0260882 0.99953 0.0160858 0.910965 0.775732 0.030391 -0.63033 180.084 
-0.626748 -0.0058064 -0.779201 319.473 -0.0245559 0.999623 0.0123026 0.918283 0.778835 0.0268446 -0.626654 178.972 
-0.623001 0.00316533 -0.782215 316.753 -0.0140339 0.999786 0.0152231 0.918086 0.782095 0.0204615 -0.622823 176.775 
-0.62139 0.00595096 -0.783478 315.412 -0.0220732 0.999441 0.0250979 0.924287 0.78319 0.0328894 -0.620912 175.673 
-0.620126 -0.00426467 -0.784491 313.993 -0.0122458 0.999916 0.00424429 0.925296 0.784407 0.0122387 -0.620126 174.538 
-0.623399 0.0282918 -0.781392 311.145 -0.00518559 0.999174 0.0403141 0.920131 0.781887 0.0291837 -0.622737 172.269 
-0.624961 0.00619251 -0.780631 309.788 -0.0134418 0.999735 0.0186919 0.944832 0.78054 0.0221748 -0.624712 171.131 
-0.632327 0.0036492 -0.774693 307.091 -0.00688043 0.999923 0.0103262 0.949266 0.774671 0.0118597 -0.632254 168.935 
-0.63829 -0.001494 -0.769795 305.772 -0.0126424 0.999884 0.00854213 0.940959 0.769692 0.0151844 -0.638234 167.821 
-0.643402 -0.00017673 -0.765529 303.198 -0.0179414 0.999729 0.0148484 0.933245 0.765318 0.0232882 -0.643231 165.607 
-0.648881 -0.000632221 -0.76089 301.965 -0.0102823 0.999916 0.00793789 0.931071 0.76082 0.0129745 -0.648833 164.561 
-0.658789 0.00462302 -0.752314 300.75 -0.0065667 0.999908 0.0118949 0.930116 0.752299 0.0127764 -0.658698 163.5 
-0.678329 0.00447934 -0.734744 297.738 -0.0119176 0.999783 0.0170976 0.967604 0.734661 0.0203542 -0.678128 160.724 
-0.68772 0.00399764 -0.725965 296.53 -0.00716046 0.999899 0.0122893 0.983202 0.725941 0.0136498 -0.687621 159.583 
-0.712021 -0.0101273 -0.702085 294.149 -0.0196687 0.999791 0.00552544 0.985603 0.701882 0.0177433 -0.712072 157.154 
-0.717714 -0.0085619 -0.696286 293.557 -0.0198365 0.99977 0.00815328 0.986029 0.696056 0.0196636 -0.717718 156.536 
-0.723195 -0.00620605 -0.690616 292.96 -0.0229967 0.999622 0.0150988 0.98328 0.690261 0.0268013 -0.723064 155.895 
-0.734061 -0.00257634 -0.679079 291.798 -0.0255903 0.999387 0.0238708 0.993531 0.678601 0.0349004 -0.733677 154.617 
-0.738327 -0.00199694 -0.674439 291.25 -0.026356 0.999317 0.0258937 1.00035 0.673927 0.0368936 -0.737876 154.004 
-0.746258 -0.0183271 -0.665404 289.574 -0.0351118 0.999313 0.0118543 1.0152 0.66473 0.0322099 -0.746389 152.089 
-0.754213 -0.0100002 -0.656554 287.32 -0.0420814 0.998565 0.0331313 1.03877 0.65528 0.0526167 -0.753551 149.454 
-0.765572 -0.00810964 -0.643299 285.717 -0.0232131 0.999618 0.0150238 1.07259 0.642931 0.0264348 -0.765468 147.581 
-0.774858 -0.00516912 -0.632114 284.667 -0.0249652 0.999437 0.02243 1.0831 0.631642 0.0331609 -0.774551 146.279 
-0.790791 0.0116746 -0.611974 282.581 -0.00286389 0.999737 0.0227727 1.12675 0.612079 0.0197611 -0.79055 143.652 
-0.79898 0.0178609 -0.601093 281.537 0.0161239 0.999836 0.008277 1.14431 0.601142 -0.00307881 -0.799136 142.314 
-0.806148 0.0190077 -0.591408 280.526 0.0025041 0.999585 0.028713 1.15666 0.591709 0.021666 -0.805861 140.905 
-0.811019 0.018215 -0.584737 279.512 -0.00156355 0.999444 0.0333021 1.17726 0.585018 0.0279229 -0.810539 139.469 
-0.816373 0.00224317 -0.57752 277.525 -0.00753791 0.999866 0.0145391 1.20986 0.577475 0.0162226 -0.816247 136.632 
-0.816361 0.00764986 -0.577491 277.057 -0.00709041 0.999704 0.023266 1.21497 0.577498 0.0230881 -0.816065 135.963 
-0.817193 0.00931918 -0.576289 276.06 -0.00833301 0.999574 0.0279805 1.23126 0.576304 0.0276677 -0.816767 134.534 
-0.821121 0.0144068 -0.570572 274.033 0.0121736 0.999896 0.00772796 1.24306 0.570624 -0.000600301 -0.821211 131.668 
-0.823045 0.0122147 -0.567845 272.039 0.00646872 0.999905 0.0121327 1.24864 0.56794 0.00631254 -0.823046 128.748 
-0.823287 0.00640053 -0.567589 271.543 -0.000334868 0.999931 0.0117616 1.25101 0.567625 0.00987328 -0.823228 128.021 
-0.823453 0.00609954 -0.567352 271.042 -0.0027998 0.999886 0.0148133 1.24881 0.567378 0.0137865 -0.823342 127.295 
-0.824048 0.00366422 -0.566507 270.065 -0.00978427 0.999738 0.0206987 1.25418 0.566435 0.0225996 -0.823797 125.852 
-0.824353 0.000877779 -0.566076 269.58 -0.0128141 0.999714 0.0202108 1.2577 0.565931 0.0239146 -0.824105 125.136 
-0.824601 0.00038773 -0.565715 269.095 -0.0109171 0.999803 0.0165983 1.2565 0.56561 0.019863 -0.824434 124.434 
-0.825043 -0.00464615 -0.565051 268.641 -0.0132465 0.99985 0.0111202 1.25926 0.564915 0.0166595 -0.824981 123.769 
-0.827954 0.00714227 -0.560751 267.243 -0.011789 0.999476 0.0301368 1.27008 0.560673 0.0315626 -0.827436 121.696 
-0.828212 0.013211 -0.56026 266.788 -0.00559233 0.999478 0.0318347 1.27313 0.560388 0.0294991 -0.827705 121.037 
-0.828581 0.0103216 -0.559774 266.346 -0.00442577 0.999678 0.024984 1.28058 0.559851 0.0231787 -0.828269 120.384 
-0.828253 0.00593293 -0.560323 265.921 -0.00632117 0.999781 0.0199299 1.28919 0.560319 0.0200489 -0.828034 119.746 
-0.826019 0.00297676 -0.563634 264.692 -0.000478085 0.999982 0.00598192 1.27817 0.563642 0.00521064 -0.826003 117.936 
-0.820565 0.00526649 -0.571529 263.884 -0.000180029 0.999955 0.00947279 1.2769 0.571554 0.00787593 -0.820527 116.769 
-0.813669 0.00504379 -0.581306 263.083 -0.0105174 0.999671 0.0233952 1.26788 0.581233 0.0251498 -0.813348 115.615 
-0.80587 6.54056e-05 -0.592092 262.284 -0.0102432 0.999849 0.014052 1.2669 0.592003 0.017389 -0.805748 114.523 
-0.789173 -0.0039234 -0.614158 260.674 -0.0102125 0.999925 0.00673489 1.25706 0.614086 0.0115871 -0.789154 112.405 
-0.781727 0.0109646 -0.623525 259.847 0.00274099 0.999896 0.0141465 1.24294 0.623615 0.00934966 -0.781676 111.4 
-0.779626 0.0116184 -0.626138 258.213 -0.00220096 0.999771 0.0212918 1.25576 0.626242 0.0179778 -0.779421 109.352 
-0.779472 0.00189302 -0.626434 257.404 -0.0121215 0.999763 0.018104 1.26146 0.62632 0.0217049 -0.779264 108.319 
-0.781088 -0.0110299 -0.624324 256.635 -0.014723 0.999891 0.000754891 1.26046 0.624247 0.00978154 -0.781166 107.334 
-0.790974 0.00732313 -0.611806 254.941 -0.0128685 0.999508 0.0286009 1.26296 0.611714 0.0304956 -0.790491 105.149 
-0.795127 0.0184803 -0.606161 254.112 -0.00411692 0.999348 0.0358679 1.27992 0.606429 0.031015 -0.794533 104.081 
-0.798839 0.00712134 -0.601503 253.287 -0.006885 0.999756 0.0209801 1.30241 0.601506 0.0209011 -0.798595 102.97 
-0.800524 0.019907 -0.59897 252.407 0.00918564 0.999738 0.0209501 1.32822 0.59923 0.0112691 -0.800497 101.835 
-0.803071 0.0341099 -0.594906 250.67 0.0276269 0.999418 0.0200093 1.35398 0.595243 -0.000366487 -0.803546 99.5331 
-0.80333 0.0405265 -0.594153 250.225 0.036401 0.999158 0.018935 1.35968 0.59442 -0.00641669 -0.804129 98.9579 
-0.803873 0.0435303 -0.593206 249.794 0.0379606 0.99904 0.0218692 1.36489 0.593588 -0.00493838 -0.804754 98.3847 
-0.80458 0.047115 -0.591972 248.106 0.0441578 0.998835 0.01948 1.38761 0.5922 -0.010467 -0.805723 96.0956 
-0.804828 0.0383205 -0.59227 247.267 0.0441665 0.999014 0.00461995 1.3935 0.591863 -0.0224402 -0.805727 94.96 
-0.804936 0.0513834 -0.591132 245.646 0.0455255 0.998655 0.0248155 1.3864 0.591612 -0.0069367 -0.806193 92.7469 
-0.806793 0.0559065 -0.588184 244.855 0.0468158 0.998432 0.0306847 1.39395 0.588977 -0.00278013 -0.808145 91.6553 
-0.827984 0.0621904 -0.557292 243.45 0.0619533 0.997892 0.019313 1.40647 0.557319 -0.0185353 -0.830092 89.623 
-0.849982 0.0659433 -0.522669 242.868 0.0675551 0.997587 0.0160016 1.41076 0.522463 -0.0217079 -0.852386 88.6642 
-0.876523 0.0678199 -0.476559 242.383 0.0668314 0.997582 0.0190463 1.40902 0.476699 -0.0151546 -0.878936 87.7339 
-0.940194 0.0551225 -0.336149 241.705 0.0578677 0.998323 0.00185379 1.38763 0.335688 -0.0177093 -0.941807 85.8952 
-0.955431 0.0495706 -0.291022 241.597 0.0521239 0.99864 -0.00102253 1.38482 0.290576 -0.0161462 -0.956716 85.4347 
-0.981154 0.0245428 -0.191665 241.489 0.0261719 0.99964 -0.00597245 1.36201 0.191449 -0.0108761 -0.981442 84.5073 
-0.996631 0.00262812 -0.0819773 241.479 0.00300405 0.999986 -0.00446276 1.34115 0.0819644 -0.00469398 -0.996624 83.597 
-0.999334 -0.00883612 0.0354156 241.578 -0.00865677 0.999949 0.0052141 1.33386 -0.0354599 0.00490404 -0.999359 82.6939 
-0.995541 -0.015276 0.0930826 241.663 -0.0137573 0.999762 0.0169363 1.33299 -0.0933191 0.0155802 -0.995514 82.2527 
-0.988583 -0.0229326 0.148924 241.774 -0.0189726 0.999429 0.0279571 1.33517 -0.14948 0.0248124 -0.988453 81.8277 
-0.965658 -0.0333467 0.257669 242.075 -0.0239202 0.998928 0.0396333 1.34642 -0.258714 0.0321087 -0.96542 81.0011 
-0.949276 -0.0361409 0.312359 242.245 -0.0238013 0.998782 0.0432285 1.35156 -0.313541 0.0336013 -0.94898 80.6244 
-0.90723 -0.0259902 0.419832 242.63 -0.0099919 0.999139 0.0402612 1.37372 -0.420517 0.0323312 -0.906709 79.8971 
-0.881353 -0.018072 0.472112 242.837 -0.00177721 0.999388 0.0349378 1.38882 -0.472454 0.0299535 -0.880846 79.5692 
-0.853042 -0.0149127 0.521629 243.073 0.00078855 0.999554 0.0298654 1.40477 -0.521842 0.0258878 -0.852649 79.2603 
-0.823951 -0.0153023 0.566454 243.105 0.000153749 0.999629 0.0272279 1.41734 -0.566661 0.0225215 -0.823643 79.1258 
-0.763991 -0.0188569 0.644951 243.638 -0.000524291 0.999591 0.0286048 1.43535 -0.645226 0.0215157 -0.763689 78.5042 
-0.682042 -0.0176248 0.7311 244.728 0.00115392 0.999682 0.025176 1.46266 -0.731312 0.0180148 -0.681805 77.5185 
-0.609394 -0.0174578 0.792675 246.409 -0.00596037 0.99983 0.017438 1.49966 -0.792845 0.00590196 -0.609395 76.256 
-0.589969 -0.0191673 0.807198 247.447 -0.0117621 0.999816 0.0151443 1.51758 -0.80734 -0.000559686 -0.590086 75.5421 
-0.580066 -0.0184303 0.814361 249.591 -0.0120785 0.999829 0.0140243 1.54372 -0.81448 -0.0017013 -0.580189 74.0464 
-0.580691 -0.0187938 0.813907 250.676 -0.0118085 0.999823 0.0146618 1.56414 -0.814038 -0.00109702 -0.58081 73.2771 
-0.584323 -0.0112265 0.811443 253.414 -0.00793033 0.999936 0.00812363 1.59288 -0.811482 -0.00168819 -0.584375 71.3314 
-0.588416 -0.00994402 0.808497 255.498 -0.00428528 0.999949 0.00917997 1.60851 -0.808547 0.00193701 -0.588428 69.8341 
-0.589754 -0.00819662 0.807542 256.407 -0.0016666 0.999959 0.00893254 1.61937 -0.807582 0.00392215 -0.589743 69.1644 
-0.592051 -0.0138067 0.805782 259.516 0.00373338 0.999796 0.0198742 1.64723 -0.805892 0.0147748 -0.591879 66.8815 
-0.591404 -0.011693 0.80629 261.116 0.00429692 0.999835 0.0176516 1.6638 -0.806364 0.0139038 -0.591256 65.7064 
-0.58303 -0.0107571 0.81238 264.251 0.0125927 0.999673 0.0222747 1.67738 -0.812353 0.0232168 -0.582703 63.4309 
-0.580186 -0.0123445 0.81439 264.899 0.0151483 0.999549 0.0259431 1.68495 -0.814343 0.0273885 -0.579737 62.9643 
-0.573656 -0.00842282 0.819053 267.195 0.0156845 0.999651 0.0212653 1.71148 -0.818946 0.0250454 -0.573323 61.3591 
-0.569355 -0.00935979 0.822039 269.572 0.00987217 0.999785 0.0182212 1.72722 -0.822033 0.0184897 -0.56914 59.7275 
-0.568657 -0.0092222 0.822523 270.34 0.00557916 0.999871 0.0150678 1.72645 -0.822556 0.0131574 -0.568532 59.2085 
-0.568242 -0.00746699 0.822828 270.963 0.00443031 0.999917 0.0121336 1.74089 -0.822849 0.0105402 -0.568162 58.7979 
-0.568853 -0.00710891 0.822409 271.593 0.00407005 0.999926 0.0114586 1.75445 -0.822429 0.0098655 -0.568782 58.3782 
-0.573424 -0.00657893 0.819232 273.748 0.00703167 0.999891 0.0129516 1.76133 -0.819228 0.0131873 -0.573316 56.8962 
-0.575204 -0.00569133 0.81799 274.387 0.0106495 0.999839 0.0144452 1.77411 -0.817941 0.0170201 -0.575051 56.4555 
-0.57634 -0.00366503 0.817201 275.006 0.0173303 0.99971 0.0167059 1.78697 -0.817026 0.0237906 -0.57611 56.0135 
-0.57786 -4.07997e-05 0.816136 275.675 0.0227144 0.999612 0.0161327 1.78509 -0.815819 0.0278605 -0.577635 55.5386 
-0.581277 0.00189201 0.813703 278.495 0.0277767 0.999461 0.0175187 1.78549 -0.813231 0.0327852 -0.581016 53.5316 
-0.579796 -0.00547957 0.814744 279.9 0.0237368 0.999439 0.0236136 1.78876 -0.814416 0.0330305 -0.57934 52.5486 
-0.569 -0.000396346 0.822338 282.653 0.0198889 0.999701 0.0142436 1.80575 -0.822097 0.02446 -0.568822 50.6498 
-0.564791 -0.000896857 0.825233 283.311 0.0182668 0.999741 0.0135883 1.80809 -0.825032 0.0227489 -0.564628 50.2063 
-0.5571 -0.00536868 0.830428 284.693 0.013752 0.999782 0.0156892 1.81325 -0.830331 0.0201605 -0.556905 49.2943 
-0.545821 -0.0167617 0.837734 287.438 -0.00163838 0.999819 0.0189373 1.82586 -0.8379 0.00896385 -0.545749 47.5418 
-0.543826 -0.0218023 0.838915 288.759 -0.0105487 0.999761 0.0191443 1.83724 -0.839131 0.00156168 -0.543926 46.7128 
-0.543222 -0.0252285 0.83921 290.021 -0.0155012 0.999679 0.0200186 1.84516 -0.839446 -0.00213424 -0.543439 45.9173 
-0.543943 -0.0287694 0.838629 291.236 -0.0211326 0.999565 0.0205836 1.85677 -0.838856 -0.00652613 -0.544314 45.1523 
-0.547073 -0.0318761 0.836478 292.395 -0.0232868 0.999467 0.0228572 1.86818 -0.836761 -0.00697439 -0.547524 44.4097 
-0.551755 -0.0331305 0.833348 293.514 -0.0262606 0.999405 0.0223453 1.88083 -0.833593 -0.00955512 -0.552297 43.6847 
-0.561755 -0.0292742 0.826785 295.607 -0.0223771 0.999546 0.0201871 1.89468 -0.827001 -0.00716086 -0.562155 42.2784 
-0.568421 -0.0308987 0.822158 296.557 -0.0233552 0.999498 0.0214163 1.89612 -0.822406 -0.00702814 -0.568857 41.6312 
-0.576117 -0.0297453 0.816825 297.429 -0.0211067 0.999546 0.0215124 1.89784 -0.817094 -0.00484682 -0.576484 41.016 
-0.586884 -0.0299365 0.809118 298.625 -0.0180649 0.999552 0.0238792 1.90662 -0.80947 -0.000602329 -0.587161 40.1507 
-0.599322 -0.0320629 0.799866 299.686 -0.0171173 0.999482 0.027239 1.90968 -0.800325 0.00263339 -0.599561 39.3615 
-0.613815 -0.0279619 0.788954 300.596 -0.0121343 0.999589 0.0259865 1.91732 -0.789356 0.00637747 -0.613902 38.6428 
-0.626779 -0.0251021 0.778793 301.357 -0.00965571 0.999654 0.0244499 1.92055 -0.779137 0.00780489 -0.626805 38.0239 
-0.639048 -0.017076 0.768977 302.083 -0.00505732 0.999825 0.0179994 1.92171 -0.76915 0.0076135 -0.639022 37.4084 
-0.646141 -0.0101255 0.763151 302.677 -0.00314519 0.999939 0.0106042 1.92443 -0.763212 0.00445156 -0.646133 36.8982 
-0.663094 0.00529002 0.748518 303.274 -0.000904009 0.999969 -0.00786795 1.92031 -0.748536 -0.00589385 -0.663068 36.3606 
-0.689822 0.00482038 0.723963 303.654 -0.0030991 0.999949 -0.00961094 1.92297 -0.723972 -0.00887347 -0.689772 35.9728 
-0.730849 -0.00206276 0.682537 304.141 -0.00229354 0.999997 0.000566303 1.90869 -0.682536 -0.00115154 -0.730851 35.4148 
-0.764853 -0.00101039 0.644204 304.463 -0.000802714 0.999999 0.000615379 1.90096 -0.644204 -4.64369e-05 -0.764854 34.992 
-0.849034 0.00554639 0.52831 305.057 0.0128663 0.999865 0.0101802 1.89153 -0.528182 0.0154408 -0.848991 34.0115 
-0.954755 -0.003691 0.297371 305.614 0.00471824 0.999609 0.0275559 1.89123 -0.297356 0.0277122 -0.954364 32.2453 
-0.970403 0.000144864 0.241491 305.653 0.00695131 0.999602 0.0273334 1.88518 -0.241391 0.0282031 -0.970018 31.8824 
-0.983229 0.00159647 0.182366 305.678 0.00620977 0.999675 0.0247287 1.88658 -0.182267 0.0254464 -0.98292 31.4957 
-0.998488 0.00138792 0.0549447 305.676 0.00229652 0.999862 0.0164769 1.90525 -0.0549143 0.0165782 -0.998353 30.6919 
-0.999943 0.000131417 -0.0107042 305.637 -3.123e-05 0.999885 0.015193 1.91376 0.010705 0.0151925 -0.999827 30.2836 
-0.990539 0.00692992 -0.137058 305.47 0.00426607 0.999796 0.0197201 1.92269 0.137167 0.0189489 -0.990367 29.4392 
-0.980336 0.0121514 -0.196961 305.341 0.00811895 0.999741 0.021268 1.92197 0.197168 0.0192507 -0.980181 29.0196 
-0.967304 0.0151723 -0.253166 305.195 0.0100128 0.999715 0.0216563 1.92179 0.253422 0.0184134 -0.96718 28.6066 
-0.935068 0.0147079 -0.354162 304.813 0.00950424 0.99982 0.0164278 1.94486 0.35434 0.0119951 -0.93504 27.6803 
-0.917401 0.0129349 -0.397754 304.589 0.00770368 0.999862 0.0147471 1.95341 0.39789 0.0104648 -0.917373 27.2271 
-0.883165 0.014367 -0.468842 304.045 0.00729378 0.999831 0.0168989 1.96225 0.469005 0.0115049 -0.88312 26.2564 
-0.841346 0.0203132 -0.540115 303.427 0.012427 0.999756 0.0182421 1.98162 0.540354 0.00863587 -0.841393 25.1946 
-0.814381 0.0225619 -0.579892 301.969 0.0149272 0.999728 0.0179333 2.00688 0.580139 0.00594839 -0.814496 23.0997 
-0.805408 0.0244183 -0.592218 300.289 0.0167741 0.99969 0.0184067 2.03792 0.592483 0.00489099 -0.805568 20.7799 
-0.803809 0.0278697 -0.594234 299.324 0.0180877 0.999585 0.0224139 2.06148 0.594612 0.00726819 -0.80398 19.4214 
-0.80731 0.0221874 -0.589711 297.244 0.0184926 0.999753 0.0122986 2.11003 0.589838 -0.00097652 -0.807521 16.5577 
-0.807593 0.0182402 -0.589458 296.867 0.0165264 0.999829 0.00829651 2.11619 0.589509 -0.00304142 -0.807756 16.0058 
-0.807212 0.0274919 -0.589622 295.559 0.0159902 0.999567 0.024715 2.13594 0.590045 0.0105221 -0.807301 14.1509 
-0.808878 0.0292389 -0.587249 293.251 0.0264465 0.999561 0.0133403 2.19869 0.587381 -0.00474005 -0.809297 10.9789 
-0.809268 0.0266415 -0.586836 292.781 0.0265288 0.999609 0.00879667 2.20787 0.586841 -0.00844916 -0.809658 10.3055 
-0.810053 0.027119 -0.58573 291.041 0.0220894 0.999632 0.0157333 2.21874 0.585941 -0.000193605 -0.810354 7.84808 
-0.81007 0.0305826 -0.585535 290.458 0.0211431 0.999513 0.0229539 2.22737 0.585952 0.00621429 -0.810322 7.02533 
-0.809318 0.0333724 -0.586422 289.865 0.0220856 0.999408 0.0263946 2.24438 0.586955 0.00841015 -0.809576 6.18658 
-0.808893 0.0330342 -0.587027 289.263 0.0232387 0.999437 0.0242203 2.2653 0.587496 0.00594989 -0.809205 5.34021 
-0.809192 0.0303427 -0.58676 288.058 0.0255793 0.999538 0.0164125 2.29836 0.586987 -0.00172808 -0.809594 3.66136 
-0.809382 0.0304889 -0.58649 287.45 0.0268733 0.999528 0.0148744 2.30753 0.586667 -0.00372187 -0.80982 2.81285 
-0.809727 0.030869 -0.585994 286.836 0.0270507 0.999517 0.0152738 2.31378 0.586183 -0.00348392 -0.810171 1.94904 
-0.811501 0.0359071 -0.583247 285.594 0.0288053 0.999355 0.0214461 2.32841 0.583641 0.000602963 -0.812012 0.198851 
-0.812494 0.0360416 -0.581854 284.987 0.0303873 0.999349 0.0194699 2.33397 0.582177 -0.00186185 -0.81306 -0.665262 
-0.81442 0.0312047 -0.579437 283.748 0.031685 0.999455 0.00928973 2.34785 0.579411 -0.0107937 -0.814964 -2.41904 
-0.815193 0.0301027 -0.578407 283.136 0.0312194 0.99948 0.00801719 2.3465 0.578347 -0.011522 -0.815709 -3.29796 
-0.816908 0.0306597 -0.575952 281.901 0.0280427 0.999516 0.0134326 2.34061 0.576086 -0.00517808 -0.817373 -5.07943 
-0.817781 0.0322817 -0.574623 281.298 0.0265006 0.999479 0.018435 2.3417 0.574919 -0.000152084 -0.81821 -5.95781 
-0.819066 0.0314383 -0.572837 280.076 0.0224258 0.999489 0.0227884 2.35149 0.573261 0.0058189 -0.819352 -7.73359 
-0.819088 0.0307586 -0.572842 279.472 0.0223342 0.999514 0.0217336 2.36012 0.573233 0.0050078 -0.819377 -8.61163 
-0.818978 0.0277912 -0.573152 278.265 0.0224977 0.999614 0.0163227 2.37125 0.573384 0.000473327 -0.819287 -10.3567 
-0.819059 0.0267729 -0.573084 277.668 0.023915 0.999636 0.0125206 2.37303 0.57321 -0.00345026 -0.819401 -11.2185 
-0.818803 0.025893 -0.57349 276.469 0.0226721 0.999661 0.0127643 2.37058 0.573626 -0.00255082 -0.819113 -12.9513 
-0.819101 0.0254135 -0.573086 275.813 0.0198946 0.999676 0.0158956 2.36761 0.573304 0.00161874 -0.819341 -13.9004 
-0.819257 0.0237035 -0.572936 274.552 0.0160231 0.999701 0.0184476 2.37098 0.573202 0.00593313 -0.819393 -15.7202 
-0.819564 0.0239075 -0.572488 273.876 0.0135756 0.999659 0.0223119 2.37814 0.572826 0.0105141 -0.819609 -16.6946 
-0.819813 0.0246585 -0.5721 273.209 0.0111014 0.999569 0.0271749 2.38705 0.572524 0.0159272 -0.819734 -17.6583 
-0.819518 0.0172742 -0.572793 272.074 0.005577 0.999739 0.0221706 2.40604 0.573027 0.0149747 -0.8194 -19.3148 
-0.819502 0.0130762 -0.572927 271.529 0.00355517 0.999836 0.0177345 2.41449 0.573065 0.0124966 -0.819414 -20.1049 
-0.819235 0.0102543 -0.573367 270.988 0.00163911 0.999878 0.0155402 2.41741 0.573456 0.0117913 -0.819151 -20.8908 
-0.819084 0.00763221 -0.573623 270.451 -0.00105433 0.99989 0.0148093 2.41581 0.573672 0.0127349 -0.818986 -21.6716 
-0.818929 0.00571288 -0.573866 269.915 -0.00271917 0.999901 0.0138345 2.41647 0.573888 0.0128899 -0.818832 -22.4509 
-0.819003 0.00617343 -0.573756 269.378 -0.00293362 0.999884 0.014946 2.41551 0.573782 0.013924 -0.81889 -23.2252 
-0.81905 0.00807315 -0.573665 268.847 -0.00250317 0.999841 0.0176446 2.41419 0.573716 0.0158878 -0.8189 -23.9892 
-0.819366 0.00979272 -0.573187 268.104 -0.00163447 0.99981 0.0194179 2.42205 0.573268 0.0168472 -0.819195 -25.0487 
-0.819388 0.00896135 -0.573169 267.537 -0.00272658 0.999806 0.0195295 2.42502 0.573233 0.0175651 -0.819204 -25.8577 
-0.818641 0.00734368 -0.574258 266.36 -0.00437807 0.999809 0.0190269 2.44007 0.574288 0.0180904 -0.818453 -27.5508 
-0.818131 0.00600991 -0.575001 265.78 -0.0056703 0.999812 0.0185179 2.44417 0.575004 0.0184105 -0.817943 -28.3746 
-0.817629 0.00475983 -0.575726 265.205 -0.00653084 0.999825 0.017541 2.44666 0.575709 0.018102 -0.817454 -29.1833 
-0.817017 0.00375403 -0.576601 263.994 -0.00842242 0.999794 0.0184435 2.45935 0.576551 0.019925 -0.816818 -30.9084 
-0.816507 0.00444033 -0.577318 263.34 -0.00648215 0.999837 0.0168578 2.4711 0.577299 0.0175068 -0.816345 -31.8297 
-0.816336 -0.000927042 -0.577576 262.074 -0.00738405 0.999934 0.00883155 2.48576 0.57753 0.0114744 -0.816289 -33.6338 
-0.816454 0.00209658 -0.577406 261.458 -0.00572171 0.999915 0.0117212 2.48519 0.577382 0.0128736 -0.816373 -34.5024 
-0.816209 0.006059 -0.577726 260.214 -0.00649824 0.999785 0.0196661 2.49074 0.577721 0.0198058 -0.815994 -36.2767 
-0.816016 0.00798706 -0.577974 259.602 -0.00560769 0.999748 0.0217328 2.49865 0.578002 0.0209754 -0.815765 -37.1445 
-0.815892 0.00839113 -0.578144 258.991 -0.00646313 0.9997 0.0236305 2.50657 0.578169 0.0230165 -0.815593 -38.012 
-0.815884 0.0104359 -0.578122 258.381 -0.00419539 0.999704 0.0239668 2.51412 0.578201 0.0219796 -0.815598 -38.8751 
-0.816205 0.0107993 -0.577662 257.147 -0.000470534 0.999813 0.0193561 2.52896 0.577763 0.0160704 -0.816047 -40.6195 
-0.816418 0.0118846 -0.577339 256.546 0.0017149 0.999834 0.0181567 2.53432 0.577458 0.0138334 -0.816303 -41.4685 
-0.81667 0.0137451 -0.576941 255.944 0.00306766 0.999806 0.0194772 2.53887 0.577096 0.0141366 -0.816554 -42.3163 
-0.816739 0.01764 -0.576738 255.346 0.00570033 0.99973 0.0225051 2.54377 0.576979 0.0150932 -0.816619 -43.1594 
-0.816953 0.0218198 -0.576292 254.752 0.00822111 0.999623 0.0261939 2.55083 0.576646 0.0166614 -0.816824 -43.9942 
-0.817187 0.0251852 -0.575822 254.162 0.0112871 0.999553 0.0276999 2.55824 0.576262 0.0161366 -0.817105 -44.8225 
-0.817471 0.0253878 -0.57541 253.581 0.0136044 0.9996 0.0247762 2.56581 0.575809 0.0124257 -0.81749 -45.6389 
-0.817629 0.0261903 -0.57515 252.982 0.0176083 0.999635 0.0204881 2.58166 0.575476 0.00662427 -0.817792 -46.4886 
-0.818745 0.0315898 -0.573288 251.191 0.0227361 0.999486 0.0226039 2.60238 0.573708 0.00547248 -0.819042 -49.044 
-0.820756 0.0406513 -0.569831 248.932 0.0300872 0.999157 0.027943 2.63318 0.570486 0.00578974 -0.821287 -52.2855 
-0.821335 0.0405699 -0.569002 248.426 0.0311401 0.999169 0.0262912 2.64134 0.569595 0.00387514 -0.821916 -53.0106 
-0.822512 0.0375708 -0.567505 247.362 0.0291548 0.999289 0.023901 2.65626 0.568 0.0031134 -0.823023 -54.5649 
-0.823666 0.0365752 -0.565894 245.796 0.0264812 0.99931 0.0260444 2.67396 0.566456 0.00646633 -0.824066 -56.8654 
-0.824026 0.0344118 -0.565506 245.264 0.0249227 0.999389 0.0244981 2.67385 0.566004 0.00609314 -0.82438 -57.6454 
-0.824079 0.0328778 -0.56552 244.757 0.0245228 0.999449 0.0223703 2.68094 0.565944 0.00456677 -0.824431 -58.3911 
-0.823631 0.0327801 -0.566178 244.254 0.0252592 0.999458 0.0211208 2.68815 0.566563 0.00309456 -0.824012 -59.123 
-0.820849 0.0349803 -0.570072 242.788 0.026029 0.999377 0.0238436 2.69874 0.570551 0.00473357 -0.821248 -61.2542 
-0.818864 0.0379571 -0.572732 241.852 0.0286082 0.99927 0.0253228 2.70824 0.573275 0.00435113 -0.819352 -62.5917 
-0.814786 0.0429547 -0.578168 240.152 0.0306362 0.999048 0.0310494 2.73305 0.578952 0.00758577 -0.815327 -65.0024 
-0.813521 0.0379089 -0.580299 239.346 0.0305972 0.999281 0.0223852 2.74003 0.580731 0.000455312 -0.814096 -66.1345 
-0.813539 0.041186 -0.58005 237.603 0.0303784 0.999137 0.0283361 2.75323 0.580717 0.00543149 -0.814088 -68.596 
-0.824168 0.0333132 -0.565365 236.761 0.0270183 0.999445 0.0195044 2.7628 0.565701 0.00079968 -0.82461 -69.8448 
-0.849683 0.0303419 -0.526421 236.058 0.0257896 0.99954 0.0159852 2.76435 0.526663 6.20261e-06 -0.850074 -71.0156 
-0.873819 0.0276638 -0.485465 235.673 0.0214986 0.999602 0.0182647 2.76023 0.485777 0.00552326 -0.874066 -71.8113 
-0.903377 0.0321216 -0.427643 235.335 0.0248688 0.999437 0.0225365 2.76225 0.428126 0.00972398 -0.903667 -72.6145 
-0.964353 0.0270586 -0.263231 234.913 0.0201779 0.999381 0.0288083 2.77579 0.263847 0.02247 -0.964303 -74.2319 
-0.976044 0.0286139 -0.215685 234.82 0.0221384 0.99923 0.0323801 2.78712 0.216445 0.0268295 -0.975926 -74.6497 
-0.99216 0.020251 0.123326 235.007 0.0264307 0.998465 0.0486802 2.84803 -0.122151 0.0515581 -0.991172 -77.2412 
-0.982396 0.0244088 0.185207 235.123 0.0344834 0.998084 0.0513709 2.86001 -0.183599 0.0568532 -0.981356 -77.7086 
-0.950025 0.0320166 0.310528 235.465 0.0492801 0.997635 0.047907 2.90101 -0.30826 0.0608156 -0.949356 -78.6434 
-0.926333 0.037709 0.374814 235.674 0.0577723 0.997428 0.0424327 2.92091 -0.37225 0.0609607 -0.926128 -79.0963 
-0.89868 0.0373613 0.437011 235.933 0.0586921 0.997648 0.0354043 2.93318 -0.43466 0.0574662 -0.898759 -79.5407 
-0.829579 0.0400598 0.55695 236.558 0.0627973 0.997789 0.0217687 2.94989 -0.554847 0.0530338 -0.83026 -80.3946 
-0.789154 0.0492436 0.612218 236.897 0.0748737 0.99706 0.0163145 2.96205 -0.609614 0.0587137 -0.790521 -80.8067 
-0.747191 0.0466666 0.662969 237.28 0.0766813 0.996923 0.016249 2.96922 -0.660171 0.0629784 -0.748471 -81.2011 
-0.707 0.0337061 0.70641 237.292 0.0678439 0.997489 0.0203058 2.95583 -0.703952 0.0622818 -0.707512 -81.2925 
-0.667632 0.0193137 0.744241 237.583 0.0565506 0.998091 0.0248282 2.94741 -0.742341 0.0586634 -0.66745 -81.5372 
-0.631711 0.00913163 0.77515 237.899 0.0461515 0.9986 0.0258474 2.94918 -0.773829 0.0521024 -0.631248 -81.77 
-0.559876 -0.0097478 0.828519 239.384 0.0361196 0.998693 0.0361579 2.9877 -0.827789 0.0501697 -0.558792 -82.7327 
-0.530999 0.0049536 0.847358 241.667 0.0247739 0.999646 0.00968077 3.03639 -0.84701 0.0261328 -0.530934 -84.1315 
-0.534935 0.00319184 0.844887 244.938 0.0298453 0.99944 0.0151207 3.05825 -0.844366 0.0333045 -0.534731 -86.2026 
-0.535998 0.00170226 0.844218 245.457 0.0264904 0.999539 0.0148034 3.06799 -0.843804 0.0302982 -0.535796 -86.5289 
-0.538691 0.00127294 0.842502 246.067 0.0230043 0.999648 0.0131985 3.07716 -0.842189 0.0264911 -0.538531 -86.9166 
-0.546324 -0.000939812 0.837573 247.232 0.0178837 0.999758 0.0127868 3.09106 -0.837383 0.0219646 -0.546175 -87.663 
-0.549063 -0.00283706 0.835776 247.454 0.0180348 0.999721 0.0152416 3.10808 -0.835586 0.0234417 -0.548859 -87.8202 
-0.56037 -0.00461224 0.82823 250.236 0.0163321 0.999729 0.0166174 3.15446 -0.828081 0.0228387 -0.560143 -89.6698 
-0.56852 -0.00643561 0.822644 251.846 0.0201267 0.999561 0.021729 3.15465 -0.822423 0.0289105 -0.568141 -90.7531 
-0.577726 -0.0152861 0.816088 254.929 0.0204653 0.999239 0.0332045 3.22731 -0.815974 0.0358845 -0.576973 -92.9056 
-0.579588 -0.00993597 0.814849 256.412 0.0184151 0.999511 0.025286 3.27947 -0.814702 0.029661 -0.579121 -93.9493 
-0.579126 -0.00997517 0.815177 257.081 0.0173471 0.999548 0.0245552 3.31022 -0.815054 0.0283615 -0.578691 -94.4259 
-0.579522 -0.0127756 0.814857 257.843 0.0139301 0.999576 0.0255787 3.33556 -0.814838 0.0261745 -0.579098 -94.978 
-0.577163 -0.0123237 0.816536 259.412 0.0165274 0.999505 0.0267675 3.36403 -0.816462 0.0289444 -0.576674 -96.066 
-0.575128 -0.0123046 0.817971 260.164 0.0164249 0.999512 0.0265842 3.37864 -0.817898 0.0287244 -0.574646 -96.567 
-0.571147 -0.0148282 0.820714 263.268 0.0132232 0.999541 0.0272613 3.43028 -0.820741 0.0264227 -0.570689 -98.699 
-0.564338 -0.0135288 0.825433 265.539 0.0143596 0.999554 0.0262001 3.47002 -0.825419 0.0266386 -0.563892 -100.248 
-0.559133 -0.0221453 0.828782 267.168 0.00818801 0.999447 0.0322295 3.48962 -0.829037 0.0248067 -0.558643 -101.362 
-0.551289 -0.0165792 0.834149 270.322 0.0032954 0.999751 0.0220486 3.54061 -0.834308 0.014904 -0.551098 -103.428 
-0.55091 -0.0217034 0.834282 272.714 0.00341214 0.999595 0.028257 3.57078 -0.834558 0.0184138 -0.550613 -104.999 
-0.552637 -0.0190771 0.833204 273.511 0.00212019 0.999703 0.0242956 3.58144 -0.833419 0.0151932 -0.552432 -105.526 
-0.558031 -0.0213408 0.829546 275.146 -0.00344979 0.99972 0.023398 3.59224 -0.829813 0.0101951 -0.557949 -106.613 
-0.574016 -0.0274402 0.818384 278.226 -0.00520856 0.99954 0.0298611 3.62824 -0.818827 0.0128782 -0.573896 -108.72 
-0.57814 -0.0278759 0.815462 278.946 -0.00567878 0.999529 0.030142 3.64732 -0.815918 0.0127955 -0.578026 -109.226 
-0.586539 -0.0251352 0.809531 280.388 -0.00572443 0.999622 0.0268898 3.67648 -0.809901 0.0111378 -0.586461 -110.257 
-0.590657 -0.0243501 0.806555 281.069 -0.006914 0.999661 0.0251167 3.69373 -0.806893 0.00925883 -0.590625 -110.75 
-0.594587 -0.0239137 0.803676 281.733 -0.00796665 0.999684 0.023852 3.70961 -0.803992 0.00777949 -0.594589 -111.236 
-0.609536 -0.0289746 0.792229 284.547 -0.00873037 0.999517 0.0298388 3.75794 -0.79271 0.0112713 -0.609494 -113.36 
-0.614646 -0.0274589 0.788325 285.869 -0.00477174 0.999505 0.0310942 3.7902 -0.788788 0.0153503 -0.614473 -114.392 
-0.618516 -0.0179178 0.785568 288.408 0.00485283 0.999634 0.0266213 3.83394 -0.785757 0.0202779 -0.618203 -116.394 
-0.617351 -0.012414 0.78659 289.589 0.0100659 0.999669 0.0236769 3.84018 -0.786624 0.0225347 -0.617021 -117.316 
-0.612558 -0.0107899 0.790352 290.704 0.0149973 0.999568 0.0252697 3.85039 -0.790283 0.0273323 -0.612132 -118.176 
-0.604705 -0.0108004 0.796376 291.746 0.01931 0.999415 0.0282164 3.85384 -0.796215 0.0324406 -0.604143 -118.961 
-0.594695 -0.00782407 0.803913 292.743 0.0216519 0.999434 0.025744 3.86204 -0.80366 0.0327161 -0.594189 -119.702 
-0.582404 -0.00647541 0.812874 293.742 0.0216815 0.999489 0.0234962 3.86949 -0.812611 0.0313086 -0.581966 -120.416 
-0.570385 -0.00798492 0.821339 294.75 0.0216124 0.999461 0.0247254 3.87791 -0.821093 0.0318541 -0.569905 -121.113 
-0.558895 -0.00481903 0.829224 295.749 0.0188233 0.999652 0.0184963 3.88468 -0.829024 0.0259462 -0.55861 -121.779 
-0.539054 0.0016441 0.842269 297.728 0.016941 0.999817 0.00889064 3.8898 -0.842101 0.0190614 -0.538983 -123.045 
-0.530969 0.00160441 0.84739 298.74 0.0153179 0.999853 0.00770501 3.88609 -0.847253 0.0170713 -0.530916 -123.677 
-0.524225 0.00204476 0.851578 299.777 0.0145263 0.999873 0.00654146 3.88563 -0.851456 0.0157995 -0.524188 -124.31 
-0.519734 -2.85855e-05 0.854328 300.86 0.00617037 0.999974 0.00378723 3.88519 -0.854306 0.00723988 -0.51972 -124.947 
-0.517937 0.00193538 0.855417 302.002 0.00801765 0.999964 0.0025921 3.87876 -0.855381 0.00820098 -0.517934 -125.63 
-0.518223 -0.00348455 0.855238 303.089 0.00733543 0.999937 0.00851894 3.87357 -0.855214 0.0106883 -0.518165 -126.27 
-0.519155 -0.0213987 0.854412 304.228 0.00279278 0.999639 0.0267328 3.88388 -0.854675 0.0162646 -0.518908 -126.938 
-0.520851 -0.0322463 0.853038 304.763 -0.000435517 0.999296 0.0375092 3.89453 -0.853647 0.0191652 -0.520499 -127.245 
-0.523088 -0.0356451 0.851533 305.286 -0.00181829 0.999169 0.0407082 3.90137 -0.852277 0.0197456 -0.522718 -127.547 
-0.525778 -0.0310948 0.850053 305.956 -0.00659286 0.999451 0.0324818 3.91314 -0.850596 0.011474 -0.525694 -127.962 
-0.532413 -0.0167937 0.846318 307.309 -0.0120114 0.999852 0.012284 3.96396 -0.8464 -0.00362528 -0.532536 -128.807 
-0.539472 -0.0408834 0.841011 308.688 -0.0109452 0.999077 0.0415465 3.99441 -0.841933 0.0132082 -0.539421 -129.686 
-0.545416 -0.0349786 0.837435 310.08 -0.00858132 0.999309 0.0361509 4.03542 -0.838122 0.012531 -0.545339 -130.589 
-0.555395 -0.0207962 0.831327 312.27 -0.018224 0.999752 0.0128343 4.09019 -0.831387 -0.00802199 -0.555636 -132.017 
-0.559873 -0.0332997 0.827909 313.05 -0.0243317 0.999422 0.0237439 4.10072 -0.828221 -0.00685087 -0.56036 -132.528 
-0.570893 -0.0320822 0.820397 314.598 -0.0302726 0.999379 0.0180156 4.12414 -0.820466 -0.0145506 -0.57151 -133.577 
-0.582861 -0.00789509 0.812533 316.12 -0.0202835 0.999783 -0.00483562 4.13759 -0.812318 -0.0192995 -0.582895 -134.669 
-0.594542 -0.017586 0.803872 317.657 -0.013113 0.99984 0.0121747 4.1311 -0.803957 -0.00330283 -0.594678 -135.808 
-0.608717 -0.0162028 0.793222 320.813 -0.00665756 0.999861 0.0153147 4.17164 -0.793359 0.00404143 -0.60874 -138.198 
-0.609539 -0.0149347 0.792615 322.401 -0.00220625 0.999851 0.0171429 4.18004 -0.792753 0.00870054 -0.609481 -139.419 
-0.609635 -0.0159431 0.792522 323.213 -0.00269212 0.999834 0.0180427 4.18382 -0.792677 0.00886592 -0.609577 -140.037 
-0.608122 -0.0190546 0.793615 324.029 -0.0038044 0.99977 0.0210892 4.19196 -0.793834 0.00980559 -0.608055 -140.653 
-0.605883 -0.0227998 0.795227 324.848 -0.00423751 0.999668 0.0254327 4.20212 -0.795542 0.0120395 -0.605779 -141.27 
-0.60321 -0.0225278 0.797264 325.663 -0.00401447 0.999674 0.0252098 4.20989 -0.797573 0.0120062 -0.603104 -141.879 
-0.59782 -0.00596827 0.801608 327.275 0.00329997 0.999945 0.009906 4.22393 -0.801624 0.00856729 -0.597768 -143.083 
-0.594994 -0.00170111 0.803728 328.082 0.00840329 0.99993 0.00833727 4.22555 -0.803686 0.0117146 -0.594938 -143.686 
-0.592065 -0.00474871 0.805876 328.897 0.0114977 0.999831 0.0143388 4.22282 -0.805808 0.0177552 -0.591911 -144.287 
-0.58972 -0.0093121 0.807554 329.715 0.0117209 0.99973 0.0200874 4.22484 -0.807523 0.0213112 -0.589452 -144.882 
-0.587755 -0.0116801 0.808954 330.533 0.0097595 0.999721 0.0215254 4.22946 -0.80898 0.0205467 -0.587477 -145.467 
-0.585901 -0.0116496 0.810299 331.348 0.00561516 0.999814 0.0184344 4.23374 -0.810363 0.0153507 -0.585727 -146.043 
-0.582261 -0.0100576 0.81294 332.972 -0.000306059 0.999926 0.0121518 4.23899 -0.813002 0.00682671 -0.582221 -147.182 
-0.580823 -0.0093635 0.813976 333.762 0.00015589 0.999933 0.0116139 4.24228 -0.81403 0.00687249 -0.580782 -147.745 
-0.579355 -0.0104621 0.815008 334.563 0.00164548 0.999901 0.0140052 4.2444 -0.815074 0.00945507 -0.57928 -148.309 
-0.577555 -0.0120031 0.816263 335.367 0.00592559 0.999804 0.0188947 4.24681 -0.81633 0.0157496 -0.577371 -148.876 
-0.575099 -0.0173945 0.817899 336.18 0.00708311 0.999631 0.0262399 4.25455 -0.818053 0.0208838 -0.574763 -149.443 
-0.572594 -0.0193821 0.81961 336.997 0.00898287 0.999512 0.029912 4.26477 -0.81979 0.0244899 -0.572141 -150.008 
-0.569364 -0.0192343 0.82186 337.799 0.0068205 0.999581 0.0281186 4.2786 -0.822057 0.0216152 -0.568995 -150.557 
-0.566423 -0.0150656 0.823977 338.595 0.00358458 0.999778 0.0207441 4.29135 -0.824107 0.0147035 -0.566244 -151.092 
-0.562481 -0.0109627 0.826738 340.199 0.00380561 0.999867 0.0158476 4.30712 -0.826802 0.0120602 -0.562364 -152.174 
-0.560947 -0.0147693 0.82772 340.997 0.00488593 0.999764 0.0211503 4.31223 -0.827837 0.0159084 -0.560743 -152.713 
-0.558347 -0.0183928 0.829403 342.597 0.0083518 0.999579 0.027789 4.33509 -0.829565 0.0224429 -0.557959 -153.79 
-0.557524 -0.0197978 0.829925 343.385 0.00868006 0.999522 0.0296746 4.35041 -0.830116 0.0237481 -0.557085 -154.317 
-0.557739 -0.0227029 0.829706 345.007 0.00442632 0.99953 0.0303251 4.38026 -0.830005 0.020586 -0.557376 -155.389 
-0.560439 -0.0202956 0.827947 347.362 -0.00173987 0.999726 0.0233287 4.41747 -0.828194 0.0116338 -0.560321 -156.951 
-0.561305 -0.01711 0.827432 348.128 -0.000520781 0.999793 0.0203209 4.42565 -0.827609 0.0109753 -0.561198 -157.469 
-0.563424 -0.0196321 0.825934 349.668 0.000973033 0.999701 0.0244262 4.44587 -0.826167 0.014566 -0.563237 -158.51 
-0.5671 -0.0232368 0.823321 352.675 0.00450372 0.9995 0.0313113 4.49987 -0.823636 0.0214646 -0.566712 -160.561 
-0.56892 -0.0269761 0.82195 354.83 0.000875119 0.999441 0.0334071 4.54125 -0.822393 0.0197252 -0.568578 -162.03 
-0.569291 -0.028009 0.821659 355.53 0.002214 0.999364 0.0356006 4.55025 -0.822133 0.0220862 -0.568867 -162.513 
-0.569659 -0.0218 0.821592 356.205 0.00674952 0.99949 0.0312002 4.55682 -0.821853 0.0233188 -0.569222 -162.984 
-0.570154 -0.0137913 0.821422 356.843 0.0105702 0.999653 0.0241205 4.56719 -0.82147 0.022435 -0.569811 -163.426 
-0.570219 -0.0102646 0.821429 357.462 0.0118222 0.999716 0.0206992 4.58375 -0.821408 0.0215141 -0.569935 -163.864 
-0.567629 -0.0181029 0.823085 359.277 0.0209584 0.999116 0.0364282 4.60882 -0.823017 0.0379283 -0.566748 -165.139 
-0.566485 -0.015211 0.823932 359.828 0.0207035 0.999251 0.0326821 4.62007 -0.823812 0.0355721 -0.565746 -165.524 
-0.562276 -0.00424918 0.826939 360.951 0.0187442 0.999664 0.0178818 4.62879 -0.826737 0.0255548 -0.562008 -166.261 
-0.556931 -0.00930051 0.830507 362.034 0.0131315 0.999714 0.0200013 4.63543 -0.830455 0.0220451 -0.556649 -166.952 
-0.547533 -0.0154356 0.836642 363.05 0.0123386 0.999572 0.0265165 4.63455 -0.836693 0.0248417 -0.547108 -167.603 
-0.529729 -0.014413 0.848045 364.034 0.0151532 0.999535 0.0264531 4.64435 -0.848032 0.0268636 -0.529264 -168.208 
-0.497658 -0.0103319 0.867312 364.995 0.0190827 0.999557 0.0228568 4.65355 -0.867163 0.0279255 -0.49724 -168.746 
-0.447756 -0.00884777 0.894112 365.95 0.0206551 0.999582 0.0202352 4.65818 -0.893917 0.0275284 -0.447386 -169.201 
-0.287405 -0.0097143 0.95776 367.917 0.0257883 0.999508 0.0178763 4.65844 -0.957462 0.0298368 -0.287013 -169.847 
-0.179846 -0.011871 0.983623 368.924 0.0287026 0.999438 0.0173099 4.65882 -0.983276 0.0313456 -0.179404 -170.004 
-0.0638932 -0.0155037 0.997836 369.92 0.0275481 0.999471 0.0172931 4.66433 -0.997576 0.0285934 -0.0634323 -170.042 
0.0647823 -0.0209968 0.997679 370.951 0.0241408 0.999519 0.019468 4.66353 -0.997607 0.0228235 0.065258 -169.915 
0.131869 -0.0216532 0.991031 371.449 0.0241968 0.999534 0.0186193 4.66253 -0.990972 0.0215245 0.132331 -169.796 
0.199528 -0.0225956 0.979631 371.946 0.0248018 0.99953 0.018003 4.66332 -0.979578 0.0207045 0.199995 -169.641 
0.33259 -0.0244578 0.942754 372.954 0.0198128 0.999624 0.0189435 4.67804 -0.942863 0.0123781 0.33295 -169.214 
0.45977 -0.0266317 0.887638 373.882 0.0179636 0.999625 0.020687 4.68405 -0.887856 0.00643391 0.460076 -168.676 
0.518591 -0.0312994 0.85445 374.339 0.0233798 0.999475 0.0224219 4.68462 -0.854703 0.00834911 0.51905 -168.358 
0.572338 -0.0346634 0.819285 374.784 0.0264717 0.999366 0.0237898 4.68851 -0.81959 0.008072 0.572893 -168.001 
0.6602 -0.0330244 0.750364 375.63 0.0257575 0.999441 0.021324 4.70391 -0.750648 0.00524939 0.660681 -167.199 
0.720421 -0.0258014 0.693057 376.307 0.0177923 0.999666 0.0187213 4.70457 -0.693309 -0.00115611 0.720639 -166.427 
0.766238 -0.0256523 0.642044 377.39 0.0155795 0.999651 0.0213471 4.72251 -0.642367 -0.00635425 0.76637 -165.109 
0.803474 -0.0178056 0.595073 378.943 0.0244137 0.999697 -0.00305106 4.72911 -0.594839 0.0169794 0.803666 -163.073 
0.818041 -0.0160815 0.574935 379.712 0.020936 0.999779 -0.00182379 4.70933 -0.574779 0.0135288 0.818197 -161.939 
0.830424 -0.00900641 0.557059 381.286 0.0132463 0.999906 -0.00358036 4.67423 -0.556974 0.0103522 0.830465 -159.556 
0.835461 -0.0111286 0.549436 382.102 0.0140529 0.999901 -0.00111589 4.65686 -0.549369 0.00865345 0.835535 -158.285 
0.846564 -0.00678616 0.532244 383.922 0.00577599 0.999977 0.00356276 4.63476 -0.532256 5.81309e-05 0.846584 -155.365 
0.847979 0.0042305 0.530014 385.328 -0.000823376 0.999977 -0.00666437 4.61533 -0.53003 0.00521484 0.847963 -153.04 
0.844698 0.0048633 0.535221 386.83 -0.00524677 0.999986 -0.000805829 4.56948 -0.535218 -0.0021275 0.844711 -150.608 
0.843573 0.00621254 0.536978 387.233 -0.00656672 0.999978 -0.0012531 4.55772 -0.536974 -0.0024691 0.843595 -149.942 
0.841914 0.00686505 0.539569 387.581 -0.00838796 0.999965 0.00036535 4.54045 -0.539547 -0.00483348 0.841941 -149.363 
0.836853 6.84027e-05 0.547427 389.597 -0.0109182 0.999803 0.0165658 4.51411 -0.547318 -0.01984 0.836689 -146.202 
0.832044 0.00459348 0.55469 391.716 -0.0144004 0.999808 0.0133213 4.52155 -0.554523 -0.0190717 0.83195 -142.94 
0.829781 0.00346801 0.558079 392.781 -0.0137397 0.999805 0.0142159 4.51799 -0.557921 -0.0194639 0.829666 -141.318 
0.826878 0.0076313 0.56233 394.349 -0.0167765 0.999798 0.0111008 4.51424 -0.562132 -0.0186129 0.826838 -138.96 
0.826006 0.0126154 0.56352 394.653 -0.0213497 0.999732 0.0089135 4.50425 -0.563256 -0.0193936 0.826055 -138.48 
0.823344 0.017665 0.567267 395.699 -0.0283662 0.999547 0.010045 4.49908 -0.566833 -0.0243617 0.823473 -136.9 
0.81861 0.00929423 0.574275 397.979 -0.0189045 0.999763 0.0107674 4.49511 -0.574039 -0.0196707 0.818592 -133.587 
0.81734 0.00993172 0.57607 399.042 -0.0207693 0.999709 0.0122324 4.49886 -0.575782 -0.0219626 0.817309 -132.042 
0.817509 0.0172283 0.575659 401.279 -0.0282907 0.999547 0.010262 4.50847 -0.575221 -0.0246751 0.817626 -128.781 
0.819773 0.0143046 0.57251 403.549 -0.0229871 0.999704 0.00793655 4.4834 -0.572227 -0.0196665 0.819859 -125.476 
0.819192 0.0145178 0.573336 404.083 -0.0234481 0.999692 0.00818916 4.47641 -0.573041 -0.0201522 0.819279 -124.678 
0.817774 0.01601 0.575317 404.612 -0.0244965 0.999675 0.00700096 4.46846 -0.575019 -0.0198184 0.8179 -123.884 
0.816158 0.0163719 0.577596 405.117 -0.02449 0.99968 0.0062692 4.45955 -0.577309 -0.019262 0.816298 -123.131 
0.811466 0.0170741 0.58415 406.744 -0.024345 0.999693 0.00459869 4.4339 -0.583892 -0.0179528 0.811633 -120.814 
0.81038 0.0166354 0.585668 407.244 -0.0215888 0.999766 0.00147473 4.43146 -0.585507 -0.013839 0.810549 -120.091 
0.809692 0.0114077 0.586744 408.331 -0.0212575 0.999725 0.0098977 4.41536 -0.58647 -0.0204868 0.809712 -118.536 
0.812507 0.00813491 0.582895 410.549 -0.0120976 0.999923 0.00290813 4.3941 -0.582827 -0.00941454 0.812542 -115.42 
0.81762 0.000409417 0.575758 411.649 -0.00402592 0.999979 0.00500605 4.37405 -0.575744 -0.006411 0.817605 -113.842 
0.823371 0.00630539 0.567469 413.828 -0.0141553 0.999855 0.00942888 4.34965 -0.567327 -0.0157962 0.823341 -110.599 
0.82337 0.00472509 0.567486 414.36 -0.0151532 0.999792 0.0136613 4.34481 -0.567303 -0.0198476 0.82327 -109.788 
0.824072 0.00713051 0.566441 414.858 -0.0134672 0.999885 0.00700563 4.33849 -0.566325 -0.0134015 0.824073 -109.019 
0.824812 0.00671108 0.565367 415.374 -0.00770269 0.99997 -0.000632511 4.33594 -0.565354 -0.00383314 0.824839 -108.246 
0.824381 0.000730632 0.566035 417.59 -0.00936934 0.99988 0.012355 4.30682 -0.565958 -0.0154886 0.824289 -104.953 
0.820047 -0.00027942 0.572296 419.285 -0.00424258 0.999969 0.00656745 4.30345 -0.572281 -0.00781363 0.820021 -102.478 
0.816924 -0.00808179 0.576688 420.434 -7.33096e-05 0.9999 0.0141166 4.29882 -0.576745 -0.0115745 0.816842 -100.819 
0.814416 -0.00814812 0.580225 421.582 -0.0010799 0.999878 0.0155571 4.3027 -0.580281 -0.0132965 0.814308 -99.1613 
0.814901 -0.00479049 0.57958 422.15 -0.00364169 0.999904 0.0133849 4.30522 -0.579589 -0.013018 0.814805 -98.3175 
0.81535 -0.00712685 0.578924 422.718 -0.000380836 0.999917 0.0128459 4.30643 -0.578968 -0.0106943 0.81528 -97.4775 
0.818286 -0.00717316 0.574766 423.868 -0.000576919 0.999911 0.0133004 4.30567 -0.574811 -0.0112151 0.81821 -95.7944 
0.820421 -0.00807039 0.571703 424.42 -0.00235331 0.999844 0.0174913 4.307 -0.571755 -0.0156956 0.820274 -94.9373 
0.822782 -0.00817686 0.568298 425.543 -0.00213956 0.999845 0.0174837 4.3109 -0.568353 -0.0156012 0.822637 -93.2418 
0.823898 -0.000935735 0.566737 426.673 -0.00266342 0.999981 0.00552302 4.3119 -0.566732 -0.00605986 0.82388 -91.5345 
0.827217 -0.00141756 0.56188 428.379 -0.00975171 0.99981 0.0168792 4.30294 -0.561797 -0.019442 0.827046 -88.9276 
0.830468 0.00929803 0.556989 430.066 -0.00785823 0.999957 -0.00497608 4.2967 -0.557011 -0.00024447 0.830505 -86.3499 
0.831759 0.0120374 0.555006 430.616 -0.00454201 0.999879 -0.0148793 4.28005 -0.555118 0.00985515 0.831713 -85.4837 
0.833694 0.000954225 0.552226 431.761 0.000635196 0.999996 -0.00268691 4.23708 -0.552227 0.00259083 0.83369 -83.7214 
0.833906 -0.00397197 0.551892 432.318 -0.00119042 0.999959 0.00899543 4.22525 -0.551905 -0.00815833 0.833867 -82.8285 
0.833186 -0.00623896 0.552958 433.445 -0.00323954 0.999864 0.0161626 4.21898 -0.552983 -0.0152578 0.833053 -81.0684 
0.832336 -0.00342031 0.55426 433.989 -0.00269913 0.999944 0.0102239 4.21608 -0.554264 -0.0100057 0.832281 -80.2006 
0.830273 -0.00391 0.557343 435.113 0.00282298 0.999992 0.00281 4.19932 -0.55735 -0.000759697 0.830278 -78.4825 
0.82907 -0.00441715 0.559127 435.658 0.00528161 0.999986 6.84322e-05 4.18749 -0.559119 0.00289635 0.829082 -77.6223 
0.828111 -0.00647925 0.560526 436.199 0.0080257 0.999968 -0.000298157 4.17175 -0.560506 0.00474552 0.828136 -76.7647 
0.826209 -0.0114882 0.563246 437.319 0.00942788 0.999934 0.00656558 4.14573 -0.563284 -0.00011433 0.826263 -75.0685 
0.825282 -0.0116287 0.5646 437.862 0.00877866 0.999931 0.00776301 4.13352 -0.564652 -0.00145024 0.825328 -74.2207 
0.823563 -0.00731259 0.567177 438.971 0.00535445 0.999973 0.00511773 4.11506 -0.567199 -0.00117786 0.82358 -72.5503 
0.822815 -0.00905204 0.568238 439.523 0.00692615 0.999959 0.00590023 4.10541 -0.568268 -0.000919094 0.822843 -71.708 
0.821611 -0.0129497 0.569901 440.631 0.00847838 0.999909 0.0104976 4.08884 -0.569985 -0.00379307 0.821646 -70.0664 
0.821314 -0.0250126 0.569927 441.726 0.0189882 0.999683 0.0165097 4.08244 -0.57016 -0.00273776 0.821529 -68.4813 
0.821015 -0.0314056 0.570043 443.31 0.031084 0.999464 0.0102945 4.07434 -0.57006 0.00926725 0.821551 -66.1925 
0.818209 -0.0064749 0.574885 444.802 0.0103224 0.999941 -0.00342908 4.03875 -0.574828 0.00873986 0.818227 -63.9572 
0.812708 -0.00628505 0.582638 445.778 0.00331434 0.999976 0.00616387 4.01481 -0.582662 -0.00307836 0.812708 -62.5349 
0.800372 -0.00885638 0.599438 448.579 0.00213323 0.999927 0.0119251 3.9756 -0.5995 -0.00826577 0.800332 -58.6748 
0.796995 -0.0135719 0.603833 449.839 0.00753874 0.999893 0.0125236 3.95804 -0.603938 -0.00542908 0.797013 -56.9972 
0.7976 -0.0152752 0.602994 450.612 0.0111575 0.999882 0.0105709 3.9488 -0.603084 -0.00170339 0.797676 -55.9663 
0.810893 -0.0201298 0.584848 451.973 0.0179376 0.999794 0.00954122 3.92688 -0.584919 0.00275384 0.811087 -54.0965 
0.82481 -0.0209269 0.565023 452.533 0.0190454 0.999776 0.0092269 3.91732 -0.565089 0.00315064 0.825024 -53.2547 
0.845916 -0.0225344 0.53284 453.024 0.0233658 0.999714 0.00518447 3.90323 -0.532805 0.00806461 0.8462 -52.4433 
0.875266 -0.0207033 0.483199 453.44 0.0219857 0.999754 0.00301105 3.89355 -0.483142 0.00798799 0.875505 -51.6106 
0.911356 -0.0222227 0.411018 453.77 0.0227297 0.999735 0.0036542 3.88663 -0.41099 0.00601202 0.91162 -50.7708 
0.972588 -0.00480779 0.232485 454.13 0.00473744 0.999988 0.00086097 3.86775 -0.232486 0.000264013 0.9726 -49.0534 
0.982997 -0.00301321 0.183599 454.169 0.00330958 0.999994 -0.00130783 3.86618 -0.183594 0.00189323 0.983 -48.6111 
0.991026 -0.00377536 0.133614 454.193 0.00409571 0.999989 -0.00212281 3.86483 -0.133605 0.002651 0.991031 -48.161 
0.99957 -0.00284626 0.0291678 454.171 0.00280167 0.999995 0.00156954 3.86097 -0.0291721 -0.00148715 0.999573 -47.2124 
0.999653 -0.00397182 -0.0260427 454.12 0.00411517 0.999977 0.00545322 3.85903 0.0260204 -0.0055585 0.999646 -46.7149 
0.996508 -0.00676013 -0.0832252 454.045 0.0075463 0.99993 0.00913542 3.85716 0.0831576 -0.00973156 0.996489 -46.207 
0.979665 -0.00756666 -0.200496 453.792 0.00918286 0.999932 0.00713225 3.85265 0.200429 -0.00882834 0.979669 -45.1881 
0.965644 -0.00635646 -0.259789 453.619 0.00812334 0.999951 0.00572818 3.85024 0.25974 -0.00764174 0.965648 -44.6925 
0.948381 -0.00442251 -0.317103 453.399 0.00570043 0.999979 0.00310232 3.85055 0.317083 -0.0047498 0.948386 -44.1674 
0.906034 -0.0106918 -0.42307 452.866 0.008766 0.99994 -0.00649749 3.84536 0.423114 0.00217832 0.906074 -43.1079 
0.881107 -0.0105116 -0.472801 452.586 0.00840528 0.999943 -0.0065673 3.8369 0.472843 0.00181247 0.881145 -42.6386 
0.823862 -0.00154597 -0.566788 451.893 0.00147072 0.999999 -0.000589808 3.82733 0.566788 -0.000347666 0.823864 -41.6818 
0.792811 0.0048154 -0.609448 451.484 -0.00542697 0.999985 0.000841366 3.82618 0.609443 0.00264041 0.792825 -41.217 
0.762073 0.0110852 -0.647396 451.053 -0.0102979 0.999934 0.00499949 3.82253 0.647409 0.00285687 0.762137 -40.7624 
0.70938 0.0144468 -0.704679 450.127 -0.0106478 0.999895 0.00978033 3.81483 0.704746 0.000565315 0.709459 -39.8682 
0.68744 0.0131117 -0.726123 449.947 -0.0144164 0.999886 0.0044067 3.81553 0.726098 0.00743875 0.687551 -39.7002 
0.655508 0.00807015 -0.755145 448.971 -0.0217551 0.99973 -0.0082006 3.81659 0.754875 0.0218038 0.655506 -38.8884 
0.626241 0.016379 -0.779457 446.982 -0.016489 0.999834 0.00776196 3.77868 0.779455 0.00799164 0.626407 -37.26 
0.616271 -0.00440731 -0.787522 444.575 -0.0110819 0.999837 -0.0142676 3.74933 0.787456 0.0175199 0.616122 -35.3786 
0.612957 0.00474677 -0.790102 443.373 -0.00778522 0.99997 -3.21175e-05 3.72068 0.790078 0.00617081 0.612975 -34.4418 
0.605921 -0.00267202 -0.79552 440.821 0.00155899 0.999996 -0.00217139 3.69473 0.795523 7.54821e-05 0.605923 -32.4853 
0.603226 -0.00237805 -0.797567 439.502 -0.00118304 0.999992 -0.00387637 3.67255 0.79757 0.00328188 0.603218 -31.5014 
0.601054 -0.00246315 -0.799205 438.148 -0.00123127 0.999991 -0.00400797 3.65084 0.799207 0.00339305 0.601046 -30.4941 
0.595561 -0.00288524 -0.803305 435.077 0.00791874 0.999966 0.00227926 3.61799 0.803271 -0.0077186 0.595564 -28.2021 
0.581681 -0.00131226 -0.813416 432.318 0.0128953 0.999888 0.00760846 3.58319 0.813315 -0.0149149 0.581633 -26.1881 
0.573172 0.00246043 -0.819432 430.819 0.0133922 0.999834 0.0123696 3.57464 0.819326 -0.0180639 0.573043 -25.1366 
0.564837 0.00435287 -0.825191 429.283 0.0131927 0.999811 0.0143043 3.56463 0.825097 -0.0189661 0.564673 -24.0867 
0.546896 0.0116728 -0.837119 424.571 -0.00488859 0.99993 0.0107493 3.52878 0.837186 -0.00178641 0.546915 -21.0286 
0.547973 0.0151705 -0.836359 422.378 -0.013944 0.999862 0.00900027 3.51596 0.83638 0.00673026 0.548109 -19.6232 
0.550435 0.0177578 -0.834689 420.895 -0.0237858 0.999701 0.00558286 3.49922 0.834539 0.0167807 0.550694 -18.6805 
0.556532 0.0165851 -0.830661 417.889 -0.028439 0.999595 0.000904263 3.44559 0.830339 0.0231199 0.556778 -16.7107 
0.560502 0.0203951 -0.827902 416.569 -0.0325759 0.999466 0.00256714 3.41679 0.827512 0.0255307 0.560867 -15.8286 
0.575011 0.0222411 -0.817844 413.909 -0.0384225 0.999262 0.000160579 3.36537 0.817243 0.0313313 0.57544 -14.0208 
0.585243 0.0187645 -0.810641 412.738 -0.0357587 0.999357 -0.00268325 3.34034 0.810069 0.0305578 0.585538 -13.184 
0.603907 0.0115922 -0.796971 410.626 -0.0278193 0.999592 -0.00654084 3.2774 0.796569 0.0261213 0.603983 -11.6005 
0.61331 0.00667223 -0.789814 409.638 -0.0254501 0.999612 -0.0113181 3.24234 0.789432 0.0270424 0.613242 -10.8347 
0.625171 0.0147886 -0.780348 407.7 -0.0244142 0.999702 -0.000613649 3.19363 0.780106 0.0194352 0.625346 -9.29706 
0.625139 0.0203602 -0.780248 406.739 -0.0226309 0.999712 0.00795502 3.16912 0.780186 0.0126847 0.62542 -8.53122 
0.610363 0.0196056 -0.791879 404.822 -0.012815 0.999807 0.014876 3.15875 0.792018 0.00106815 0.610497 -7.02972 
0.58802 0.00155454 -0.808845 403.863 -0.00164508 0.999998 0.00072597 3.16343 0.808845 0.000903732 0.588021 -6.31877 
0.552761 -0.00313301 -0.833334 402.876 0.006681 0.999977 0.000672065 3.15431 0.833313 -0.00593899 0.55277 -5.6522 
0.510446 -0.007346 -0.859878 401.862 0.00720548 0.999965 -0.00426541 3.13167 0.85988 -0.00401857 0.510481 -5.05898 
0.383132 0.00476735 -0.923681 399.718 0.00276558 0.999976 0.00630826 3.10269 0.92369 -0.00497141 0.383109 -4.10503 
0.297704 0.0114292 -0.95459 398.615 0.000518479 0.999926 0.0121337 3.09588 0.954658 -0.00410718 0.297676 -3.78822 
0.251787 0.0113714 -0.967716 398.069 0.000508469 0.999929 0.0118822 3.09418 0.967782 -0.00348385 0.251764 -3.67419 
0.148814 0.00921277 -0.988822 396.933 0.00100349 0.999955 0.00946751 3.08877 0.988865 -0.00240118 0.148798 -3.53398 
0.0945996 0.00301929 -0.995511 396.375 0.0028065 0.999991 0.00329957 3.08266 0.995511 -0.00310604 0.0945903 -3.50844 
0.0396191 -0.00284741 -0.999211 395.844 0.00464816 0.999986 -0.00266532 3.07754 0.999204 -0.0045389 0.0396318 -3.51411 
-0.0708906 -0.00810748 -0.997451 394.716 0.00657358 0.999941 -0.00859492 3.06741 0.997462 -0.00716612 -0.0708331 -3.62627 
-0.12535 -0.00543517 -0.992098 394.181 0.0140311 0.999875 -0.00725058 3.05899 0.992013 -0.0148291 -0.125258 -3.70222 
-0.228415 0.00559031 -0.973548 393.066 0.0197214 0.999805 0.00111402 3.03843 0.973364 -0.0189453 -0.22848 -3.98137 
-0.277782 0.0062296 -0.960624 392.546 0.0182127 0.999833 0.00121732 3.0275 0.960472 -0.0171575 -0.277849 -4.15627 
-0.325558 0.00665608 -0.945499 392.098 0.0216207 0.999766 -0.00040641 3.02001 0.945275 -0.0205746 -0.325626 -4.31517 
-0.415581 0.0053458 -0.90954 391.099 0.0204558 0.999785 -0.0034703 3.00674 0.909326 -0.0200475 -0.415601 -4.79943 
-0.457069 0.00404181 -0.889422 390.761 0.0158167 0.999868 -0.00358439 3.00285 0.88929 -0.015706 -0.457073 -4.98883 
-0.496527 0.00316113 -0.868015 390.372 0.00958954 0.999952 -0.00184385 2.99714 0.867968 -0.00923939 -0.496534 -5.22942 
-0.532371 0.0019893 -0.846509 390 0.00480662 0.999988 -0.000672913 2.99318 0.846498 -0.00442709 -0.532374 -5.47964 
-0.614903 -0.0134711 -0.788488 388.381 -0.0312705 0.999484 0.00731035 2.96755 0.787983 0.0291515 -0.615007 -6.83046 
-0.628533 -0.016413 -0.77761 387.596 -0.0330394 0.999438 0.00561013 2.96593 0.777081 0.0292179 -0.628722 -7.48842 
-0.631897 -0.0195095 -0.774807 386.799 -0.035807 0.999351 0.00403899 2.95519 0.774225 0.0302957 -0.632185 -8.1614 
-0.606175 -0.0161115 -0.795168 385.148 -0.0243316 0.999702 -0.00170723 2.93515 0.794959 0.0183128 -0.606386 -9.48632 
-0.565954 -0.0128006 -0.824338 384.322 -0.0280232 0.9996 0.00371735 2.92306 0.823961 0.0252045 -0.566086 -10.062 
-0.428742 0.0185637 -0.903236 382.59 0.00790122 0.999828 0.0167984 2.891 0.903392 6.5501e-05 -0.428815 -10.857 
-0.277699 -0.00754208 -0.960638 381.348 -0.0112702 0.999926 -0.00459257 2.87124 0.960602 0.0095512 -0.277764 -11.2107 
-0.217563 -0.00686746 -0.976022 380.954 -0.0197856 0.999801 -0.0026244 2.87481 0.975846 0.0187402 -0.217655 -11.2845 
-0.0948187 0.00920727 -0.995452 380.148 -0.00324182 0.999949 0.00955765 2.86564 0.995489 0.00413332 -0.094784 -11.2816 
-0.0348426 0.0110004 -0.999332 379.752 0.000992718 0.999939 0.0109725 2.85794 0.999392 -0.000609745 -0.0348515 -11.2406 
0.0246563 0.00879348 -0.999657 379.357 0.00300062 0.999956 0.00887012 2.8497 0.999691 -0.0032183 0.0246288 -11.1833 
0.138156 0.00224305 -0.990408 378.578 0.00529745 0.999981 0.00300369 2.83738 0.990396 -0.00566162 0.138142 -11.0056 
0.187162 0.0016989 -0.982328 378.287 0.00306628 0.999993 0.00231367 2.83287 0.982324 -0.00344512 0.187155 -10.9276 
0.232475 0.00369522 -0.972595 377.961 -0.0010177 0.999993 0.00355606 2.83306 0.972602 0.000163113 0.232477 -10.8348 
0.275331 0.00597493 -0.961331 377.636 -0.00614059 0.999971 0.00445639 2.83382 0.96133 0.00467615 0.27536 -10.7284 
0.356521 0.0100277 -0.934234 376.917 -0.00431662 0.999949 0.00908574 2.82587 0.934277 0.000793474 0.356546 -10.4184 
0.471751 0.00303955 -0.881727 375.389 0.00447812 0.999973 0.00584311 2.81176 0.881721 -0.00670497 0.471724 -9.58093 
0.55105 -0.0123022 -0.834381 372.749 0.00637357 0.999924 -0.0105337 2.79085 0.834448 0.000486611 0.551087 -7.9052 
0.556984 -0.0127036 -0.830426 372.492 0.00945145 0.999915 -0.00895705 2.78481 0.830469 -0.00285979 0.557057 -7.72159 
0.562362 -0.00628439 -0.826868 370.428 0.0113032 0.999936 8.76541e-05 2.75598 0.826814 -0.00939552 0.562397 -6.32754 
0.56481 -0.00584309 -0.8252 369.412 0.00986306 0.999951 -0.000329669 2.75034 0.825162 -0.0079528 0.56484 -5.64297 
0.572588 -0.0107242 -0.819773 367.067 0.00820112 0.999939 -0.00735286 2.72393 0.819802 -0.0025129 0.572641 -4.02496 
0.576184 -0.00830274 -0.817278 365.829 0.00579323 0.999965 -0.0060744 2.70285 0.817299 -0.0012347 0.576212 -3.17047 
0.578334 -0.00773986 -0.815763 365.255 0.00621697 0.999968 -0.00508005 2.69373 0.815776 -0.00213361 0.578364 -2.76967 
0.582975 -0.00607997 -0.812467 363.837 0.00704899 0.999972 -0.00242522 2.66901 0.812459 -0.00431323 0.583002 -1.76303 
0.590086 -0.00850766 -0.807296 360.945 0.0117405 0.999929 -0.00195607 2.62854 0.807255 -0.00832384 0.590144 0.331611 
0.591493 -0.00917643 -0.806258 360.221 0.0114131 0.99993 -0.00300773 2.61562 0.806229 -0.00742286 0.591557 0.856225 
0.593006 -0.0101283 -0.805134 359.488 0.0106632 0.999932 -0.00472497 2.6034 0.805127 -0.0057834 0.593074 1.38904 
0.594603 -0.0119596 -0.80393 358.812 0.00956096 0.999924 -0.00780379 2.59163 0.803962 -0.00304618 0.594672 1.88069 
0.598116 -0.0108294 -0.801336 355.12 0.00985063 0.999933 -0.00616072 2.50696 0.801349 -0.00420884 0.598183 4.60629 
0.596137 -0.0110904 -0.802806 354.38 0.0131833 0.999905 -0.00402373 2.48993 0.802775 -0.00818496 0.596226 5.1546 
0.588226 -0.0143057 -0.80857 352.08 0.0192906 0.999807 -0.00365549 2.4464 0.808466 -0.0134475 0.588389 6.83451 
0.583454 -0.0172738 -0.811962 350.566 0.0178533 0.999805 -0.00844103 2.4138 0.81195 -0.00957129 0.583649 7.91327 
0.581911 -0.0173512 -0.813067 349.808 0.0177275 0.999805 -0.00864868 2.39732 0.813059 -0.0093809 0.582106 8.44658 
0.57711 -0.00277081 -0.816662 346.781 0.00950683 0.999949 0.00332551 2.3225 0.816611 -0.00968305 0.577107 10.5612 
0.574136 -0.00551661 -0.818741 345.329 0.0152034 0.999877 0.00392415 2.29953 0.818619 -0.0147006 0.574149 11.5806 
0.572079 -0.0173279 -0.820015 342.379 0.0182112 0.999799 -0.00842197 2.23117 0.819996 -0.0101154 0.57228 13.6259 
0.572739 -0.00889775 -0.819689 341.645 0.0163419 0.999866 0.000564973 2.21064 0.819575 -0.0137189 0.572808 14.1291 
0.573255 -0.0116905 -0.819293 340.22 0.018708 0.999824 -0.00117661 2.18101 0.819163 -0.0146528 0.573373 15.1181 
0.572816 -0.0166406 -0.819515 339.517 0.0212986 0.999759 -0.00541339 2.16926 0.819408 -0.0143537 0.573032 15.6087 
0.572173 -0.0178061 -0.81994 338.811 0.023376 0.999712 -0.00539784 2.15609 0.8198 -0.0160784 0.572425 16.1001 
0.571106 -0.0145655 -0.820747 338.126 0.0226238 0.999742 -0.00199959 2.14066 0.820565 -0.0174264 0.571288 16.57 
0.570153 -0.012514 -0.821443 337.482 0.0217816 0.999763 -0.000112267 2.12493 0.82125 -0.0178283 0.570291 17.0098 
0.566391 -0.0177336 -0.823946 334.709 0.0226321 0.999726 -0.00595925 2.06548 0.823826 -0.0152724 0.566638 18.9027 
0.564749 -0.0149593 -0.825127 333.327 0.0232555 0.999727 -0.00220778 2.03222 0.824935 -0.0179419 0.564943 19.8407 
0.562654 -0.0139337 -0.826575 331.977 0.0237173 0.999718 -0.000708003 2.00282 0.826352 -0.0192057 0.562826 20.7519 
0.560241 -0.0105731 -0.828262 330.046 0.0181613 0.999835 -0.000478907 1.96133 0.828131 -0.014774 0.56034 22.0351 
0.559314 -0.00919622 -0.828905 329.425 0.0151246 0.999885 -0.000887627 1.94765 0.828818 -0.0120404 0.559389 22.4428 
0.55868 -0.00725325 -0.829352 328.208 0.0083836 0.99996 -0.00309786 1.91772 0.829341 -0.00522224 0.558718 23.2398 
0.559089 -0.00667121 -0.829081 327.601 0.00591568 0.999974 -0.00405707 1.90416 0.829087 -0.00263632 0.559114 23.6384 
0.560304 -0.00387374 -0.828278 326.395 0.000727359 0.999991 -0.00418479 1.87764 0.828287 0.0017423 0.560302 24.4332 
0.561255 -0.00217898 -0.82764 325.812 -4.13912e-05 0.999996 -0.00266082 1.86598 0.827643 0.00152765 0.561253 24.8194 
0.56535 -0.00157182 -0.82485 324.072 0.00437911 0.99999 0.00109587 1.829 0.82484 -0.00423165 0.565351 26.0029 
0.568867 -0.00471172 -0.822416 322.977 0.00415692 0.999987 -0.00285369 1.80689 0.822419 -0.00179535 0.568879 26.7512 
0.573603 -0.00671346 -0.819106 321.95 0.00418208 0.999977 -0.00526727 1.78359 0.819123 -0.000404246 0.573618 27.4625 
0.58088 -0.00434647 -0.813977 320.991 0.00249898 0.999991 -0.00355638 1.75689 0.813985 3.1716e-05 0.580886 28.1357 
0.59038 0.000548163 -0.807125 320.108 -0.000358183 1 0.000417159 1.73384 0.807125 4.28159e-05 0.59038 28.7703 
0.602529 0.000389662 -0.798097 319.298 -0.0012774 0.999999 -0.000476141 1.71211 0.798096 0.00130638 0.602529 29.3795 
0.616147 -0.000420206 -0.787631 318.554 0.00130679 0.999999 0.000488769 1.69556 0.78763 -0.00133042 0.616147 29.9706 
0.645858 -0.00028492 -0.763457 317.259 0.00279294 0.999994 0.00198954 1.66782 0.763452 -0.00341725 0.645855 31.0644 
0.696765 -0.00985892 -0.717231 315.83 0.0203377 0.999775 0.00601466 1.63742 0.717011 -0.0187776 0.696809 32.4682 
0.724214 -0.00362081 -0.689566 315.325 0.0146614 0.999841 0.010148 1.63153 0.689419 -0.0174593 0.724152 33.0122 
0.751645 -0.00884626 -0.659509 314.984 0.0162681 0.999855 0.0051294 1.62621 0.659368 -0.0145845 0.751679 33.4424 
0.787315 -0.0171547 -0.616313 314.599 0.0265192 0.99963 0.00605305 1.60933 0.615981 -0.0211098 0.787478 34.0101 
0.823948 -0.0172941 -0.566402 314.238 0.022236 0.999751 0.00182118 1.60651 0.56623 -0.0140951 0.824127 34.581 
0.857333 -0.0213804 -0.514318 313.959 0.0193324 0.99977 -0.00933512 1.60307 0.514399 -0.00193969 0.857549 35.0893 
0.917662 -0.0229895 -0.396696 313.563 0.0204879 0.999735 -0.0105431 1.58983 0.396833 0.00154758 0.91789 36.0549 
0.947557 -0.0226074 -0.318785 313.389 0.0205398 0.999741 -0.00984644 1.58028 0.318925 0.00278228 0.947776 36.674 
0.992156 -0.00998752 -0.124607 313.184 0.0087252 0.999905 -0.0106721 1.55325 0.124701 0.00950118 0.992149 38.1786 
0.997487 -0.0108429 -0.0700165 313.182 0.0100523 0.999882 -0.0116345 1.54761 0.0701343 0.0109014 0.997478 38.6027 
0.998816 -0.0139907 0.0466009 313.253 0.0146918 0.999783 -0.0147371 1.53888 -0.0463846 0.0154043 0.998805 39.4272 
0.994197 -0.0129146 0.106794 313.323 0.0147965 0.999749 -0.0168477 1.53135 -0.10655 0.0183301 0.994138 39.8561 
0.985844 -0.0113593 0.167279 313.418 0.0145082 0.99974 -0.0176136 1.52009 -0.167035 0.0197912 0.985752 40.2994 
0.95961 -0.0125525 0.281053 313.738 0.0177329 0.999716 -0.0158963 1.50306 -0.280774 0.0202382 0.95956 41.2742 
0.943172 -0.0189935 0.331763 313.885 0.0254636 0.999561 -0.0151656 1.50199 -0.331329 0.0227516 0.943241 41.6176 
0.925158 -0.0212864 0.378984 313.966 0.0286481 0.999494 -0.0137959 1.49893 -0.378499 0.0236205 0.9253 41.8397 
0.90632 -0.0214572 0.422046 314.126 0.0282132 0.999554 -0.00976802 1.49297 -0.421649 0.0207602 0.906522 42.2161 
0.844807 -0.0252409 0.534476 315.42 0.0304126 0.999537 -0.000867358 1.47384 -0.534207 0.0169876 0.845183 44.3716 
0.823979 -0.0249526 0.566071 316.013 0.0303722 0.999539 -0.000150128 1.47368 -0.565806 0.0173165 0.824357 45.2876 
0.79523 -0.0306766 0.605531 317.848 0.0342565 0.999397 0.00564177 1.4669 -0.605339 0.0162569 0.795802 47.7694 
0.789209 -0.0333647 0.613218 318.758 0.0369856 0.999293 0.00677033 1.46853 -0.61301 0.017337 0.789885 48.9601 
0.788128 -0.0343657 0.614551 319.145 0.0377321 0.99926 0.0074893 1.47051 -0.614354 0.0172858 0.788841 49.4749 
0.78708 -0.0366614 0.615761 320.173 0.0401649 0.99916 0.00814862 1.47407 -0.615542 0.0183184 0.787891 50.8182 
0.791691 -0.0386447 0.609699 323.88 0.0479144 0.998851 0.00109373 1.48657 -0.60904 0.0283475 0.792633 55.6326 
0.79315 -0.0407568 0.607661 324.465 0.0507326 0.998712 0.000766558 1.48461 -0.606909 0.0302202 0.794196 56.4127 
0.797719 -0.0402303 0.601686 325.74 0.0502588 0.998736 0.000144687 1.46981 -0.600931 0.0301246 0.798733 58.1227 
0.800064 -0.038313 0.59869 326.321 0.0486135 0.998817 -0.00104603 1.46398 -0.597942 0.0299413 0.80098 58.9289 
0.804379 -0.0362645 0.593009 327.622 0.0442762 0.999019 0.00103561 1.44777 -0.592464 0.0254231 0.805196 60.7334 
0.806052 -0.0349102 0.590815 328.239 0.043083 0.999071 0.000254969 1.44067 -0.590275 0.0252486 0.806807 61.6041 
0.807584 -0.0349961 0.588713 328.879 0.0431371 0.999069 0.000215141 1.43324 -0.588173 0.0252217 0.808342 62.5064 
0.810198 -0.0389348 0.584862 330.212 0.0457877 0.998946 0.00307193 1.4168 -0.584365 0.0242906 0.811127 64.3748 
0.811644 -0.0397074 0.582802 330.84 0.0466251 0.998908 0.00312456 1.40848 -0.582289 0.0246372 0.812608 65.2722 
0.814132 -0.0385334 0.5794 332.177 0.0455701 0.998958 0.00240463 1.39234 -0.578889 0.0244456 0.81504 67.1827 
0.814904 -0.0373412 0.578392 332.822 0.0439507 0.99903 0.00257508 1.38253 -0.577928 0.0233223 0.815755 68.1314 
0.815342 -0.0364539 0.57783 333.46 0.0429808 0.999073 0.00238134 1.37371 -0.577381 0.022894 0.816154 69.0632 
0.815968 -0.036785 0.576926 334.811 0.0429493 0.999073 0.00295645 1.3544 -0.5765 0.0223662 0.816791 71.0075 
0.816359 -0.0372074 0.576345 335.472 0.0434966 0.999049 0.00288564 1.34513 -0.575905 0.0227134 0.817201 71.9727 
0.816374 -0.0381003 0.576266 336.821 0.0434649 0.999045 0.0044777 1.32644 -0.575886 0.0213918 0.81725 73.9212 
0.816108 -0.0375039 0.576681 337.489 0.0423305 0.999091 0.00506962 1.31792 -0.576347 0.0202739 0.816954 74.8989 
0.815664 -0.036586 0.577367 338.158 0.0407067 0.999154 0.00580578 1.3104 -0.577092 0.0187671 0.816464 75.8808 
0.815146 -0.0348601 0.578205 338.827 0.0384834 0.999241 0.00599112 1.30325 -0.577975 0.0173677 0.815869 76.8611 
0.813308 -0.0316624 0.580971 340.202 0.0360694 0.999341 0.0039693 1.28804 -0.580714 0.017727 0.813915 78.8323 
0.812282 -0.031742 0.582401 340.896 0.0357001 0.999352 0.00467522 1.28053 -0.582172 0.0169942 0.812888 79.8293 
0.81032 -0.0362284 0.584867 342.316 0.0367129 0.999265 0.0110325 1.27182 -0.584836 0.0125323 0.811054 81.8325 
0.809351 -0.0379065 0.586101 343.022 0.037356 0.999217 0.0130398 1.27061 -0.586137 0.0113406 0.810133 82.8318 
0.808207 -0.0388864 0.587613 343.743 0.0382907 0.999176 0.0134571 1.27253 -0.587652 0.011624 0.80903 83.8478 
0.806186 -0.0380481 0.590438 345.214 0.0394414 0.999166 0.0105334 1.27842 -0.590346 0.0147957 0.807015 85.8957 
0.805175 -0.0388137 0.591765 345.941 0.0411822 0.999107 0.0094972 1.27905 -0.591605 0.0167233 0.806054 86.9138 
0.803304 -0.0413185 0.594134 347.451 0.0461518 0.998909 0.00706819 1.27495 -0.593778 0.0217424 0.804335 88.981 
0.802591 -0.0413464 0.595095 348.203 0.0472418 0.998867 0.00568612 1.27045 -0.594656 0.0235497 0.803635 90.02 
0.801368 -0.0395039 0.596866 349.717 0.0457265 0.998943 0.004722 1.25773 -0.596421 0.0235085 0.802327 92.0969 
0.800781 -0.0396322 0.597644 350.481 0.0436885 0.999015 0.00771059 1.25125 -0.597361 0.0199357 0.801725 93.1563 
0.800075 -0.0372938 0.59874 352.033 0.0406671 0.999142 0.00789177 1.24347 -0.59852 0.018035 0.800905 95.2787 
0.800061 -0.0360841 0.598833 352.798 0.0412873 0.999135 0.00504414 1.23977 -0.598496 0.0206885 0.800858 96.336 
0.800261 -0.0357441 0.598585 354.364 0.0430724 0.99907 0.00207433 1.22027 -0.598102 0.0241225 0.801057 98.4657 
0.800298 -0.038169 0.598387 355.141 0.0439611 0.999021 0.00492933 1.20851 -0.597989 0.0223608 0.801192 99.534 
0.800376 -0.0400105 0.598162 355.92 0.04416 0.998995 0.00773311 1.19885 -0.59787 0.0202254 0.801338 100.606 
0.800858 -0.0404742 0.597484 357.486 0.0454218 0.998945 0.0067869 1.18627 -0.597129 0.0217035 0.801852 102.739 
0.801081 -0.0402368 0.597202 358.27 0.045605 0.998941 0.00613003 1.17891 -0.596816 0.0223247 0.802068 103.819 
0.801617 -0.0404624 0.596467 359.855 0.0461203 0.998919 0.00578042 1.1609 -0.596056 0.0228755 0.802617 105.984 
0.801926 -0.0404945 0.59605 360.64 0.0453917 0.998946 0.00679644 1.15062 -0.595697 0.0216055 0.802919 107.068 
0.802826 -0.0403134 0.594849 362.218 0.0441488 0.998992 0.00811799 1.13352 -0.594577 0.0197445 0.803797 109.233 
0.80325 -0.0405027 0.594264 362.998 0.043649 0.999006 0.00908921 1.12578 -0.594041 0.0186381 0.804219 110.313 
0.80362 -0.041048 0.593726 363.776 0.043776 0.998993 0.00981493 1.11958 -0.593531 0.0181035 0.804608 111.394 
0.804123 -0.0410576 0.593043 364.554 0.0436902 0.998996 0.00992174 1.11417 -0.592855 0.0179319 0.80511 112.474 
0.804952 -0.0402083 0.591976 366.112 0.0438248 0.999005 0.00826296 1.10073 -0.591719 0.0192919 0.805913 114.623 
0.805338 -0.0406565 0.591421 366.879 0.0442979 0.998983 0.0083535 1.09168 -0.591159 0.0194713 0.80632 115.689 
0.806094 -0.0402851 0.590414 368.433 0.044119 0.998995 0.00792749 1.07451 -0.59014 0.0196582 0.807062 117.837 
0.806531 -0.0389275 0.589909 369.2 0.042705 0.999059 0.00754005 1.06474 -0.589647 0.0191108 0.807435 118.914 
0.806746 -0.0400027 0.589543 369.968 0.0421367 0.999061 0.0101291 1.05858 -0.589394 0.0166697 0.807674 119.994 
0.807296 -0.0458157 0.588365 371.513 0.0421258 0.998912 0.0199839 1.05784 -0.588641 0.00865249 0.808348 122.14 
0.807801 -0.0457437 0.587678 372.27 0.0425466 0.998909 0.0192702 1.06281 -0.587918 0.00943724 0.808865 123.201 
0.808639 -0.0449574 0.586584 373.79 0.0434336 0.998917 0.016684 1.07305 -0.586699 0.0119861 0.809716 125.32 
0.808994 -0.0457305 0.586036 374.539 0.0436519 0.99889 0.0176876 1.07621 -0.586194 0.0112724 0.810092 126.378 
0.809608 -0.0492594 0.5849 376.044 0.0463514 0.998726 0.0199524 1.08334 -0.585137 0.0109573 0.81086 128.486 
0.809536 -0.0508066 0.584867 376.791 0.0480791 0.998639 0.0202023 1.08676 -0.585098 0.0117654 0.810877 129.537 
0.809563 -0.0505253 0.584854 377.523 0.0475681 0.998659 0.0204293 1.09107 -0.585102 0.0112816 0.810881 130.577 
0.809352 -0.0482915 0.585335 378.244 0.0474507 0.998733 0.016787 1.09185 -0.585404 0.014188 0.810618 131.6 
0.80906 -0.0438871 0.586086 379.679 0.0438378 0.998937 0.0142864 1.08677 -0.586089 0.0141342 0.810123 133.619 
0.808525 -0.0431704 0.586876 380.383 0.0429124 0.998976 0.0143649 1.08138 -0.586895 0.0135698 0.809549 134.616 
0.80772 -0.0427967 0.588011 381.08 0.0425239 0.998993 0.014296 1.07548 -0.588031 0.0134574 0.808726 135.597 
0.806424 -0.0420831 0.589839 382.454 0.0420296 0.999021 0.0138143 1.06246 -0.589843 0.0136506 0.807403 137.504 
0.805717 -0.0417282 0.590828 383.119 0.0414837 0.999041 0.0139872 1.05632 -0.590846 0.01324 0.806676 138.429 
0.804956 -0.0410468 0.591913 383.77 0.0410316 0.999067 0.0134815 1.04894 -0.591915 0.0134352 0.805889 139.337 
0.804193 -0.0400986 0.593014 384.416 0.0403767 0.999103 0.0128023 1.04163 -0.592996 0.0136485 0.80509 140.233 
0.80344 -0.0399407 0.594045 385.052 0.040796 0.999095 0.0119981 1.03368 -0.593987 0.0145949 0.804342 141.115 
0.802665 -0.0400067 0.595087 385.678 0.0409669 0.99909 0.0119101 1.02616 -0.595022 0.014819 0.803573 141.981 
0.800452 -0.0429068 0.59786 387.514 0.0440357 0.998949 0.0127341 1.00121 -0.597778 0.0161342 0.8015 144.472 
0.799027 -0.0437963 0.599698 388.657 0.0441406 0.998925 0.0141401 0.985358 -0.599672 0.0151727 0.800102 146.024 
0.796366 -0.044939 0.603144 390.773 0.04217 0.998935 0.0187491 0.965977 -0.603344 0.0105034 0.797412 148.859 
0.796404 -0.0499095 0.602702 391.747 0.0463226 0.998695 0.0214913 0.961969 -0.602989 0.010803 0.797677 150.159 
0.802683 -0.0555378 0.593814 392.656 0.0537044 0.998341 0.0207776 0.963259 -0.593983 0.0152126 0.804334 151.389 
0.819209 -0.0615293 0.570185 393.471 0.0606468 0.997948 0.0205558 0.964947 -0.570279 0.0177404 0.821259 152.571 
0.844243 -0.064811 0.532028 394.166 0.0640353 0.997749 0.0199307 0.961229 -0.532122 0.0172422 0.846492 153.711 
0.876305 -0.0667706 0.477107 394.738 0.067161 0.99761 0.0162595 0.955176 -0.477052 0.0177947 0.878695 154.806 
0.910615 -0.0605328 0.408799 395.177 0.0609905 0.998067 0.0119299 0.945842 -0.408731 0.0140693 0.912547 155.89 
0.970754 -0.0378199 0.237079 395.722 0.0363147 0.999283 0.0107143 0.922349 -0.237314 -0.00179153 0.971431 158.056 
0.981995 -0.0296982 0.186555 395.778 0.027847 0.999534 0.0125363 0.918894 -0.186841 -0.00711561 0.982364 158.609 
0.996677 -0.0165666 0.0797468 395.822 0.015256 0.999739 0.0170169 0.922367 -0.0800079 -0.0157438 0.99667 159.692 
0.999473 -0.00668391 -0.0317712 395.726 0.00741909 0.999706 0.0230785 0.922263 0.0316076 -0.0233021 0.999229 160.783 
0.99556 -0.00508181 -0.0939922 395.623 0.0074022 0.999676 0.0243549 0.925852 0.093838 -0.0249425 0.995275 161.318 
0.98753 -0.00522653 -0.157346 395.487 0.00919848 0.999657 0.0245258 0.933974 0.157164 -0.0256673 0.987239 161.847 
0.96089 -0.0044182 -0.276896 395.135 0.0106578 0.999722 0.0210332 0.945531 0.276726 -0.0231617 0.96067 162.87 
0.919795 0.001224 -0.392398 394.68 0.00833647 0.999708 0.0226594 0.959548 0.392311 -0.0241132 0.919516 163.802 
0.893567 0.00632371 -0.448885 394.398 0.00419598 0.999739 0.0224366 0.965708 0.44891 -0.0219321 0.893308 164.25 
0.864646 0.00715666 -0.502331 394.086 0.00464432 0.999742 0.0222373 0.972362 0.502361 -0.0215604 0.864389 164.688 
0.80546 0.00348681 -0.59264 393.407 0.00759851 0.99984 0.0162097 0.979486 0.592602 -0.0175595 0.805304 165.527 
0.747991 0.01217 -0.663597 392.686 -0.00212678 0.999871 0.0159398 0.997939 0.663705 -0.0105115 0.74792 166.24 
0.723062 0.012778 -0.690665 392.31 -0.0031757 0.99988 0.0151742 1.00732 0.690776 -0.00877854 0.723015 166.581 
0.701553 0.00705784 -0.712582 391.922 0.0038475 0.999899 0.0136916 1.00024 0.712606 -0.012347 0.701455 166.943 
0.669329 0.00134504 -0.742965 391.147 0.00413069 0.999976 0.00553161 1.00073 0.742955 -0.00677143 0.669307 167.633 
0.658248 -0.00275414 -0.752796 390.887 0.00267081 0.999996 -0.00132316 1.00065 0.752797 -0.00113961 0.658252 167.819 
0.643196 -0.00535535 -0.765683 390.066 0.00890265 0.99996 0.00048454 0.987281 0.76565 -0.00712826 0.643218 168.478 
0.63315 -0.00199866 -0.774026 388.231 0.0126941 0.999889 0.00780187 0.960538 0.773925 -0.0147653 0.633105 169.933 
0.632744 -0.00734433 -0.774326 387.394 0.0218645 0.999726 0.00838442 0.917863 0.774053 -0.0222354 0.632731 170.564 
0.632287 -0.0126247 -0.774631 385.19 0.0301973 0.999509 0.00835868 0.923502 0.774145 -0.0286769 0.632358 172.38 
0.631143 -0.015629 -0.775509 384.871 0.035714 0.999322 0.00892601 0.915873 0.774844 -0.0333301 0.631273 172.641 
0.614557 -0.0241435 -0.788503 382.503 0.0502321 0.998701 0.00857117 0.917507 0.787272 -0.0448757 0.614971 174.542 
0.598511 -0.0243847 -0.800743 381.264 0.0543964 0.998467 0.0102523 0.919685 0.799265 -0.0496937 0.59892 175.48 
0.56383 -0.021082 -0.825622 378.37 0.0442527 0.999009 0.00471141 0.922403 0.824704 -0.0391924 0.564204 177.477 
0.550334 -0.0192717 -0.834722 376.862 0.0346233 0.9994 -0.000246539 0.908627 0.834226 -0.0287651 0.550672 178.443 
0.551848 -0.00316047 -0.833939 373.751 0.0157694 0.999854 0.00664593 0.870932 0.833796 -0.0168183 0.551817 180.423 
0.572002 0.000569727 -0.820252 371.476 0.00605377 0.99997 0.00491615 0.846965 0.82023 -0.00777766 0.571982 181.946 
0.580462 0.00238619 -0.814284 370.757 0.00442131 0.999972 0.00608207 0.840407 0.814275 -0.00713061 0.580435 182.449 
0.599279 0.00613253 -0.800516 369.34 0.00324718 0.999944 0.0100912 0.826262 0.800533 -0.00864685 0.599226 183.486 
0.608615 0.00478168 -0.793451 368.647 0.00421715 0.999948 0.00926088 0.819151 0.793454 -0.00898241 0.608564 184.015 
0.627403 0.00199614 -0.778692 367.286 0.00612325 0.999953 0.00749693 0.812026 0.77867 -0.00947172 0.627362 185.096 
0.636961 0.00155201 -0.770895 366.618 0.00763283 0.999936 0.00831984 0.807164 0.770858 -0.0111835 0.636908 185.646 
0.645853 0.00169454 -0.76346 365.956 0.00820846 0.999924 0.00916337 0.803004 0.763418 -0.012185 0.64579 186.201 
0.659213 -0.00193731 -0.751954 364.696 0.0129321 0.999878 0.00876109 0.794047 0.751845 -0.0154998 0.659157 187.296 
0.663509 -0.00417658 -0.748157 364.135 0.0142796 0.999873 0.00708219 0.788019 0.748032 -0.0153825 0.663484 187.785 
0.668046 -0.00950897 -0.74406 362.824 0.016141 0.999868 0.00171382 0.777565 0.743945 -0.0131547 0.668111 188.953 
0.668172 -0.0121163 -0.743908 361.441 0.0177338 0.999843 -0.000356401 0.76106 0.743795 -0.0129542 0.668282 190.185 
0.661432 -0.00717909 -0.74997 358.585 0.0179793 0.999819 0.006286 0.732394 0.749789 -0.0176417 0.661441 192.696 
0.664084 0.00213669 -0.747655 355.701 0.0044047 0.999967 0.00677012 0.715438 0.747645 -0.00778913 0.664053 195.186 
0.697762 0.00888424 -0.716275 352.907 -0.0149165 0.999886 -0.00212896 0.676899 0.716175 0.0121698 0.697815 197.728 
0.710745 0.00900005 -0.703392 352.247 -0.0159816 0.999867 -0.00335519 0.666241 0.703268 0.013626 0.710794 198.386 
