0.000000 0.000000000 0.000000000 0.000000000 0.000000000 0.000000000 0.000000000 1.000000000
0.104128 -0.011433094 -0.013525336 1.319533110 -0.000707710 0.000036807 0.000084938 0.999999762
0.208254 -0.011053169 -0.038936626 2.615073681 -0.000886371 -0.000312573 0.000786067 0.999999225
0.312504 -0.013819125 -0.056102622 3.926921844 -0.000411662 -0.000335863 0.001434673 0.999998808
0.416625 -0.022844115 -0.074151024 5.250551224 -0.000465703 -0.000300731 0.001589530 0.999998569
0.520755 -0.022724070 -0.102485217 6.572977066 -0.001019706 -0.000314463 0.001869657 0.999997675
0.625004 -0.038831133 -0.116831154 7.882548809 -0.001542538 -0.000035071 0.002555062 0.999995530
0.729128 -0.037238557 -0.136948720 9.232418060 -0.001814676 -0.000242004 0.002336434 0.999995589
0.833252 -0.046488047 -0.153225705 10.575646400 -0.000862330 -0.000394387 0.001788674 0.999997973
0.937506 -0.052341018 -0.179250866 11.911810875 0.000058563 -0.000501879 0.000664358 0.999999642
1.041630 -0.071033724 -0.202983394 13.254796982 0.000418851 -0.000223622 -0.001167659 0.999999225
1.145875 -0.088698380 -0.225476041 14.594718933 0.000483871 -0.000222436 -0.002217338 0.999997377
1.250003 -0.096161895 -0.243105873 15.947394371 0.000136805 -0.000248905 -0.002837757 0.999995947
1.354255 -0.103867874 -0.266286314 17.301712036 -0.001273312 0.000074376 -0.001648805 0.999997795
1.458401 -0.105665773 -0.287587255 18.654975891 -0.002291084 0.000082605 0.000546808 0.999997199
1.562526 -0.104331635 -0.302738398 20.006156921 -0.001078034 -0.000097922 0.001757805 0.999997854
1.666754 -0.112695493 -0.323658139 21.357894897 -0.000227721 -0.000145455 0.002365271 0.999997199
1.771007 -0.121740513 -0.339821041 22.712306976 0.000810080 0.000298841 0.000812564 0.999999285
1.875129 -0.135486841 -0.356700450 24.078067780 -0.000161612 0.000762174 -0.000656609 0.999999464
1.979377 -0.144204915 -0.377660632 25.443923950 -0.002025139 0.000998505 -0.000807510 0.999997139
2.083502 -0.153557405 -0.394552290 26.821769714 -0.003009193 0.001348911 0.000509218 0.999994397
2.187759 -0.147336453 -0.407680154 28.196628571 -0.002036045 0.001035563 0.002464691 0.999994338
2.291881 -0.141995102 -0.425684214 29.592811584 -0.000816662 0.000931956 0.002590992 0.999995887
2.396132 -0.147001699 -0.444856793 30.975286484 0.000431455 0.001195621 0.002889184 0.999994993
2.500257 -0.155121028 -0.471969783 32.350627899 0.000726417 0.001663122 0.001119263 0.999997735
2.604383 -0.161282256 -0.493520170 33.728954315 0.001887048 0.001775583 0.000480019 0.999996543
2.708628 -0.159649909 -0.520753860 35.109634399 0.001484455 0.001875669 0.000320805 0.999997079
2.812757 -0.167833552 -0.548245072 36.495410919 0.000843399 0.001835141 0.000248728 0.999997914
2.916881 -0.169032082 -0.574532866 37.898990631 0.000042203 0.001697170 -0.000419262 0.999998450
3.021006 -0.183336481 -0.594665527 39.298549652 -0.000099856 0.001801618 -0.001896424 0.999996543
3.125256 -0.183828294 -0.615411878 40.707225800 0.000192572 0.001941488 -0.003111668 0.999993265
3.229379 -0.189161018 -0.640874803 42.114738464 -0.000227601 0.001827256 -0.004109385 0.999989867
3.333502 -0.193766266 -0.658485353 43.532508850 -0.000010763 0.001690949 -0.004450177 0.999988675
3.437629 -0.203918666 -0.678525448 44.942543030 0.000119942 0.001653259 -0.004158704 0.999989986
3.541754 -0.202893108 -0.706498563 46.358562469 0.000194207 0.001167564 -0.003545209 0.999993026
3.645880 -0.206701919 -0.731090248 47.764553070 0.000071293 0.000669344 -0.003131818 0.999994874
3.750007 -0.207011372 -0.757175922 49.190883636 -0.000595364 0.000163455 -0.003421483 0.999993920
3.854131 -0.225086108 -0.776707232 50.594146729 -0.000475782 -0.000217287 -0.003794872 0.999992669
3.958276 -0.236532405 -0.798461199 52.007434845 -0.000599773 -0.000802161 -0.003846641 0.999992073
4.062383 -0.246360078 -0.821417272 53.432243347 -0.001116245 -0.001511228 -0.003865070 0.999990761
4.166506 -0.258316070 -0.845580816 54.870582581 -0.001626517 -0.001694731 -0.003184355 0.999992132
4.270633 -0.271222055 -0.861551344 56.312911987 -0.001715641 -0.001899059 -0.002462215 0.999993682
4.374756 -0.282147348 -0.883195698 57.733276367 -0.001288878 -0.002144283 -0.001301480 0.999996006
4.478884 -0.294060498 -0.905705392 59.158470154 -0.001539807 -0.002241546 -0.000515827 0.999996185
4.583132 -0.303039849 -0.928466678 60.582992554 -0.001831368 -0.001960967 0.000056499 0.999996364
4.687259 -0.309555143 -0.947317183 62.015953064 -0.002286946 -0.001837990 0.000589409 0.999995530
4.791384 -0.329472482 -0.975592673 63.414867401 -0.002090361 -0.001393846 0.001205403 0.999996126
4.895505 -0.343171448 -0.990429699 64.831016541 -0.001520479 -0.000991807 0.001793220 0.999996722
4.999630 -0.342995435 -1.019148469 66.239059448 -0.001616029 -0.000935465 0.002066730 0.999996126
5.103758 -0.356155038 -1.039001942 67.663543701 -0.001655399 -0.000311720 0.001370867 0.999997616
5.207869 -0.369427979 -1.058025837 69.060005188 -0.002179376 -0.000199946 -0.000141628 0.999997556
5.311998 -0.385759771 -1.075531483 70.460098267 -0.002735166 0.000232131 -0.001875451 0.999994457
5.416245 -0.389796913 -1.098190904 71.878120422 -0.003128301 0.000470139 -0.003597123 0.999988496
5.520244 -0.406207383 -1.116003633 73.281333923 -0.002982892 0.000837148 -0.005459408 0.999980271
5.624505 -0.418393880 -1.137006044 74.692695618 -0.002660354 0.001171447 -0.007410320 0.999968290
5.728633 -0.427042037 -1.152397156 76.081146240 -0.002535829 0.001548168 -0.008215115 0.999961853
5.832639 -0.427071422 -1.170912147 77.488975525 -0.002790190 0.001642896 -0.008276253 0.999960482
5.936757 -0.440958053 -1.196054697 78.871261597 -0.002611391 0.001815090 -0.007891497 0.999963820
6.040889 -0.446678281 -1.211384654 80.255981445 -0.002155505 0.001759681 -0.007132654 0.999970675
6.145012 -0.443695903 -1.237404108 81.643569946 -0.002236520 0.001557034 -0.006786153 0.999973238
6.249010 -0.442629069 -1.255557299 83.024436951 -0.002328104 0.001377556 -0.006687675 0.999974012
6.353135 -0.437673241 -1.271737218 84.400573730 -0.002069410 0.000960485 -0.006300058 0.999977529
6.457260 -0.458006293 -1.289223671 85.775627136 -0.002322664 0.000770433 -0.006466151 0.999976099
6.561386 -0.458239764 -1.309397340 87.143127441 -0.002665054 0.000234370 -0.006264363 0.999976754
6.665511 -0.462065876 -1.337238073 88.536537170 -0.003202586 -0.000333239 -0.005281513 0.999980867
6.769636 -0.476227880 -1.347721219 89.911712646 -0.003322038 -0.000901701 -0.004258311 0.999984980
6.873636 -0.477665156 -1.365249157 91.264335632 -0.003326263 -0.001403942 -0.003152269 0.999988496
6.977759 -0.485360384 -1.390793085 92.649024963 -0.003179996 -0.001662007 -0.002367100 0.999990761
7.081885 -0.496982545 -1.404024482 93.994918823 -0.002961227 -0.001831727 -0.002080406 0.999991775
7.186013 -0.512389660 -1.421494246 95.376358032 -0.002663958 -0.001752230 -0.001999576 0.999992907
7.290011 -0.533747077 -1.441507697 96.728805542 -0.002441492 -0.001648098 -0.002032705 0.999993622
7.394135 -0.535198271 -1.463246822 98.085296631 -0.002125444 -0.001678569 -0.002413383 0.999993443
7.498256 -0.555690527 -1.479687929 99.423522949 -0.002180940 -0.001574762 -0.003192555 0.999991298
7.602386 -0.556150854 -1.496484876 100.783721924 -0.002861624 -0.001454717 -0.003280157 0.999989450
7.706383 -0.577000976 -1.515992880 102.112380981 -0.003767099 -0.001419179 -0.003876214 0.999984384
7.810511 -0.583269417 -1.536429048 103.471000671 -0.002864424 -0.001267847 -0.003736433 0.999988079
7.914632 -0.600352764 -1.549091697 104.801437378 -0.001617652 -0.001119573 -0.003801263 0.999990821
8.018763 -0.601277292 -1.572378755 106.143684387 -0.001056234 -0.001296262 -0.003545733 0.999992311
8.122760 -0.618202925 -1.591747403 107.472137451 -0.001795255 -0.001144206 -0.002410947 0.999994814
8.226883 -0.619931459 -1.607843995 108.811103821 -0.002650279 -0.000919719 -0.001046724 0.999995530
8.331011 -0.628812790 -1.625643015 110.143714905 -0.002843275 -0.000533466 -0.000455583 0.999995708
8.435138 -0.637276530 -1.643292904 111.481369019 -0.002167309 -0.000014062 -0.000045777 0.999997616
8.539282 -0.648452103 -1.659219384 112.810951233 -0.000954135 0.000410438 -0.001060662 0.999998868
8.643387 -0.660346687 -1.677326798 114.137771606 0.000134682 0.001003999 -0.002406493 0.999996603
8.747509 -0.668588638 -1.699895859 115.467689514 0.000070860 0.001583879 -0.003996493 0.999990761
8.851635 -0.664892912 -1.726686001 116.817115784 -0.000978858 0.002286230 -0.004313633 0.999987602
8.955763 -0.666147470 -1.746242404 118.145469666 -0.002136024 0.002952566 -0.004217887 0.999984443
9.059886 -0.664017797 -1.764416695 119.489807129 -0.002363018 0.003219839 -0.003925019 0.999984324
9.164012 -0.659094095 -1.779583693 120.831840515 -0.002076878 0.003675621 -0.004281906 0.999981940
9.268135 -0.658149481 -1.797724009 122.166542053 -0.001890615 0.004367021 -0.004948350 0.999976397
9.372259 -0.653270781 -1.813207150 123.501792908 -0.001717175 0.005031875 -0.006003423 0.999967813
9.476392 -0.650515079 -1.835329056 124.850051880 -0.001194858 0.005578524 -0.006455345 0.999962866
9.580513 -0.645743847 -1.848274112 126.201904297 -0.000603179 0.006132543 -0.007100617 0.999955833
9.684640 -0.631043017 -1.871475220 127.547019958 -0.000677506 0.006452931 -0.006297216 0.999959111
9.788784 -0.625246823 -1.888873577 128.896255493 -0.001204513 0.007057104 -0.006274015 0.999954700
9.892888 -0.614728987 -1.916263103 130.239822388 -0.001651479 0.007434173 -0.005396528 0.999956429
9.997010 -0.602790296 -1.928877234 131.596740723 -0.001697654 0.007682736 -0.005075248 0.999956191
10.101140 -0.589183569 -1.943957806 132.960281372 -0.001764320 0.007676649 -0.003784332 0.999961793
10.205260 -0.572249293 -1.963781476 134.292251587 -0.002142589 0.007514623 -0.003229961 0.999964237
10.309390 -0.561188042 -1.981245399 135.637573242 -0.001975478 0.007289213 -0.002634239 0.999968052
10.413390 -0.550977349 -1.996643662 136.969757080 -0.001889311 0.006685956 -0.001866761 0.999974132
10.517510 -0.529042125 -2.020654917 138.347900391 -0.002417476 0.006109605 -0.000941033 0.999977946
10.621640 -0.516078889 -2.038026333 139.684722900 -0.002506428 0.005485923 -0.000192490 0.999981821
10.725760 -0.507220209 -2.051821232 141.059478760 -0.002317319 0.004807937 -0.000334608 0.999985695
10.829890 -0.503194571 -2.072557688 142.404373169 -0.002121209 0.004236330 -0.000041971 0.999988794
10.934020 -0.499540210 -2.091866255 143.735397339 -0.002008331 0.003755199 -0.000129866 0.999990880
11.038140 -0.498673946 -2.109424353 145.069992065 -0.000784654 0.003281962 0.001179980 0.999993622
11.142270 -0.478187323 -2.128609419 146.440704346 -0.000501236 0.002691079 0.004109576 0.999987781
11.246390 -0.475983322 -2.147027493 147.786010742 -0.001683701 0.002321435 0.007575274 0.999967217
11.350520 -0.465222180 -2.167256832 149.122207642 -0.002406955 0.001431273 0.011218551 0.999933124
11.454640 -0.451631129 -2.184274197 150.477752686 -0.000676459 0.000853018 0.013120255 0.999913335
11.558780 -0.453772306 -2.216207743 151.821441650 0.000805963 0.001122107 0.012834531 0.999916673
11.663020 -0.468905240 -2.241757631 153.148880005 0.001823349 0.001615340 0.010925218 0.999937356
11.767160 -0.463477165 -2.272377729 154.500656128 0.001793268 0.001897208 0.010992784 0.999936163
11.871260 -0.468918532 -2.299913168 155.844039917 0.000018074 0.002288870 0.012516288 0.999919057
11.975390 -0.447587490 -2.323780298 157.203292847 -0.001411479 0.002511083 0.015428195 0.999876857
12.079640 -0.436822712 -2.340313196 158.543014526 -0.002087827 0.002402088 0.017219547 0.999846697
12.183770 -0.430643767 -2.361551523 159.896484375 -0.002011596 0.002463666 0.017891875 0.999834836
12.287890 -0.438417882 -2.381208181 161.230697632 -0.002468037 0.003075200 0.017081043 0.999846339
12.392020 -0.443745643 -2.394641161 162.578598022 -0.001782420 0.003708275 0.014982510 0.999879301
12.496260 -0.441864967 -2.420496225 163.928588867 -0.000878906 0.004068565 0.013214868 0.999903977
12.600390 -0.436528623 -2.438029051 165.284866333 -0.000591976 0.004529428 0.011859456 0.999919236
12.704520 -0.436024398 -2.462515593 166.638031006 -0.001263448 0.004653953 0.010959898 0.999928296
12.808640 -0.427744865 -2.485185623 168.004013062 -0.001107966 0.004410592 0.010108270 0.999938548
12.912790 -0.421598852 -2.497471094 169.357421875 0.000373120 0.004316506 0.008907790 0.999950945
13.016890 -0.423152894 -2.520766973 170.712020874 0.001708024 0.004123400 0.006806940 0.999966860
13.121140 -0.424543232 -2.546583891 172.108825684 0.002304728 0.003995009 0.004407620 0.999979615
13.225270 -0.430650026 -2.573382616 173.470993042 0.001730737 0.004233832 0.001958560 0.999987602
13.329390 -0.433420449 -2.601920366 174.834533691 0.000716443 0.004534795 0.000644025 0.999989271
13.433520 -0.433889449 -2.626671791 176.222839355 -0.000445886 0.004563308 0.000197217 0.999989450
13.537640 -0.426714182 -2.649962902 177.600769043 -0.001009317 0.004132206 0.001997444 0.999988973
13.641770 -0.411435485 -2.665884733 179.010833740 -0.000945105 0.003238088 0.002747822 0.999990523
13.745910 -0.406831831 -2.687261820 180.403793335 0.001184968 0.002042101 0.003090087 0.999992430
13.850020 -0.404530168 -2.716187716 181.793701172 0.003247461 0.001376251 0.002392960 0.999990880
13.954150 -0.416882604 -2.746365070 183.199371338 0.003511508 0.001081784 -0.000004406 0.999993265
14.058400 -0.425591052 -2.775279522 184.593200684 0.003163547 0.001074829 -0.001826266 0.999992728
14.162520 -0.441621095 -2.801536560 185.992782593 0.001412610 0.001297936 -0.002829084 0.999994159
14.266640 -0.445046902 -2.825853825 187.399871826 0.000320765 0.001410209 -0.003031734 0.999994338
14.370770 -0.449170858 -2.841542959 188.813232422 -0.000065439 0.001508694 -0.002821970 0.999994874
14.474890 -0.443309009 -2.863270044 190.225021362 -0.000331798 0.001318699 -0.001891490 0.999997258
14.579010 -0.447492003 -2.888837337 191.643264771 -0.000648981 0.001496560 -0.000530703 0.999998510
14.683140 -0.444181651 -2.908298254 193.059982300 -0.000608518 0.001590037 0.000844693 0.999998212
14.787290 -0.439054012 -2.930569887 194.483413696 -0.001153655 0.001741247 0.002388819 0.999994993
14.891390 -0.439817727 -2.948424101 195.925949097 -0.001908605 0.002016663 0.004665858 0.999985278
14.995520 -0.429548055 -2.963112593 197.371719360 -0.001766905 0.002049755 0.005788336 0.999979556
15.099640 -0.442171574 -2.989042282 198.797424316 0.000330528 0.002397155 0.004828135 0.999985397
15.203790 -0.443678588 -3.012100935 200.223556519 0.002832265 0.002484025 0.001279135 0.999992073
15.308020 -0.461296737 -3.040152550 201.680587769 0.002961247 0.003283890 -0.003620828 0.999983668
15.412140 -0.476016074 -3.064501286 203.109329224 0.001168602 0.003858591 -0.007318686 0.999965072
15.516270 -0.481406689 -3.095508337 204.560592651 -0.000078578 0.004390740 -0.008071682 0.999957740
15.620390 -0.472082555 -3.114726543 206.009536743 -0.000247469 0.004118155 -0.006989691 0.999967039
15.724520 -0.465838790 -3.136008978 207.460617065 -0.000247139 0.003543097 -0.005409196 0.999979079
15.828640 -0.457144678 -3.159308672 208.926300049 0.000088867 0.003032162 -0.004503333 0.999985218
15.932650 -0.453608960 -3.182536364 210.397583008 0.000253604 0.002789903 -0.004731964 0.999984860
16.036770 -0.461949319 -3.204876423 211.859085083 0.000213120 0.002853108 -0.005570981 0.999980390
16.140900 -0.458529443 -3.237242937 213.323318481 -0.000320130 0.002605875 -0.005513323 0.999981344
16.245020 -0.462883115 -3.258675337 214.787399292 -0.000028001 0.002478030 -0.005451319 0.999982059
16.349140 -0.464059800 -3.285941362 216.246215820 0.000445145 0.002394725 -0.005233521 0.999983311
16.453270 -0.466606379 -3.305829763 217.702178955 0.000677600 0.002339779 -0.005117148 0.999983966
16.557390 -0.469395787 -3.335350752 219.192703247 0.000697850 0.002165742 -0.005028325 0.999984741
16.661520 -0.472411841 -3.359533310 220.673934937 0.000806781 0.002034711 -0.005243706 0.999983847
16.765650 -0.473092318 -3.388808727 222.163681030 0.000871115 0.001836352 -0.005275655 0.999984026
16.869650 -0.477701664 -3.417818069 223.645385742 0.000947021 0.001688594 -0.005644504 0.999982178
16.973770 -0.482998163 -3.445108175 225.124710083 0.000943507 0.001642896 -0.005600709 0.999982536
17.077890 -0.483259737 -3.468597651 226.631195068 0.001035642 0.001350008 -0.005832707 0.999981523
17.182030 -0.489200503 -3.490232468 228.122161865 0.001222947 0.001330222 -0.005397976 0.999983788
17.286140 -0.490707695 -3.525509119 229.622131348 0.001083512 0.001281460 -0.004702896 0.999987543
17.390270 -0.505912662 -3.551923990 231.118713379 0.001029011 0.001620650 -0.004166393 0.999989450
17.494400 -0.501467764 -3.579712629 232.631500244 0.000562243 0.001585787 -0.003433109 0.999992669
17.598420 -0.503218472 -3.607934475 234.133300781 0.000298421 0.001468771 -0.003446613 0.999992907
17.702520 -0.510937572 -3.639631987 235.648880005 0.000574172 0.001578053 -0.003605358 0.999992073
17.806640 -0.509617150 -3.667842388 237.158508301 0.000823006 0.001655937 -0.004002950 0.999990284
17.910650 -0.517307699 -3.696839809 238.663116455 0.000412002 0.002052223 -0.004567882 0.999987364
18.014770 -0.522337317 -3.719144583 240.186096191 -0.000540926 0.002408131 -0.004767565 0.999985576
18.118900 -0.525900781 -3.743829966 241.693435669 -0.000812225 0.002679289 -0.004760709 0.999984741
18.223020 -0.523935378 -3.770374537 243.201202393 -0.000044004 0.003038686 -0.004969134 0.999983013
18.327020 -0.519330919 -3.791997910 244.715438843 0.000750649 0.003366722 -0.005247115 0.999980271
18.431150 -0.516480982 -3.821171284 246.239959717 0.000361912 0.003346664 -0.005131472 0.999981165
18.535360 -0.508165240 -3.850938320 247.771102905 -0.000221659 0.003170628 -0.004961126 0.999982655
18.639420 -0.519648194 -3.874747515 249.301895142 -0.000318294 0.003420698 -0.005350923 0.999979794
18.743480 -0.511602759 -3.905591965 250.832870483 -0.000545925 0.003049581 -0.005315514 0.999981046
18.847540 -0.512923062 -3.929488659 252.370605469 -0.000644531 0.003167525 -0.006099901 0.999976158
18.951650 -0.513622940 -3.950665951 253.892196655 -0.000527620 0.003274958 -0.006882052 0.999970794
19.055650 -0.519909382 -3.974174500 255.423309326 -0.000700886 0.003627168 -0.007142240 0.999967694
19.159650 -0.517904222 -4.002884388 256.976959229 -0.000893735 0.003416301 -0.006272695 0.999974072
19.263770 -0.506510854 -4.022063255 258.514801025 -0.001185364 0.003249855 -0.005497105 0.999978900
19.367870 -0.504162967 -4.039002419 260.061431885 -0.001409601 0.003297544 -0.004269404 0.999984443
19.471780 -0.516680837 -4.062203407 261.602203369 -0.001215810 0.003516592 -0.003440244 0.999987125
19.575900 -0.515359581 -4.084693909 263.157409668 -0.000762838 0.003493579 -0.002933975 0.999989271
19.679910 -0.507336676 -4.105387688 264.685577393 -0.001559141 0.003683906 -0.002042053 0.999989927
19.784020 -0.498928815 -4.127921581 266.234771729 -0.002561183 0.003890490 -0.000942228 0.999988735
19.888070 -0.497094184 -4.141741276 267.789703369 -0.002025817 0.003928527 -0.000527006 0.999990046
19.992130 -0.488135189 -4.162153721 269.334686279 -0.001616137 0.004169249 -0.000370050 0.999989927
20.096150 -0.481907040 -4.186093330 270.873474121 -0.001458557 0.004492177 -0.000829440 0.999988496
20.200150 -0.480537772 -4.212224483 272.401763916 -0.001637545 0.005062003 -0.001643373 0.999984503
20.304270 -0.469806671 -4.227036953 273.961822510 -0.001281400 0.005396894 -0.002224967 0.999982119
20.408270 -0.459151685 -4.252426624 275.514953613 -0.001282021 0.005890417 -0.002641845 0.999978364
20.512310 -0.446305722 -4.275110245 277.041748047 -0.001090181 0.006372816 -0.003273337 0.999973714
20.616400 -0.438052297 -4.299797535 278.592315674 -0.000699195 0.006655214 -0.003583683 0.999971211
20.720420 -0.419114470 -4.318181038 280.139404297 -0.000486147 0.007104974 -0.002743925 0.999970853
20.824520 -0.403394669 -4.345280647 281.689331055 -0.000670134 0.007630057 -0.002516637 0.999967515
20.928690 -0.387611896 -4.364227772 283.256011963 -0.001115259 0.007914318 -0.002091418 0.999965906
21.032780 -0.374969095 -4.387359142 284.817504883 -0.001214814 0.008115674 -0.001580368 0.999965072
21.136780 -0.344951361 -4.419057846 286.366302490 -0.000066481 0.007959754 -0.001362154 0.999967396
21.240880 -0.327979445 -4.440139294 287.923004150 0.001080940 0.007919395 -0.000849308 0.999967694
21.344920 -0.311895192 -4.467917442 289.487609863 0.001003254 0.007584182 -0.000671463 0.999970496
21.448900 -0.292548776 -4.489444733 291.044097900 0.001117417 0.007065784 -0.000096857 0.999974370
21.552900 -0.280881375 -4.517512321 292.604156494 0.001386557 0.006513538 0.000032560 0.999977827
21.657020 -0.271313310 -4.543357372 294.171813965 0.001579312 0.006269691 -0.000055822 0.999979079
21.761020 -0.252519518 -4.573981285 295.739654541 0.001316344 0.005791933 -0.000080938 0.999982357
21.865030 -0.239697233 -4.604060650 297.313385010 0.001269426 0.005303800 0.000097931 0.999985099
21.969150 -0.226436570 -4.636334419 298.881195068 0.000508391 0.004742860 0.000264198 0.999988556
22.073170 -0.220850125 -4.660312653 300.461303711 -0.000102773 0.004414156 -0.000502255 0.999990106
22.177150 -0.215037078 -4.679493904 302.041503906 -0.000092021 0.004835051 -0.000609441 0.999988079
22.281150 -0.204067722 -4.708892345 303.639556885 -0.000073977 0.005190257 -0.000750565 0.999986231
22.385270 -0.195244908 -4.728765011 305.223815918 0.000140797 0.005414696 -0.000112774 0.999985337
22.489270 -0.181000650 -4.756787300 306.818664551 0.000579015 0.005475582 0.000877124 0.999984443
22.593280 -0.160622463 -4.783770561 308.421142578 0.001583398 0.005605838 0.001685324 0.999981582
22.697420 -0.153007194 -4.813164711 310.016601562 0.002034951 0.005484624 0.001799517 0.999981284
22.801400 -0.145804927 -4.839538097 311.623626709 0.002685535 0.004254121 0.001551887 0.999986112
22.905400 -0.133775398 -4.869782925 313.248138428 0.002271489 0.003260114 0.000975563 0.999991596
23.009400 -0.134276718 -4.896027088 314.869842529 0.000727992 0.003149120 0.000439363 0.999994695
23.113490 -0.128674105 -4.930986404 316.499938965 -0.000957900 0.003388391 0.001273771 0.999992967
23.217420 -0.117191456 -4.951034546 318.123016357 -0.001333431 0.003294896 0.001878143 0.999991953
23.321400 -0.116684675 -4.977146149 319.735473633 -0.000721394 0.003608604 0.002228266 0.999990761
23.425400 -0.114190511 -5.001352787 321.343505859 -0.000813005 0.003585365 0.002977036 0.999988794
23.529550 -0.111694895 -5.020569801 322.959045410 -0.000788439 0.003969718 0.002736799 0.999988079
23.633550 -0.103530720 -5.043462276 324.580627441 -0.000722813 0.004262507 0.002707450 0.999987006
23.737530 -0.094085082 -5.065457821 326.198242188 -0.000196766 0.004310932 0.002177256 0.999988317
23.841660 -0.096385323 -5.099785328 327.812011719 -0.000042204 0.004852135 0.001685780 0.999986827
23.945650 -0.082228772 -5.126189232 329.453277588 -0.001046472 0.005003993 0.002299585 0.999984264
24.049650 -0.075445443 -5.154958725 331.037750244 -0.001550927 0.005286042 0.002744098 0.999981046
24.153670 -0.061434958 -5.177191257 332.662689209 -0.000825128 0.005168416 0.003405445 0.999980509
24.257780 -0.044517875 -5.202283382 334.285705566 -0.000867878 0.005166347 0.002526477 0.999983072
24.361780 -0.046272133 -5.231283188 335.881500244 -0.000007698 0.005104089 0.001560127 0.999985754
24.465780 -0.033625823 -5.260046959 337.482543945 0.001595016 0.004755958 0.000564495 0.999987245
24.569780 -0.028509917 -5.286768913 339.091278076 0.001457039 0.004364352 -0.000037138 0.999989390
24.673900 -0.024995150 -5.313845158 340.673645020 -0.000108424 0.003836640 -0.000456116 0.999992549
24.777900 -0.019545019 -5.349039078 342.281982422 -0.001884944 0.003246798 -0.000858597 0.999992609
24.882030 -0.015998043 -5.369170189 343.890655518 -0.001174202 0.002620865 -0.001215710 0.999995112
24.986020 -0.019167367 -5.393425941 345.478393555 -0.000365534 0.001762481 -0.000866891 0.999997973
25.090170 -0.018178213 -5.414706707 347.079071045 -0.000956551 0.000800895 -0.000245433 0.999999166
25.194150 -0.020418832 -5.442866802 348.673889160 -0.001325681 0.000199531 0.000453621 0.999998987
25.298280 -0.030445358 -5.463807583 350.263854980 -0.000795825 0.000101516 0.000494686 0.999999523
25.402400 -0.032955538 -5.488989830 351.861389160 -0.000334023 -0.000144653 0.001039213 0.999999404
25.506530 -0.037508797 -5.513382435 353.452117920 -0.000209782 -0.000168262 0.001143367 0.999999285
25.610540 -0.044429950 -5.538412094 355.044891357 -0.000105606 -0.000161254 0.001455409 0.999998927
25.714650 -0.048613075 -5.562793732 356.640136719 0.000265180 -0.000359228 0.001468138 0.999998808
25.818650 -0.064375117 -5.594650269 358.230651855 0.000604289 -0.000148402 0.001561852 0.999998569
25.922780 -0.068893991 -5.622170925 359.818878174 0.000457714 -0.000125852 0.001942103 0.999997973
26.026980 -0.066591561 -5.654292107 361.416656494 0.000739885 -0.000321101 0.001894311 0.999997854
26.130900 -0.070210405 -5.681374550 363.003295898 0.001556762 -0.000301213 0.002648293 0.999995232
26.235050 -0.075051412 -5.711802483 364.601928711 0.000616868 -0.000340071 0.003309355 0.999994278
26.339150 -0.064890675 -5.742282867 366.202514648 0.000120808 -0.000728831 0.004444348 0.999989867
26.443290 -0.072885789 -5.769266605 367.788085938 0.000698362 -0.000499314 0.004476414 0.999989629
26.547800 -0.096282303 -5.788057327 369.399505615 0.001213767 -0.000063459 0.003717657 0.999992311
26.651410 -0.094962403 -5.826218128 370.987457275 0.000655706 -0.000168000 0.003420570 0.999993920
26.757930 -0.102985963 -5.848928452 372.596343994 0.000392727 0.000017765 0.002604283 0.999996543
26.862580 -0.100976847 -5.882521152 374.183990479 0.000350598 -0.000059667 0.002830729 0.999995947
26.963660 -0.121850155 -5.902437210 375.777984619 0.000916660 0.000133283 0.002751912 0.999995768
27.067820 -0.120309383 -5.941102028 377.379730225 0.000890955 0.000105679 0.002753500 0.999995768
27.171920 -0.119346701 -5.974708080 379.000488281 0.000804035 0.000288200 0.002723839 0.999995947
27.276060 -0.131157935 -5.991919041 380.594024658 0.001054860 0.000311202 0.001771829 0.999997795
27.380140 -0.139403522 -6.021695614 382.199981689 0.000708695 0.000561555 0.000972414 0.999999106
27.484700 -0.159507841 -6.043013096 383.814819336 0.001359103 0.000861238 0.000210924 0.999998689
27.588410 -0.167037085 -6.072735310 385.423858643 0.001691939 0.000964322 -0.000473743 0.999998033
27.692530 -0.157889158 -6.105337143 387.037780762 0.001545548 0.000935839 -0.000413772 0.999998271
27.796540 -0.162486807 -6.132618904 388.662872314 0.001133515 0.000989519 -0.001019113 0.999998331
27.900670 -0.166305602 -6.160145760 390.284271240 0.001072872 0.001129286 -0.001538206 0.999997616
28.005230 -0.170509204 -6.192416668 391.916229248 0.001148311 0.001435585 -0.002084357 0.999996185
28.108940 -0.160955861 -6.223371983 393.546966553 0.001126288 0.001143885 -0.002159049 0.999996424
