0.000000 0.000000000 0.000000000 0.000000000 0.000000000 0.000000000 0.000000000 1.000000000
0.104128 -0.011059085 -0.013761780 1.318903327 -0.000717190 0.000034894 0.000090176 0.999999762
0.208254 -0.011712935 -0.038981222 2.613847733 -0.000883172 -0.000299373 0.000779982 0.999999225
0.312504 -0.014488028 -0.056413837 3.925898075 -0.000422608 -0.000316993 0.001419288 0.999998868
0.416625 -0.023432294 -0.074635804 5.249636650 -0.000486121 -0.000280357 0.001575512 0.999998569
0.520755 -0.022583852 -0.102092631 6.570233822 -0.000995689 -0.000313631 0.001871877 0.999997675
0.625004 -0.039259486 -0.116687767 7.880587101 -0.001535638 -0.000004717 0.002548693 0.999995530
0.729128 -0.037481435 -0.138433680 9.227467537 -0.001862306 -0.000229616 0.002394923 0.999995351
0.833252 -0.047253612 -0.153677538 10.570887566 -0.000876288 -0.000359721 0.001799378 0.999997914
0.937506 -0.052824114 -0.179421037 11.909212112 0.000062003 -0.000478188 0.000671527 0.999999642
1.041630 -0.074002810 -0.203945279 13.248798370 0.000433539 -0.000210230 -0.001124694 0.999999285
1.145875 -0.087893210 -0.225816622 14.587365150 0.000477326 -0.000236582 -0.002187493 0.999997437
1.250003 -0.093484506 -0.242714792 15.940380096 0.000144365 -0.000306496 -0.002868699 0.999995828
1.354255 -0.102282457 -0.266939998 17.293107986 -0.001288121 0.000012294 -0.001604810 0.999997854
1.458401 -0.105802432 -0.287978917 18.646684647 -0.002313121 0.000086591 0.000545168 0.999997199
1.562526 -0.105217315 -0.301239580 19.994409561 -0.001043842 -0.000087508 0.001724341 0.999997973
1.666754 -0.113251887 -0.320648223 21.346599579 -0.000148096 -0.000153535 0.002265116 0.999997437
1.771007 -0.122233011 -0.341057450 22.698232651 0.000777067 0.000314152 0.000834036 0.999999285
1.875129 -0.134183303 -0.359430134 24.065790176 -0.000240873 0.000728610 -0.000564031 0.999999523
1.979377 -0.140441000 -0.383335680 25.439418793 -0.002129453 0.000885771 -0.000558310 0.999997139
2.083502 -0.140262634 -0.394870758 26.823852539 -0.003133986 0.001235036 0.000600916 0.999994159
2.187759 -0.139963925 -0.407865673 28.196680069 -0.002188272 0.000951360 0.002502524 0.999994040
2.291881 -0.127523169 -0.420921862 29.591304779 -0.000858241 0.000805293 0.002492816 0.999996185
2.396132 -0.131944895 -0.438254118 30.978710175 0.000482243 0.001125293 0.002693402 0.999995589
2.500257 -0.139641434 -0.466208398 32.350955963 0.000724794 0.001535131 0.000944565 0.999998093
2.604383 -0.144735262 -0.490804911 33.730976105 0.001828510 0.001615097 0.000384806 0.999996901
2.708628 -0.144348070 -0.512988925 35.116127014 0.001525476 0.001730723 0.000061369 0.999997318
2.812757 -0.157457158 -0.540742874 36.496559143 0.000878001 0.001801091 -0.000056379 0.999997973
2.916881 -0.153851748 -0.570159256 37.905456543 -0.000023846 0.001545370 -0.000554538 0.999998629
3.021006 -0.172180742 -0.588634431 39.300857544 -0.000103082 0.001736903 -0.002101677 0.999996245
3.125256 -0.170261234 -0.609808564 40.714363098 0.000146716 0.001789564 -0.003255941 0.999993086
3.229379 -0.170572147 -0.636286080 42.127067566 -0.000303717 0.001554544 -0.004146295 0.999990165
3.333502 -0.179161593 -0.651364386 43.541507721 -0.000038316 0.001544939 -0.004633038 0.999988079
3.437629 -0.191637531 -0.670061648 44.948928833 0.000137304 0.001550038 -0.004403741 0.999989092
3.541754 -0.188089192 -0.699293435 46.367626190 0.000149874 0.000962527 -0.003778647 0.999992371
3.645880 -0.192531496 -0.723827720 47.778461456 0.000020936 0.000486177 -0.003397277 0.999994099
3.750007 -0.192739233 -0.748612642 49.208808899 -0.000594311 0.000002780 -0.003682361 0.999993026
3.854131 -0.208670959 -0.765836895 50.617061615 -0.000410554 -0.000462486 -0.003978278 0.999991894
3.958276 -0.217911854 -0.791016698 52.040561676 -0.000610984 -0.001024972 -0.004117028 0.999990821
4.062383 -0.229560122 -0.814783812 53.460052490 -0.001158828 -0.001733400 -0.003970223 0.999989927
4.166506 -0.241470441 -0.838335335 54.897354126 -0.001647557 -0.001945582 -0.003410362 0.999990940
4.270633 -0.251533389 -0.849531651 56.337409973 -0.001560731 -0.002263624 -0.002923996 0.999991953
4.374756 -0.265411258 -0.874525845 57.760272980 -0.001244198 -0.002402710 -0.001520573 0.999995172
4.478884 -0.275012523 -0.897439003 59.187091827 -0.001487063 -0.002614471 -0.000732841 0.999995172
4.583132 -0.290301800 -0.919958115 60.607376099 -0.001818226 -0.002186666 -0.000116710 0.999995947
4.687259 -0.298233479 -0.940911949 62.040527344 -0.002344095 -0.002050224 0.000434360 0.999995053
4.791384 -0.318498343 -0.964442968 63.438430786 -0.002057662 -0.001624425 0.001019556 0.999996006
4.895505 -0.330096006 -0.982303023 64.856330872 -0.001653385 -0.001351027 0.001655073 0.999996364
4.999630 -0.332971156 -1.008735657 66.267745972 -0.001532820 -0.001212954 0.001740840 0.999996543
5.103758 -0.345694155 -1.028978348 67.695655823 -0.001563344 -0.000639076 0.001123837 0.999997914
5.207869 -0.360569179 -1.049261928 69.089988708 -0.002103862 -0.000487760 -0.000571201 0.999997497
5.311998 -0.379824340 -1.069575906 70.477539062 -0.002739335 0.000093924 -0.002380236 0.999993384
5.416245 -0.384133905 -1.090955496 71.887161255 -0.003049525 0.000270284 -0.003966757 0.999987423
5.520244 -0.398285687 -1.110998392 73.292770386 -0.002993365 0.000615068 -0.005867320 0.999978125
5.624505 -0.414589256 -1.129876375 74.693061829 -0.002606823 0.001000357 -0.007779390 0.999965847
5.728633 -0.419182330 -1.150123835 76.080833435 -0.002567855 0.001314966 -0.008548555 0.999959290
5.832639 -0.425956964 -1.167591691 77.481956482 -0.002739741 0.001451085 -0.008587348 0.999958336
5.936757 -0.432270855 -1.186045766 78.869064331 -0.002487457 0.001602645 -0.008327634 0.999960959
6.040889 -0.433252037 -1.205217242 80.266555786 -0.002015941 0.001480861 -0.007680989 0.999967337
6.145012 -0.436190903 -1.225100875 81.644447327 -0.002102038 0.001271700 -0.007309091 0.999970257
6.249010 -0.436931074 -1.242071748 83.031913757 -0.002069908 0.001130804 -0.007309943 0.999970496
6.353135 -0.433807731 -1.260382056 84.415794373 -0.001869997 0.000676082 -0.006838399 0.999974668
6.457260 -0.457477003 -1.275292993 85.783447266 -0.002066936 0.000536954 -0.007048979 0.999972880
6.561386 -0.461187422 -1.298541427 87.155731201 -0.002474938 0.000048973 -0.006844694 0.999973476
6.665511 -0.470476449 -1.312979579 88.556442261 -0.002949004 -0.000510052 -0.005539945 0.999980152
6.769636 -0.472619265 -1.342859030 89.916091919 -0.003240098 -0.001133375 -0.004792400 0.999982595
6.873636 -0.475087941 -1.364367843 91.281211853 -0.003353777 -0.001595205 -0.003646433 0.999986470
6.977759 -0.487622142 -1.381527185 92.650962830 -0.003018938 -0.001830878 -0.002943112 0.999989450
7.081885 -0.497574329 -1.397170424 93.985504150 -0.002801281 -0.002119411 -0.002408568 0.999990940
7.186013 -0.513662517 -1.417258501 95.357772827 -0.002566952 -0.001944456 -0.002590583 0.999991477
7.290011 -0.535737276 -1.437985897 96.703292847 -0.002407668 -0.001823031 -0.002622502 0.999992013
7.394135 -0.539304435 -1.458637714 98.059494019 -0.001997533 -0.001782212 -0.002943774 0.999992073
7.498256 -0.561791241 -1.475231290 99.401695251 -0.002081392 -0.001584618 -0.003671844 0.999989808
7.602386 -0.566189945 -1.492015958 100.754249573 -0.002753977 -0.001442333 -0.003950966 0.999987364
7.706383 -0.583986163 -1.508910179 102.081268311 -0.003450537 -0.001504782 -0.004447461 0.999983013
7.810511 -0.594390333 -1.531452656 103.448722839 -0.002706496 -0.001244982 -0.004412975 0.999985814
7.914632 -0.613243222 -1.546802044 104.777275085 -0.001528703 -0.001028080 -0.004378756 0.999988735
8.018763 -0.614895642 -1.570649981 106.113624573 -0.000923915 -0.001282910 -0.004009255 0.999990702
8.122760 -0.633262157 -1.589153647 107.442649841 -0.001617227 -0.001090646 -0.002918645 0.999993861
8.226883 -0.636693656 -1.608859658 108.776931763 -0.002635358 -0.000869541 -0.001702631 0.999994695
8.331011 -0.644972801 -1.628649235 110.113021851 -0.002937219 -0.000475776 -0.001113890 0.999994934
8.435138 -0.650669754 -1.639246583 111.455497742 -0.002092165 -0.000068655 -0.000766295 0.999997497
8.539282 -0.661502481 -1.657091975 112.787918091 -0.000947529 0.000366885 -0.001749939 0.999997973
8.643387 -0.670773089 -1.674377084 114.113464355 0.000202449 0.000942255 -0.002949432 0.999995172
8.747509 -0.674998939 -1.695822835 115.438850403 0.000161391 0.001472819 -0.004552675 0.999988556
8.851635 -0.673171163 -1.723233581 116.790451050 -0.000947579 0.002178938 -0.004703478 0.999986112
8.955763 -0.672896922 -1.742420673 118.114875793 -0.002100144 0.002734282 -0.004636362 0.999983311
9.059886 -0.670852780 -1.759955645 119.457801819 -0.002308180 0.003101638 -0.004398323 0.999982834
9.164012 -0.666982532 -1.777867556 120.800621033 -0.002079025 0.003549899 -0.004706966 0.999980450
9.268135 -0.664508224 -1.791068912 122.130622864 -0.001720422 0.004260747 -0.005491092 0.999974370
9.372259 -0.660925865 -1.809148550 123.464752197 -0.001590396 0.004922275 -0.006483833 0.999965608
9.476392 -0.653308988 -1.827850819 124.819847107 -0.001021000 0.005431083 -0.006858442 0.999961197
9.580513 -0.651417851 -1.844774485 126.162994385 -0.000533485 0.006020365 -0.007415746 0.999954224
9.684640 -0.637230873 -1.864614129 127.518997192 -0.000459986 0.006354563 -0.006811743 0.999956489
9.788784 -0.628794014 -1.882250071 128.869522095 -0.000984263 0.006827564 -0.006734578 0.999953508
9.892888 -0.616663456 -1.906484246 130.212432861 -0.001510058 0.007247375 -0.005902952 0.999955177
9.997010 -0.605309784 -1.920932651 131.562026978 -0.001564202 0.007474674 -0.005662460 0.999954820
10.101140 -0.594336867 -1.934154272 132.929092407 -0.001552789 0.007527595 -0.004530766 0.999960184
10.205260 -0.579296887 -1.962246060 134.237854004 -0.002025765 0.007403994 -0.003823783 0.999963224
10.309390 -0.567357779 -1.978994608 135.581726074 -0.001796459 0.007143132 -0.003076485 0.999968112
10.413390 -0.559553564 -1.995599747 136.913467407 -0.001750701 0.006600089 -0.002402791 0.999973774
10.517510 -0.537774146 -2.016428471 138.277099609 -0.002247666 0.005915961 -0.001708771 0.999978542
10.621640 -0.527354181 -2.035202026 139.612777710 -0.002352987 0.005393186 -0.001138294 0.999982059
10.725760 -0.515833735 -2.050919294 140.959854126 -0.002236460 0.004686774 -0.000826617 0.999986172
10.829890 -0.512116909 -2.071660757 142.305862427 -0.002048685 0.004119153 -0.000501215 0.999989271
10.934020 -0.510010660 -2.091126204 143.630615234 -0.001874668 0.003651275 -0.000620455 0.999991357
11.038140 -0.510293245 -2.108599186 144.961608887 -0.000614888 0.003150518 0.000566480 0.999994695
11.142270 -0.497553200 -2.130070686 146.309234619 -0.000520110 0.002707265 0.003619721 0.999989629
11.246390 -0.491370916 -2.147769213 147.657913208 -0.001761669 0.002265455 0.007287102 0.999969304
11.350520 -0.483482391 -2.161328077 149.007019043 -0.002292098 0.001546694 0.010433305 0.999941766
11.454640 -0.464887530 -2.182254314 150.352828979 -0.000717241 0.000941932 0.012229681 0.999924541
11.558780 -0.464879304 -2.200536728 151.698913574 0.000979624 0.001142440 0.011969378 0.999927223
11.663020 -0.471762627 -2.233347416 153.032501221 0.001952538 0.001477519 0.010236741 0.999944627
11.767160 -0.484453529 -2.264352322 154.360427856 0.001909083 0.001992300 0.010187169 0.999944329
11.871260 -0.474210590 -2.284694672 155.718368530 0.000237711 0.002260005 0.011842720 0.999927282
11.975390 -0.470028043 -2.299887180 157.070205688 -0.000891629 0.002648832 0.014265586 0.999894321
12.079640 -0.455841035 -2.328466177 158.412216187 -0.001819529 0.002539654 0.016257556 0.999862969
12.183770 -0.452809185 -2.345345259 159.756072998 -0.001706130 0.002607480 0.016904101 0.999852240
12.287890 -0.444056928 -2.366970778 161.115676880 -0.002123662 0.003043923 0.016082779 0.999863803
12.392020 -0.450388700 -2.382389069 162.462219238 -0.001607024 0.003678253 0.013966787 0.999894381
12.496260 -0.443590134 -2.403768301 163.810989380 -0.000603675 0.003959997 0.012200342 0.999917567
12.600390 -0.441581130 -2.421104670 165.166320801 -0.000272073 0.004440800 0.010704754 0.999932826
12.704520 -0.440763116 -2.446832418 166.513305664 -0.000885048 0.004609366 0.009803628 0.999940932
12.808640 -0.432211936 -2.475425720 167.874862671 -0.000921517 0.004362333 0.009047599 0.999949157
12.912790 -0.428089201 -2.486010313 169.237976074 0.000657552 0.004240581 0.007794091 0.999960423
13.016890 -0.431660116 -2.510872126 170.586914062 0.002058350 0.003997118 0.005833170 0.999972880
13.121140 -0.432581156 -2.538238287 171.964614868 0.002607502 0.003964237 0.003254703 0.999983430
13.225270 -0.436194509 -2.563996792 173.332458496 0.002098207 0.004124522 0.000864553 0.999988914
13.329390 -0.441781968 -2.593656540 174.696792603 0.001061317 0.004495820 -0.000641942 0.999989092
13.433520 -0.437938541 -2.616050959 176.080596924 0.000008902 0.004445204 -0.001059106 0.999989569
13.537640 -0.432737529 -2.640150309 177.459304810 -0.000572931 0.004054781 0.000768668 0.999991298
13.641770 -0.415464044 -2.659682274 178.859710693 -0.000514835 0.003128763 0.001722703 0.999993503
13.745910 -0.413957506 -2.681605101 180.255264282 0.001698707 0.002165595 0.001752906 0.999994695
13.850020 -0.411386251 -2.715052128 181.651123047 0.003530699 0.001287774 0.001273582 0.999992132
13.954150 -0.420944273 -2.743265867 183.057647705 0.003891598 0.000978789 -0.001202965 0.999991238
14.058400 -0.431141526 -2.773305655 184.456512451 0.003435062 0.000895902 -0.002816070 0.999989748
14.162520 -0.452172071 -2.800668001 185.847854614 0.001779008 0.001216459 -0.004077910 0.999989331
14.266640 -0.456997246 -2.826244116 187.250289917 0.000721880 0.001355018 -0.004428243 0.999988973
14.370770 -0.462237060 -2.843124390 188.661849976 0.000317291 0.001475644 -0.004164327 0.999990165
14.474890 -0.458357006 -2.865765810 190.073776245 0.000052808 0.001358463 -0.003432201 0.999993205
14.579010 -0.460389495 -2.893533468 191.479171753 -0.000241158 0.001531975 -0.002342616 0.999996006
14.683140 -0.458105654 -2.909995079 192.907775879 -0.000099449 0.001502456 -0.000893467 0.999998450
14.787290 -0.453364074 -2.935573578 194.338943481 -0.000730778 0.001721296 0.000823254 0.999997914
14.891390 -0.447849959 -2.959420443 195.774414062 -0.001763004 0.002034726 0.003130656 0.999991477
14.995520 -0.446896344 -2.974442005 197.209930420 -0.001407455 0.002064941 0.004411456 0.999987125
15.099640 -0.450489372 -2.994510889 198.644912720 0.000788221 0.002211306 0.003241212 0.999991953
15.203790 -0.457136363 -3.017822027 200.062210083 0.003304499 0.002401569 -0.000271404 0.999991596
15.308020 -0.473827392 -3.050220013 201.508911133 0.003288419 0.003190615 -0.004979003 0.999977112
15.412140 -0.484691262 -3.078493595 202.940032959 0.001396150 0.003624307 -0.008778970 0.999953926
15.516270 -0.484010190 -3.105959654 204.389083862 0.000339070 0.004108449 -0.009223539 0.999948978
15.620390 -0.476369113 -3.125704288 205.848312378 0.000122920 0.003933035 -0.008281685 0.999957979
15.724520 -0.467480302 -3.147439241 207.294921875 0.000200395 0.003195146 -0.006613182 0.999972999
15.828640 -0.474462003 -3.170656681 208.721939087 0.000505772 0.002947652 -0.005909984 0.999978065
15.932650 -0.469778001 -3.195778370 210.191497803 0.000668167 0.002620928 -0.006077396 0.999977887
16.036770 -0.478054732 -3.219895601 211.654220581 0.000578910 0.002742252 -0.006933931 0.999971986
16.140900 -0.469570696 -3.250410080 213.126831055 0.000090769 0.002430475 -0.006923602 0.999973059
16.245020 -0.475601465 -3.273880959 214.591690063 0.000371091 0.002319486 -0.006766771 0.999974310
16.349140 -0.474713355 -3.299430370 216.052459717 0.000901128 0.002178905 -0.006571346 0.999975622
16.453270 -0.478366852 -3.319514036 217.507003784 0.001163632 0.002093304 -0.006435653 0.999976397
16.557390 -0.478925377 -3.350180387 218.999694824 0.001177824 0.001868875 -0.006389698 0.999977112
16.661520 -0.484558284 -3.375423431 220.479263306 0.001315552 0.001805367 -0.006593341 0.999975741
16.765650 -0.484318674 -3.405756474 221.970596313 0.001363556 0.001546227 -0.006570733 0.999976277
16.869650 -0.488669693 -3.438038349 223.450668335 0.001393555 0.001436154 -0.006972056 0.999973714
16.973770 -0.497329742 -3.465567589 224.934326172 0.001377098 0.001363921 -0.006909113 0.999974251
17.077890 -0.493147999 -3.491600037 226.435577393 0.001505680 0.001063571 -0.007135317 0.999972820
17.182030 -0.498949200 -3.515757322 227.931106567 0.001642469 0.001065034 -0.006769618 0.999975145
17.286140 -0.503909647 -3.552096128 229.430206299 0.001556062 0.001061733 -0.006020950 0.999980092
17.390270 -0.517160714 -3.581130028 230.927017212 0.001446771 0.001306705 -0.005445662 0.999983251
17.494400 -0.511760175 -3.610415936 232.445648193 0.000997460 0.001212132 -0.004713126 0.999987662
17.598420 -0.520312309 -3.639127731 233.943588257 0.000747972 0.001294143 -0.004774525 0.999987483
17.702520 -0.523954690 -3.671202421 235.453613281 0.001033449 0.001266328 -0.004914524 0.999986589
17.806640 -0.523708403 -3.700075150 236.964385986 0.001304780 0.001334829 -0.005272351 0.999984324
17.910650 -0.532932281 -3.731128931 238.467529297 0.000829925 0.001719658 -0.005788531 0.999981403
18.014770 -0.540220141 -3.751430035 239.989135742 0.000047871 0.002146200 -0.006200421 0.999978483
18.118900 -0.544119954 -3.776989937 241.495162964 -0.000231475 0.002423336 -0.006195214 0.999977827
18.223020 -0.539592206 -3.805459023 243.007049561 0.000523579 0.002688597 -0.006302697 0.999976397
18.327020 -0.532593250 -3.826195240 244.523437500 0.001404419 0.002908444 -0.006545162 0.999973357
18.431150 -0.537880778 -3.861192465 246.040939331 0.000869568 0.003089722 -0.006471254 0.999973893
18.535360 -0.534756005 -3.893409491 247.565017700 0.000217873 0.002976813 -0.006321263 0.999975562
18.639420 -0.538918257 -3.917188883 249.101806641 0.000131741 0.002935531 -0.006683391 0.999973357
18.743480 -0.533518195 -3.947799921 250.619750977 0.000034195 0.002714572 -0.006661006 0.999974132
18.847540 -0.534355521 -3.974418640 252.160064697 -0.000116956 0.002920998 -0.007413009 0.999968231
18.951650 -0.546885312 -3.998406887 253.672531128 -0.000030800 0.003182925 -0.008259861 0.999960840
19.055650 -0.547280669 -4.020325661 255.211791992 -0.000091437 0.003323766 -0.008494712 0.999958396
19.159650 -0.548398376 -4.049406528 256.759735107 -0.000264557 0.003230837 -0.007674429 0.999965250
19.263770 -0.539206207 -4.070597172 258.295410156 -0.000533449 0.003128066 -0.006891091 0.999971211
19.367870 -0.535979748 -4.085527420 259.839080811 -0.000632125 0.003179381 -0.005714297 0.999978423
19.471780 -0.541518867 -4.109891891 261.381927490 -0.000456832 0.003104921 -0.004829989 0.999983430
19.575900 -0.537809551 -4.132260323 262.934722900 0.000108112 0.002870111 -0.004223146 0.999986947
19.679910 -0.530503511 -4.160356045 264.477111816 -0.000824834 0.003164506 -0.003321451 0.999989152
19.784020 -0.522796214 -4.186018944 266.027526855 -0.001874113 0.003354187 -0.002147898 0.999990284
19.888070 -0.521925986 -4.198081970 267.579528809 -0.001241419 0.003475249 -0.002095046 0.999991000
19.992130 -0.511209309 -4.217315674 269.126312256 -0.000671258 0.003611797 -0.002025192 0.999991179
20.096150 -0.507818222 -4.245272636 270.648254395 -0.000620315 0.003949920 -0.002265399 0.999989450
20.200150 -0.508330345 -4.273634911 272.178833008 -0.000797702 0.004605311 -0.002999999 0.999984562
20.304270 -0.507160008 -4.298121929 273.731384277 -0.000590773 0.005059394 -0.003733279 0.999980032
20.408270 -0.495285988 -4.324544907 275.285766602 -0.000541978 0.005472036 -0.004188549 0.999976099
20.512310 -0.483947605 -4.349151611 276.812316895 -0.000317967 0.005933512 -0.004882327 0.999970436
20.616400 -0.474741817 -4.376757145 278.363739014 0.000039238 0.006149502 -0.005125757 0.999967933
20.720420 -0.458948523 -4.402045250 279.899993896 0.000216810 0.006662238 -0.004455626 0.999967873
20.824520 -0.446153134 -4.429512501 281.455688477 0.000019543 0.007185391 -0.004201026 0.999965370
20.928690 -0.429493606 -4.450861931 283.017181396 -0.000416931 0.007434226 -0.003657700 0.999965608
21.032780 -0.412888467 -4.482171059 284.575195312 -0.000644161 0.007506563 -0.003211536 0.999966443
21.136780 -0.389010996 -4.506046772 286.113159180 0.000558942 0.007440717 -0.002825947 0.999968171
21.240880 -0.370325863 -4.529055595 287.678283691 0.001762592 0.007367938 -0.002129440 0.999969065
21.344920 -0.359256119 -4.557241917 289.233093262 0.001705962 0.007092421 -0.002168260 0.999971032
21.448900 -0.341816753 -4.586844921 290.787780762 0.001738530 0.006632790 -0.001641607 0.999975145
21.552900 -0.334145874 -4.615986347 292.338928223 0.002034706 0.006096028 -0.001567226 0.999978125
21.657020 -0.324997395 -4.643951893 293.907562256 0.002205981 0.005821435 -0.001701270 0.999979198
21.761020 -0.307103097 -4.673976898 295.487609863 0.001958505 0.005405092 -0.001768509 0.999981880
21.865030 -0.298581719 -4.705931187 297.055297852 0.001940032 0.004922005 -0.001521687 0.999984860
21.969150 -0.288766623 -4.739752769 298.626861572 0.001183904 0.004406496 -0.001333388 0.999988675
22.073170 -0.285479158 -4.763987064 300.214111328 0.000598160 0.004069792 -0.002043649 0.999989450
22.177150 -0.278318644 -4.788752556 301.795806885 0.000572460 0.004477435 -0.002136204 0.999987543
22.281150 -0.270327359 -4.818027020 303.394317627 0.000607507 0.004882433 -0.002285606 0.999985278
22.385270 -0.263404697 -4.838517189 304.976135254 0.000818759 0.005114014 -0.001669626 0.999985158
22.489270 -0.247584984 -4.870676041 306.573211670 0.001257127 0.005155432 -0.000713759 0.999985635
22.593280 -0.231673896 -4.899456978 308.174987793 0.002272537 0.005338761 0.000009286 0.999983132
22.697420 -0.222791895 -4.930308342 309.779754639 0.002712658 0.005251546 0.000021950 0.999982536
22.801400 -0.216474473 -4.961552143 311.388366699 0.003291974 0.004059010 -0.000297980 0.999986291
22.905400 -0.207909778 -4.993087292 313.001220703 0.002930037 0.003076936 -0.000889623 0.999990582
23.009400 -0.208116964 -5.021018028 314.626525879 0.001435050 0.002982710 -0.001307007 0.999993682
23.113490 -0.202166259 -5.056066513 316.247833252 -0.000242778 0.003205967 -0.000702369 0.999994576
23.217420 -0.192130327 -5.081842422 317.874786377 -0.000690797 0.003079026 -0.000081689 0.999994993
23.321400 -0.192971721 -5.105060101 319.485046387 0.000042594 0.003361053 0.000093769 0.999994338
23.425400 -0.192044124 -5.130810261 321.096435547 -0.000016419 0.003466134 0.000795650 0.999993682
23.529550 -0.192732006 -5.158562660 322.712677002 -0.000121004 0.003779662 0.000624680 0.999992669
23.633550 -0.186262637 -5.184862614 324.331207275 -0.000064237 0.004069013 0.000574200 0.999991536
23.737530 -0.176471427 -5.209400177 325.950683594 0.000387119 0.004077965 0.000103582 0.999991596
23.841660 -0.177664578 -5.247864723 327.562286377 0.000589349 0.004596540 -0.000476642 0.999989152
23.945650 -0.168401167 -5.277767181 329.199340820 -0.000470568 0.004927375 0.000163027 0.999987721
24.049650 -0.161164135 -5.306456089 330.785339355 -0.000870636 0.005098514 0.000464793 0.999986470
24.153670 -0.149378151 -5.330262184 332.413787842 -0.000090233 0.005065250 0.001176297 0.999986470
24.257780 -0.134673148 -5.360175133 334.024871826 -0.000220024 0.005043211 0.000279775 0.999987185
24.361780 -0.134315148 -5.388607502 335.623077393 0.000768760 0.004863579 -0.000685637 0.999987662
24.465780 -0.126052856 -5.423189640 337.225280762 0.002216658 0.004674919 -0.001661955 0.999985218
24.569780 -0.121646620 -5.454979897 338.830047607 0.001996171 0.004266639 -0.002273819 0.999986291
24.673900 -0.115675911 -5.484560966 340.410766602 0.000371815 0.003628288 -0.002660291 0.999989808
24.777900 -0.111663021 -5.520934582 342.028411865 -0.001325480 0.003123219 -0.003137017 0.999989331
24.882030 -0.111267820 -5.544655800 343.636260986 -0.000626286 0.002554994 -0.003442933 0.999990582
24.986020 -0.113948904 -5.571321011 345.222625732 0.000150456 0.001530664 -0.003072813 0.999994099
25.090170 -0.114596218 -5.600708961 346.818145752 -0.000528249 0.000775488 -0.002568991 0.999996245
25.194150 -0.117408559 -5.629165649 348.414276123 -0.000820237 0.000244672 -0.001816430 0.999997973
25.298280 -0.128064662 -5.654659748 350.001525879 -0.000462825 0.000128079 -0.001731284 0.999998391
25.402400 -0.130234316 -5.682261944 351.594482422 -0.000015244 -0.000122063 -0.001193545 0.999999285
25.506530 -0.137426510 -5.707456112 353.183776855 0.000120375 -0.000116040 -0.001117279 0.999999344
25.610540 -0.146139741 -5.730862617 354.771118164 0.000334507 -0.000129474 -0.000783461 0.999999642
25.714650 -0.152992144 -5.765275478 356.376678467 0.000579157 -0.000065410 -0.000909022 0.999999404
25.818650 -0.160556197 -5.794579029 357.973785400 0.000839823 -0.000076144 -0.000623883 0.999999464
25.922780 -0.170724928 -5.824354649 359.561584473 0.000679569 0.000002626 -0.000283199 0.999999702
26.026980 -0.169644445 -5.857138157 361.162811279 0.001007356 -0.000032809 -0.000290438 0.999999464
26.130900 -0.176853865 -5.886339188 362.745300293 0.001709544 0.000015850 0.000456753 0.999998450
26.235050 -0.179575145 -5.917631149 364.339141846 0.000746022 -0.000047886 0.001288704 0.999998868
26.339150 -0.175052881 -5.947227955 365.934722900 0.000360684 -0.000317497 0.002167002 0.999997497
26.443290 -0.177944914 -5.974312782 367.527008057 0.000857634 -0.000176546 0.002305320 0.999996960
26.547800 -0.198072031 -5.997274399 369.147399902 0.001228564 0.000288382 0.001574525 0.999997973
26.651410 -0.199629933 -6.036247253 370.724395752 0.000694571 0.000248409 0.001283354 0.999998927
26.757930 -0.210547596 -6.060265064 372.326110840 0.000394032 0.000516058 0.000415568 0.999999702
26.862580 -0.210417762 -6.094957352 373.921234131 0.000328708 0.000465052 0.000666970 0.999999583
26.963660 -0.227909058 -6.112562180 375.515502930 0.000993620 0.000618827 0.000606229 0.999999106
27.067820 -0.229141161 -6.152814388 377.118286133 0.000854448 0.000701285 0.000525046 0.999999225
27.171920 -0.225026578 -6.185622215 378.739013672 0.000773298 0.000817707 0.000481958 0.999999285
27.276060 -0.239062935 -6.203189373 380.338439941 0.001008514 0.000993524 -0.000495957 0.999998868
27.380140 -0.239867747 -6.234194279 381.947814941 0.000616229 0.001000437 -0.001262753 0.999998510
27.484700 -0.259936184 -6.255403519 383.580841064 0.001203552 0.001477546 -0.001971905 0.999996245
27.588410 -0.265987128 -6.283193588 385.191894531 0.001575142 0.001642827 -0.002646366 0.999993920
27.692530 -0.255086273 -6.314164162 386.808502197 0.001491301 0.001579423 -0.002715597 0.999993920
27.796540 -0.255690306 -6.341679573 388.434020996 0.001041576 0.001558688 -0.003271749 0.999992907
27.900670 -0.261876285 -6.371118546 390.060363770 0.000915540 0.001907792 -0.003839355 0.999990404
28.005230 -0.260478467 -6.398239136 391.695190430 0.001180442 0.002100886 -0.004372184 0.999987543
28.108940 -0.252699196 -6.431724072 393.320739746 0.001026894 0.001921211 -0.004505493 0.999987483
