0.311075 -0.020426 -0.002693 1.405777 0.001540 -0.004003 -0.000670 0.999991
0.725798 -0.103903 -0.030906 4.408617 0.002876 -0.013373 -0.003075 0.999902
1.140497 -0.241065 -0.063252 7.622958 -0.000290 -0.020801 -0.003411 0.999778
1.555212 -0.403233 -0.088707 10.971394 -0.000261 -0.024565 -0.000872 0.999698
1.762569 -0.503595 -0.105928 12.698216 0.002238 -0.026191 -0.002337 0.999652
2.177281 -0.727681 -0.153203 16.275348 0.001394 -0.028974 -0.004658 0.999568
2.384639 -0.844395 -0.176949 18.093866 0.001729 -0.030260 -0.004384 0.999531
2.695832 -1.026162 -0.207991 20.851041 -0.000446 -0.031051 -0.004371 0.999508
3.110441 -1.262554 -0.229083 24.626968 -0.002711 -0.028410 -0.004428 0.999583
3.317669 -1.375593 -0.240319 26.524225 0.001177 -0.027348 -0.004545 0.999615
3.732256 -1.580792 -0.271647 30.403556 -0.003463 -0.028028 0.003398 0.999595
4.146888 -1.828306 -0.303521 34.351553 0.000074 -0.030948 0.003613 0.999514
4.354202 -1.968191 -0.325932 36.373376 -0.001974 -0.032119 0.002085 0.999480
4.561559 -2.106879 -0.339925 38.404892 -0.004774 -0.032535 0.001545 0.999458
4.976146 -2.395253 -0.353205 42.378213 -0.003581 -0.032848 -0.002492 0.999451
5.183503 -2.529571 -0.365095 44.353653 -0.004250 -0.033981 -0.001255 0.999413
5.598233 -2.826290 -0.395759 48.269794 -0.000254 -0.035193 -0.003493 0.999374
5.805571 -2.966999 -0.417409 50.211845 -0.003666 -0.035338 -0.001833 0.999367
6.012921 -3.103122 -0.432829 52.124344 -0.003488 -0.035556 0.000747 0.999361
6.323895 -3.305699 -0.453021 54.981661 -0.005676 -0.036888 0.004513 0.999293
6.531383 -3.451658 -0.456240 56.875486 -0.009302 -0.037432 0.004268 0.999247
6.945963 -3.768016 -0.476519 60.569957 -0.001316 -0.039771 -0.000632 0.999208
7.153323 -3.928805 -0.502492 62.352394 -0.003173 -0.040774 -0.003234 0.999158
7.567786 -4.239939 -0.536900 65.746857 -0.003955 -0.043552 -0.004773 0.999032
7.775144 -4.396864 -0.546264 67.371006 -0.005744 -0.044815 -0.005977 0.998961
8.189849 -4.713313 -0.565517 70.418723 -0.002803 -0.047553 -0.009820 0.998817
8.708175 -5.077139 -0.614556 73.817802 -0.000611 -0.049913 -0.009858 0.998705
9.019162 -5.248299 -0.647740 75.618050 0.004237 -0.047768 -0.005275 0.998836
9.641587 -5.479816 -0.707235 78.843321 -0.002357 -0.023548 -0.007001 0.999695
9.953059 -5.447057 -0.722855 80.264747 -0.003483 0.009471 -0.006976 0.999925
10.160830 -5.346524 -0.734515 81.161314 -0.005084 0.040751 -0.006298 0.999137
