151.358300 -0.017281 -0.035747 3.459528 -0.000678 -0.000488 0.000190 1.000000
151.669300 -0.041276 -0.066127 6.968235 -0.001367 0.000640 -0.002164 0.999997
152.083900 -0.039516 -0.108266 11.715338 -0.002044 0.003754 -0.002895 0.999987
152.498500 -0.002165 -0.120142 16.568439 -0.004261 0.006937 -0.002042 0.999965
152.705800 0.031666 -0.124937 19.025796 -0.002902 0.008514 -0.000479 0.999959
153.327600 0.166587 -0.179518 26.565220 -0.001853 0.011794 0.000905 0.999928
153.431300 0.187346 -0.188160 27.846364 -0.002884 0.012201 -0.000384 0.999921
153.845800 0.293607 -0.231505 32.983851 0.001034 0.012014 0.000583 0.999927
154.156700 0.370544 -0.270014 36.870651 -0.001705 0.011436 0.001727 0.999932
154.467400 0.439723 -0.305945 40.764428 -0.000860 0.010547 0.002392 0.999941
154.778100 0.494590 -0.348979 44.689576 -0.001657 0.009634 0.001810 0.999951
155.088900 0.543651 -0.382183 48.587233 -0.002950 0.008338 0.001402 0.999960
155.296100 0.576195 -0.402391 51.202346 -0.002565 0.007392 0.001376 0.999968
155.917800 0.638725 -0.476939 58.983352 -0.003280 0.005193 0.000552 0.999981
156.021400 0.643554 -0.483612 60.246449 -0.006137 0.005006 0.000177 0.999969
156.228600 0.655961 -0.483503 62.810970 -0.007834 0.004172 0.000831 0.999960
156.643200 0.672049 -0.482267 67.915923 -0.007556 0.002671 0.002169 0.999966
156.746800 0.674572 -0.482595 69.187377 -0.008217 0.002349 0.002647 0.999960
156.954100 0.678086 -0.482088 71.695590 -0.008427 0.002181 0.003289 0.999957
157.368700 0.671599 -0.503658 76.567715 -0.005317 0.002997 0.001009 0.999981
157.576000 0.679130 -0.523246 78.890519 -0.005028 0.004187 0.000608 0.999978
157.990600 0.704841 -0.564030 83.316132 -0.004387 0.006406 -0.000089 0.999970
158.197900 0.725681 -0.585471 85.433406 -0.003879 0.007503 0.000288 0.999964
158.405300 0.751949 -0.610310 87.461016 -0.003747 0.008595 0.001598 0.999955
158.820000 0.812250 -0.655915 91.209040 -0.005096 0.010837 0.001400 0.999927
159.027200 0.846409 -0.672787 92.940225 -0.006191 0.012052 0.000954 0.999908
159.234600 0.886645 -0.685496 94.586875 -0.007739 0.012746 0.001905 0.999887
159.545400 0.931574 -0.694896 96.857179 -0.008268 0.006667 0.006730 0.999921
160.062900 0.755920 -0.705248 100.112432 -0.009585 -0.045875 0.012931 0.998817
160.269800 0.543979 -0.708654 101.245626 -0.009335 -0.081425 0.011574 0.996569
160.683600 -0.158220 -0.710665 103.339933 -0.010346 -0.166681 0.000554 0.985956
160.890700 -0.657140 -0.705358 104.295208 -0.011908 -0.216310 -0.008230 0.976217
