301.238600 -0.014493 -0.025626 2.037780 -0.001592 -0.001883 0.000734 0.999997
301.653200 -0.067913 -0.068903 6.103427 -0.002227 -0.005411 0.001743 0.999981
302.067700 -0.148926 -0.119026 10.159165 -0.000334 -0.008037 0.001871 0.999966
302.275100 -0.195923 -0.145579 12.187012 -0.002339 -0.008270 0.000770 0.999963
302.689700 -0.291469 -0.190410 16.190861 -0.001292 -0.007854 -0.000772 0.999968
303.104400 -0.366129 -0.237247 20.173000 -0.000957 -0.006169 0.000517 0.999980
303.311700 -0.401442 -0.259812 22.139774 -0.001538 -0.006280 0.000088 0.999979
303.519000 -0.442362 -0.276208 24.104326 -0.005440 -0.007203 -0.001077 0.999959
303.933600 -0.548650 -0.292066 28.019408 -0.002632 -0.012234 -0.001759 0.999920
304.140800 -0.615356 -0.299638 30.025410 -0.003013 -0.014392 -0.001317 0.999891
304.555400 -0.764544 -0.323477 34.096377 -0.000972 -0.016677 -0.000058 0.999860
304.762800 -0.855252 -0.339229 36.179601 0.000698 -0.015851 -0.003886 0.999867
305.177300 -1.005909 -0.373106 40.421965 -0.003654 -0.014206 -0.003846 0.999885
305.384700 -1.073873 -0.386038 42.565530 -0.003616 -0.013990 -0.001602 0.999894
305.799300 -1.235992 -0.424554 46.806079 -0.002346 -0.016487 -0.002061 0.999859
306.006600 -1.325373 -0.446506 48.909260 -0.001716 -0.018207 -0.002143 0.999830
306.421100 -1.525693 -0.503026 53.043651 0.000868 -0.020812 -0.003595 0.999777
306.628300 -1.630945 -0.535006 55.090007 -0.000979 -0.021294 -0.005068 0.999760
307.042900 -1.824418 -0.583356 59.057685 -0.004334 -0.019606 -0.005620 0.999783
307.250100 -1.905691 -0.602373 60.920332 -0.004892 -0.017275 -0.005175 0.999825
307.664900 -2.006853 -0.642267 64.369295 -0.003537 -0.005588 -0.005223 0.999964
307.872200 -2.002676 -0.661998 65.946129 -0.003846 0.005546 -0.003870 0.999970
308.079700 -1.950661 -0.686896 67.388087 -0.002668 0.022819 -0.004704 0.999725
308.287300 -1.820947 -0.708451 68.718620 -0.000515 0.049080 -0.004864 0.998783
308.495000 -1.599167 -0.738110 69.953217 0.000514 0.085963 -0.004501 0.996288
308.703000 -1.258158 -0.766862 71.107810 0.001851 0.135539 -0.002739 0.990766
309.119000 -0.179203 -0.806805 73.117178 -0.003987 0.262830 0.000462 0.964834
