1261229707.527443 -0.064192 0.156586 1.340387 0.002362 -0.009916 0.000987 0.999948
1261229708.127442 -0.356158 0.636953 5.433040 -0.002350 -0.033390 0.006708 0.999417
1261229708.877454 -0.952337 1.251610 10.497427 0.001443 -0.054899 0.006287 0.998471
1261229709.777470 -1.983756 2.033476 16.730280 -0.009059 -0.080985 0.003033 0.996670
1261229710.177491 -2.543813 2.419427 19.559954 -0.008911 -0.092034 0.005866 0.995699
1261229710.777482 -3.540251 2.947369 23.741566 -0.002590 -0.114075 0.010225 0.993416
1261229711.077503 -4.090260 3.183046 25.672683 -0.000137 -0.125856 0.012686 0.991967
1261229711.677492 -5.351254 3.665966 29.717407 -0.001076 -0.144740 0.014147 0.989368
1261229711.927489 -5.919420 3.880966 31.422467 -0.004611 -0.153483 0.017484 0.987986
1261229712.177496 -6.525059 4.074848 33.008376 -0.000552 -0.164950 0.017119 0.986153
1261229712.677488 -7.870953 4.482107 36.248598 -0.003715 -0.186136 0.013133 0.982429
1261229712.927500 -8.598910 4.695034 37.865126 -0.001487 -0.195661 0.009323 0.980626
1261229713.451023 -10.177067 5.121702 41.232858 0.002554 -0.212131 0.005216 0.977224
1261229713.627505 -10.834778 5.286259 42.548627 0.002545 -0.218063 0.003795 0.975924
1261229714.127508 -12.534518 5.692413 45.839416 0.003731 -0.228030 0.003825 0.973640
1261229714.377514 -13.394816 5.889408 47.478195 0.004116 -0.229740 0.004772 0.973232
1261229714.627532 -14.262748 6.090343 49.155477 0.004851 -0.230578 0.005361 0.973027
1261229715.127521 -16.012715 6.497789 52.563291 0.003643 -0.231804 0.005524 0.972740
1261229715.327527 -16.731002 6.668169 53.939107 0.003888 -0.232145 0.005871 0.972656
1261229715.827527 -18.589874 7.112579 57.537343 0.003808 -0.232759 0.006511 0.972505
1261229716.077538 -19.517034 7.328911 59.302175 0.003449 -0.233252 0.007771 0.972379
1261229716.327551 -20.445947 7.545407 61.037560 0.002348 -0.234443 0.007594 0.972097
1261229716.877555 -22.413765 7.994921 64.632019 0.002944 -0.236418 0.006315 0.971627
1261229717.131332 -23.345840 8.209435 66.363806 0.002936 -0.236765 0.005302 0.971548
1261229717.377542 -24.332564 8.439440 68.245951 0.003403 -0.236226 0.005835 0.971675
1261229717.640666 -25.305248 8.665593 70.094550 0.003792 -0.235508 0.005791 0.971848
1261229717.827566 -26.066638 8.838265 71.538423 0.003700 -0.234832 0.005447 0.972014
1261229718.077546 -27.012312 9.055151 73.318990 0.003824 -0.234160 0.004732 0.972179
1261229718.627549 -29.099011 9.543846 77.342237 0.003957 -0.231458 0.006568 0.972815
1261229718.877555 -30.023318 9.760246 79.132832 0.002897 -0.230312 0.006921 0.973088
1261229719.127572 -30.910070 9.969784 80.845208 0.002760 -0.229173 0.007312 0.973354
1261229719.327592 -31.636723 10.143459 82.264029 0.003049 -0.228287 0.007332 0.973561
1261229719.577563 -32.536721 10.355543 84.033198 0.003375 -0.227206 0.007379 0.973813
1261229720.077594 -34.394599 10.801560 87.703270 0.002344 -0.225039 0.006855 0.974323
1261229720.277571 -35.115714 10.974165 89.135474 0.002461 -0.224136 0.007248 0.974528
1261229720.527576 -36.048133 11.210037 91.034771 0.003394 -0.223086 0.008281 0.974758
1261229720.802287 -36.936970 11.418256 92.813879 0.003609 -0.223089 0.008041 0.974758
1261229721.032260 -37.807110 11.619243 94.538634 0.003176 -0.223209 0.006681 0.974742
1261229721.327590 -38.891324 11.877024 96.685332 0.003102 -0.223018 0.005556 0.974794
1261229721.577593 -39.805063 12.091166 98.505124 0.004361 -0.222818 0.003950 0.974842
1261229721.827585 -40.717189 12.303047 100.333727 0.006067 -0.222814 0.002058 0.974840
1261229722.027589 -41.439585 12.466662 101.784230 0.008477 -0.222738 0.000325 0.974841
1261229722.227621 -42.142221 12.629465 103.188565 0.006919 -0.222334 -0.000010 0.974946
1261229722.741682 -43.983146 13.072948 106.941104 0.002869 -0.222019 0.004390 0.975028
1261229722.927612 -44.683672 13.238464 108.348585 0.002888 -0.222795 0.005634 0.974845
1261229723.177593 -45.541788 13.446448 110.078094 0.002331 -0.223206 0.008078 0.974735
1261229723.427604 -46.455985 13.667920 111.904747 0.000503 -0.223867 0.010241 0.974566
1261229723.682038 -47.360375 13.885316 113.696099 0.000751 -0.224653 0.011300 0.974373
1261229724.177611 -49.344569 14.379162 117.600130 0.001111 -0.226226 0.009624 0.974027
1261229724.377621 -50.117228 14.568711 119.093948 0.002926 -0.226654 0.009246 0.973927
1261229724.577626 -50.902122 14.756813 120.632949 -0.000397 -0.226867 0.009618 0.973878
1261229724.777608 -51.743684 14.955773 122.271780 0.003381 -0.227199 0.010807 0.973782
1261229725.277637 -53.819159 15.451349 126.313790 0.002352 -0.229178 0.008395 0.973346
1261229725.527619 -54.831946 15.687491 128.255937 0.002345 -0.229970 0.005980 0.973177
1261229725.777626 -55.867913 15.934110 130.246358 0.001676 -0.230494 0.003944 0.973064
1261229725.977656 -56.656699 16.126575 131.774024 0.001666 -0.230466 0.003925 0.973071
1261229726.177619 -57.484910 16.329200 133.369966 0.001762 -0.230468 0.002185 0.973076
1261229726.377626 -58.338277 16.537761 135.025403 0.003284 -0.230482 0.002428 0.973068
1261229726.827647 -60.294510 17.004767 138.859007 0.004306 -0.229507 0.004701 0.973286
1261229727.027631 -61.143200 17.210332 140.547088 0.002779 -0.228997 0.005938 0.973405
1261229727.277656 -62.194037 17.470907 142.634624 0.000551 -0.228347 0.007485 0.973551
1261229727.477655 -63.038781 17.685257 144.323175 0.000625 -0.228033 0.007940 0.973621
1261229727.877643 -64.696647 18.073022 147.577263 0.000100 -0.224892 0.006479 0.974362
1261229728.027656 -65.389701 18.244679 148.969126 0.000396 -0.223821 0.006565 0.974608
1261229728.427641 -67.063051 18.664174 152.343381 0.000766 -0.222174 0.004031 0.974998
1261229728.627647 -67.883851 18.865489 153.999441 0.001639 -0.221550 0.003108 0.975143
1261229728.827660 -68.741378 19.077069 155.721621 0.003263 -0.221273 0.002254 0.975204
1261229729.227650 -70.381843 19.491623 159.043076 0.003592 -0.220407 0.000370 0.975401
1261229729.427657 -71.170346 19.692828 160.660076 0.003371 -0.220428 0.001335 0.975396
1261229729.627669 -71.963510 19.892292 162.285598 0.002461 -0.220742 0.002697 0.975325
1261229729.827685 -72.722826 20.084197 163.825533 0.002756 -0.221356 0.004306 0.975180
1261229730.027657 -73.485317 20.275540 165.369913 0.002341 -0.221921 0.006426 0.975041
1261229730.231491 -74.302055 20.478480 167.001476 0.002279 -0.222405 0.007595 0.974922
1261229730.427674 -75.053327 20.666132 168.512786 0.001865 -0.222798 0.008785 0.974823
1261229730.827665 -76.569651 21.033738 171.526881 0.003229 -0.223212 0.008113 0.974731
1261229731.027675 -77.327145 21.218014 173.016602 0.001437 -0.223217 0.006294 0.974747
1261229731.427665 -79.015071 21.645294 176.384263 0.000410 -0.223080 0.006088 0.974781
1261229731.627677 -79.877134 21.873164 178.120788 -0.000793 -0.222776 0.007368 0.974841
1261229731.827686 -80.706393 22.090336 179.806585 -0.001095 -0.223003 0.007043 0.974792
1261229731.977692 -81.348559 22.258922 181.120856 -0.002102 -0.222988 0.007137 0.974793
1261229732.177671 -82.199872 22.481598 182.844248 -0.001580 -0.223152 0.005488 0.974767
1261229732.577693 -83.813777 22.894337 186.099625 0.001691 -0.223854 0.003725 0.974614
1261229732.777701 -84.634702 23.098840 187.740023 0.002896 -0.223784 0.004033 0.974626
1261229732.977683 -85.558934 23.310129 189.543763 0.002874 -0.223820 0.004374 0.974616
1261229733.177697 -86.410777 23.520577 191.238009 0.001554 -0.223972 0.004792 0.974583
1261229733.627690 -88.243933 23.984866 194.896547 0.001977 -0.224988 0.004658 0.974348
1261229733.827694 -89.131067 24.210743 196.648854 0.002028 -0.225399 0.004674 0.974253
1261229734.177712 -90.605254 24.584776 199.578871 0.001941 -0.225636 0.006385 0.974189
1261229734.377691 -91.404595 24.787071 201.169395 0.001196 -0.225740 0.008034 0.974154
1261229734.577701 -92.231073 24.994218 202.799239 0.001870 -0.225769 0.009222 0.974136
1261229734.727711 -92.890803 25.158760 204.096825 0.001877 -0.225999 0.009562 0.974079
1261229735.077729 -94.548260 25.579467 207.393330 0.000382 -0.227168 0.008663 0.973817
1261229735.277714 -95.432329 25.806855 209.158487 -0.001213 -0.227695 0.007769 0.973701
1261229735.477716 -96.391238 26.057467 211.054127 -0.001070 -0.227846 0.007658 0.973666
1261229735.681036 -97.271535 26.300949 212.784908 -0.001676 -0.228388 0.006863 0.973545
1261229735.827735 -97.876801 26.471665 213.997606 -0.001487 -0.228527 0.006752 0.973513
1261229736.027716 -98.845552 26.717766 215.898585 -0.001592 -0.228264 0.006744 0.973575
1261229736.377734 -100.608161 27.164366 219.321083 -0.000027 -0.227424 0.006926 0.973771
1261229736.577735 -101.731182 27.447699 221.504405 -0.000931 -0.227123 0.005595 0.973850
1261229736.727720 -102.608506 27.671254 223.223870 -0.001533 -0.226610 0.005165 0.973971
1261229736.877721 -103.377056 27.873593 224.751994 -0.003546 -0.225991 0.004798 0.974111
1261229737.027744 -104.147577 28.075599 226.278684 -0.003876 -0.225427 0.005182 0.974239
1261229737.177747 -104.925024 28.283226 227.837296 -0.003504 -0.224751 0.006246 0.974390
1261229737.577729 -106.955209 28.838223 231.908740 -0.003517 -0.223496 0.005552 0.974683
1261229737.727735 -107.690706 29.035806 233.390190 -0.004038 -0.222871 0.004781 0.974828
1261229737.927745 -108.664146 29.303929 235.338332 -0.003922 -0.222376 0.004017 0.974945
1261229738.327744 -110.593661 29.849578 239.251559 -0.006170 -0.221188 0.005054 0.975199
1261229738.527749 -111.550786 30.125829 241.193630 -0.007023 -0.221332 0.006480 0.975152
1261229738.677752 -112.334457 30.347968 242.757760 -0.006309 -0.221676 0.007223 0.975073
1261229738.827757 -113.088310 30.562890 244.270008 -0.006758 -0.221942 0.007322 0.975009
1261229739.027744 -114.064406 30.835665 246.236068 -0.005769 -0.222297 0.007211 0.974935
1261229739.227749 -115.080603 31.119314 248.271517 -0.006668 -0.222466 0.006616 0.974895
1261229739.577778 -116.872875 31.630655 251.853681 -0.009783 -0.222417 0.005813 0.974885
1261229739.777762 -117.896398 31.930009 253.893619 -0.007030 -0.222516 0.005590 0.974888
1261229739.977758 -118.914044 32.222825 255.928035 -0.007450 -0.222989 0.004670 0.974781
1261229740.177780 -119.924073 32.509390 257.946461 -0.007054 -0.223396 0.005188 0.974689
1261229740.377752 -120.885116 32.788798 259.870567 -0.008760 -0.223952 0.005391 0.974546
1261229740.577757 -121.839804 33.064476 261.761947 -0.010110 -0.224832 0.005093 0.974332
1261229740.777764 -122.821637 33.342377 263.690121 -0.010366 -0.225570 0.004809 0.974160
1261229740.977783 -123.783495 33.621428 265.579917 -0.011335 -0.226208 0.005168 0.973999
1261229741.127767 -124.539805 33.838583 267.056699 -0.010987 -0.226635 0.005450 0.973902
1261229741.577782 -126.734515 34.481923 271.347876 -0.012942 -0.227733 0.007182 0.973611
1261229741.777795 -127.705379 34.769245 273.227150 -0.010732 -0.228240 0.005307 0.973531
1261229741.977766 -128.684579 35.053481 275.130488 -0.008654 -0.228071 0.004732 0.973595
1261229742.177784 -129.636747 35.334204 277.007873 -0.011907 -0.227843 0.005688 0.973608
1261229742.377788 -130.580502 35.615018 278.855096 -0.010837 -0.227595 0.005706 0.973679
1261229742.777776 -132.415883 36.170554 282.445473 -0.014640 -0.227295 0.004656 0.973705
1261229742.977791 -133.361850 36.455212 284.302645 -0.013541 -0.227475 0.005635 0.973674
1261229743.177799 -134.299234 36.733780 286.139689 -0.011758 -0.227546 0.005573 0.973680
1261229743.377774 -135.176895 36.992863 287.859979 -0.012346 -0.227812 0.004607 0.973616
1261229743.627789 -136.327173 37.332650 290.092323 -0.014078 -0.227671 0.004008 0.973628
1261229743.827804 -137.259871 37.610066 291.906207 -0.014476 -0.227640 0.004226 0.973629
1261229744.027800 -138.168174 37.881550 293.682242 -0.013683 -0.227588 0.003662 0.973655
1261229744.227788 -139.067460 38.153960 295.439247 -0.014445 -0.227357 0.003970 0.973696
1261229744.427818 -139.922733 38.415076 297.125947 -0.014152 -0.226882 0.004386 0.973810
1261229744.827817 -141.533765 38.917834 300.324135 -0.013272 -0.226288 0.004758 0.973958
1261229744.977804 -142.156240 39.109447 301.544910 -0.013123 -0.225969 0.003213 0.974041
1261229745.327813 -143.690971 39.576540 304.581349 -0.011579 -0.224412 0.003008 0.974421
1261229745.527812 -144.624307 39.856288 306.425322 -0.011718 -0.223767 0.002223 0.974570
1261229745.977814 -146.492371 40.445746 310.197160 -0.014621 -0.221154 0.000945 0.975129
1261229746.227819 -147.489889 40.763521 312.242121 -0.013403 -0.219908 0.002589 0.975425
1261229746.627824 -149.069505 41.261231 315.463551 -0.013379 -0.218458 0.002376 0.975752
1261229746.827830 -149.798054 41.492870 316.950341 -0.013027 -0.217938 0.001474 0.975875
1261229747.027836 -150.522533 41.719669 318.436396 -0.012828 -0.217398 0.000943 0.975998
1261229747.527835 -152.412323 42.316571 322.338407 -0.012911 -0.215936 0.001360 0.976321
1261229747.780030 -153.315214 42.606143 324.225746 -0.012901 -0.215164 0.001906 0.976491
1261229748.027832 -154.177424 42.882506 326.048626 -0.011947 -0.213908 0.003128 0.976776
1261229748.427846 -155.468007 43.287748 328.796242 -0.010324 -0.212185 0.003246 0.977170
1261229748.627829 -156.104010 43.481770 330.141216 -0.010379 -0.211399 0.001734 0.977343
1261229748.827836 -156.723543 43.677639 331.482379 -0.011041 -0.210144 0.004231 0.977599
1261229748.977844 -157.214339 43.829832 332.538280 -0.011025 -0.209051 0.003400 0.977837
1261229749.127856 -157.723496 43.985383 333.632664 -0.010146 -0.208562 0.004946 0.977944
1261229749.577848 -159.014104 44.403986 336.463318 -0.012192 -0.206986 0.007122 0.978242
1261229749.877864 -159.799706 44.653426 338.202447 -0.010721 -0.205757 0.009325 0.978500
1261229750.177842 -160.571040 44.890897 339.907262 -0.009527 -0.204860 0.010459 0.978689
1261229750.477862 -161.336623 45.129284 341.613440 -0.010069 -0.203389 0.012800 0.978963
1261229751.127858 -162.959421 45.670027 345.249708 -0.012925 -0.198920 0.013555 0.979837
1261229751.427878 -163.599475 45.886741 346.728858 -0.013822 -0.195537 0.013926 0.980500
1261229751.827865 -164.356729 46.159627 348.590864 -0.016246 -0.186147 0.014716 0.982277
1261229752.177877 -164.942291 46.399951 350.176797 -0.019772 -0.171340 0.012929 0.984929
1261229752.577878 -165.438637 46.658619 351.872558 -0.020216 -0.143871 0.013957 0.989291
1261229753.227868 -165.936413 47.040444 354.410464 -0.017990 -0.090867 0.007991 0.995668
1261229754.130053 -165.969709 47.494568 357.508402 -0.015574 0.006746 -0.004194 0.999847
1261229754.627913 -165.678275 47.747907 359.153022 -0.016658 0.069854 -0.009092 0.997377
1261229755.127916 -165.098493 47.997840 360.728724 -0.019311 0.146575 -0.015788 0.988885
1261229755.327921 -164.770477 48.100294 361.346183 -0.019308 0.182338 -0.019734 0.982848
1261229755.727907 -163.936891 48.293631 362.526009 -0.017776 0.260806 -0.024808 0.964909
1261229755.927939 -163.430993 48.394566 363.157416 -0.015932 0.300226 -0.031201 0.953224
1261229756.127899 -162.861310 48.494728 363.738682 -0.013485 0.339093 -0.035627 0.939981
1261229756.799310 -161.526324 48.692726 364.898540 -0.013587 0.407479 -0.044156 0.912045
1261229757.169278 -159.470918 48.921095 366.228130 -0.011809 0.472994 -0.052809 0.879402
1261229757.577928 -156.849527 49.157542 367.658191 -0.007590 0.513648 -0.060318 0.855844
1261229758.277954 -153.114943 49.481987 369.538025 -0.014023 0.527960 -0.057681 0.847192
1261229758.577921 -151.333375 49.648644 370.447258 -0.015508 0.530575 -0.057877 0.845517
1261229759.227937 -147.441277 50.004338 372.292694 -0.015548 0.535764 -0.058853 0.842170
1261229759.527949 -145.576913 50.172123 373.183542 -0.014579 0.536512 -0.057281 0.841820
1261229760.127940 -141.807818 50.534739 374.984988 -0.019722 0.536171 -0.051884 0.842282
1261229760.427959 -139.896544 50.729664 375.907693 -0.019872 0.535547 -0.051991 0.842669
1261229760.677949 -138.348212 50.896204 376.664652 -0.020868 0.534577 -0.051846 0.843270
1261229761.277967 -134.579530 51.306693 378.515308 -0.024549 0.529959 -0.053446 0.845981
1261229761.577959 -132.660307 51.523957 379.488555 -0.025008 0.527458 -0.054641 0.847453
1261229762.177951 -128.868342 51.974271 381.442714 -0.025218 0.522632 -0.049627 0.850739
1261229762.827991 -124.917335 52.450220 383.553342 -0.025671 0.515950 -0.050654 0.854734
1261229763.127969 -122.982328 52.680730 384.612953 -0.025389 0.512955 -0.051089 0.856518
1261229763.427985 -121.173173 52.899327 385.614376 -0.024377 0.510739 -0.050330 0.857915
1261229764.027984 -117.463628 53.341384 387.703365 -0.024270 0.508376 -0.052204 0.859208
1261229764.327998 -115.596890 53.567001 388.757995 -0.025880 0.509076 -0.054824 0.858584
1261229764.627985 -113.679544 53.789034 389.818829 -0.025087 0.511194 -0.055317 0.857317
1261229765.277988 -109.654999 54.234488 391.947792 -0.024997 0.521392 -0.056928 0.851049
1261229765.578004 -107.819231 54.432047 392.846216 -0.024644 0.529600 -0.056623 0.845997
1261229766.228012 -103.682032 54.864342 394.724426 -0.026337 0.543118 -0.059314 0.837144
1261229766.528021 -101.871292 55.058193 395.501334 -0.026111 0.547496 -0.058729 0.834336
1261229767.078021 -98.318146 55.414664 397.012802 -0.026428 0.550456 -0.059802 0.832300
1261229767.328030 -96.662268 55.577448 397.721733 -0.026590 0.549680 -0.060110 0.832785
1261229767.578011 -94.991517 55.743011 398.446123 -0.026051 0.548225 -0.061664 0.833648
1261229767.828021 -93.246067 55.916092 399.211947 -0.028491 0.546730 -0.060591 0.834628
1261229768.328022 -89.767899 56.267658 400.747058 -0.026898 0.542966 -0.060847 0.837116
1261229768.578033 -88.007000 56.448269 401.542354 -0.026904 0.540074 -0.058812 0.839129
1261229768.828042 -86.196147 56.635597 402.384666 -0.026199 0.536425 -0.056620 0.841639
1261229769.278039 -83.029279 56.981622 403.923719 -0.023464 0.528291 -0.053098 0.847077
1261229769.528065 -81.312991 57.177464 404.796917 -0.023107 0.524780 -0.052565 0.849299
1261229770.078049 -77.723203 57.589119 406.613203 -0.023889 0.523122 -0.051386 0.850372
1261229770.328059 -76.170233 57.774886 407.400430 -0.024925 0.523643 -0.051269 0.850029
1261229770.828054 -72.856446 58.155182 409.081993 -0.027854 0.523808 -0.053125 0.849722
1261229771.328051 -69.542006 58.540341 410.732934 -0.029364 0.527158 -0.057602 0.847304
1261229771.778076 -66.612827 58.852921 412.057397 -0.028452 0.541811 -0.060370 0.837847
1261229772.028064 -64.883011 59.021923 412.774267 -0.027820 0.549986 -0.060414 0.832521
1261229772.528093 -61.174332 59.376273 414.230055 -0.026877 0.561625 -0.058315 0.824897
1261229772.778058 -59.396033 59.550111 414.903491 -0.026456 0.564554 -0.056765 0.823017
1261229773.028075 -57.607159 59.726993 415.584858 -0.025564 0.564488 -0.056056 0.823139
1261229773.278081 -55.812452 59.900286 416.290849 -0.024651 0.562766 -0.058496 0.824175
1261229773.778078 -52.332990 60.233333 417.679059 -0.025469 0.559908 -0.057267 0.826181
1261229774.078095 -50.237168 60.441083 418.523894 -0.024917 0.558289 -0.057160 0.827300
1261229774.578083 -46.612216 60.799826 420.021015 -0.026626 0.554759 -0.056505 0.829663
1261229774.828106 -44.920409 60.981544 420.732706 -0.027010 0.553002 -0.056726 0.830808
1261229775.078088 -43.209948 61.159985 421.462766 -0.026631 0.550742 -0.057524 0.832265
1261229775.328085 -41.593852 61.330264 422.156554 -0.026143 0.548866 -0.057072 0.833550
1261229775.778091 -38.405491 61.661483 423.558998 -0.028664 0.544845 -0.055570 0.836202
1261229776.028105 -36.816730 61.838527 424.273163 -0.028632 0.542947 -0.054538 0.837505
1261229776.278117 -35.371247 61.997068 424.932358 -0.027552 0.541100 -0.053672 0.838791
1261229776.828114 -32.403413 62.316354 426.270444 -0.025800 0.539174 -0.051599 0.840216
1261229777.378108 -29.334198 62.641571 427.669844 -0.022495 0.538486 -0.049983 0.840850
1261229777.978108 -26.255883 62.973641 429.102791 -0.023206 0.537169 -0.049139 0.841722
1261229778.328128 -24.565688 63.154512 429.895816 -0.022480 0.536254 -0.050300 0.842257
1261229778.878117 -22.016419 63.429235 431.086128 -0.023953 0.535035 -0.049838 0.843019
1261229779.228137 -20.305642 63.603081 431.900995 -0.019801 0.534054 -0.051266 0.843662
1261229779.828141 -17.372325 63.899079 433.297517 -0.017981 0.532351 -0.052780 0.844686
1261229780.078150 -16.196797 64.019165 433.853878 -0.016762 0.532044 -0.052236 0.844938
1261229780.628149 -13.602665 64.277233 435.104745 -0.014517 0.531321 -0.050816 0.845521
1261229781.328157 -10.040704 64.615494 436.840973 -0.013491 0.528869 -0.052916 0.846945
1261229781.728144 -8.052671 64.806700 437.820103 -0.015775 0.528355 -0.053375 0.847197
1261229782.546072 -4.528795 65.136312 439.524801 -0.013802 0.531348 -0.053183 0.845370
1261229782.878182 -3.033126 65.266149 440.237436 -0.012067 0.532658 -0.052974 0.844585
1261229783.178155 -1.650235 65.371728 440.890117 -0.010389 0.533690 -0.053146 0.843945
1261229783.478166 -0.565415 65.458309 441.398955 -0.007106 0.534869 -0.052709 0.843259
1261229784.228170 2.263383 65.661146 442.723920 -0.005011 0.536519 -0.054649 0.842102
1261229784.478180 3.021586 65.718072 443.077658 -0.004435 0.537184 -0.054402 0.841697
1261229784.778174 3.704947 65.778553 443.399259 -0.003962 0.537457 -0.056682 0.841375
1261229785.028179 4.457811 65.816890 443.749746 -0.002926 0.538057 -0.057754 0.840922
1261229785.428175 5.477951 65.883048 444.219977 -0.002412 0.538636 -0.059450 0.840435
1261229785.778198 6.315695 65.934603 444.601445 -0.003574 0.539360 -0.058586 0.840027
1261229786.328189 7.887499 66.025713 445.316127 -0.005726 0.540513 -0.059880 0.839182
1261229786.678211 8.745628 66.074897 445.699372 -0.005245 0.541669 -0.058947 0.838506
1261229787.278217 10.252357 66.158278 446.339342 -0.003571 0.546789 -0.061558 0.834997
1261229787.678199 11.309805 66.212472 446.772388 -0.004349 0.550222 -0.061539 0.832736
1261229788.078211 12.565588 66.263019 447.269013 -0.008364 0.556250 -0.061469 0.828696
1261229788.528206 14.046953 66.338342 447.789076 -0.007625 0.567956 -0.063027 0.820607
1261229788.978235 15.014363 66.406962 448.085387 -0.007062 0.581515 -0.064977 0.810906
1261229789.528220 16.089820 66.470094 448.360692 -0.006434 0.598839 -0.065374 0.798171
1261229789.978218 16.938865 66.513237 448.542818 -0.005485 0.612483 -0.065271 0.787765
1261229790.379128 17.716343 66.536686 448.665509 -0.004981 0.625737 -0.065705 0.777246
1261229790.778233 18.409884 66.560209 448.735709 -0.003157 0.639250 -0.066344 0.766126
1261229791.178262 19.070507 66.570528 448.781574 -0.001209 0.652408 -0.067406 0.754863
1261229791.678246 19.711748 66.576780 448.800579 0.001898 0.665668 -0.068994 0.743049
1261229792.128238 20.073200 66.575566 448.808164 0.002236 0.673219 -0.071262 0.735998
1261229793.528289 20.575087 66.570365 448.818095 0.006013 0.683172 -0.077800 0.726076
1261229794.178278 21.292340 66.556846 448.794772 0.007322 0.699414 -0.085616 0.709533
1261229794.828280 22.586476 66.509581 448.623095 0.006529 0.734506 -0.096283 0.671705
1261229795.428278 24.440399 66.426152 448.144868 -0.001247 0.779914 -0.102404 0.617451
1261229795.778282 25.745707 66.350045 447.651444 -0.003325 0.807462 -0.102651 0.580911
1261229796.528308 28.702144 66.172949 446.219687 0.003706 0.842778 -0.105525 0.527803
1261229797.528290 33.279884 65.863025 444.028556 0.009244 0.842987 -0.104099 0.527684
1261229797.878310 34.891636 65.742905 443.257177 0.010299 0.842582 -0.100017 0.529100
1261229798.828318 39.139605 65.458241 441.239848 0.008670 0.844331 -0.101953 0.525961
1261229799.278322 41.115036 65.307907 440.251820 0.008923 0.848318 -0.104379 0.519020
1261229800.078332 44.581022 65.023285 438.394024 0.006034 0.860328 -0.107027 0.498341
1261229800.428311 45.998517 64.888707 437.453131 0.008983 0.873697 -0.105419 0.474826
1261229800.778328 47.407387 64.737458 436.390501 0.006848 0.889862 -0.107460 0.443340
1261229801.028335 48.446348 64.604929 435.490081 0.008654 0.901893 -0.109511 0.417758
1261229801.278324 49.476312 64.460146 434.507570 0.007244 0.914177 -0.113024 0.389169
1261229801.478336 50.235048 64.338171 433.665788 0.008254 0.924122 -0.114758 0.364364
1261229801.678341 50.930929 64.216397 432.800904 0.007939 0.933729 -0.115447 0.338760
1261229802.135522 52.420814 63.922982 430.660573 0.008455 0.951713 -0.114659 0.284647
1261229802.428368 53.287087 63.730397 429.170957 0.008716 0.959531 -0.115635 0.256617
1261229802.728338 54.084246 63.532994 427.627460 0.008033 0.965572 -0.117389 0.232003
1261229803.278373 55.437282 63.167720 424.646772 0.012252 0.972246 -0.112786 0.204615
1261229803.828368 56.819036 62.797158 421.544032 0.015192 0.973530 -0.113475 0.197818
1261229804.278352 58.088089 62.450002 418.761251 0.013823 0.973501 -0.116695 0.196179
1261229804.528361 58.786660 62.246696 417.179901 0.014343 0.973474 -0.117213 0.195966
1261229804.828362 59.635240 61.998472 415.238616 0.015064 0.973928 -0.114099 0.195497
1261229805.578366 61.713097 61.398438 410.462784 0.018404 0.972507 -0.117081 0.200457
1261229805.928374 62.722729 61.107035 408.216227 0.018267 0.971406 -0.117358 0.205581
1261229806.528373 64.692916 60.572207 404.029633 0.016446 0.970460 -0.115560 0.211148
1261229806.728383 65.379250 60.385508 402.563817 0.016802 0.970395 -0.116191 0.211071
1261229807.028405 66.406839 60.108956 400.376864 0.016729 0.970514 -0.115093 0.211130
1261229807.578390 68.372423 59.583892 396.231310 0.016432 0.970236 -0.114486 0.212754
1261229807.778402 69.077439 59.401466 394.746415 0.016228 0.970121 -0.115001 0.213018
1261229808.078394 70.119268 59.124687 392.547772 0.016579 0.970089 -0.115144 0.213061
1261229808.328408 70.999003 58.884212 390.680713 0.016777 0.970132 -0.115633 0.212581
1261229808.578431 71.908808 58.631451 388.751636 0.016811 0.970343 -0.115110 0.211898
1261229808.778393 72.639921 58.429994 387.178460 0.018717 0.970887 -0.111483 0.211186
1261229808.978406 73.348135 58.238124 385.652075 0.020655 0.970852 -0.113059 0.210326
1261229809.478405 75.136809 57.761833 381.826340 0.017958 0.971170 -0.112056 0.209642
1261229809.778412 76.228259 57.487953 379.514923 0.014133 0.971488 -0.109227 0.209956
1261229810.028430 77.176669 57.231856 377.494150 0.015232 0.970761 -0.116522 0.209317
1261229810.278408 78.099426 56.972337 375.500978 0.015950 0.970947 -0.115864 0.208767
1261229810.528428 79.037475 56.711169 373.484546 0.015565 0.971202 -0.114637 0.208286
1261229811.128423 81.210319 56.123937 368.805956 0.014607 0.971151 -0.115424 0.208158
1261229811.378437 82.067473 55.891421 366.947241 0.014405 0.971246 -0.114209 0.208400
1261229811.728427 83.356537 55.535330 364.161383 0.014822 0.971001 -0.115594 0.208745
1261229812.028438 84.558575 55.193382 361.583295 0.014081 0.970899 -0.115743 0.209188
1261229812.278442 85.495250 54.936862 359.571905 0.014569 0.970877 -0.115712 0.209276
1261229812.528433 86.418437 54.684793 357.573889 0.017168 0.970835 -0.115487 0.209396
1261229812.728448 87.141616 54.486557 356.013912 0.018106 0.971006 -0.114258 0.209198
1261229812.978458 88.044872 54.244470 354.065697 0.018139 0.971173 -0.112807 0.209209
1261229813.228432 88.962334 53.996191 352.086422 0.018306 0.971188 -0.113337 0.208837
1261229813.478446 89.969521 53.715189 349.910105 0.018043 0.971285 -0.112597 0.208810
1261229813.678451 90.754769 53.501842 348.227990 0.017681 0.971241 -0.112797 0.208938
1261229813.928444 91.680131 53.259160 346.246441 0.016930 0.971154 -0.113677 0.208928
1261229814.178456 92.613439 53.008735 344.238810 0.016395 0.971075 -0.113773 0.209285
1261229814.378465 93.397365 52.794732 342.559462 0.016409 0.970998 -0.113756 0.209650
1261229814.578460 94.185652 52.579209 340.882628 0.016786 0.970846 -0.114323 0.210015
1261229815.078459 96.170321 52.029991 336.630320 0.019992 0.970564 -0.115836 0.210209
1261229815.278476 96.969900 51.807203 334.941697 0.018494 0.970536 -0.115544 0.210634
1261229815.528462 97.958907 51.539708 332.852847 0.016185 0.970961 -0.112244 0.210652
1261229815.828475 99.095589 51.246972 330.422267 0.017090 0.970977 -0.111834 0.210723
1261229816.128460 100.208212 50.970040 328.062692 0.015364 0.971076 -0.110905 0.210891
1261229816.378471 101.144654 50.728825 326.076956 0.015215 0.970847 -0.113131 0.210774
1261229816.678483 102.252546 50.426364 323.698014 0.017211 0.970735 -0.115060 0.210094
1261229816.878473 103.014645 50.214700 322.059699 0.017417 0.970956 -0.113616 0.209838
1261229817.228482 104.364339 49.841428 319.171250 0.017228 0.970930 -0.114314 0.209594
1261229817.478497 105.328021 49.567191 317.098073 0.018616 0.970825 -0.115456 0.209339
1261229817.733574 106.246587 49.308814 315.117140 0.019105 0.971005 -0.114192 0.209150
1261229817.978489 107.221813 49.022751 313.009885 0.020242 0.970987 -0.114275 0.209083
1261229818.278509 108.369915 48.695862 310.533303 0.020276 0.971187 -0.112171 0.209291
1261229818.528488 109.257917 48.456565 308.632495 0.020327 0.971265 -0.111356 0.209359
1261229818.778513 110.138586 48.222405 306.745325 0.021482 0.971356 -0.110024 0.209527
1261229819.028517 111.023194 47.979010 304.836238 0.024704 0.971078 -0.111574 0.209640
1261229819.278493 111.892823 47.741367 302.964237 0.027848 0.970850 -0.111772 0.210197
1261229819.528525 112.756096 47.505408 301.128170 0.028886 0.970473 -0.113303 0.210976
1261229819.878497 113.993191 47.165297 298.543103 0.024652 0.970032 -0.115025 0.212603
1261229820.178514 115.126701 46.844479 296.188755 0.020276 0.969974 -0.115366 0.213145
1261229820.428520 116.088693 46.574534 294.160386 0.019441 0.969825 -0.115781 0.213675
1261229820.678504 117.007715 46.333513 292.244849 0.016759 0.970034 -0.113711 0.214061
1261229820.978525 118.073375 46.059763 290.002476 0.017324 0.970241 -0.112966 0.213473
1261229821.228532 118.972895 45.821831 288.103735 0.019060 0.970355 -0.112744 0.212926
1261229821.578518 120.237451 45.491348 285.445750 0.018014 0.970560 -0.112560 0.212179
1261229821.878538 121.319837 45.205373 283.170600 0.017030 0.970491 -0.113820 0.211900
1261229822.178521 122.425760 44.899745 280.832023 0.016887 0.970359 -0.115397 0.211664
1261229822.478535 123.503333 44.601202 278.543339 0.017733 0.970486 -0.114610 0.211442
1261229822.828550 124.758131 44.253892 275.862143 0.019094 0.970587 -0.114029 0.211171
1261229823.178534 126.023860 43.905153 273.153359 0.021960 0.970596 -0.112725 0.211551
1261229823.428548 126.927554 43.661496 271.241562 0.021989 0.970443 -0.112512 0.212362
1261229823.628533 127.648817 43.469850 269.735557 0.021076 0.970431 -0.111363 0.213116
1261229823.878547 128.596290 43.213917 267.773576 0.020150 0.970108 -0.113004 0.213808
1261229824.178559 129.744893 42.894991 265.390019 0.019102 0.969753 -0.114623 0.214652
1261229824.428543 130.698160 42.633317 263.398020 0.018327 0.969882 -0.114405 0.214254
1261229824.678561 131.615206 42.386560 261.463269 0.019393 0.970004 -0.114378 0.213622
1261229824.978561 132.661812 42.112209 259.256013 0.019541 0.970336 -0.112296 0.213205
1261229825.331675 133.857284 41.789849 256.721398 0.021108 0.970374 -0.113215 0.212394
1261229825.641697 134.838493 41.523177 254.625594 0.022636 0.970413 -0.113844 0.211722
1261229826.028562 136.159603 41.158255 251.798058 0.024130 0.970500 -0.114149 0.210990
1261229826.328575 137.179066 40.877390 249.624016 0.023372 0.970824 -0.111764 0.210863
1261229826.578605 138.085871 40.624796 247.691529 0.024996 0.970737 -0.110670 0.211651
1261229826.778562 138.896944 40.400378 246.021638 0.023163 0.970148 -0.110628 0.214565
1261229827.028589 139.844043 40.162710 244.100223 0.023724 0.968941 -0.110773 0.219819
1261229827.228589 140.537118 40.010690 242.749325 0.021089 0.967839 -0.112003 0.224274
1261229827.528578 141.655612 39.744344 240.602131 0.020649 0.966328 -0.112114 0.230680
1261229827.878590 143.099466 39.389357 237.910556 0.018422 0.964723 -0.112367 0.237369
1261229828.228573 144.483038 39.072681 235.403718 0.018698 0.963094 -0.113706 0.243252
1261229828.528592 145.675740 38.800956 233.303263 0.018811 0.961772 -0.114520 0.248044
1261229828.878577 147.109370 38.471742 230.826034 0.018654 0.960447 -0.114806 0.253008
1261229829.528615 149.844587 37.844987 226.153684 0.017278 0.960502 -0.114509 0.253031
1261229829.778592 150.889677 37.608061 224.336165 0.016959 0.961234 -0.112768 0.251047
1261229830.128609 152.363149 37.270649 221.739760 0.017045 0.962146 -0.112423 0.247681
1261229830.478602 153.799374 36.935518 219.148490 0.018768 0.963255 -0.113193 0.242848
1261229830.778616 154.973305 36.660760 216.976556 0.019153 0.964554 -0.113171 0.237615
1261229831.028625 155.944474 36.429104 215.128711 0.019329 0.966010 -0.110955 0.232681
1261229831.328606 157.139409 36.118165 212.770244 0.019108 0.967358 -0.114914 0.225053
1261229831.678630 158.490620 35.748494 209.978666 0.017536 0.969518 -0.115188 0.215543
1261229831.928607 159.393871 35.499545 208.049822 0.016497 0.970672 -0.115948 0.209951
1261229832.278643 160.646760 35.148030 205.327278 0.014070 0.971526 -0.116784 0.205669
1261229832.559555 161.553273 34.887441 203.317480 0.014770 0.972050 -0.114463 0.204450
1261229832.678618 162.075502 34.739698 202.165080 0.014334 0.972195 -0.114219 0.203924
1261229832.831692 162.591431 34.594716 201.023087 0.013912 0.972141 -0.115261 0.203625
1261229833.128647 163.700091 34.269515 198.550885 0.014531 0.972277 -0.115826 0.202609
1261229833.428632 164.888421 33.902216 195.880358 0.015218 0.972722 -0.113922 0.201499
1261229833.728645 166.021666 33.575762 193.325162 0.015551 0.972987 -0.113495 0.200434
1261229834.028661 167.104147 33.275616 190.867643 0.016853 0.973293 -0.113441 0.198867
1261229834.328636 168.133105 32.992594 188.509869 0.018199 0.973400 -0.113912 0.197953
1261229834.628653 169.182633 32.696953 186.099576 0.017940 0.973685 -0.113092 0.197041
1261229834.978638 170.429525 32.330529 183.213629 0.017686 0.974005 -0.112816 0.195635
1261229835.302120 171.445303 32.030410 180.824143 0.016574 0.974764 -0.113489 0.191521
1261229835.578669 172.436193 31.716290 178.405321 0.016815 0.975647 -0.114289 0.186461
1261229835.928662 173.505099 31.373714 175.710060 0.016581 0.976895 -0.112521 0.180943
1261229836.278678 174.499536 31.045759 173.125271 0.016374 0.977881 -0.112208 0.175753
1261229836.678665 175.504072 30.713952 170.413549 0.017509 0.979016 -0.110814 0.170124
1261229837.078688 176.404390 30.407289 167.913225 0.018543 0.979566 -0.111943 0.166058
1261229837.528673 177.319501 30.090021 165.367609 0.019213 0.979566 -0.112211 0.165799
1261229837.878661 177.957646 29.871697 163.607683 0.020743 0.979260 -0.111151 0.168125
1261229838.228677 178.547941 29.677394 162.059400 0.020773 0.978334 -0.110916 0.173575
1261229838.528703 179.025848 29.525830 160.851648 0.021807 0.977155 -0.111700 0.179490
1261229838.878684 179.571187 29.353677 159.543434 0.021415 0.975736 -0.112431 0.186654
1261229839.278695 180.179007 29.167426 158.156389 0.021403 0.973991 -0.112807 0.195339
1261229839.728696 180.794925 28.992692 156.826919 0.020630 0.972348 -0.112689 0.203507
1261229841.628700 182.288314 28.601278 153.823725 0.018718 0.968551 -0.111404 0.221695
1261229843.528734 182.318581 28.587741 153.763961 0.019335 0.968296 -0.112882 0.222006
1261229845.178757 182.317039 28.587933 153.765592 0.019297 0.968302 -0.112779 0.222037
1261229846.028768 182.314541 28.587131 153.769001 0.019079 0.968304 -0.112810 0.222032
1261229848.428782 182.313061 28.586401 153.771484 0.018906 0.968330 -0.112746 0.221963
1261229850.428809 182.312789 28.585659 153.770796 0.018646 0.968340 -0.112765 0.221934
1261229851.728809 182.312495 28.585307 153.769477 0.018466 0.968343 -0.112754 0.221940
1261229854.528827 182.308181 28.586709 153.780779 0.018366 0.968342 -0.112700 0.221982
1261229856.878854 182.307391 28.583354 153.785927 0.018145 0.968335 -0.112668 0.222046
1261229858.828896 182.307301 28.580722 153.784602 0.018255 0.968314 -0.112635 0.222143
1261229862.528920 182.307460 28.579474 153.783427 0.018176 0.968288 -0.112603 0.222282
1261229864.378925 182.308155 28.578868 153.781622 0.018150 0.968268 -0.112630 0.222355
1261229865.728932 182.306447 28.579020 153.784028 0.017884 0.968250 -0.112614 0.222466
1261229866.484536 182.305187 28.579016 153.785333 0.017905 0.968231 -0.112582 0.222561
1261229867.928948 182.305556 28.578419 153.784776 0.017889 0.968224 -0.112560 0.222602
1261229868.628954 182.303097 28.578254 153.793997 0.017802 0.968197 -0.112589 0.222713
1261229868.978970 182.304278 28.574703 153.792392 0.017741 0.968203 -0.112581 0.222696
1261229871.529015 182.304086 28.573513 153.791689 0.017673 0.968223 -0.112523 0.222646
1261229872.179009 182.303080 28.574274 153.791184 0.017566 0.968226 -0.112644 0.222579
1261229878.129124 182.305235 28.571383 153.790997 0.017726 0.968148 -0.112759 0.222847
1261229879.887147 182.305058 28.570812 153.790143 0.017755 0.968097 -0.112716 0.223090
1261229881.379067 182.305073 28.570539 153.788746 0.017953 0.968072 -0.112688 0.223193
1261229882.229082 182.301468 28.571873 153.794604 0.018056 0.967987 -0.113077 0.223358
1261229882.929092 182.296093 28.574927 153.802074 0.017845 0.967721 -0.114126 0.223992
1261229883.179101 182.300084 28.579673 153.791461 0.020072 0.967268 -0.115758 0.224923
1261229883.729095 182.467298 28.539073 153.475837 0.020540 0.966510 -0.117540 0.227201
1261229884.179115 182.774382 28.464377 152.895721 0.021052 0.965548 -0.119066 0.230426
1261229884.529108 183.126548 28.375307 152.221345 0.020797 0.965320 -0.120421 0.230701
1261229884.979134 183.737478 28.224281 151.032506 0.018761 0.965726 -0.120101 0.229339
1261229885.379118 184.429092 28.044524 149.660165 0.020279 0.966074 -0.118547 0.228551
1261229885.729147 185.184901 27.847767 148.188085 0.018115 0.966326 -0.118148 0.227873
1261229885.979116 185.696110 27.713390 147.170652 0.018509 0.967284 -0.114138 0.225813
1261229886.229126 186.213415 27.577299 146.121223 0.019914 0.967923 -0.113601 0.223211
1261229886.679119 187.145172 27.328939 144.214318 0.020221 0.969176 -0.113921 0.217512
1261229887.179159 188.070110 27.074509 142.143184 0.020861 0.972355 -0.113752 0.202856
1261229888.329145 189.429650 26.429841 137.009185 -0.010784 0.989565 -0.127488 0.066272
1261229888.879135 189.265351 26.055503 134.486728 -0.020116 0.990331 -0.131815 -0.038261
1261229889.129157 188.983700 25.889711 133.392550 -0.017156 0.987544 -0.128883 -0.088614
1261229889.529183 188.321449 25.645862 131.785420 -0.016286 0.976692 -0.126151 -0.172900
1261229889.929167 187.348540 25.421079 130.346514 -0.010730 0.957052 -0.129575 -0.259126
1261229890.129178 186.764363 25.316312 129.637932 -0.010970 0.945206 -0.122663 -0.302355
1261229890.479157 185.527573 25.136219 128.492680 -0.004045 0.918816 -0.122589 -0.375144
1261229890.629164 184.920603 25.069605 128.023086 -0.005598 0.905669 -0.123109 -0.405681
1261229891.029176 183.055031 24.873626 126.853275 0.003206 0.873855 -0.124274 -0.470024
1261229891.279167 181.733909 24.747393 126.140514 0.004873 0.857443 -0.124933 -0.499159
1261229891.829203 178.445141 24.474274 124.577764 -0.011456 -0.835516 0.122036 0.535620
1261229892.079177 176.774145 24.347166 123.834462 -0.012882 -0.830671 0.121253 0.543247
1261229892.779215 171.857571 23.987856 121.627625 -0.011029 -0.829331 0.120944 0.545400
1261229893.279219 168.034149 23.693412 119.880409 -0.008016 -0.830724 0.121723 0.543155
1261229893.479193 166.406270 23.561277 119.135306 -0.008459 -0.831424 0.122132 0.541984
1261229893.879210 163.091733 23.277328 117.600549 -0.007022 -0.832811 0.124945 0.539226
1261229894.029217 161.808389 23.163830 117.000150 -0.008390 -0.833989 0.122157 0.538024
1261229894.229199 160.114384 23.018498 116.198897 -0.004911 -0.834434 0.126788 0.536303
1261229894.429204 158.390940 22.854935 115.378318 -0.003984 -0.834801 0.128854 0.535246
1261229894.579217 157.111930 22.727237 114.767380 -0.002340 -0.834728 0.131358 0.534760
1261229894.879195 154.521687 22.456590 113.525635 -0.001594 -0.835551 0.130647 0.533652
1261229895.079208 152.716656 22.260904 112.659851 -0.001282 -0.835805 0.130446 0.533304
1261229895.486474 149.015276 21.847925 110.895400 -0.002948 -0.835815 0.132773 0.532705
1261229895.679209 147.138280 21.631781 109.990783 -0.003340 -0.836467 0.132684 0.531702
1261229895.879221 145.284103 21.415824 109.086648 -0.002769 -0.837209 0.132852 0.530493
1261229896.079233 143.481875 21.202257 108.199573 -0.001923 -0.838100 0.133593 0.528902
1261229896.497846 139.889579 20.771122 106.416936 -0.003688 -0.839880 0.133613 0.526057
1261229896.679237 138.099245 20.558760 105.521788 -0.003531 -0.840287 0.132990 0.525566
1261229897.079252 134.654848 20.147823 103.802697 -0.002387 -0.840078 0.134303 0.525571
1261229897.279228 132.944659 19.941211 102.947960 -0.001880 -0.840112 0.134105 0.525570
1261229897.479238 131.215985 19.728414 102.080108 0.000304 -0.840162 0.133520 0.525643
1261229897.629244 129.900604 19.564677 101.423548 0.001449 -0.839943 0.135110 0.525584
1261229897.779253 128.600937 19.404033 100.771733 0.001335 -0.840103 0.133400 0.525766
1261229898.179242 125.196136 18.988942 99.077065 0.001259 -0.840024 0.132723 0.526063
1261229898.429260 123.053392 18.732957 98.007784 0.000914 -0.840110 0.131482 0.526239
1261229898.679236 120.895325 18.468390 96.932269 0.001692 -0.839801 0.132940 0.526364
1261229898.929259 118.762646 18.207111 95.871532 0.001001 -0.839796 0.132857 0.526395
1261229899.129254 117.074752 18.001812 95.031778 0.001125 -0.839897 0.132828 0.526241
1261229899.395522 115.008487 17.751323 94.000251 0.001226 -0.840563 0.133130 0.525099
1261229899.579253 113.409408 17.557256 93.191612 0.001589 -0.841148 0.132882 0.524223
1261229899.796735 111.841790 17.364252 92.399739 0.001511 -0.841522 0.134134 0.523304
1261229899.929266 110.702098 17.226636 91.820066 0.000692 -0.841793 0.134181 0.522856
1261229900.079279 109.534594 17.082683 91.226129 0.000514 -0.841992 0.132727 0.522909
1261229900.229246 108.360721 16.936675 90.622436 0.001796 -0.842328 0.131159 0.522760
1261229900.679273 104.696631 16.481954 88.755445 0.000420 -0.842582 0.129879 0.522672
1261229900.929256 102.657862 16.232455 87.714842 -0.001921 -0.843057 0.133477 0.520994
1261229901.429281 98.675893 15.732680 85.613344 -0.001666 -0.846185 0.134942 0.515518
1261229901.679263 96.715900 15.479525 84.545746 -0.000512 -0.848095 0.135662 0.512182
1261229901.929279 94.780248 15.224357 83.472456 0.000889 -0.849621 0.135983 0.509561
1261229902.179295 92.833958 14.964683 82.384704 0.001776 -0.850813 0.134327 0.508006
1261229902.387144 91.281444 14.762401 81.509928 0.003327 -0.851287 0.132808 0.507603
1261229902.579283 89.794781 14.578271 80.676107 0.003946 -0.851165 0.132473 0.507891
1261229902.829289 87.897986 14.340399 79.626126 0.004523 -0.850869 0.133545 0.508101
1261229903.029287 86.341004 14.138259 78.764702 0.005961 -0.850088 0.135913 0.508766
1261229903.229276 84.731826 13.920861 77.883439 0.007133 -0.849170 0.136411 0.510148
1261229903.679302 81.013334 13.437633 75.898551 0.007363 -0.846495 0.131206 0.515923
1261229903.879282 79.328662 13.222140 75.016479 0.011392 -0.844211 0.132494 0.519253
1261229904.129298 77.201631 12.951783 73.938422 0.011454 -0.841180 0.131127 0.524492
1261229904.329322 75.413781 12.725942 73.055365 0.011615 -0.838875 0.129964 0.528453
1261229904.579319 73.121880 12.446001 71.949324 0.012250 -0.835996 0.126757 0.533755
1261229904.779294 71.250525 12.231149 71.067623 0.011587 -0.834126 0.122902 0.537582
1261229905.056297 68.921163 11.970879 69.994289 0.012269 -0.831490 0.124436 0.541285
1261229905.229324 67.054115 11.763293 69.155229 0.010767 -0.830068 0.125098 0.543343
1261229905.479297 64.756322 11.506352 68.132270 0.009378 -0.828849 0.127732 0.544615
1261229905.729318 62.461105 11.239770 67.126756 0.006681 -0.827677 0.132393 0.545324
1261229905.929323 60.614811 11.018163 66.317806 0.004098 -0.827470 0.134193 0.545224
1261229906.129304 58.731404 10.794219 65.491141 0.000804 -0.827679 0.134108 0.544942
1261229906.333418 56.821368 10.574823 64.648638 -0.002906 -0.828281 0.133310 0.544215
1261229906.544965 54.929142 10.360501 63.799850 -0.003541 -0.828569 0.134436 0.543495
1261229906.779339 52.615825 10.103188 62.753433 -0.003653 -0.829571 0.131963 0.542572
1261229907.029317 50.379298 9.853056 61.724089 0.000123 -0.830128 0.131607 0.541818
1261229907.229329 48.618983 9.655942 60.912230 0.001327 -0.831173 0.129470 0.540729
1261229907.429337 46.862205 9.464397 60.100197 0.000999 -0.831882 0.127957 0.539999
1261229907.629312 45.114715 9.267100 59.282943 0.004063 -0.832145 0.129517 0.539206
1261229907.829325 43.379654 9.066268 58.476306 0.004058 -0.832802 0.128843 0.538352
1261229908.029342 41.653278 8.862293 57.665081 0.002666 -0.833707 0.126868 0.537428
1261229908.229354 39.938768 8.660991 56.857697 0.002320 -0.834036 0.127826 0.536693
1261229908.494768 37.827643 8.409317 55.861706 0.001423 -0.834357 0.129887 0.535702
1261229908.679344 36.175450 8.212199 55.076300 0.000528 -0.835007 0.128896 0.534930
1261229908.879348 34.630106 8.032816 54.342080 -0.000942 -0.835312 0.129136 0.534394
1261229909.079357 33.160965 7.868704 53.633393 -0.000467 -0.835995 0.127896 0.533624
1261229909.279340 31.712816 7.706420 52.932071 0.000113 -0.836514 0.128728 0.532610
1261229909.479348 30.280732 7.549653 52.227812 0.000589 -0.837336 0.125744 0.532031
1261229909.679361 28.835806 7.387515 51.517287 -0.000002 -0.838243 0.124110 0.530985
1261229909.929340 27.023682 7.186584 50.622156 0.000659 -0.838586 0.126462 0.529887
1261229910.179356 25.221167 6.978226 49.728392 0.000437 -0.838997 0.127114 0.529080
1261229910.429371 23.460812 6.768957 48.854694 0.000938 -0.839072 0.128991 0.528505
1261229910.679342 21.733471 6.563405 47.982200 0.003663 -0.839527 0.126591 0.528352
1261229910.929357 20.039783 6.353128 47.140288 0.004753 -0.839030 0.128844 0.528588
1261229911.529356 16.050071 5.866252 45.164098 0.003018 -0.839101 0.125741 0.529235
1261229911.729372 14.852896 5.737320 44.573133 0.000934 -0.838904 0.123556 0.530068
1261229911.929381 13.669018 5.611734 44.000823 -0.001943 -0.838317 0.125516 0.530534
1261229912.279362 11.623459 5.413837 43.003684 -0.007129 -0.838368 0.118912 0.531928
1261229913.129380 7.290126 5.026688 40.902786 -0.004880 -0.835434 0.112452 0.537941
1261229913.579389 5.416749 4.883389 40.059107 -0.001517 -0.829310 0.108397 0.548172
1261229914.529385 2.509534 4.708808 39.017680 -0.001724 -0.804249 0.101405 0.585574
1261229915.729414 -0.427266 4.592412 38.532208 0.006668 -0.746132 0.100898 0.658075
1261229916.079401 -1.499147 4.578536 38.569295 0.007674 -0.710324 0.092338 0.697750
1261229916.379420 -2.499623 4.587319 38.740000 0.005401 -0.670800 0.085394 0.736686
1261229916.779410 -3.951858 4.635756 39.212319 0.004579 -0.602850 0.073783 0.794422
1261229916.929413 -4.542857 4.666228 39.472955 0.004455 -0.573764 0.067533 0.816219
1261229917.229426 -5.792162 4.747926 40.195722 0.003170 -0.509434 0.058151 0.858537
1261229917.379404 -6.383623 4.808694 40.649758 0.002808 -0.474505 0.053915 0.878596
1261229917.729422 -7.688401 4.976637 41.946295 0.003006 -0.393405 0.042614 0.918372
1261229917.929445 -8.405770 5.091536 42.823991 0.001964 -0.351187 0.036939 0.935574
1261229918.229415 -9.447553 5.289754 44.326169 0.002100 -0.296189 0.029209 0.954680
1261229918.429430 -10.118070 5.432619 45.432435 0.002175 -0.265524 0.024844 0.963782
1261229918.929435 -11.747551 5.833587 48.623950 0.001821 -0.223766 0.023886 0.974349
1261229919.329444 -13.137532 6.189023 51.496526 0.002300 -0.215006 0.027058 0.976235
1261229919.529456 -13.877988 6.376123 53.017328 0.001690 -0.213165 0.027324 0.976632
1261229919.929440 -15.424665 6.775368 56.230861 -0.001386 -0.212240 0.027697 0.976824
1261229920.329461 -16.992703 7.186635 59.507414 -0.004686 -0.211928 0.026916 0.976903
1261229920.479441 -17.594047 7.342581 60.737172 -0.004269 -0.211916 0.027107 0.976903
1261229920.879461 -19.190687 7.772794 64.082428 -0.000587 -0.211926 0.027305 0.976904
1261229921.029469 -19.812003 7.940006 65.376450 0.001710 -0.212347 0.028086 0.976789
1261229921.179441 -20.450655 8.110037 66.701293 0.003439 -0.213023 0.029107 0.976608
1261229921.479457 -21.844948 8.472742 69.569415 0.004004 -0.215815 0.030525 0.975949
1261229921.629465 -22.591361 8.660496 71.080040 0.003641 -0.217488 0.031141 0.975559
1261229921.779473 -23.366403 8.852198 72.634820 0.003236 -0.218978 0.031105 0.975229
1261229921.929451 -24.162992 9.046908 74.218875 0.002675 -0.220274 0.030708 0.974951
1261229922.083629 -24.970439 9.247360 75.821806 0.001902 -0.221227 0.029869 0.974763
1261229922.379476 -26.650152 9.662918 79.148369 0.000153 -0.222447 0.028890 0.974517
1261229922.544842 -27.511810 9.876234 80.849987 -0.001797 -0.222845 0.029056 0.974419
1261229922.679456 -28.385865 10.093075 82.569896 -0.003039 -0.223188 0.029312 0.974330
1261229922.979471 -30.184268 10.527120 86.097589 -0.003027 -0.223866 0.029012 0.974183
1261229923.079637 -30.781154 10.667163 87.257809 -0.003385 -0.224094 0.028724 0.974138
1261229923.229491 -31.646733 10.878189 88.937631 -0.004351 -0.224485 0.027786 0.974072
1261229923.429470 -32.827291 11.160577 91.231732 -0.004123 -0.225226 0.027660 0.973905
1261229923.579471 -33.734525 11.387031 93.010217 -0.003800 -0.224705 0.028699 0.973997
1261229923.729482 -34.659245 11.610966 94.830717 -0.002186 -0.224117 0.031082 0.974064
1261229923.879490 -35.539591 11.816268 96.573580 -0.002300 -0.223881 0.032186 0.974082
1261229924.029498 -36.442990 12.031060 98.351266 -0.002743 -0.223791 0.033251 0.974066
1261229924.179474 -37.346138 12.244896 100.127863 -0.001709 -0.223563 0.035038 0.974058
1261229924.329482 -38.240551 12.452215 101.894634 -0.000022 -0.223563 0.036747 0.973997
1261229924.629489 -40.037160 12.857468 105.434407 -0.002128 -0.223890 0.037775 0.973880
1261229924.779502 -40.962227 13.074234 107.240915 -0.004091 -0.224087 0.037965 0.973821
1261229924.929475 -41.872534 13.295993 108.997280 -0.004382 -0.224269 0.036378 0.973838
1261229925.079485 -42.754821 13.510095 110.709497 -0.003548 -0.224523 0.035963 0.973798
1261229925.429501 -44.835794 14.004994 114.745887 -0.003513 -0.225877 0.032667 0.973602
1261229925.579509 -45.711950 14.221292 116.440134 -0.003866 -0.226429 0.031120 0.973523
1261229925.779493 -46.864880 14.511403 118.693917 -0.004822 -0.226504 0.032582 0.973453
1261229925.929500 -47.718139 14.722523 120.367759 -0.002914 -0.226137 0.034477 0.973481
1261229926.129507 -48.882512 15.003298 122.643897 -0.005172 -0.225927 0.033727 0.973546
1261229926.279517 -49.760422 15.214680 124.365476 -0.004993 -0.225814 0.034922 0.973532
1261229926.429495 -50.649618 15.427986 126.100465 -0.004142 -0.225485 0.034818 0.973615
1261229926.579498 -51.523444 15.633882 127.817200 -0.002483 -0.225452 0.035889 0.973590
1261229926.729515 -52.409055 15.838461 129.555647 -0.001667 -0.224945 0.036950 0.973669
1261229927.079522 -54.452685 16.320281 133.544019 -0.006356 -0.225384 0.036598 0.973562
1261229927.229497 -55.307205 16.526499 135.198435 -0.004853 -0.225523 0.036618 0.973537
1261229927.379513 -56.152527 16.727808 136.834088 -0.004257 -0.225974 0.036585 0.973437
1261229927.529520 -57.001228 16.924773 138.462000 -0.003356 -0.226520 0.034121 0.973403
1261229927.679525 -57.865201 17.112519 140.114415 -0.002925 -0.226590 0.033754 0.973401
1261229927.829523 -58.753546 17.316745 141.817490 -0.004137 -0.226398 0.032363 0.973488
1261229927.979512 -59.628520 17.525453 143.500845 -0.004847 -0.226328 0.030909 0.973548
1261229928.129514 -60.495095 17.734497 145.161886 -0.005064 -0.226192 0.029333 0.973628
1261229928.279527 -61.406835 17.922065 146.810069 -0.003138 -0.223885 0.028780 0.974186
1261229928.429547 -62.263178 18.145725 148.527554 -0.001976 -0.225082 0.028774 0.973913
1261229928.579547 -63.113170 18.352780 150.195492 -0.003364 -0.225295 0.028424 0.973870
1261229928.879525 -64.823882 18.773288 153.554891 -0.003401 -0.225072 0.026715 0.973970
1261229929.029537 -65.621753 18.977558 155.105809 -0.003971 -0.225374 0.026094 0.973915
1261229929.179541 -66.472115 19.190136 156.773259 -0.003396 -0.224793 0.025660 0.974063
1261229929.379524 -67.563579 19.470405 158.923953 -0.004333 -0.223987 0.025219 0.974256
1261229929.579527 -68.658004 19.748700 161.084897 -0.005621 -0.223585 0.025808 0.974326
1261229929.879545 -70.295727 20.175063 164.337671 -0.006513 -0.223054 0.026534 0.974423
1261229930.029553 -71.139766 20.387721 166.020674 -0.005388 -0.222716 0.027233 0.974488
1261229930.329535 -72.763764 20.798634 169.259357 -0.004780 -0.222089 0.027882 0.974616
1261229930.479547 -73.575677 20.998063 170.886242 -0.004388 -0.221763 0.028433 0.974676
1261229930.629560 -74.368584 21.191773 172.476318 -0.002823 -0.221211 0.029614 0.974772
1261229930.779560 -75.171418 21.383903 174.090349 -0.001904 -0.220837 0.030361 0.974836
1261229931.079545 -76.778603 21.774914 177.323103 -0.004998 -0.220421 0.030207 0.974924
1261229931.229547 -77.573404 21.977724 178.921046 -0.006493 -0.220386 0.029592 0.974942
1261229931.379557 -78.369716 22.182861 180.488685 -0.009150 -0.220340 0.029322 0.974939
1261229931.679543 -79.973509 22.588770 183.667678 -0.007299 -0.220533 0.028581 0.974933
1261229931.829544 -80.769750 22.785599 185.232328 -0.006975 -0.220633 0.028855 0.974905
1261229931.979555 -81.596173 22.982847 186.853198 -0.005531 -0.220872 0.029556 0.974839
1261229932.129568 -82.383759 23.166331 188.406538 -0.004201 -0.221489 0.029768 0.974699
1261229932.529553 -84.396972 23.662830 192.416363 -0.003624 -0.223356 0.029373 0.974287
1261229932.879574 -86.234347 24.123100 196.061212 -0.006569 -0.223989 0.030740 0.974085
1261229933.029578 -87.043188 24.327560 197.663240 -0.006102 -0.224543 0.030693 0.973962
1261229933.379567 -88.930688 24.795482 201.337422 -0.006398 -0.229028 0.031566 0.972887
1261229933.529570 -89.752257 24.996606 202.900587 -0.005883 -0.232208 0.032139 0.972117
1261229933.683289 -90.573638 25.192969 204.428696 -0.004389 -0.236077 0.032234 0.971190
1261229933.829588 -91.390382 25.382532 205.901747 -0.004519 -0.238762 0.033085 0.970504
1261229933.979563 -92.217736 25.571875 207.367962 -0.004556 -0.241410 0.032717 0.969861
1261229934.279586 -93.869805 25.950682 210.289112 -0.006398 -0.245894 0.031835 0.968753
1261229934.429591 -94.692326 26.143564 211.711333 -0.007536 -0.247346 0.031142 0.968397
1261229934.579593 -95.652889 26.361156 213.403982 -0.006281 -0.248240 0.030617 0.968194
1261229934.779575 -96.731847 26.608913 215.263757 -0.005252 -0.250580 0.029187 0.967641
1261229934.929580 -97.518911 26.790339 216.609216 -0.005423 -0.251610 0.026736 0.967444
1261229935.079590 -98.298548 26.969965 217.936339 -0.004936 -0.252332 0.024740 0.967312
1261229935.279604 -99.360922 27.210799 219.740019 -0.003499 -0.252754 0.022639 0.967259
1261229935.479578 -100.439125 27.453722 221.574945 -0.002146 -0.252812 0.020347 0.967299
1261229935.679581 -101.396622 27.667402 223.191078 -0.003510 -0.251395 0.017296 0.967724
1261229935.884353 -102.548527 27.933667 225.174166 -0.005076 -0.250774 0.014782 0.967919
1261229936.079613 -103.670344 28.198823 227.115921 -0.005952 -0.250298 0.012656 0.968068
1261229936.279589 -104.773595 28.468533 229.029451 -0.005851 -0.249763 0.011254 0.968224
1261229936.479593 -105.828561 28.730868 230.882571 -0.005475 -0.249189 0.010875 0.968378
1261229936.679610 -106.858457 28.986887 232.682313 -0.004826 -0.248778 0.009500 0.968502
1261229937.079598 -108.940732 29.493106 236.367067 -0.003240 -0.246927 0.006173 0.969009
1261229937.279605 -109.977860 29.756106 238.230369 -0.004000 -0.245267 0.006468 0.969426
1261229937.479625 -111.007538 30.022995 240.101670 -0.004152 -0.243474 0.007729 0.969868
