301.239 -0.0143948 -0.0256478 2.03778 -0.00159543 -0.00188752 0.000729126 0.999997
301.653 -0.0679824 -0.0687056 6.10391 -0.0022224 -0.00541616 0.00174251 0.999981
302.068 -0.148724 -0.118961 10.1603 -0.00033555 -0.00803821 0.00187388 0.999966
302.275 -0.195416 -0.145571 12.1886 -0.00233764 -0.00828331 0.000775739 0.999963
302.69 -0.290868 -0.19052 16.192 -0.00129848 -0.00785983 -0.000778028 0.999968
303.104 -0.365116 -0.237072 20.1741 -0.000960402 -0.00617879 0.00049137 0.99998
303.312 -0.400346 -0.259927 22.1412 -0.00154066 -0.00629087 4.08079e-05 0.999979
303.519 -0.441466 -0.276097 24.1041 -0.00544177 -0.00720127 -0.00111578 0.999959
303.934 -0.548268 -0.292233 28.0181 -0.0026339 -0.0122376 -0.00182398 0.99992
304.141 -0.615872 -0.299362 30.0244 -0.00300861 -0.0143822 -0.00138803 0.999891
304.555 -0.765112 -0.323229 34.0936 -0.000967707 -0.0166665 -0.000131828 0.999861
304.763 -0.855011 -0.339244 36.1757 0.00069781 -0.0158444 -0.00396497 0.999866
304.97 -0.936444 -0.359948 38.283 -0.00152121 -0.0146976 -0.00623765 0.999871
305.385 -1.07422 -0.387088 42.5739 -0.00363237 -0.013971 -0.00175512 0.999894
305.488 -1.11254 -0.394861 43.6429 -0.00309239 -0.0141743 -0.00169757 0.999893
305.696 -1.19401 -0.414165 45.7654 -0.00271399 -0.0156415 -0.00158133 0.999873
305.799 -1.2376 -0.424432 46.8195 -0.00234382 -0.0165 -0.00207679 0.999859
306.214 -1.42198 -0.472964 50.9876 0.000555131 -0.01974 -0.00247985 0.999802
306.317 -1.47248 -0.488255 52.0289 0.00143042 -0.0202492 -0.00317967 0.999789
306.525 -1.57413 -0.522158 54.0817 0.000396126 -0.0210925 -0.00457206 0.999767
306.732 -1.67477 -0.55507 56.1117 -0.00117887 -0.0210944 -0.00639429 0.999756
307.147 -1.851 -0.606083 60.0087 -0.00428832 -0.0185262 -0.00601126 0.999801
307.354 -1.9215 -0.627428 61.8371 -0.00381346 -0.0151651 -0.00613394 0.999859
307.561 -1.96878 -0.651078 63.5706 -0.00309154 -0.00946254 -0.0065275 0.999929
307.769 -1.98871 -0.670693 65.1795 -0.00295791 -0.000598439 -0.00529621 0.999981
307.976 -1.96558 -0.693372 66.6759 -0.00246252 0.0131508 -0.00498209 0.999898
308.184 -1.88264 -0.713557 68.0621 -0.000352783 0.0345792 -0.00532398 0.999388
308.391 -1.70923 -0.741164 69.3354 0.00108265 0.066106 -0.00573386 0.997796
308.807 -1.03548 -0.801727 71.6244 0.00167116 0.163933 -0.00295709 0.986466
309.015 -0.50909 -0.826245 72.6353 -0.00194573 0.227569 -0.00136767 0.973759
309.223 0.152814 -0.837781 73.5549 -0.00204612 0.298037 0.000521683 0.954552
309.431 0.936343 -0.84136 74.3629 -0.00113764 0.368304 0.00230841 0.929702
309.847 2.78514 -0.851264 75.5355 -0.000164075 0.499825 0.00828129 0.866087
310.262 4.92922 -0.869674 76.2263 -0.00504657 0.604855 0.0131883 0.79621
310.675 7.29343 -0.839464 76.5265 -0.0101518 0.675419 0.0127905 0.737254
311.089 9.85419 -0.768267 76.4885 -0.0171918 0.727931 0.00756842 0.685393
311.504 12.5869 -0.691121 76.0442 -0.0154366 0.772254 0.00547442 0.635102
311.711 14.0189 -0.65745 75.6753 -0.0133148 0.790663 0.0060912 0.612076
312.125 16.9972 -0.597319 74.6302 -0.00352713 0.820307 0.0128436 0.571768
312.332 18.5554 -0.562729 73.9796 -0.00214553 0.831323 0.017075 0.555523
312.747 21.7967 -0.481146 72.4773 -0.00352492 0.850359 0.0126998 0.526038
312.954 23.4874 -0.442109 71.584 -0.00100218 0.858119 0.0151554 0.513227
313.058 24.3331 -0.422236 71.1099 0.00220608 0.861068 0.0146744 0.508273
313.161 25.177 -0.404618 70.6293 0.00493804 0.863556 0.0126127 0.504071
313.368 26.9181 -0.382298 69.6157 0.00840387 0.867717 0.0108478 0.496869
313.782 30.5402 -0.35047 67.4558 0.0069671 0.871486 0.013279 0.490191
314.093 33.3126 -0.325352 65.7641 0.00730762 0.873533 0.0129826 0.486536
314.197 34.2382 -0.316662 65.1987 0.00574794 0.874279 0.0116309 0.485251
314.404 36.1037 -0.305157 64.0432 0.00354088 0.875534 0.0115038 0.483006
314.611 37.9796 -0.290899 62.8634 0.00229155 0.877001 0.0108854 0.48036
315.026 41.7566 -0.257537 60.4483 -0.000125942 0.87948 0.0106375 0.475817
315.44 45.5594 -0.215071 57.9671 -0.00309263 0.882039 0.00956806 0.471069
315.648 47.4413 -0.200341 56.7164 -0.00386479 0.883286 0.00963386 0.46872
315.959 50.23 -0.173143 54.8355 -0.00535817 0.88457 0.0109694 0.466248
316.063 51.1469 -0.162156 54.2155 -0.00600236 0.884996 0.0111121 0.465427
316.166 52.0708 -0.148952 53.5877 -0.00649777 0.885358 0.0113707 0.464725
316.373 53.8991 -0.121092 52.3331 -0.00652615 0.88603 0.0134586 0.463387
316.995 59.2891 -0.0247067 48.5984 -0.00515595 0.887517 0.0130175 0.460562
317.099 60.1763 -0.00783241 47.973 -0.00510661 0.887473 0.0141669 0.460613
317.514 63.6872 0.0615731 45.5314 -0.00516254 0.887429 0.0151576 0.460666
317.72 65.4261 0.0969517 44.3276 -0.00582111 0.887523 0.0148139 0.460488
317.928 67.1494 0.129655 43.1294 -0.00497367 0.887632 0.0150726 0.46028
318.238 69.7021 0.181376 41.3453 -0.00447611 0.888089 0.0148125 0.45941
318.446 71.3889 0.20819 40.1585 -0.00367029 0.889019 0.0127871 0.457676
318.86 74.6573 0.237698 37.8138 -0.00110999 0.89146 0.0132589 0.452904
319.068 76.2045 0.251038 36.6806 -0.000749808 0.892793 0.0149098 0.450219
319.482 79.0849 0.278995 34.5202 0.000586906 0.895959 0.0155565 0.443864
319.69 80.4143 0.289843 33.5003 0.00408738 0.895889 0.0159174 0.443973
320.104 82.9418 0.314946 31.6222 0.00774449 0.891226 0.0203959 0.453034
320.311 84.1399 0.330478 30.7927 0.00957734 0.885986 0.0202742 0.46317
320.725 86.3911 0.357178 29.4036 0.0105922 0.868835 0.0243888 0.494387
320.932 87.418 0.36294 28.8895 0.0127703 0.851283 0.0267566 0.523868
321.139 88.4022 0.364703 28.527 0.0131464 0.82521 0.0267612 0.564039
321.345 89.38 0.365258 28.3081 0.0121455 0.790098 0.0257932 0.612317
321.759 91.3477 0.372853 28.2829 0.0126622 0.694912 0.0279784 0.718439
322.172 93.2055 0.389544 28.8509 0.00758842 0.581543 0.026391 0.813052
322.379 94.0524 0.396628 29.3587 0.000775268 0.523614 0.0233221 0.851636
322.691 95.2623 0.398972 30.3053 0.000570338 0.447626 0.0198646 0.894
323.106 96.7634 0.413112 31.8674 -0.000504259 0.381745 0.00625555 0.924247
323.314 97.5378 0.408412 32.7345 -0.00258302 0.360967 0.00956975 0.932526
323.73 99.0838 0.412994 34.6481 -0.00046276 0.335469 0.00596652 0.942032
323.938 99.9044 0.415687 35.6813 0.00106868 0.328989 0.00870057 0.944293
324.145 100.751 0.40896 36.7765 0.0021732 0.326729 0.00867261 0.945076
324.664 103.028 0.389242 39.7899 0.00606686 0.313846 0.0135378 0.949358
324.871 103.983 0.375181 41.1182 0.00738843 0.308465 0.0133905 0.951113
325.078 104.968 0.359888 42.5105 0.00906526 0.305413 0.0133999 0.952082
325.493 107.073 0.329376 45.5007 0.00630091 0.29987 0.0200673 0.953748
325.908 109.256 0.322374 48.7587 -0.0014242 0.297345 0.0106231 0.95471
326.011 109.807 0.32399 49.5703 0.00138977 0.297633 0.0101236 0.954626
326.219 110.957 0.315646 51.241 0.00414211 0.297704 0.0117651 0.954577
326.841 114.495 0.258365 56.4192 0.00467989 0.297538 0.0106709 0.954639
326.944 115.11 0.246849 57.3112 0.00610401 0.296748 0.0119761 0.954861
327.359 117.501 0.17722 60.8503 0.00274758 0.294355 0.011089 0.955628
327.773 119.89 0.117711 64.3704 0.00397624 0.295206 0.0146634 0.955313
327.877 120.489 0.105025 65.2484 0.00154518 0.295621 0.0164588 0.955162
328.188 122.251 0.0754611 67.8618 0.00377745 0.296932 0.0113894 0.954823
328.292 122.846 0.0643883 68.743 0.00364375 0.297594 0.00993377 0.954634
328.603 124.641 0.0400133 71.3774 1.90522e-05 0.298551 0.00934278 0.954348
328.81 125.847 0.0269522 73.1258 0.00332542 0.298975 0.0107383 0.954195
329.224 128.341 0.00820596 76.7132 0.00156067 0.299581 0.0168563 0.953921
329.432 129.615 0.00778204 78.5343 0.00133728 0.299794 0.0196306 0.953801
329.639 130.888 0.00318165 80.3595 0.00384904 0.299386 0.0211105 0.953891
330.053 133.457 -0.0302374 84.0885 0.00391806 0.298865 0.0204555 0.954068
330.261 134.754 -0.0349462 85.9804 0.000298702 0.299301 0.0209485 0.953929
330.675 137.421 -0.0354267 89.8209 0.00333683 0.300707 0.0211756 0.953476
330.882 138.767 -0.0479237 91.7617 0.00435095 0.300416 0.0206911 0.953574
331.297 141.451 -0.0986588 95.6457 0.00408664 0.298525 0.0211912 0.954158
331.4 142.112 -0.107195 96.6002 0.00233325 0.297604 0.02194 0.954434
331.608 143.43 -0.131007 98.5395 0.00667255 0.296724 0.0183177 0.954764
332.022 146.031 -0.218646 102.384 0.00512627 0.294643 0.0178869 0.955426
332.229 147.321 -0.23828 104.299 0.000910592 0.294439 0.0188981 0.955483
332.643 149.896 -0.264905 108.102 0.00382891 0.295981 0.0179912 0.955017
332.851 151.188 -0.294935 110.001 0.00928762 0.296493 0.0146805 0.954877
333.265 153.752 -0.3415 113.78 -0.00630608 0.298613 0.0138381 0.954253
333.473 155.031 -0.338991 115.63 -0.000750283 0.299145 0.0148117 0.954092
333.887 157.58 -0.405002 119.286 0.00261726 0.298733 0.0196445 0.954131
334.094 158.837 -0.403119 121.12 -0.0055859 0.298802 0.0200244 0.954089
334.613 161.917 -0.391237 125.625 0.0025023 0.299349 0.0129542 0.954053
334.82 163.15 -0.420496 127.397 0.00620188 0.30134 0.0126019 0.953413
335.235 165.583 -0.447427 130.899 -0.00853131 0.302192 0.0127968 0.953123
335.338 166.17 -0.444006 131.759 -0.00783187 0.301941 0.0094591 0.953247
335.442 166.739 -0.443526 132.592 -0.00460439 0.30151 0.00678419 0.953428
335.546 167.308 -0.449037 133.411 0.000448398 0.300607 0.0069249 0.953723
335.649 167.873 -0.462749 134.223 0.00326208 0.299661 0.00717695 0.954013
335.753 168.435 -0.478292 135.031 0.00434723 0.298768 0.00915448 0.954272
336.064 170.041 -0.52622 137.354 0.00158721 0.296355 0.0147147 0.954963
336.271 171.038 -0.552295 138.822 0.0068221 0.295422 0.0138131 0.955243
336.686 172.909 -0.628212 141.628 0.00442494 0.293079 0.00862218 0.956039
336.893 173.771 -0.653638 142.959 -0.00328793 0.291498 0.00582324 0.956548
337.1 174.59 -0.675903 144.201 -0.00364178 0.289159 0.00619577 0.957254
337.308 175.349 -0.685091 145.365 0.00062698 0.28665 0.00538231 0.95802
337.826 177.011 -0.721921 147.969 -0.0084973 0.286751 0.000117323 0.957967
338.241 178.202 -0.732425 149.72 -0.00604811 0.306239 -0.00604477 0.951916
338.76 179.75 -0.754424 151.43 -0.00333048 0.372519 -0.000205691 0.928019
339.176 181.101 -0.768934 152.409 0.00312851 0.447179 0.00951064 0.894388
339.591 182.564 -0.777338 153.109 0.00279137 0.526536 0.0161692 0.849994
339.798 183.381 -0.770388 153.357 0.00311717 0.571455 0.0183223 0.820423
340.213 185.206 -0.757893 153.61 -0.000299673 0.66091 0.0168316 0.750276
340.628 187.173 -0.737711 153.462 0.00338361 0.740747 0.0104908 0.671693
340.836 188.213 -0.731067 153.231 0.00053051 0.774576 0.010744 0.632389
341.249 190.322 -0.707458 152.439 -0.000681927 0.82851 0.0121489 0.559842
341.457 191.384 -0.692335 151.91 0.00326599 0.847098 0.00930628 0.531345
341.87 193.629 -0.669853 150.589 0.00965066 0.870278 0.0123366 0.492312
342.077 194.812 -0.6488 149.828 0.0110466 0.87689 0.0142667 0.480352
342.284 196.054 -0.629625 148.999 0.0123528 0.880914 0.0178187 0.472779
342.698 198.686 -0.586936 147.168 0.0191744 0.887711 0.0119151 0.459847
342.905 200.092 -0.582595 146.151 0.0242201 0.889007 0.0107957 0.457125
343.112 201.584 -0.581657 145.089 0.0203292 0.889519 0.0145965 0.456212
343.526 204.723 -0.540326 142.861 0.0181666 0.889402 0.0164438 0.456468
343.941 207.941 -0.535302 140.558 0.0207722 0.88887 0.0172843 0.457362
344.148 209.588 -0.521594 139.396 0.0192695 0.887354 0.0231781 0.460102
344.355 211.25 -0.503469 138.251 0.0185897 0.885909 0.0212365 0.463
344.77 214.576 -0.483841 135.988 0.0192804 0.88305 0.022949 0.46832
345.184 217.843 -0.456556 133.807 0.0216246 0.882226 0.0191179 0.46994
345.495 220.276 -0.464211 132.167 0.0249141 0.882519 0.0179048 0.469274
345.599 221.099 -0.46792 131.607 0.0246953 0.882662 0.0222131 0.468833
346.013 224.296 -0.462414 129.428 0.0274477 0.883594 0.0220232 0.466929
346.428 227.456 -0.454729 127.27 0.0283111 0.882841 0.0270536 0.468037
346.842 230.564 -0.43198 125.192 0.0245951 0.881829 0.0279241 0.470098
347.05 232.059 -0.41371 124.197 0.0254392 0.881528 0.026584 0.470697
347.464 234.858 -0.402936 122.33 0.0257478 0.881246 0.0258599 0.471246
347.983 237.897 -0.378928 120.286 0.0230926 0.883627 0.0297872 0.466671
348.19 238.936 -0.372538 119.549 0.0221735 0.885557 0.0308417 0.462975
348.708 241.039 -0.34003 117.981 0.0260001 0.894019 0.027863 0.446405
349.331 243.098 -0.3064 116.109 0.022048 0.922695 0.0262326 0.384004
349.538 243.686 -0.281045 115.427 0.0200501 0.935939 0.0230841 0.350832
349.953 244.627 -0.251955 113.913 0.0123416 0.962573 0.0174662 0.270177
350.368 245.273 -0.207871 112.165 0.00978507 0.984037 0.0154251 0.177021
350.575 245.489 -0.1846 111.167 0.00658507 0.991646 0.0184271 0.127493
350.99 245.707 -0.16313 109.235 0.000726621 0.999675 0.0137494 0.0214406
351.198 245.575 -0.136899 108.183 0.00313148 0.999502 0.00655087 -0.030695
351.612 245.143 -0.124107 106.219 0.0119026 0.992426 0.00562816 -0.122134
351.819 244.85 -0.127053 105.305 0.0114195 0.986638 0.00692517 -0.162378
352.026 244.438 -0.129457 104.352 0.013126 0.980024 0.00617857 -0.198348
352.44 243.433 -0.140576 102.53 0.0133237 0.965969 -0.00321627 -0.258296
352.647 242.846 -0.137931 101.637 0.0133388 0.959595 -0.0033684 -0.281047
353.371 240.64 -0.130423 98.5473 0.0263327 0.9533 0.0028711 -0.300863
353.991 238.987 -0.118351 95.8039 0.0306782 0.968079 0.00115917 -0.248758
354.197 238.58 -0.124501 94.8513 0.0283273 0.976103 0.00310823 -0.215431
354.611 238.083 -0.138851 92.9151 0.0144113 0.992212 2.63859e-05 -0.123725
355.231 238.21 -0.138698 89.962 -0.0097628 0.998044 0.0140332 0.0601406
355.438 238.503 -0.108686 89.0262 -0.0146215 0.991933 0.0200983 0.124306
355.541 238.694 -0.0938474 88.5855 -0.0155098 0.987294 0.0198519 0.156892
355.748 239.136 -0.0572532 87.7191 -0.00685262 0.974703 0.0164446 0.222793
355.955 239.706 -0.0192463 86.898 -0.00146785 0.958126 0.0164126 0.285871
356.163 240.409 0.00684314 86.1346 -0.00549248 0.940762 0.017201 0.338586
356.578 241.969 0.0551115 84.8037 -0.00481891 0.909769 0.0125461 0.414896
356.786 242.839 0.0745991 84.1693 -0.00842292 0.900129 0.00821646 0.435464
357.306 245.275 0.11571 82.4364 -0.00849964 0.89005 0.00499267 0.455756
357.721 247.474 0.152878 80.8286 -0.00620972 0.890329 0.00584985 0.455238
357.929 248.711 0.174699 79.9149 -0.0031551 0.890582 0.00527293 0.454781
358.344 251.342 0.214997 78.0181 0.000409586 0.890899 0.00665634 0.454152
358.551 252.732 0.242345 77.0102 0.00447478 0.890359 0.00762726 0.455172
358.759 254.14 0.258451 76.0192 0.00461493 0.889634 0.0095656 0.456552
359.173 257.245 0.265555 73.8556 0.00545575 0.886986 0.00539335 0.461732
359.588 260.587 0.292157 71.5353 0.00543875 0.885432 0.0137653 0.464532
359.795 262.302 0.318566 70.3903 0.00504256 0.885435 0.0114447 0.464595
360.21 265.885 0.341849 67.9615 0.00141803 0.885948 0.0077665 0.463717
360.521 268.572 0.338061 66.122 0.00154428 0.886528 0.00767058 0.462608
360.832 271.266 0.338624 64.2244 0.00694272 0.886329 0.0117904 0.462853
361.039 273.036 0.340696 62.995 0.00922044 0.885438 0.0140127 0.464456
361.454 276.574 0.359069 60.6315 0.0032488 0.88303 0.0120792 0.46915
361.661 278.267 0.351968 59.5338 0.00196947 0.882507 0.00902631 0.470209
362.075 281.734 0.361382 57.2817 -0.00653891 0.88165 0.00936273 0.471766
362.283 283.329 0.368436 56.2634 -0.0101203 0.881402 0.00690356 0.472207
362.697 286.437 0.382111 54.2427 -0.0147335 0.88149 0.00551464 0.47194
362.904 287.882 0.390424 53.2951 -0.0159607 0.881523 0.00582423 0.471836
363.112 289.243 0.400617 52.3971 -0.01414 0.881462 0.00560356 0.47201
363.319 290.523 0.409464 51.5608 -0.0145438 0.881438 0.00597974 0.472039
364.045 294.152 0.427453 49.1303 -0.0173395 0.886896 0.00941521 0.461548
364.874 296.575 0.437404 47.2495 -0.00871045 0.902769 0.00353505 0.430023
365.289 297.317 0.431057 46.5853 -0.00565054 0.912022 0.00110016 0.410102
365.6 297.809 0.426275 46.079 -0.00343119 0.921762 -0.0024231 0.387733
365.911 298.232 0.419006 45.5664 -0.00269571 0.933099 0.000487209 0.35961
366.222 298.626 0.411271 45.0141 -0.00235817 0.945733 -0.00128539 0.324934
366.533 299.012 0.400435 44.302 0.00435997 0.960594 -0.000982945 0.277918
366.948 299.525 0.40624 43.0374 -0.00068437 0.981506 0.00817229 0.191254
367.363 299.785 0.411857 41.4516 0.00152307 0.99666 0.0109965 0.0809087
367.571 299.795 0.433783 40.561 0.000443257 0.999853 0.00609448 0.0160351
367.985 299.35 0.452826 38.5674 0.00382506 0.993407 0.0074959 -0.114329
368.4 298.364 0.481482 36.4068 0.00257637 0.973905 0.00449106 -0.226898
368.813 296.877 0.504829 34.1868 0.00822488 0.954701 0.00439931 -0.297421
369.226 295.052 0.540421 31.7622 0.0128779 0.948661 0.0021892 -0.316023
369.639 293.031 0.577124 29.0567 0.0133689 0.948306 0.00450923 -0.317044
369.846 291.95 0.600079 27.6012 0.0137778 0.948875 0.00507074 -0.31531
369.95 291.392 0.614789 26.8456 0.0138219 0.949348 0.00311798 -0.313907
370.157 290.261 0.633272 25.2831 0.0103881 0.950235 -0.00226195 -0.311353
370.571 287.819 0.672988 21.9052 0.0140421 0.95083 0.00724889 -0.309311
370.986 285.219 0.713829 18.3058 0.0130103 0.951385 -0.002434 -0.30772
371.296 283.177 0.738508 15.4402 0.015126 0.951652 0.00816344 -0.306697
371.4 282.49 0.758735 14.4756 0.0156425 0.95176 0.00683879 -0.306368
371.919 278.98 0.80902 9.52694 0.0158776 0.952447 0.00425722 -0.304261
372.229 276.847 0.825811 6.50041 0.0157488 0.952868 -0.00081997 -0.302976
372.437 275.426 0.819778 4.46144 0.0144195 0.953102 0.000473868 -0.302304
372.541 274.71 0.820959 3.43465 0.0140902 0.953127 0.00288443 -0.302229
372.955 271.73 0.842617 -0.802922 0.0121958 0.95248 0.00341947 -0.304337
373.163 270.367 0.84436 -2.71836 0.0118072 0.952142 -9.11235e-05 -0.305429
373.577 267.531 0.850002 -6.71535 0.0102012 0.951652 0.00719931 -0.306924
373.681 266.888 0.862808 -7.61665 0.0098452 0.951508 0.00979727 -0.307309
373.784 266.262 0.887624 -8.53164 0.0088116 0.951315 0.00919485 -0.307958
373.992 264.886 0.901737 -10.4641 0.00398245 0.95157 0.00576278 -0.307352
374.199 263.388 0.909046 -12.5816 0.0012614 0.951686 0.00526847 -0.307026
374.614 260.417 0.93022 -16.7648 0.00324792 0.952094 0.00925021 -0.30565
374.717 259.721 0.938101 -17.7389 0.00316928 0.952175 0.00945364 -0.30539
375.029 257.519 0.967542 -20.8518 0.00331248 0.952497 0.00998718 -0.304365
375.339 255.327 0.985777 -23.9665 0.00210213 0.952609 0.00719649 -0.304105
375.547 253.854 0.996921 -26.0615 0.00324117 0.952403 0.0103069 -0.304651
375.961 250.923 1.0437 -30.2004 0.00582837 0.952254 0.00845711 -0.305134
376.169 249.45 1.0575 -32.2838 0.00839078 0.95231 0.00763729 -0.304921
376.583 246.535 1.09713 -36.3767 0.015257 0.95272 0.0063106 -0.303402
376.79 245.132 1.1061 -38.375 0.0163774 0.952999 0.00595053 -0.302474
377.205 242.444 1.14133 -42.188 0.0220371 0.953236 0.00897854 -0.301288
377.412 241.196 1.16406 -43.9716 0.020747 0.953477 0.0071532 -0.300666
377.827 238.76 1.19356 -47.4823 0.0169621 0.953029 0.00776914 -0.302305
378.034 237.567 1.2078 -49.1784 0.0168131 0.95237 0.00667857 -0.304409
378.242 236.383 1.21175 -50.8482 0.0173579 0.951608 0.0072949 -0.306738
378.449 235.25 1.22154 -52.4117 0.0187067 0.950856 0.0077102 -0.308971
378.863 233.142 1.24749 -55.2926 0.0196816 0.949492 0.00913103 -0.313039
379.071 232.203 1.26252 -56.5651 0.0175689 0.948931 0.00531739 -0.314948
379.382 230.882 1.27377 -58.3373 0.0184238 0.948292 0.00870237 -0.316744
380.003 228.768 1.28039 -61.3548 0.00995772 0.954178 0.00744473 -0.298982
380.314 227.985 1.27871 -62.6722 0.0127223 0.963297 0.00717293 -0.268041
380.521 227.6 1.27932 -63.5304 0.0138726 0.973513 0.00908854 -0.228031
380.933 227.176 1.28144 -65.2954 0.0155144 0.993928 0.0178889 -0.107457
381.346 227.283 1.3116 -67.1454 0.0157542 0.998895 0.0268615 0.035191
381.553 227.562 1.34945 -68.094 0.0149082 0.993131 0.0279554 0.112635
381.863 228.246 1.41173 -69.4801 0.0227485 0.972001 0.0299211 0.231951
382.174 229.304 1.45864 -70.7226 0.0278267 0.936925 0.0184846 0.347931
382.277 229.728 1.48313 -71.1161 0.029398 0.923498 0.0163949 0.382124
382.381 230.178 1.49429 -71.4723 0.027731 0.91042 0.0161816 0.412437
382.589 231.137 1.47696 -72.0981 0.020729 0.887633 0.0206149 0.459622
383.006 233.241 1.49481 -73.2534 0.0123796 0.862528 0.0175386 0.505554
383.423 235.538 1.51827 -74.492 0.0143884 0.859397 0.0122891 0.510958
383.839 238.086 1.52591 -75.9111 0.0190442 0.860526 0.0127529 0.508891
384.254 240.909 1.52814 -77.5038 0.0106217 0.867482 0.00801009 0.497291
384.358 241.643 1.54585 -77.9519 0.00722615 0.869753 0.00772712 0.493375
384.669 243.89 1.57621 -79.336 -0.00010607 0.876947 0.00765879 0.480527
384.877 245.379 1.61873 -80.3168 0.000408286 0.880628 0.00761378 0.473747
385.291 248.63 1.67677 -82.5 -0.000411252 0.883279 0.0139741 0.46864
385.395 249.53 1.67854 -83.1042 -0.000107642 0.883869 0.0129335 0.467555
385.81 252.975 1.73103 -85.4357 -0.000216517 0.885273 0.0106943 0.464949
386.017 254.779 1.75105 -86.6543 -0.00206161 0.886143 0.0109834 0.463276
386.121 255.598 1.77365 -87.219 -0.00326919 0.886349 0.0109459 0.462878
386.224 256.497 1.7891 -87.8341 -0.0030987 0.886575 0.0117549 0.462426
386.432 258.295 1.81422 -89.0679 -0.00272448 0.886533 0.0105454 0.462537
386.846 261.935 1.87286 -91.5599 -0.00695666 0.885821 0.0124087 0.463809
387.053 263.683 1.89831 -92.8008 -0.00495762 0.885933 0.00999563 0.463678
387.468 267.342 1.934 -95.2999 -0.00370143 0.884688 0.0111433 0.466036
387.675 269.137 1.95847 -96.5083 -0.00628759 0.884606 0.00993811 0.466191
388.09 272.663 2.02085 -98.9226 -0.00867198 0.88656 0.0114077 0.462392
388.297 274.388 2.05519 -100.137 -0.00880262 0.888329 0.0085735 0.459043
388.712 277.818 2.09781 -102.584 -0.0120154 0.891784 0.0114331 0.452158
388.919 279.464 2.11224 -103.795 -0.0114183 0.893626 0.0125299 0.448493
389.334 282.57 2.14036 -106.138 -0.00423006 0.895825 0.0110486 0.44425
389.541 283.995 2.15308 -107.225 -0.0024753 0.896131 0.011108 0.443644
390.059 287.531 2.17889 -109.867 0.00489761 0.890863 0.0161214 0.453959
390.266 288.958 2.1907 -110.829 0.00522764 0.885157 0.0146587 0.465032
390.473 290.348 2.19964 -111.723 0.00663855 0.878989 0.00889872 0.476713
390.68 291.822 2.19801 -112.612 0.00430769 0.874312 0.00524145 0.485317
390.888 293.36 2.18876 -113.53 0.00208251 0.872258 0.0037147 0.489028
391.096 294.929 2.18321 -114.463 0.000106842 0.872278 0.00140848 0.489008
391.303 296.487 2.18567 -115.428 0.000363415 0.873389 0.0038106 0.487007
391.717 299.81 2.24742 -117.468 -0.0128181 0.877176 0.00918272 0.479911
391.925 301.448 2.30332 -118.532 -0.0119047 0.880327 0.00387634 0.474203
392.132 303.197 2.33939 -119.706 -0.0123466 0.882785 0.0114785 0.469475
392.547 306.861 2.40743 -122.179 -0.0161949 0.886847 0.00307675 0.46177
392.754 308.724 2.42393 -123.485 -0.0124115 0.889456 -0.00484428 0.456827
393.169 312.475 2.42597 -126.248 -0.00929256 0.894572 0.00668657 0.446777
393.377 314.387 2.45394 -127.685 -0.00916501 0.896588 0.00539193 0.442737
393.791 318.16 2.48197 -130.567 -0.0081051 0.897761 0.00935504 0.44031
393.998 320.063 2.49504 -132.027 -0.00167137 0.896969 0.00651748 0.442043
394.205 321.884 2.50319 -133.436 0.00485324 0.893961 0.00861481 0.448036
394.619 325.691 2.51612 -136.156 -0.00184579 0.888707 0.00605666 0.458432
394.723 326.628 2.51816 -136.819 -0.00267846 0.887988 0.00454982 0.459836
394.93 328.531 2.5175 -138.141 -0.00267554 0.887081 0.00950717 0.461508
395.345 332.322 2.55955 -140.742 -0.00337252 0.886284 0.00663837 0.463083
395.76 336.105 2.58998 -143.343 -0.00011928 0.884187 0.0155517 0.466874
395.967 338.02 2.6237 -144.621 -0.00190547 0.88303 0.0152864 0.469063
396.174 339.935 2.65048 -145.873 -0.00387135 0.881944 0.0106391 0.471218
396.589 343.659 2.68656 -148.334 -0.00355222 0.880515 0.0151765 0.473762
396.796 345.456 2.71862 -149.503 -0.00428133 0.880364 0.0148784 0.474045
397.211 349.097 2.77188 -151.874 -0.00324445 0.880185 0.0136396 0.474425
397.418 350.902 2.79054 -153.056 0.0015804 0.879857 0.00958343 0.475138
397.832 354.516 2.81861 -155.388 -0.00200896 0.879324 0.00688072 0.476169
398.04 356.345 2.82607 -156.56 -0.00712611 0.880931 0.00593092 0.473154
398.247 358.144 2.84034 -157.753 -0.006319 0.88305 0.00727898 0.46918
398.662 361.697 2.86008 -160.212 0.0033091 0.887037 0.00799963 0.461618
398.869 363.473 2.87069 -161.474 0.0057944 0.888263 0.0157075 0.459031
399.076 365.286 2.89897 -162.769 0.00740993 0.889011 0.0166528 0.457522
399.594 369.849 2.96957 -166.003 -0.00357156 0.892845 0.0105509 0.450226
400.009 373.474 3.02847 -168.702 -0.00625449 0.896595 0.0126631 0.442627
400.216 375.295 3.0659 -170.095 -0.0054948 0.897563 0.0140912 0.440627
400.631 378.941 3.14532 -172.903 -0.00621297 0.898943 0.0154178 0.43775
400.734 379.81 3.16616 -173.578 -0.00515937 0.899284 0.0147077 0.437087
401.149 383.359 3.23853 -176.368 -0.00193064 0.901117 0.0137733 0.433353
401.253 384.243 3.25389 -177.07 -0.00224212 0.901879 0.0139496 0.431758
401.46 386.008 3.28506 -178.499 -0.00339682 0.903614 0.016993 0.427998
401.875 389.358 3.35944 -181.283 -0.00634919 0.909074 0.0151773 0.41631
402.082 390.932 3.38856 -182.655 -0.00514089 0.911505 0.0158877 0.410949
402.497 393.907 3.44671 -185.315 -0.00229467 0.913765 0.0203928 0.405725
402.704 395.329 3.47524 -186.606 0.000542492 0.914606 0.0186054 0.403918
402.911 396.682 3.50672 -187.832 0.000643832 0.915886 0.0138854 0.401198
403.118 397.992 3.52413 -189.035 -0.00700205 0.917969 0.021803 0.395991
403.326 399.181 3.56415 -190.163 -0.00818307 0.921511 0.0183877 0.387831
403.533 400.262 3.58537 -191.26 -0.00650337 0.925893 0.0186153 0.377271
403.948 402.106 3.62046 -193.363 0.00319811 0.937568 0.0156701 0.347434
404.156 402.907 3.62793 -194.388 0.0079474 0.942244 0.0220082 0.334109
404.363 403.633 3.64404 -195.35 0.0137069 0.944896 0.0237897 0.326218
404.57 404.319 3.66438 -196.254 0.0176172 0.945748 0.0236607 0.323561
404.777 404.977 3.68458 -197.104 0.0192176 0.945178 0.0255309 0.324988
405.295 406.492 3.72079 -198.908 0.0187167 0.93807 0.0253198 0.345012
405.606 407.367 3.73647 -199.807 0.0197586 0.927965 0.0241079 0.37136
405.916 408.294 3.74976 -200.612 0.0155123 0.915888 0.0233968 0.400451
406.227 409.244 3.76395 -201.352 0.0127546 0.904222 0.0221713 0.426297
406.85 411.274 3.79887 -202.824 0.0029477 0.895956 0.0164663 0.443827
407.057 411.976 3.80943 -203.355 0.000581042 0.897437 0.0157796 0.440861
407.368 413.005 3.82887 -204.164 -0.00417334 0.902396 0.0128514 0.430696
408.198 415.495 3.87552 -206.443 -0.00805437 0.920556 0.0155671 0.390218
409.027 417.386 3.91388 -208.44 -0.000407908 0.927546 0.0127882 0.373489
409.647 418.802 3.92827 -209.688 0.000170237 0.902303 0.009241 0.431003
409.854 419.374 3.94087 -210.055 -0.00132416 0.887021 0.00823923 0.461653
410.267 420.748 3.95827 -210.704 -0.00164249 0.842909 0.0109277 0.537943
410.474 421.551 3.9698 -210.951 -0.00275344 0.814106 0.0111459 0.580603
411.095 424.38 4.02065 -211.169 0.00571148 0.70033 0.0121377 0.713693
411.199 424.917 4.0307 -211.094 0.00550409 0.677382 0.0123215 0.735508
411.406 426.034 4.04319 -210.844 0.00625359 0.62923 0.0145649 0.777058
411.509 426.608 4.04575 -210.663 0.00694064 0.604513 0.0162011 0.7964
411.716 427.766 4.05386 -210.173 0.00628 0.556816 0.0172202 0.830434
412.028 429.535 4.06577 -209.165 0.00351954 0.497504 0.0179092 0.86727
412.132 430.132 4.07009 -208.768 0.00289749 0.480118 0.0189084 0.876995
412.443 431.908 4.07872 -207.415 0.00769174 0.436018 0.0209343 0.899662
412.858 434.322 4.06776 -205.211 0.0118924 0.388522 0.0279673 0.920938
413.065 435.541 4.05936 -203.926 0.0106359 0.370225 0.0281449 0.928455
413.481 438.082 4.03733 -201.069 0.0105758 0.358904 0.0199481 0.933101
413.896 440.857 4.0073 -197.964 0.00931109 0.356853 0.0220934 0.933853
414 441.575 4.0001 -197.153 0.00853919 0.356298 0.0219007 0.934077
414.103 442.302 3.99335 -196.327 0.00778115 0.355726 0.0213018 0.934315
414.207 443.037 3.98781 -195.491 0.00625187 0.355165 0.0211886 0.934542
414.518 445.262 3.96844 -192.946 0.00747628 0.352305 0.020676 0.935627
414.725 446.78 3.95184 -191.194 0.00738503 0.349721 0.021786 0.936572
414.932 448.327 3.94119 -189.391 0.00428276 0.34677 0.0242092 0.937628
415.347 451.406 3.94478 -185.719 0.00914697 0.340819 0.0232342 0.939797
415.554 452.912 3.89734 -183.873 0.0129459 0.338803 0.018086 0.940594
415.968 455.912 3.84565 -180.14 0.00170237 0.330247 0.0202175 0.943677
416.176 457.361 3.83372 -178.276 0.00197168 0.325163 0.0198646 0.945447
416.59 460.189 3.81399 -174.524 0.000847208 0.314467 0.0227866 0.948995
416.797 461.559 3.80707 -172.643 0.00194526 0.309099 0.0245873 0.95071
417.212 464.237 3.78561 -168.851 0.00458572 0.299873 0.0268471 0.95359
417.419 465.539 3.76816 -166.958 0.00427725 0.295284 0.0291054 0.954956
417.626 466.818 3.75513 -165.063 0.00597327 0.290465 0.0309431 0.956366
418.041 469.336 3.72742 -161.204 0.00607722 0.282887 0.0324146 0.958586
418.248 470.565 3.71168 -159.264 0.00689688 0.280002 0.0312953 0.959464
418.662 473.017 3.67093 -155.347 0.00849299 0.273674 0.0326242 0.961231
418.87 474.228 3.64539 -153.354 0.00763514 0.270473 0.031082 0.962195
419.077 475.426 3.61984 -151.351 0.00742801 0.267318 0.0302495 0.963105
419.491 477.806 3.56993 -147.298 0.00683968 0.260434 0.0312604 0.964961
420.009 480.714 3.51551 -142.125 0.00703498 0.252099 0.0265666 0.967311
420.113 481.284 3.50033 -141.081 0.00679179 0.250429 0.025041 0.967787
420.32 482.424 3.47334 -138.969 0.00499061 0.246772 0.0236589 0.968772
420.735 484.666 3.42039 -134.717 0.00523917 0.237952 0.0231362 0.970987
420.942 485.755 3.39605 -132.564 0.00222976 0.232976 0.0225693 0.972218
421.356 487.892 3.36119 -128.172 0.00397571 0.22216 0.0202468 0.974792
421.563 488.943 3.33539 -125.935 0.00404997 0.216866 0.0206772 0.975974
421.978 490.971 3.29898 -121.394 0.000117326 0.207208 0.0190995 0.978111
422.185 491.962 3.28181 -119.117 0.00255581 0.201898 0.0222627 0.97915
422.6 493.846 3.23435 -114.55 0.0011111 0.190656 0.025608 0.981322
422.807 494.75 3.21477 -112.239 0.00184682 0.186623 0.0264001 0.982075
423.221 496.514 3.14915 -107.63 0.0047484 0.179542 0.0276262 0.983351
423.428 497.373 3.12125 -105.296 0.00266305 0.176133 0.027991 0.983965
423.843 499.038 3.06644 -100.622 0.00544892 0.167906 0.0283756 0.985379
424.05 499.848 3.02782 -98.2561 0.00680571 0.162882 0.029695 0.986175
424.465 501.394 2.96711 -93.5098 0.00209641 0.153257 0.0336565 0.987611
424.672 502.133 2.94137 -91.1425 0.00519104 0.14959 0.0346316 0.988128
425.086 503.545 2.86297 -86.3857 0.00407381 0.144007 0.0302021 0.989107
425.293 504.233 2.82732 -84.0153 0.00452734 0.141679 0.0296016 0.98946
425.708 505.581 2.75639 -79.2691 0.00207508 0.13677 0.0296148 0.990158
425.915 506.235 2.72893 -76.898 0.0042015 0.133525 0.0294932 0.990598
426.33 507.486 2.65351 -72.1394 0.00321616 0.126147 0.0292841 0.991574
426.64 508.362 2.6083 -68.5635 0.00246441 0.119982 0.0247087 0.992465
426.744 508.639 2.59264 -67.3722 0.00326277 0.118215 0.0223369 0.992731
427.159 509.722 2.51881 -62.5992 0.000940552 0.108746 0.0202604 0.993863
427.573 510.697 2.46595 -57.8285 0.000338706 0.0983307 0.0195258 0.994962
427.78 511.142 2.43691 -55.4538 0.000826903 0.0938093 0.0186386 0.995415
428.195 511.975 2.37569 -50.7108 -0.00123333 0.0858449 0.0175977 0.996152
428.402 512.375 2.35421 -48.3476 -0.00155818 0.0817897 0.0207264 0.996433
428.817 513.107 2.32137 -43.6277 -0.00134216 0.0737307 0.0247281 0.996971
428.92 513.276 2.31269 -42.4452 0.000478467 0.0717863 0.0244161 0.997121
429.127 513.596 2.29177 -40.0743 -0.000654528 0.0678122 0.0233036 0.997426
429.231 513.746 2.28003 -38.8882 -0.000634866 0.0659291 0.0218987 0.997584
429.438 514.034 2.25996 -36.5045 0.000958733 0.0619962 0.0199166 0.997877
429.645 514.313 2.2297 -34.1 0.00343486 0.0578636 0.0214918 0.998087
430.06 514.827 2.14831 -29.2267 0.00373724 0.0483306 0.0266321 0.998469
430.267 515.045 2.10444 -26.7597 0.00483322 0.0438701 0.0264666 0.998675
430.682 515.401 2.0207 -21.8107 0.00258851 0.0348697 0.0229385 0.999125
431.096 515.666 1.93455 -16.8618 0.00131133 0.0267799 0.0187587 0.999464
431.304 515.777 1.89848 -14.3989 -0.000140662 0.0227728 0.0184254 0.999571
431.718 515.924 1.83504 -9.49668 -0.00101904 0.0155286 0.0148804 0.999768
432.029 515.999 1.77542 -5.86339 0.00390423 0.00997343 0.0144443 0.999838
432.34 516.035 1.70939 -2.23907 0.000661684 0.00436743 0.0152996 0.999873
432.547 516.035 1.67173 0.154642 0.00155394 -0.00109547 0.0157127 0.999875
432.754 516.004 1.63828 2.55054 -0.00151431 -0.00548209 0.0148275 0.999874
433.169 515.893 1.59501 7.34899 -0.00241235 -0.0158142 0.0192855 0.999686
433.583 515.671 1.55834 12.1778 -0.00104431 -0.0254876 0.0195279 0.999484
433.894 515.458 1.5149 15.8028 -0.000242193 -0.0316093 0.021318 0.999273
434.101 515.285 1.48829 18.2334 -0.00143281 -0.0353449 0.0214192 0.999145
434.516 514.884 1.42811 23.1233 0.00219679 -0.0442936 0.0232494 0.998746
434.723 514.636 1.38299 25.5904 0.00233333 -0.0483306 0.019916 0.99863
435.138 514.084 1.29566 30.572 0.000593995 -0.0569314 0.0185797 0.998205
435.345 513.773 1.25543 33.0932 0.00107048 -0.0613142 0.01856 0.997945
435.553 513.436 1.21592 35.6241 -0.000422313 -0.0659831 0.0181526 0.997656
435.967 512.695 1.13419 40.7009 0.00116004 -0.0750683 0.0193448 0.99699
436.174 512.284 1.09308 43.2468 -0.00125439 -0.07919 0.0171047 0.996712
436.589 511.386 1.01517 48.3289 0.00161726 -0.0854403 0.010945 0.996282
436.796 510.928 0.971952 50.8934 0.000811391 -0.0876081 0.0120038 0.996082
437.003 510.458 0.932569 53.4393 -0.000173057 -0.0894265 0.0120441 0.995921
437.418 509.462 0.853893 58.602 0.00135348 -0.0918953 0.00591846 0.99575
437.625 508.951 0.816516 61.2357 -0.00229596 -0.0924672 0.00347791 0.995707
438.04 507.967 0.773209 66.4305 -0.00120428 -0.0898012 0.0068494 0.995935
438.454 507.062 0.70833 71.6268 -0.00235683 -0.0869802 0.0202874 0.996001
438.662 506.593 0.67942 74.2186 -0.00366145 -0.0854448 0.0173508 0.996185
438.869 506.13 0.647914 76.7846 -0.00128585 -0.08415 0.0143017 0.99635
439.283 505.24 0.55552 81.9046 0.00289742 -0.0833584 0.0166449 0.996376
439.491 504.805 0.49965 84.47 0.000960924 -0.0839076 0.0206248 0.99626
439.905 503.918 0.410464 89.5952 0.000113249 -0.0860809 0.0233508 0.996014
440.113 503.453 0.36834 92.1559 -0.00224107 -0.0866002 0.0206666 0.996026
440.527 502.529 0.297399 97.3014 -1.75941e-05 -0.0868416 0.0201129 0.996019
440.734 502.072 0.255295 99.8758 -0.000790869 -0.0868289 0.0208285 0.996005
441.149 501.148 0.170497 105.005 0.002475 -0.0864569 0.0185615 0.99608
441.356 500.689 0.114819 107.569 0.00251152 -0.0863248 0.0185477 0.996091
441.77 499.767 0.0196343 112.673 -0.0024146 -0.0861498 0.0156301 0.996157
441.978 499.301 -0.0145339 115.21 -0.00179351 -0.0858954 0.0116793 0.996234
442.392 498.376 -0.094672 120.289 0.00146246 -0.0858001 0.00686936 0.996288
442.599 497.913 -0.137077 122.886 -0.00036885 -0.0858694 0.00588799 0.996289
443.014 497.003 -0.212221 127.997 0.00145013 -0.0864336 0.00882815 0.996217
443.221 496.552 -0.260582 130.546 0.00269487 -0.0869667 0.0113464 0.996143
443.635 495.627 -0.324649 135.67 -0.00316366 -0.0875999 0.0114208 0.996085
443.843 495.172 -0.35108 138.216 -0.000661907 -0.0880679 0.0139549 0.996016
444.257 494.246 -0.402718 143.352 -0.00451051 -0.0892941 0.0183444 0.995826
444.464 493.777 -0.431259 145.902 0.00157193 -0.0895904 0.0189612 0.995797
444.879 492.822 -0.517712 151.069 -0.000387564 -0.089092 0.0182541 0.995856
445.086 492.357 -0.562895 153.648 0.00197236 -0.0891462 0.0208841 0.995798
445.501 491.393 -0.66454 158.824 -0.00242343 -0.0883754 0.0176781 0.995927
445.708 490.919 -0.698492 161.403 -0.000341714 -0.0884893 0.0174737 0.995924
445.915 490.435 -0.739579 164.001 0.000317964 -0.0886679 0.0165262 0.995924
446.33 489.476 -0.823503 169.182 -0.00155549 -0.089568 0.0162364 0.995847
446.537 488.991 -0.863524 171.752 -0.000781481 -0.0898577 0.0142342 0.995853
446.952 488.017 -0.936027 176.892 -0.00338227 -0.0900676 0.0105056 0.995875
447.159 487.531 -0.963954 179.444 -0.00362458 -0.0902354 0.00839957 0.995878
447.574 486.588 -1.01278 184.535 -0.00385236 -0.0886639 0.0104196 0.996
447.781 486.138 -1.04156 187.078 -0.00286851 -0.0874032 0.0140126 0.99607
448.195 485.256 -1.09547 192.1 -0.00596417 -0.0847108 0.0178894 0.996227
448.402 484.828 -1.11881 194.579 -0.00165512 -0.0832576 0.0197197 0.996332
448.817 483.998 -1.19417 199.531 -0.00261533 -0.0820616 0.0221509 0.996378
449.024 483.583 -1.22747 201.985 -0.00377637 -0.0817054 0.0217548 0.996412
449.232 483.174 -1.25934 204.393 -0.00463401 -0.0815144 0.0202606 0.996455
449.646 482.365 -1.31971 209.036 -0.00602589 -0.083326 0.0163131 0.996371
449.853 481.966 -1.34288 211.278 -0.00548232 -0.0849484 0.0137077 0.996276
450.268 481.18 -1.3992 215.645 -0.00247977 -0.0880058 0.0143254 0.996014
450.475 480.809 -1.43377 217.737 -0.00309572 -0.0897927 0.0184962 0.995784
450.89 480.064 -1.49882 221.679 -0.00302562 -0.0945906 0.0182868 0.995344
451.408 479.109 -1.55946 226.074 -0.00396754 -0.109316 0.0132817 0.99391
451.615 478.703 -1.58181 227.693 -0.00217836 -0.121969 0.0124706 0.992453
451.823 478.257 -1.60221 229.206 -0.0032522 -0.139453 0.0114931 0.990157
452.03 477.76 -1.62682 230.678 -0.0028933 -0.162652 0.00904355 0.986638
452.444 476.541 -1.66337 233.416 -0.00315104 -0.226114 0.00388575 0.974088
452.858 474.937 -1.68905 235.806 -0.00184533 -0.310595 -0.00542647 0.950525
453.272 472.962 -1.69554 237.777 -0.00420465 -0.403941 -0.00920416 0.914729
453.687 470.676 -1.69013 239.23 -0.00257457 -0.499069 -0.00944743 0.866507
453.79 470.07 -1.68488 239.506 -0.00150359 -0.52209 -0.00937827 0.852838
453.894 469.45 -1.68131 239.744 -0.00166612 -0.544607 -0.00987981 0.838632
454.309 466.868 -1.66739 240.388 -0.00179707 -0.624239 -0.017214 0.781042
454.724 464.258 -1.64066 240.645 0.0106832 -0.668877 -0.0211394 0.742996
455.14 461.688 -1.64093 240.84 0.00832196 -0.678613 -0.0196867 0.734185
455.555 459.204 -1.64165 241.045 0.00472484 -0.676122 -0.0172556 0.736572
455.763 458.009 -1.64173 241.166 0.00285374 -0.671008 -0.0161149 0.74127
456.385 454.738 -1.64838 241.596 -0.000181652 -0.656161 -0.010001 0.754554
457.11 451.635 -1.66344 242.125 -0.00487762 -0.641007 -0.00901826 0.767466
458.25 448.559 -1.67763 242.705 -0.00111886 -0.645129 -0.00196979 0.764071
458.664 447.625 -1.6953 242.784 0.00235118 -0.669461 0.00106243 0.742842
459.285 446.058 -1.7018 242.723 0.00481718 -0.723146 0.00326314 0.690671
459.595 445.069 -1.71324 242.555 0.000163851 -0.753549 -0.00347503 0.657382
459.906 444.013 -1.71306 242.272 -0.00131434 -0.78465 -0.00573022 0.619912
460.113 443.264 -1.71072 242.011 -0.00332794 -0.805254 -0.00550482 0.592895
460.527 441.639 -1.68842 241.245 -0.00762556 -0.847083 -0.00462048 0.531386
460.942 439.843 -1.65817 240.074 0.0194521 0.886025 0.00426209 -0.46321
461.356 438.03 -1.60932 238.427 0.0222697 0.91922 0.000872843 -0.393114
461.771 436.2 -1.57576 236.335 0.0240256 0.939063 -0.00132336 -0.342901
461.978 435.283 -1.55704 235.136 0.0228932 0.945582 0.000644164 -0.324576
462.394 433.406 -1.5203 232.527 0.0180223 0.950294 0.00227374 -0.310825
462.601 432.396 -1.50038 231.145 0.0200477 0.950443 0.0024251 -0.310243
462.705 431.883 -1.49229 230.429 0.0189155 0.950573 0.00241019 -0.309915
462.912 430.831 -1.47453 228.959 0.0157051 0.950775 0.000764904 -0.309481
463.327 428.627 -1.44799 225.875 0.0157105 0.951658 0.00338361 -0.306738
463.431 428.065 -1.44224 225.082 0.0160537 0.952189 0.00263347 -0.305075
463.845 425.773 -1.40765 221.784 0.0193192 0.954578 0.00427115 -0.297303
464.052 424.603 -1.37796 220.051 0.0197664 0.955578 0.00710908 -0.293989
464.467 422.238 -1.3268 216.491 0.0179747 0.956672 0.00439076 -0.29058
464.674 421.029 -1.30182 214.708 0.0226177 0.957123 0.00677231 -0.28872
465.089 418.662 -1.2513 211.074 0.0191941 0.957198 0.00378626 -0.288772
465.193 418.095 -1.23874 210.179 0.0178014 0.9569 0.00518648 -0.289825
465.607 415.648 -1.17416 206.419 0.0138587 0.955811 0.0106531 -0.293462
465.814 414.345 -1.14444 204.518 0.0110773 0.955578 0.00857614 -0.294407
466.022 413.065 -1.11525 202.639 0.0118923 0.955064 0.00934645 -0.296014
466.643 409.235 -1.04465 197.082 0.0145942 0.954665 0.00701101 -0.297242
466.747 408.589 -1.03203 196.15 0.0167136 0.954586 0.00582266 -0.297409
467.161 405.947 -0.966218 192.329 0.0217494 0.954166 0.0100038 -0.298318
467.369 404.63 -0.928482 190.404 0.0170524 0.95431 0.00397209 -0.298307
467.783 401.949 -0.899197 186.476 0.0132739 0.954412 0.00704177 -0.298115
467.991 400.596 -0.874889 184.502 0.0145282 0.954496 0.00844106 -0.297751
468.405 397.91 -0.817384 180.568 0.0108345 0.954631 0.0053612 -0.297547
468.82 395.232 -0.819101 176.672 0.0138076 0.954543 6.87619e-05 -0.297752
469.027 393.883 -0.818502 174.735 0.0191983 0.95432 0.00488562 -0.298129
469.442 391.266 -0.767119 170.901 0.0145197 0.953922 0.0106684 -0.299513
469.545 390.625 -0.754459 169.963 0.0114937 0.953853 0.00831081 -0.299939
