151.255 330.03 0.245805 78.635 0.00661109 0.293646 0.0193544 0.955695
151.566 331.977 0.20488 81.5389 0.00507826 0.294255 0.018133 0.955541
151.98 334.625 0.155399 85.4523 0.00501199 0.296972 0.0157856 0.954742
152.291 336.678 0.128809 88.4301 0.00122609 0.299125 0.0178817 0.954045
152.499 338.069 0.124925 90.4347 0.00189832 0.300714 0.0180886 0.953541
152.913 340.928 0.101837 94.4935 0.00557234 0.303536 0.021182 0.952568
153.224 343.107 0.0671738 97.5799 0.00669501 0.304968 0.0207106 0.952114
153.328 343.841 0.0553827 98.6182 0.00498296 0.305372 0.0202225 0.952005
153.535 345.321 0.036985 100.71 0.00448775 0.305918 0.0188648 0.95186
153.742 346.808 0.0152672 102.802 0.00718487 0.305845 0.018671 0.951871
154.157 349.826 -0.0442478 107.045 0.00536844 0.30499 0.0209419 0.95211
154.26 350.572 -0.0555478 108.1 0.00580325 0.304719 0.021016 0.952193
154.778 354.337 -0.131391 113.448 0.00545863 0.303265 0.0209196 0.952661
154.882 355.079 -0.143689 114.505 0.00500807 0.302806 0.0206935 0.952815
155.089 356.571 -0.168249 116.644 0.00418951 0.302011 0.0209335 0.953065
155.503 359.564 -0.220769 120.934 0.00493672 0.30033 0.0211946 0.953587
155.71 361.033 -0.250369 123.055 0.00514352 0.299646 0.0210835 0.953803
156.125 363.949 -0.291372 127.298 -0.00086677 0.298396 0.0218983 0.954191
156.332 365.403 -0.291547 129.416 0.000688455 0.297565 0.0221331 0.954445
156.747 368.274 -0.302842 133.616 -0.000167046 0.296153 0.0238113 0.954844
156.954 369.684 -0.307058 135.689 -0.000151753 0.295987 0.0244587 0.954879
157.369 372.404 -0.338584 139.699 0.00217044 0.296832 0.0213723 0.954688
157.472 373.064 -0.350174 140.665 0.00222004 0.297464 0.0211797 0.954496
157.68 374.355 -0.374657 142.55 0.00249726 0.298529 0.0209638 0.954167
158.094 376.829 -0.425508 146.139 0.0033357 0.300733 0.0201552 0.95349
158.302 378.03 -0.451153 147.859 0.00374792 0.301758 0.0204767 0.953157
158.509 379.189 -0.477158 149.524 0.00327691 0.302831 0.020732 0.952813
158.924 381.317 -0.530951 152.535 0.00161981 0.305088 0.0202606 0.952107
159.131 382.308 -0.549474 153.92 6.13567e-05 0.306142 0.0208601 0.951757
159.338 383.238 -0.564562 155.21 -0.000686506 0.305982 0.0233722 0.95175
159.649 384.472 -0.572039 156.978 0.00113659 0.294694 0.0290905 0.955148
159.856 385.156 -0.576856 158.08 0.00113025 0.276772 0.0315465 0.960417
160.063 385.725 -0.584313 159.139 0.0023628 0.250085 0.033451 0.967643
160.477 386.558 -0.617876 161.243 0.00228443 0.176456 0.0267079 0.983943
160.684 386.823 -0.634283 162.306 0.000481929 0.131963 0.0207598 0.991037
161.098 386.982 -0.640993 164.424 -0.00507697 0.0276604 0.00582407 0.999588
161.512 386.719 -0.629745 166.499 -0.0089341 -0.0891601 0.00125231 0.995976
161.927 385.967 -0.603525 168.426 -0.00749724 -0.20789 -0.000953556 0.978123
162.341 384.706 -0.64663 170.085 -0.00738415 -0.316399 -0.00101727 0.948597
162.549 383.923 -0.618666 170.818 -0.00489404 -0.35644 -0.0072422 0.934277
162.964 382.267 -0.653575 172.259 -0.00118298 -0.406073 -0.00391921 0.913831
163.172 381.432 -0.64011 172.948 0.00221258 -0.418077 -0.00132016 0.908408
163.692 379.154 -0.657223 174.798 -0.00373094 -0.428179 -0.000186045 0.903686
163.899 378.192 -0.654746 175.582 -0.00449648 -0.428701 0.00368294 0.903428
164.107 377.188 -0.653425 176.394 -0.00513745 -0.428387 0.0059338 0.903561
164.522 375.042 -0.657121 178.163 -0.00846171 -0.430628 0.0121947 0.902408
164.729 373.866 -0.653895 179.084 -0.00951175 -0.435177 0.0148357 0.900172
164.936 372.616 -0.649838 180.027 -0.0111449 -0.442874 0.0167851 0.896357
165.351 369.896 -0.650332 181.951 -0.0102879 -0.461886 0.0138497 0.886772
165.558 368.425 -0.660619 182.919 -0.00482005 -0.470454 0.0126923 0.88232
165.973 365.448 -0.708608 184.811 -0.00209577 -0.474255 0.00193368 0.880383
166.18 363.976 -0.73172 185.772 -0.000593055 -0.469625 -0.00130294 0.882865
166.595 361.148 -0.774854 187.75 0.00019012 -0.451319 -0.00590136 0.892343
166.699 360.473 -0.784398 188.257 -0.000545967 -0.445937 -0.00646664 0.895041
166.906 359.139 -0.800478 189.303 0.000105509 -0.435228 -0.00489302 0.900307
167.321 356.549 -0.828861 191.487 -0.00149681 -0.414512 -0.0025397 0.910039
167.528 355.28 -0.844678 192.618 -0.0013467 -0.408429 -0.000491969 0.912789
167.735 354.011 -0.86087 193.759 0.000735716 -0.405615 0.00143957 0.914042
168.357 350.038 -0.928455 197.294 -0.00182475 -0.409658 0.0012218 0.912237
168.564 348.67 -0.944586 198.486 -0.00168714 -0.410574 -0.00109458 0.911825
168.979 345.947 -0.986769 200.885 0.00366027 -0.400597 -0.00988853 0.916194
169.186 344.645 -1.01762 202.114 0.00876697 -0.386864 -0.0121319 0.922015
169.601 342.233 -1.08334 204.727 0.00442595 -0.349044 -0.0115464 0.937025
169.809 341.155 -1.10873 206.079 0.00367666 -0.329184 -0.00672051 0.944235
170.223 339.132 -1.1613 208.933 0.00131125 -0.294709 -0.000724139 0.955586
170.43 338.166 -1.17185 210.416 -0.0058576 -0.283149 -0.000296889 0.959058
170.845 336.274 -1.15716 213.413 -0.00385509 -0.275806 0.00183193 0.961204
171.052 335.326 -1.16742 214.917 0.00135827 -0.276392 0.00394459 0.961036
171.466 333.391 -1.1981 218.031 -0.00652717 -0.269438 0.00183201 0.962994
171.673 332.443 -1.20362 219.629 -0.00396653 -0.259343 0.00171551 0.965776
171.881 331.534 -1.21003 221.281 -0.00247667 -0.244735 0.00298401 0.969582
172.295 329.823 -1.26727 224.718 0.00476299 -0.221196 0.0068311 0.975194
172.709 328.135 -1.32973 228.302 0.000261621 -0.216353 0.00824611 0.97628
172.917 327.288 -1.36205 230.096 -0.000110481 -0.215388 0.00688061 0.976504
173.124 326.445 -1.39506 231.885 0.00029395 -0.213683 0.00346114 0.976897
173.539 324.833 -1.45821 235.466 -0.000460993 -0.197217 -0.00472595 0.980348
173.746 324.109 -1.47941 237.262 -0.00112598 -0.18448 -0.00594141 0.982818
174.161 322.836 -1.52456 240.865 0.000802995 -0.155145 -0.00698628 0.987867
174.368 322.297 -1.54902 242.653 0.00095562 -0.140109 -0.00730836 0.990109
174.783 321.389 -1.60198 246.26 -0.000404736 -0.113942 -0.00364875 0.993481
174.99 320.999 -1.62801 248.046 -0.00135432 -0.107525 2.24481e-05 0.994201
175.197 320.628 -1.65099 249.791 -0.0014081 -0.105517 0.00255742 0.994413
175.715 319.705 -1.71748 253.864 -0.00291515 -0.116088 0.00792719 0.993203
175.922 319.326 -1.74226 255.332 -0.00333745 -0.122306 0.00746345 0.992459
176.129 318.958 -1.76441 256.676 -0.00402546 -0.12709 0.00711473 0.991857
176.751 317.932 -1.83161 260.637 0.00085983 -0.121201 0.0109623 0.992567
177.373 317.024 -1.86733 264.545 0.000430912 -0.107102 0.00498647 0.994235
177.581 316.722 -1.88627 265.908 0.00138514 -0.105163 0.00335806 0.994448
177.995 316.104 -1.90787 268.72 -0.0054413 -0.107858 0.00300272 0.994147
178.41 315.37 -1.90108 271.616 -0.00562197 -0.124153 0.000144969 0.992247
178.617 314.938 -1.90271 273.108 -0.00511395 -0.131558 -0.0062764 0.991275
178.824 314.474 -1.90053 274.624 0.00330471 -0.13514 -0.0145276 0.990714
179.239 313.518 -1.93007 277.817 0.00282307 -0.139362 -0.019907 0.990037
179.446 313.033 -1.94356 279.48 0.00301942 -0.139783 -0.0175839 0.990021
179.861 312.037 -1.9721 282.957 0.000409363 -0.13607 -0.0160738 0.990569
179.965 311.776 -1.9747 283.859 0.000812825 -0.135211 -0.0177326 0.990658
180.172 311.251 -1.98225 285.695 0.00186939 -0.133372 -0.0200127 0.990862
180.586 310.216 -1.98463 289.437 -0.0077058 -0.130359 -0.0244442 0.991136
180.793 309.694 -1.97638 291.296 -0.00277354 -0.130091 -0.0276616 0.991112
181.208 308.656 -1.98048 295.023 -0.0023655 -0.134546 -0.02317 0.990634
181.415 308.134 -1.98603 296.872 -0.00143357 -0.139473 -0.0177857 0.990065
181.83 307.044 -2.00406 300.558 -0.00486299 -0.140282 -0.0173727 0.989947
182.037 306.497 -2.00203 302.388 -0.00663734 -0.138222 -0.0211549 0.990153
182.452 305.451 -1.9998 305.999 -0.000146368 -0.134226 -0.0244574 0.990649
182.659 304.946 -2.01363 307.815 0.00206125 -0.132136 -0.0229047 0.990965
183.074 303.95 -2.03765 311.4 -0.000519875 -0.132367 -0.021929 0.990958
183.281 303.452 -2.05491 313.157 0.00264259 -0.133065 -0.0234429 0.990826
183.488 302.959 -2.07094 314.9 -0.00299661 -0.132403 -0.0237993 0.990906
183.903 302.079 -2.11295 318.167 0.00652954 -0.127266 -0.0175065 0.991693
184.11 301.697 -2.14266 319.694 -0.00486629 -0.121702 -0.0164765 0.992418
184.318 301.349 -2.15658 321.103 -0.00511787 -0.116893 -0.0173542 0.99298
184.836 300.633 -2.20701 324.257 0.000692921 -0.118752 -0.00350328 0.992917
185.25 299.954 -2.24403 326.514 -0.00121006 -0.169644 0.0110956 0.985442
185.456 299.459 -2.25575 327.57 -0.00345287 -0.210593 0.00967049 0.97752
185.663 298.871 -2.2731 328.554 -0.000849385 -0.252801 0.00798909 0.967485
186.077 297.476 -2.31115 330.329 0.00388963 -0.334963 0.00912583 0.942179
186.492 295.717 -2.34384 331.956 -0.00188256 -0.401269 -0.00169263 0.915957
186.804 294.242 -2.35201 333.108 0.000370713 -0.42643 -0.0147226 0.904401
187.011 293.23 -2.34988 333.882 0.0052089 -0.432032 -0.0192975 0.901637
187.219 292.204 -2.34898 334.692 0.00571347 -0.431866 -0.0199495 0.901699
187.635 290.118 -2.36136 336.392 0.00730875 -0.42306 -0.0202863 0.905845
187.842 289.07 -2.36932 337.288 0.014354 -0.417199 -0.0164168 0.908554
188.049 287.997 -2.38893 338.221 0.0102511 -0.411013 -0.0194482 0.911364
188.464 285.836 -2.42339 340.153 0.0118727 -0.401154 -0.0233202 0.915637
188.879 283.631 -2.4578 342.175 0.00946305 -0.400274 -0.0239357 0.916034
189.086 282.517 -2.47421 343.203 0.00759223 -0.401832 -0.0206227 0.91545
189.501 280.214 -2.48972 345.259 0.00546238 -0.403295 -0.0272162 0.914649
189.915 277.905 -2.49979 347.334 0.0108834 -0.40353 -0.0244329 0.914575
190.123 276.73 -2.51584 348.401 0.00784379 -0.402406 -0.0245211 0.915099
190.33 275.547 -2.52805 349.467 0.0122396 -0.400858 -0.0256828 0.915698
190.745 273.177 -2.57867 351.66 0.0141657 -0.396401 -0.0240448 0.917653
190.952 271.972 -2.60052 352.803 0.010295 -0.395585 -0.0209633 0.918132
191.367 269.516 -2.6379 355.116 0.00688129 -0.395496 -0.0175322 0.918274
191.574 268.294 -2.65859 356.272 0.00577032 -0.396947 -0.0131361 0.91773
191.989 265.794 -2.70161 358.554 0.00742212 -0.40189 -0.0146341 0.915541
192.196 264.531 -2.71831 359.684 0.0137254 -0.403285 -0.0148467 0.914851
192.403 263.252 -2.75267 360.834 0.0042236 -0.402994 -0.0207678 0.914957
192.611 262.014 -2.76468 361.943 0.00849087 -0.401649 -0.0209649 0.915514
193.025 259.483 -2.79558 364.24 0.00687123 -0.399866 -0.0247773 0.916213
193.233 258.205 -2.80827 365.421 0.00610365 -0.399859 -0.0210798 0.916314
193.44 256.925 -2.81914 366.602 0.0090537 -0.400639 -0.0166212 0.916041
193.855 254.317 -2.84806 368.977 0.00522827 -0.4016 -0.0188263 0.915607
194.062 252.992 -2.85605 370.167 0.00612347 -0.401356 -0.0214539 0.91565
194.269 251.66 -2.86944 371.368 0.00858396 -0.399661 -0.024167 0.916304
194.476 250.327 -2.8801 372.609 0.0041493 -0.397854 -0.0216034 0.917185
194.891 247.707 -2.90916 375.053 0.00655392 -0.395437 -0.0199584 0.918253
195.306 245.049 -2.92626 377.508 0.00933619 -0.392856 -0.0282866 0.919117
195.617 243.11 -2.95543 379.355 0.0103177 -0.393499 -0.0214975 0.919016
195.825 241.8 -2.98361 380.576 0.00839378 -0.395604 -0.0226079 0.918105
196.032 240.514 -3.00471 381.766 0.0130217 -0.397698 -0.0200022 0.917206
196.551 237.307 -3.0687 384.69 0.01347 -0.401954 -0.0192642 0.915358
196.966 234.763 -3.12053 386.975 0.00662973 -0.405001 -0.0216084 0.914037
197.381 232.333 -3.15768 389.133 0.00622299 -0.408132 -0.0197122 0.912689
197.588 231.159 -3.17574 390.165 0.00143387 -0.407831 -0.022505 0.912779
198.002 228.979 -3.20115 392.097 0.00897999 -0.406386 -0.0190113 0.913459
198.417 226.961 -3.24872 393.955 0.00875504 -0.395909 -0.0177645 0.918076
198.624 226.036 -3.2717 394.86 0.00898879 -0.385981 -0.0168144 0.922309
199.142 223.984 -3.31874 397.095 -0.00350296 -0.358292 -0.011232 0.933535
199.867 221.826 -3.35185 399.776 -0.00499607 -0.329542 0.00118886 0.944127
200.696 220.117 -3.3893 401.787 -0.00115301 -0.355046 0.00430224 0.934838
201.006 219.528 -3.3964 402.313 -0.0019602 -0.386686 0.00469462 0.922198
201.317 218.885 -3.39775 402.748 -0.00323002 -0.431346 0.000821872 0.90218
201.627 218.195 -3.40009 403.09 -0.00499451 -0.483567 -0.00569125 0.875275
201.834 217.696 -3.39925 403.26 -0.00265199 -0.524717 -0.0100349 0.851214
202.248 216.577 -3.38871 403.493 -0.00299704 -0.616603 -0.00202058 0.787266
202.559 215.599 -3.37866 403.454 -0.00208176 -0.687504 -0.00158813 0.726176
202.766 214.892 -3.37343 403.303 0.00298388 -0.733531 -0.00562548 0.679626
203.181 213.398 -3.36245 402.743 0.00201391 -0.813758 -0.0112503 0.581091
203.596 211.823 -3.33821 401.77 -0.0129594 0.866196 0.0155961 -0.499293
203.803 210.98 -3.32146 401.148 -0.0165077 0.881835 0.0161888 -0.470992
204.219 209.142 -3.28887 399.665 -0.0131619 0.904486 0.0148771 -0.426041
204.634 207.243 -3.26109 397.801 -0.0177858 0.922613 0.00938707 -0.385203
204.841 206.256 -3.23193 396.735 -0.0203939 0.928112 0.0103733 -0.371597
205.256 204.16 -3.20389 394.376 -0.0166471 0.934982 0.0154639 -0.353968
205.672 201.941 -3.16495 391.786 -0.0202821 0.935994 0.0146714 -0.351124
205.775 201.341 -3.15804 391.107 -0.0187392 0.935727 0.0130702 -0.351986
206.19 198.876 -3.12539 388.316 -0.0138675 0.933751 0.0181871 -0.357191
206.397 197.612 -3.09876 386.916 -0.0120121 0.932848 0.0152078 -0.359748
206.604 196.329 -3.09097 385.503 -0.0131499 0.931863 0.00873242 -0.362467
207.019 193.65 -3.06445 382.589 -0.00614888 0.930991 0.016134 -0.364633
207.434 190.96 -3.0385 379.638 -0.0110694 0.931067 0.0100418 -0.364542
207.848 188.222 -3.00411 376.61 -0.0134761 0.931288 0.0174548 -0.363615
207.952 187.533 -2.98601 375.84 -0.015341 0.931458 0.0216457 -0.36288
208.159 186.167 -2.95296 374.321 -0.0159457 0.931782 0.0239174 -0.361879
208.47 184.116 -2.89902 372.039 -0.0162697 0.932259 0.0195086 -0.3609
208.677 182.749 -2.87692 370.529 -0.0159166 0.932099 0.0141943 -0.361575
209.092 180.015 -2.84181 367.501 -0.0203771 0.930741 0.0181333 -0.36466
209.299 178.634 -2.82272 365.986 -0.0228812 0.929426 0.0218895 -0.367647
209.506 177.228 -2.78915 364.48 -0.0201429 0.928559 0.0262165 -0.36971
209.921 174.436 -2.73015 361.515 -0.0139172 0.929926 0.0208279 -0.366892
210.024 173.747 -2.71454 360.762 -0.0136363 0.93045 0.023016 -0.36544
210.232 172.395 -2.68366 359.254 -0.019593 0.931359 0.017741 -0.36314
210.646 169.675 -2.66572 356.212 -0.020558 0.932621 0.0202612 -0.359701
210.853 168.329 -2.64501 354.692 -0.0230987 0.932721 0.0187504 -0.35937
211.268 165.622 -2.62296 351.68 -0.0215168 0.931709 0.0204204 -0.361993
211.475 164.273 -2.61199 350.203 -0.020066 0.931394 0.0153701 -0.363134
211.89 161.531 -2.58463 347.22 -0.0132297 0.930377 0.0232085 -0.365629
212.305 158.803 -2.569 344.266 -0.0186759 0.929065 0.0115871 -0.369262
212.512 157.397 -2.56119 342.777 -0.0142605 0.92773 0.0203253 -0.372425
212.719 156.004 -2.53771 341.327 -0.0131259 0.926465 0.0178601 -0.375729
213.134 153.19 -2.51883 338.47 -0.0130401 0.922318 0.0155759 -0.385899
213.549 150.304 -2.487 335.71 -0.00449384 0.91794 0.0153474 -0.396397
213.963 147.429 -2.45237 333.009 -0.00997448 0.915003 0.013671 -0.403091
214.171 146.002 -2.44382 331.686 -0.0104695 0.914528 0.014964 -0.40411
214.585 143.158 -2.41969 329.079 -0.000535754 0.916429 0.0135388 -0.399967
215 140.408 -2.39521 326.459 -0.00097795 0.919237 0.00671085 -0.393646
215.207 139.049 -2.38987 325.159 0.0050492 0.919959 0.00990612 -0.391856
215.622 136.425 -2.3455 322.663 0.0161985 0.919872 0.00890461 -0.391784
215.829 135.176 -2.32228 321.463 0.014196 0.919111 0.00535368 -0.393706
216.244 132.716 -2.28435 319.16 0.0160712 0.915063 0.0103498 -0.402858
216.451 131.531 -2.26508 318.11 0.0168589 0.911794 0.00715569 -0.41024
216.866 129.254 -2.23852 316.176 0.0129879 0.903757 0.00971682 -0.427739
217.073 128.202 -2.23437 315.325 0.0065498 0.899748 0.00454832 -0.436338
217.28 127.21 -2.22478 314.544 0.00406154 0.896459 0.00748914 -0.443045
217.799 124.908 -2.21067 312.838 0.0121145 0.89376 0.00955082 -0.448279
218.42 122.382 -2.17524 310.795 0.0172408 0.909128 0.00957425 -0.41605
218.626 121.625 -2.16634 310.055 0.0191098 0.920808 0.0073597 -0.389479
218.833 120.937 -2.15228 309.257 0.0172938 0.934549 0.00240485 -0.355405
219.247 119.762 -2.14345 307.438 0.0182129 0.964463 0.00367461 -0.263565
219.453 119.327 -2.13746 306.431 0.0174509 0.97775 0.00534512 -0.208977
219.867 118.836 -2.10663 304.255 0.0167101 0.99579 0.00977939 -0.0895957
220.281 118.928 -2.06222 301.907 0.00944769 0.999263 0.0156465 0.0337436
220.696 119.57 -2.0133 299.479 0.00859115 0.989595 0.0146964 0.142868
221.111 120.694 -1.96993 296.989 -0.000807451 0.977663 0.00704179 0.21006
221.319 121.345 -1.95787 295.687 -0.0050712 0.974926 0.0115721 0.222173
221.528 122.016 -1.9332 294.364 -0.0086904 0.97428 0.0107426 0.224919
221.944 123.39 -1.88549 291.584 -0.0123856 0.975058 0.00781468 0.221468
222.151 124.099 -1.86692 290.127 -0.015873 0.975765 0.0034435 0.218219
222.359 124.817 -1.85224 288.605 -0.0163945 0.9766 0.00236464 0.214425
222.774 126.294 -1.82024 285.361 -0.0160888 0.977937 0.00410467 0.208238
222.981 127.051 -1.8061 283.671 -0.0143387 0.978131 0.00307398 0.207473
223.188 127.832 -1.78785 281.934 -0.0156785 0.978305 0.00750324 0.206438
223.603 129.382 -1.75373 278.406 -0.0144876 0.979702 0.000875494 0.199932
224.019 130.88 -1.74847 274.783 -0.0166016 0.982586 0.00703177 0.184933
224.225 131.555 -1.74065 272.978 -0.0140729 0.984502 0.00479139 0.174743
224.328 131.871 -1.73961 272.083 -0.0126011 0.985431 0.00506015 0.169531
224.743 133.066 -1.72661 268.42 -0.00649217 0.98844 0.0105223 0.15111
224.95 133.613 -1.71224 266.584 0.000941891 0.989091 0.0104947 0.146927
225.364 134.755 -1.66433 262.862 0.00848861 0.988133 0.0141509 0.152711
225.572 135.372 -1.63696 260.99 0.0102738 0.987001 0.0147852 0.159704
225.986 136.702 -1.59932 257.266 0.0163277 0.984299 0.00963352 0.175491
226.194 137.409 -1.5885 255.4 0.0197117 0.98262 0.0169854 0.183795
226.401 138.14 -1.56307 253.56 0.0236969 0.981046 0.0189288 0.191385
226.815 139.695 -1.52054 249.923 0.0299559 0.978048 0.0160561 0.205589
227.023 140.518 -1.50179 248.098 0.0306364 0.976911 0.019693 0.210517
227.23 141.359 -1.47601 246.295 0.0283932 0.976205 0.0214118 0.213913
227.645 143.026 -1.4302 242.748 0.0261063 0.976243 0.0145093 0.214612
227.852 143.843 -1.42716 240.979 0.0265345 0.976585 0.013474 0.213066
228.06 144.656 -1.42638 239.224 0.022833 0.977454 0.0088029 0.209727
228.267 145.457 -1.43205 237.456 0.019613 0.978051 0.0126707 0.207054
228.682 146.991 -1.40848 233.99 0.0215933 0.977971 0.0170658 0.206918
228.889 147.756 -1.3988 232.3 0.0208122 0.977879 0.0131198 0.207719
229.096 148.516 -1.39198 230.64 0.0184149 0.977685 0.0141171 0.208791
229.407 149.606 -1.37045 228.224 0.0200599 0.977068 0.0192575 0.211103
229.614 150.316 -1.36396 226.68 0.0230662 0.976773 0.0112844 0.212734
229.822 151.016 -1.35973 225.167 0.0236617 0.976411 0.0133308 0.214206
230.029 151.703 -1.35991 223.707 0.022037 0.975776 0.0195652 0.216777
230.548 153.302 -1.35282 220.393 0.0186102 0.975179 0.014999 0.220122
230.858 154.187 -1.33825 218.587 0.0155437 0.974773 0.0195234 0.221799
231.17 154.966 -1.32711 216.979 0.017265 0.974987 0.0145411 0.221112
231.895 156.346 -1.3081 213.953 0.0184771 0.978716 0.0170356 0.203674
232.414 156.922 -1.29404 212.469 0.0141864 0.983316 0.022367 0.179964
233.036 157.334 -1.27531 211.121 0.0135056 0.988368 0.014634 0.150771
233.554 157.632 -1.25996 209.985 0.00943899 0.991612 0.0107379 0.128458
234.487 158.304 -1.24729 207.009 0.00575663 0.994166 -0.00119078 0.107704
234.797 158.649 -1.25075 205.543 0.00831834 0.993226 0.0037289 0.115838
235.004 158.943 -1.23641 204.457 0.00647486 0.992094 0.0104694 0.124889
235.212 159.276 -1.21969 203.317 0.00558512 0.990575 0.0149056 0.136046
235.419 159.631 -1.19584 202.126 0.0111328 0.988892 0.0158739 0.147366
235.626 160.039 -1.17072 200.905 0.0144458 0.987028 0.0120172 0.159448
236.041 160.982 -1.14176 198.322 0.0262433 0.982749 0.0113528 0.182721
236.248 161.534 -1.13111 196.968 0.0271632 0.980972 0.0139335 0.191732
236.456 162.111 -1.10822 195.561 0.0314697 0.979543 0.0214062 0.197603
236.663 162.723 -1.08478 194.139 0.0320427 0.979028 0.0213748 0.20005
236.871 163.349 -1.04842 192.687 0.0323745 0.978782 0.0188987 0.201449
237.078 164.007 -1.02469 191.199 0.0288228 0.978709 0.0202505 0.20221
237.493 165.362 -0.980232 188.152 0.0253181 0.978838 0.0120684 0.202706
237.907 166.752 -0.941425 184.94 0.025788 0.978716 0.0212315 0.202482
238.115 167.468 -0.914533 183.325 0.0218746 0.979048 0.0188303 0.201573
238.322 168.169 -0.887955 181.709 0.0223333 0.979149 0.0168644 0.201209
238.736 169.57 -0.845915 178.474 0.0216315 0.979002 0.0186561 0.201838
238.944 170.259 -0.821834 176.871 0.0243835 0.978906 0.0205751 0.201805
239.358 171.619 -0.792573 173.717 0.0295924 0.978426 0.0146554 0.203943
239.566 172.308 -0.793475 172.177 0.0258722 0.978382 0.0171536 0.204465
239.98 173.583 -0.779029 169.285 0.0284908 0.977775 0.0182729 0.206909
240.188 174.181 -0.773884 167.951 0.0303852 0.977013 0.0182964 0.210209
240.499 175.056 -0.765056 166.134 0.0258841 0.975062 0.0193201 0.219572
241.12 176.758 -0.769515 163.032 0.0302266 0.96323 0.0104722 0.266766
241.534 178.17 -0.788866 161.232 0.0201202 0.943401 0.0146659 0.330718
241.741 178.951 -0.791393 160.435 0.0166449 0.930975 0.0145348 0.364415
242.155 180.698 -0.787656 159.012 0.00785368 0.903956 0.00957383 0.427445
242.571 182.709 -0.763613 157.639 -0.00181798 0.885906 0.0158051 0.463592
242.779 183.797 -0.738904 156.955 -0.00704173 0.881025 0.014553 0.472793
243.194 186.102 -0.669726 155.462 -0.00117446 0.878444 0.0157203 0.477585
243.609 188.615 -0.613544 153.826 0.00631046 0.878498 0.0141859 0.477493
243.816 189.967 -0.590294 152.949 0.00481705 0.879236 0.0182842 0.476011
244.231 192.771 -0.540792 151.087 0.01179 0.882854 0.0114838 0.469359
244.438 194.244 -0.531492 150.07 0.0129968 0.884862 0.015418 0.465416
244.645 195.76 -0.508504 149.01 0.0134467 0.886678 0.0190469 0.461799
245.06 198.887 -0.462939 146.782 0.0232221 0.888366 0.0152594 0.458294
245.475 202.207 -0.466874 144.439 0.0186054 0.888418 0.0201099 0.458217
245.682 203.895 -0.445012 143.259 0.0157785 0.887434 0.0239926 0.46004
245.889 205.567 -0.426652 142.09 0.0225865 0.886266 0.0164111 0.462334
246.304 208.972 -0.437283 139.765 0.0200849 0.883974 0.0206224 0.46665
246.511 210.665 -0.426209 138.628 0.0163891 0.883404 0.0237557 0.467722
246.926 214.007 -0.412514 136.382 0.0195783 0.883066 0.0193194 0.468442
247.133 215.674 -0.402694 135.255 0.0180951 0.883046 0.0236254 0.468342
247.755 220.538 -0.40037 131.93 0.0261117 0.884527 0.0186378 0.465384
247.859 221.338 -0.406081 131.373 0.0261311 0.884664 0.022824 0.464936
248.273 224.496 -0.403357 129.185 0.0300518 0.884999 0.0224331 0.464081
248.688 227.632 -0.401904 127.029 0.0308112 0.883394 0.0278166 0.466788
249.102 230.713 -0.383814 124.984 0.0269808 0.880582 0.02849 0.472267
249.31 232.2 -0.369842 124.015 0.02725 0.879337 0.026301 0.474692
249.725 235.025 -0.366873 122.184 0.0252256 0.878425 0.0246015 0.476579
250.243 238.159 -0.351008 120.125 0.0205431 0.882089 0.0265976 0.469882
250.658 240.276 -0.332801 118.622 0.0208244 0.893307 0.0249488 0.44827
250.865 241.18 -0.325512 117.933 0.0224774 0.902136 0.025814 0.430092
251.281 242.897 -0.299795 116.342 0.0190022 0.925961 0.0267366 0.376193
251.488 243.65 -0.27926 115.471 0.0153086 0.940114 0.0212157 0.339854
251.904 244.889 -0.262494 113.597 0.00267552 0.969378 0.0130497 0.245212
252.215 245.478 -0.234507 112.012 0.00128116 0.987563 0.0181781 0.156165
252.319 245.612 -0.227746 111.489 0.00210239 0.99208 0.0204346 0.123913
252.423 245.632 -0.200082 110.862 0.0036247 0.995388 0.0205726 0.093628
252.63 245.645 -0.165013 109.652 0.00300796 0.999261 0.0151345 0.0352175
252.733 245.692 -0.160726 109.123 -0.00262706 0.99992 0.0105287 0.00645895
252.837 245.691 -0.151551 108.588 -0.00286948 0.999742 0.00675538 -0.0215056
253.251 245.086 -0.137748 106.123 0.00324703 0.991592 0.0068911 -0.129177
253.459 244.554 -0.117742 104.834 0.00724341 0.984227 0.00686185 -0.176631
253.873 243.258 -0.109782 102.42 0.00856931 0.967102 -0.00451019 -0.254204
254.08 242.483 -0.109951 101.199 0.00954196 0.960444 -0.00348526 -0.278289
254.7 239.847 -0.0793757 97.5021 0.0211831 0.951021 0.00160866 -0.308394
255.217 237.493 -0.0505251 94.2873 0.0261224 0.950776 -0.00124176 -0.308772
255.424 236.523 -0.0417968 92.9669 0.0296792 0.950871 -0.0098133 -0.308004
255.839 234.5 -0.0604033 90.2107 0.0424912 0.951766 -0.00884206 -0.303739
255.942 233.992 -0.0616866 89.485 0.0425254 0.952161 -0.00427729 -0.302592
256.253 232.48 -0.0278364 87.2617 0.0341652 0.953087 0.00304912 -0.300747
256.668 230.386 0.00115699 84.2313 0.0281176 0.953309 -0.00581226 -0.300628
256.875 229.287 0.00799696 82.6388 0.0257079 0.953024 0.000352891 -0.301803
257.29 227.022 0.0598422 79.3989 0.0226515 0.952365 0.00314681 -0.304101
257.497 225.857 0.0823681 77.7535 0.0221365 0.952496 -0.00357771 -0.303724
257.704 224.653 0.0958594 76.0353 0.0252252 0.952891 0.00596349 -0.302204
258.119 222.249 0.149438 72.5892 0.0238691 0.953605 0.000707827 -0.300113
258.326 221.025 0.162689 70.8238 0.0246479 0.953795 0.00285281 -0.299432
258.741 218.596 0.213588 67.291 0.0237895 0.953987 0.00699295 -0.29882
258.948 217.4 0.237952 65.5707 0.0239112 0.954127 0.00200774 -0.298439
259.363 215.013 0.252389 62.0879 0.0234152 0.954818 -0.00151349 -0.296262
259.57 213.82 0.260394 60.3302 0.0251817 0.954993 0.00667831 -0.295482
259.984 211.481 0.2992 56.8708 0.0192079 0.954592 0.00272603 -0.297284
260.088 210.896 0.305067 56.0118 0.0184585 0.954444 0.00451708 -0.297785
260.295 209.716 0.322489 54.2799 0.0166701 0.954226 0.00739772 -0.298529
260.71 207.385 0.3474 50.8795 0.0137167 0.954268 0.00538599 -0.298588
260.917 206.228 0.363753 49.1937 0.0133783 0.954114 0.00954545 -0.298992
261.332 203.915 0.408697 45.8459 0.0168705 0.954742 0.00633125 -0.296889
261.539 202.773 0.430944 44.1618 0.0172363 0.95542 0.00558118 -0.294694
261.954 200.551 0.494733 40.8021 0.0161105 0.957173 0.0120088 -0.28882
262.161 199.462 0.519731 39.1475 0.0174052 0.958138 0.00353621 -0.285755
262.575 197.334 0.538768 35.8061 0.0184963 0.960701 0.000204553 -0.276969
263.094 194.798 0.564258 31.5739 0.0150608 0.963992 0.00744335 -0.265399
263.301 193.829 0.583293 29.8512 0.00455196 0.964598 0.010572 -0.263473
263.716 191.868 0.617108 26.4348 -0.00523307 0.963943 0.00923561 -0.265897
263.923 190.843 0.629988 24.7225 -0.00422836 0.962666 0.0126328 -0.270363
264.338 188.75 0.693404 21.3227 -0.0109757 0.959159 0.018077 -0.282076
264.545 187.675 0.719328 19.6452 -0.0148478 0.957572 0.0127532 -0.287528
264.752 186.545 0.735492 17.9672 -0.00852452 0.956301 0.0147502 -0.291886
265.167 184.265 0.773673 14.6323 -0.00569061 0.954317 0.0133355 -0.298443
265.374 183.125 0.790798 12.9611 -0.0106056 0.953383 0.0120473 -0.301337
265.789 180.799 0.83364 9.62482 -0.00954892 0.952761 0.0164105 -0.303127
265.996 179.649 0.854129 7.9836 -0.0102712 0.952719 0.0118225 -0.30345
266.411 177.331 0.889994 4.71542 -0.00348937 0.952614 0.0136655 -0.303856
266.618 176.201 0.910593 3.1105 -0.00163846 0.952348 0.0168491 -0.304544
267.033 174.021 0.942803 0.0611255 0.00314043 0.951799 0.0113583 -0.306497
267.24 172.969 0.957713 -1.4139 0.000646351 0.950873 0.0117688 -0.309356
267.655 170.934 0.977002 -4.2003 -0.00578462 0.947477 0.0107274 -0.319593
267.862 169.927 0.986467 -5.50488 -0.00198136 0.945689 0.014923 -0.324725
268.277 168.053 1.01796 -7.86876 0.0016662 0.943744 0.0140483 -0.330375
268.484 167.192 1.03086 -8.93257 0.00476335 0.943713 0.00936755 -0.330599
268.691 166.374 1.02562 -9.97428 0.00270007 0.943952 0.00458891 -0.330039
269.002 165.122 1.03498 -11.5605 0.00880193 0.945443 0.00799357 -0.325569
269.624 162.841 1.0631 -14.7666 0.0128679 0.956043 0.0055831 -0.292891
269.831 162.154 1.07512 -15.9123 0.0070954 0.960253 0.00853376 -0.27891
270.038 161.456 1.09226 -17.1198 0.0042906 0.963867 0.00795559 -0.266231
270.453 160.016 1.11897 -19.7249 -0.00511205 0.966361 0.00677859 -0.25705
270.661 159.236 1.13952 -21.1106 -0.00788407 0.965501 0.0138106 -0.259915
270.868 158.403 1.15998 -22.5077 -0.0059289 0.963809 0.0136094 -0.26618
271.283 156.583 1.20417 -25.4015 -0.00734053 0.958152 0.0122815 -0.285901
271.49 155.576 1.22482 -26.8899 -0.00916918 0.954592 0.0111263 -0.297568
271.905 153.382 1.23517 -29.9185 -0.00563896 0.949768 0.00564169 -0.312853
272.112 152.209 1.24545 -31.4765 -0.00119536 0.948088 0.00912696 -0.317876
272.319 151.001 1.26587 -33.0729 -0.000372628 0.947364 0.00734091 -0.320074
272.734 148.496 1.31504 -36.4165 0.0015124 0.948618 0.00882549 -0.316297
273.148 145.964 1.35536 -39.8603 0.00772248 0.951055 0.00677607 -0.30885
273.356 144.722 1.363 -41.5962 0.00858063 0.952193 0.00413626 -0.305348
273.563 143.487 1.37584 -43.3651 0.00818674 0.952819 0.011731 -0.303202
273.978 141.069 1.42494 -46.8604 0.00569109 0.953879 0.0108976 -0.29994
274.185 139.885 1.44025 -48.5895 0.00264025 0.954212 0.00743827 -0.299027
274.6 137.499 1.47081 -52.0497 0.00621802 0.953983 0.0149973 -0.299421
274.807 136.317 1.50479 -53.7594 0.00577777 0.953881 0.0123311 -0.299875
275.222 133.982 1.52973 -57.1479 0.00173223 0.953612 0.00583428 -0.300977
275.429 132.809 1.53436 -58.8148 0.00661955 0.953399 0.00948479 -0.301492
275.844 130.588 1.55562 -62.0062 0.00406704 0.953435 0.00780146 -0.301471
275.947 130.063 1.55715 -62.7746 0.00354526 0.953876 0.00819118 -0.300067
276.154 129.042 1.55874 -64.2802 0.00369395 0.955298 0.0093991 -0.295474
276.569 127.149 1.58123 -67.1913 0.00639252 0.959085 0.0143041 -0.282684
276.776 126.287 1.60055 -68.5882 0.00492061 0.961023 0.0129366 -0.276121
276.983 125.477 1.61397 -69.9446 0.00323085 0.962897 0.00985592 -0.26967
277.398 124.02 1.62138 -72.5448 0.00188069 0.967638 0.0104609 -0.252118
277.605 123.386 1.6245 -73.7711 -0.00111513 0.96957 0.0134476 -0.244442
277.813 122.812 1.63991 -74.9288 -0.00894098 0.970043 0.0179589 -0.242104
278.021 122.256 1.65131 -75.9836 -0.0141149 0.967747 0.0212788 -0.250625
278.436 121.074 1.67265 -77.7967 -0.0218629 0.952903 0.0212598 -0.301739
278.645 120.392 1.67699 -78.5318 -0.0209289 0.937296 0.0210249 -0.347268
279.061 118.901 1.67007 -79.607 -0.0173849 0.886664 0.0148354 -0.461849
279.478 117.251 1.64428 -80.1563 0.00989542 -0.810583 -0.00951625 0.585463
279.892 115.525 1.63276 -80.2009 -0.0018678 -0.721754 -0.00793213 0.692102
279.996 115.107 1.62947 -80.1338 -0.00296279 -0.697835 -0.00538235 0.716233
280.411 113.492 1.63697 -79.6627 -0.00230331 -0.599278 -0.0103986 0.80047
280.825 111.932 1.62262 -78.7813 -0.00136184 -0.514755 -0.00131228 0.857335
281.031 111.107 1.6304 -78.2437 0.00370175 -0.483904 -0.00251446 0.87511
281.548 108.897 1.60763 -76.6163 -0.000391786 -0.454268 0.00370867 0.890857
281.961 106.871 1.59096 -75.1869 -0.00174814 -0.458793 0.00261548 0.888538
282.168 105.772 1.58985 -74.4239 -0.0024481 -0.461089 0.00260786 0.887347
282.582 103.423 1.56574 -72.8238 0.00489995 -0.465907 0.00526353 0.884804
282.79 102.148 1.5474 -71.9765 0.00287613 -0.467599 0.00116736 0.883935
282.997 100.82 1.53183 -71.093 0.000153908 -0.469177 -0.000886394 0.883104
283.412 98.0355 1.52027 -69.2429 -0.00375818 -0.471383 -0.000738979 0.881921
283.619 96.5875 1.51111 -68.2887 0.00266168 -0.471623 0.000970084 0.881796
283.826 95.1032 1.48792 -67.3096 0.00890096 -0.470567 0.00247931 0.882316
284.241 92.0192 1.42951 -65.2405 0.000707832 -0.465588 -0.00330242 0.884995
284.656 88.9142 1.39767 -63.1002 0.000833929 -0.464104 -0.000820359 0.88578
284.967 86.5184 1.37351 -61.4794 0.00128338 -0.464751 -0.00426111 0.88543
285.174 84.9071 1.35065 -60.3915 0.00393816 -0.465204 -0.00495034 0.885181
285.589 81.6766 1.29066 -58.1988 0.00331631 -0.466212 -0.00451691 0.884655
286.003 78.4337 1.2604 -55.9889 -0.00175519 -0.464647 -0.00611035 0.885473
286.314 76.0363 1.23858 -54.3347 0.000698234 -0.462289 -0.00248821 0.886726
286.522 74.4424 1.22044 -53.2171 -0.00295952 -0.462008 -0.000170312 0.886871
286.936 71.2878 1.16333 -51.0626 0.00819593 -0.463328 -5.21366e-05 0.886149
287.144 69.72 1.11992 -49.9884 0.00601234 -0.463748 -0.000654839 0.885946
287.558 66.6216 1.06539 -47.8536 -0.0023061 -0.464449 -0.000355478 0.885597
287.973 63.5809 0.998205 -45.7946 0.00695847 -0.465985 0.000824753 0.884765
288.077 62.8191 0.975535 -45.2878 0.00791693 -0.466616 -0.000756622 0.884424
288.18 62.0551 0.957728 -44.7809 0.00727715 -0.467868 -0.00240986 0.883765
288.595 59.0008 0.905771 -42.7916 -0.00266262 -0.479614 -0.00391671 0.877467
288.698 58.2387 0.900653 -42.3162 -0.0036221 -0.484077 -0.00347001 0.875011
288.905 56.7025 0.887075 -41.4151 0.000560001 -0.49338 -0.00475791 0.869801
289.216 54.3654 0.865795 -40.1217 0.000956009 -0.506408 -0.00859761 0.86225
289.424 52.8007 0.852712 -39.297 0.000234696 -0.514538 -0.00977341 0.857412
289.839 49.6673 0.828749 -37.7435 0.000441394 -0.527392 -0.00966623 0.849567
290.046 48.0856 0.821693 -37.0013 -0.00253559 -0.534885 -0.0106882 0.844853
290.461 44.9214 0.810777 -35.6246 -0.00386006 -0.551913 -0.00744491 0.83386
290.564 44.1277 0.811502 -35.2982 -0.00705134 -0.557182 -0.00681198 0.830332
290.668 43.3365 0.814529 -34.9835 -0.00670258 -0.562477 -0.00398506 0.826776
291.082 40.1627 0.786645 -33.839 -0.00094363 -0.578641 0.00279306 0.815577
291.394 37.7516 0.769004 -33.055 -0.00951347 -0.587575 -0.00176568 0.809112
291.705 35.36 0.764841 -32.3434 -0.00388466 -0.596789 0.00145171 0.802388
291.912 33.743 0.756406 -31.9027 -0.00352715 -0.602662 -0.00174209 0.797987
292.327 30.5418 0.730924 -31.0776 0.000240661 -0.614925 0.00407938 0.788575
292.43 29.7434 0.720214 -30.8913 0.000314799 -0.618405 0.00365097 0.785851
292.637 28.1421 0.691217 -30.5483 0.000107428 -0.626006 0.00064584 0.779818
293.052 24.9611 0.645512 -29.9649 0.00129062 -0.640608 -0.00247273 0.767863
293.259 23.3972 0.619286 -29.7254 0.0035509 -0.647871 -0.00199444 0.761739
293.466 21.8527 0.591747 -29.5125 0.00709676 -0.655097 0.00118807 0.75551
293.985 17.9857 0.543827 -29.1058 -0.00524693 -0.67224 -0.00594093 0.740291
294.399 15.1242 0.527927 -28.9375 -9.04529e-05 -0.684637 -0.0047742 0.728868
294.607 13.7856 0.512514 -28.8856 0.000238372 -0.688607 -0.00672153 0.725103
294.814 12.5257 0.498551 -28.8387 0.00102117 -0.690153 -0.00736314 0.723626
295.229 10.2771 0.468526 -28.7338 0.00670256 -0.684186 -0.0075315 0.729237
295.437 9.28456 0.459441 -28.6474 0.00221115 -0.675297 -0.0121744 0.737442
295.748 8.00048 0.442394 -28.4613 -0.00534238 -0.658559 -0.0116407 0.75242
296.371 5.78188 0.427652 -27.9157 0.00339532 -0.602127 -0.00513805 0.798376
296.786 4.45986 0.404375 -27.2766 -0.0028636 -0.540105 -0.00164945 0.841591
296.993 3.85762 0.386857 -26.9066 0.00130943 -0.503969 -0.00338774 0.863714
297.408 2.72875 0.372701 -25.9323 0.0073677 -0.418107 -0.00108314 0.908367
297.615 2.19725 0.361418 -25.3172 0.0052822 -0.36984 -0.00361349 0.929073
298.031 1.27733 0.334267 -23.8315 0.0015387 -0.264512 -0.0108172 0.964321
298.134 1.08222 0.329977 -23.3871 0.00154782 -0.23577 -0.0116301 0.971738
298.549 0.492658 0.327382 -21.3362 0.00368411 -0.122648 -0.0141861 0.992342
298.755 0.31349 0.321228 -20.1258 0.00290205 -0.0809605 -0.0120168 0.996641
299.169 0.0854006 0.308247 -17.386 0.00286973 -0.0333609 -0.0101057 0.999388
299.582 -0.0124493 0.28541 -14.253 0.00232092 -0.00910734 -0.00856179 0.999919
299.789 -0.0311351 0.275807 -12.5509 -0.000100136 -0.00434767 -0.00673804 0.999968
300.203 -0.0638481 0.252627 -8.89173 0.0036178 -0.000101579 -0.00752398 0.999965
300.617 -0.062876 0.224285 -4.92962 -0.00018704 0.00344963 -0.00605308 0.999976
300.824 -0.0551743 0.203788 -2.90125 0.00112229 0.00330722 -0.00389701 0.999986
301.239 -0.0627607 0.141602 1.14798 0.000937949 -0.000447351 -0.00178653 0.999998
301.653 -0.108153 0.0849196 5.21609 -0.000186203 -0.00398748 -0.000568906 0.999992
301.861 -0.141939 0.0573193 7.24767 0.000741625 -0.0057045 -0.000186486 0.999983
302.068 -0.18145 0.0280189 9.27309 0.00250855 -0.007153 -3.81695e-05 0.999971
302.482 -0.27197 -0.0362003 13.3127 -0.000445147 -0.00778386 -0.00168521 0.999968
302.69 -0.318584 -0.0633308 15.3188 0.000612614 -0.00765566 -0.00284705 0.999966
303.104 -0.391739 -0.122126 19.3032 3.01412e-05 -0.00603419 -0.00174089 0.99998
303.312 -0.426245 -0.153708 21.2664 0.00130649 -0.00563924 -0.00145837 0.999982
303.726 -0.507706 -0.197518 25.1836 -0.00378738 -0.00737256 -0.00307293 0.999961
303.934 -0.555791 -0.210232 27.1504 -0.00231786 -0.0104224 -0.00362947 0.999936
304.348 -0.686757 -0.241072 31.1333 0.000191166 -0.0149062 -0.00267292 0.999885
304.555 -0.75649 -0.255204 33.1698 0.00138366 -0.0162249 -0.000690219 0.999867
304.763 -0.8438 -0.278485 35.2401 0.00171438 -0.0159722 -0.00354795 0.999865
305.177 -1.00868 -0.323989 39.4642 -0.00102755 -0.0139782 -0.0069228 0.999878
305.488 -1.10564 -0.353127 42.6679 -0.00187442 -0.0135479 -0.00328183 0.999901
305.592 -1.14102 -0.363281 43.7326 -0.00134097 -0.0137555 -0.00312585 0.9999
305.903 -1.2614 -0.402454 46.905 -0.000574465 -0.0160967 -0.00348258 0.999864
306.11 -1.34746 -0.430736 49.0001 8.02009e-05 -0.0178226 -0.00354154 0.999835
306.317 -1.43884 -0.462936 51.0704 0.002361 -0.0193065 -0.00378201 0.999804
306.628 -1.59165 -0.520781 54.1492 0.00184444 -0.020724 -0.00554605 0.999768
306.836 -1.6979 -0.556368 56.175 -5.77274e-05 -0.0207774 -0.00701182 0.99976
307.25 -1.87804 -0.611268 60.0702 -0.00347364 -0.0182515 -0.00622402 0.999808
307.458 -1.95158 -0.633285 61.8897 -0.00334638 -0.014924 -0.00599996 0.999865
307.665 -2.00714 -0.653739 63.5962 -0.00256503 -0.00907525 -0.00623555 0.999936
307.872 -2.01812 -0.6807 65.2095 -0.00248392 -0.000181637 -0.00488264 0.999985
308.287 -1.89781 -0.736375 68.0977 -1.52913e-05 0.0350474 -0.00492476 0.999374
308.495 -1.727 -0.767146 69.3865 0.00139897 0.0666441 -0.00477175 0.997764
308.703 -1.44561 -0.800688 70.5787 0.00275815 0.109903 -0.00359937 0.993932
309.119 -0.506516 -0.851541 72.7204 -0.00202176 0.228714 -1.77252e-05 0.973492
309.327 0.15252 -0.872592 73.622 -0.00245777 0.298875 0.0017364 0.954287
309.535 0.955537 -0.880859 74.4047 -0.00182178 0.368887 0.00318249 0.929467
309.95 2.8048 -0.896663 75.5437 -0.00118073 0.499879 0.00870376 0.866051
310.365 4.94736 -0.860313 76.2272 -0.0046911 0.604827 0.0131158 0.796235
310.779 7.31644 -0.811176 76.5213 -0.00912653 0.675302 0.0127611 0.737375
311.193 9.87431 -0.763655 76.486 -0.0161545 0.727962 0.00803998 0.68538
311.607 12.6131 -0.700639 76.0399 -0.0146814 0.772278 0.00609969 0.635086
311.814 14.0497 -0.667764 75.6665 -0.0125559 0.790683 0.00670083 0.612061
