0.311075 437.83 -1.63794 238.492 0.0149346 0.945854 0.00465977 -0.324217
0.725798 436.033 -1.60309 236.081 0.0122738 0.948886 0.00404682 -0.315353
1.1405 434.145 -1.56899 233.469 0.0130232 0.951193 0.00702735 -0.308242
1.55521 432.195 -1.5256 230.737 0.0154365 0.952311 0.00611402 -0.304678
1.76257 431.202 -1.508 229.316 0.0132451 0.952834 0.00420422 -0.303172
2.17728 429.158 -1.48309 226.365 0.0113252 0.953699 0.00572268 -0.300496
2.38464 428.12 -1.47015 224.863 0.0114846 0.954085 0.00529008 -0.299267
2.69583 426.553 -1.44549 222.588 0.0122564 0.954314 0.00731734 -0.298465
3.11044 424.394 -1.39032 219.471 0.0128897 0.953507 0.00950752 -0.300946
3.31767 423.305 -1.36277 217.909 0.0115061 0.953217 0.00588839 -0.302009
3.73226 421.043 -1.31708 214.676 0.0206877 0.953164 0.00758832 -0.30165
4.14689 418.743 -1.27429 211.383 0.0197619 0.954203 0.0040237 -0.29848
4.25046 418.146 -1.272 210.567 0.0194139 0.954655 0.00576021 -0.297025
4.45794 416.989 -1.25302 208.924 0.0201397 0.955253 0.00770539 -0.295004
4.87253 414.791 -1.1828 205.624 0.0176691 0.954996 0.0100063 -0.295922
5.07991 413.727 -1.14969 204.012 0.0160617 0.95478 0.00929812 -0.296735
5.49447 411.508 -1.10005 200.736 0.0144259 0.95525 0.00688211 -0.295368
5.70183 410.407 -1.08328 199.114 0.0150524 0.955319 0.00783452 -0.29509
6.11654 408.226 -1.04056 195.919 0.0199798 0.955366 0.00686166 -0.294669
6.3239 407.151 -1.01692 194.343 0.0232627 0.955584 0.00855742 -0.293675
6.73874 405.042 -0.95409 191.198 0.0208707 0.956194 0.00686148 -0.29191
6.94596 404.026 -0.937031 189.656 0.0170377 0.956514 0.00593211 -0.291129
7.36055 402.095 -0.914743 186.71 0.0141994 0.957212 0.00903484 -0.288899
7.56779 401.185 -0.901366 185.309 0.0141865 0.957633 0.00958588 -0.287481
7.77514 400.301 -0.879772 183.938 0.0137367 0.958013 0.0116414 -0.286158
8.3971 397.891 -0.827656 180.143 0.0080019 0.959145 0.00672195 -0.282721
8.70818 396.826 -0.829965 178.448 0.00869654 0.959562 0.00792802 -0.281253
9.33025 394.919 -0.830526 175.531 0.0136363 0.956842 0.00673898 -0.290211
9.64159 394.019 -0.82854 174.253 0.011973 0.951781 0.00905195 -0.306411
9.95306 393.107 -0.812857 173.155 0.0121545 0.941141 0.0106505 -0.337628
10.1608 392.472 -0.80268 172.518 0.0131212 0.930094 0.0124408 -0.366877
10.3687 391.811 -0.788674 171.961 0.0126395 0.914782 0.01359 -0.403521
10.7846 390.409 -0.769901 171.139 0.00937002 0.867425 0.0132042 -0.497305
11.2006 388.898 -0.750497 170.701 -0.00804838 -0.795813 -0.0117716 0.605375
11.6155 387.356 -0.723599 170.679 -0.00855642 -0.711843 -0.0133254 0.70216
11.8228 386.605 -0.714277 170.81 -0.00828447 -0.669814 -0.0121528 0.742383
12.2371 385.182 -0.693339 171.294 -0.011503 -0.593461 -0.00601167 0.804758
12.4441 384.483 -0.680122 171.606 -0.0111896 -0.563789 -0.00574118 0.825823
12.8581 383.062 -0.68763 172.341 -0.00295966 -0.516841 -0.00607883 0.856055
13.0652 382.345 -0.662603 172.792 0.00130314 -0.499406 0.00123421 0.866366
13.4795 380.783 -0.683203 173.812 -0.00216741 -0.472721 -0.00265727 0.881206
13.6867 379.959 -0.684437 174.405 -0.00357531 -0.463046 0.000314846 0.886327
14.1013 378.15 -0.684712 175.725 -0.00348423 -0.451856 0.00324374 0.892078
14.5159 376.139 -0.691467 177.242 -0.0053931 -0.44614 0.00596925 0.894927
14.7233 375.054 -0.692793 178.072 -0.00740055 -0.446237 0.00951779 0.894833
15.1378 372.685 -0.691611 179.815 -0.00963107 -0.452699 0.0119698 0.891531
15.3451 371.409 -0.690109 180.722 -0.0106127 -0.456391 0.00983609 0.889662
15.5526 370.085 -0.687886 181.641 -0.00994638 -0.460024 0.00835931 0.887812
15.9674 367.38 -0.708246 183.486 -0.00215661 -0.462143 0.00546569 0.886786
16.1747 366.013 -0.729559 184.425 -0.00311587 -0.462099 0.00396294 0.886814
16.5893 363.304 -0.769275 186.282 -0.000456034 -0.462042 -9.93783e-05 0.886858
16.7967 361.955 -0.787767 187.214 -5.0996e-05 -0.459104 -0.00304791 0.888377
17.2116 359.326 -0.819269 189.118 -0.000414408 -0.447076 -0.0062489 0.894474
17.4191 358.061 -0.830024 190.099 -0.000833366 -0.43806 -0.00582913 0.898926
17.8338 355.632 -0.854989 192.112 -0.00117004 -0.418272 -0.00585954 0.908302
18.0412 354.467 -0.866397 193.139 -0.000122588 -0.408762 -0.00532627 0.912625
18.5596 351.735 -0.913731 195.724 -0.00113209 -0.388319 -0.00350441 0.921517
18.9741 349.715 -0.941017 197.742 -0.00535966 -0.381937 -0.00115332 0.924172
19.1814 348.774 -0.950813 198.682 -0.00508878 -0.382009 -0.000188888 0.924145
19.4922 347.436 -0.969669 199.979 -0.0039791 -0.389463 0.000748097 0.921033
20.1135 344.928 -1.02028 202.042 0.00117615 -0.442413 0.000260978 0.896811
20.5275 343.133 -1.04933 203.066 -0.0031444 -0.512707 -0.00436673 0.858547
20.7344 342.19 -1.0528 203.422 -0.00449903 -0.556255 -0.00840439 0.830957
21.1484 340.304 -1.05143 203.763 -0.00345088 -0.657407 -0.00116748 0.753527
21.6664 337.981 -1.05177 203.402 -0.00231815 -0.776839 -0.000429673 0.629695
21.7701 337.545 -1.05122 203.224 -0.00481257 -0.797532 -0.00260506 0.603252
22.1853 335.898 -1.0465 202.286 -0.00811096 -0.862288 -0.0122489 0.506204
22.3932 335.139 -1.03048 201.709 0.00379536 0.881751 0.0148016 -0.471467
22.8096 333.576 -0.993723 200.451 0.00533426 0.900751 0.0132922 -0.4341
23.2257 331.969 -0.955485 199.054 -0.00476153 0.904967 0.0139314 -0.425228
23.6414 330.18 -0.92977 197.6 -0.00743425 0.90166 0.00741376 -0.432318
24.0564 328.195 -0.912621 196.048 -0.00213025 0.897711 0.0155904 -0.440304
24.264 327.143 -0.893216 195.249 0.00125613 0.896949 0.0125842 -0.441953
24.471 326.076 -0.877483 194.421 -0.00102712 0.897185 0.00607342 -0.441612
24.8855 323.805 -0.85439 192.632 0.00163742 0.8992 0.012451 -0.437357
25.0927 322.643 -0.837025 191.683 -0.00314717 0.900037 0.0117271 -0.435644
25.2999 321.44 -0.818474 190.708 -0.00390552 0.901757 0.00737091 -0.432164
25.7146 318.928 -0.79846 188.646 0.00201841 0.903987 0.00920039 -0.427457
25.922 317.647 -0.782986 187.59 0.00438531 0.904203 0.00963927 -0.426971
26.1292 316.368 -0.768079 186.507 -0.00130821 0.903972 0.00940714 -0.427486
26.544 313.739 -0.748259 184.304 -0.00955816 0.901838 0.0135551 -0.431756
26.7513 312.413 -0.740019 183.247 -0.00610782 0.901177 0.0111639 -0.433265
27.1659 309.738 -0.72911 181.106 -0.00411595 0.900172 0.0141682 -0.435285
27.3732 308.399 -0.7231 180.028 -0.00562727 0.899653 0.0136831 -0.436355
27.7877 305.746 -0.722331 177.939 0.00242135 0.900236 0.0134252 -0.435188
27.9951 304.424 -0.712602 176.871 0.00297883 0.900534 0.0184157 -0.434385
28.4096 301.845 -0.696142 174.775 -0.00148066 0.902273 0.0078388 -0.431092
28.6168 300.566 -0.694348 173.715 -0.00206472 0.904108 0.00641537 -0.42725
29.1353 297.464 -0.701375 171.066 -0.00547307 0.906097 0.0114847 -0.422879
29.3425 296.263 -0.70278 170.051 -0.00339028 0.907686 0.00668655 -0.419582
29.5498 295.038 -0.700441 168.982 -0.000752923 0.910383 0.00770007 -0.413694
30.0682 292.064 -0.659192 166.258 -0.00227115 0.915693 0.0111127 -0.401719
30.2757 290.9 -0.641262 165.158 -0.00100981 0.918297 0.00796476 -0.395811
30.6904 288.61 -0.634152 162.835 -0.00811464 0.924899 0.00716731 -0.380059
30.8976 287.477 -0.633742 161.627 -0.00797985 0.927839 0.012302 -0.372693
31.105 286.353 -0.621081 160.392 -0.00774755 0.930679 0.0168757 -0.365365
31.5201 284.177 -0.59021 157.924 -0.0144415 0.933998 0.0128603 -0.356754
31.7269 283.1 -0.577995 156.678 -0.0152195 0.935044 0.0150634 -0.353884
32.1416 280.959 -0.539695 154.184 -0.00876984 0.937877 0.0148765 -0.346539
32.3489 279.917 -0.514831 152.921 -0.0100594 0.940243 0.0133487 -0.340094
32.8675 277.342 -0.462443 149.687 0.00215853 0.94582 0.0124169 -0.324446
33.0748 276.323 -0.441456 148.383 0.00894888 0.948069 0.00249895 -0.317929
33.4898 274.333 -0.400691 145.594 0.00455298 0.951099 0.0171902 -0.308373
33.6971 273.376 -0.372894 144.211 -0.00479612 0.951894 0.00969956 -0.306236
34.1121 271.392 -0.343922 141.402 0.000404178 0.952487 0.0162298 -0.304145
34.3196 270.422 -0.324496 140.015 0.000337129 0.953105 0.0110208 -0.302439
34.5269 269.428 -0.314023 138.638 0.00764875 0.953737 0.000449264 -0.300545
34.9415 267.493 -0.307308 135.814 0.00637777 0.954405 0.00886327 -0.298316
35.3562 265.614 -0.292837 133.029 -0.00014846 0.954596 0.0107609 -0.297708
35.4599 265.146 -0.286925 132.336 -0.00132932 0.954575 0.0125789 -0.297701
35.8747 263.316 -0.268677 129.626 -0.00502858 0.955085 0.00888444 -0.296158
35.9783 262.861 -0.262947 128.95 -0.00342356 0.955343 0.0134903 -0.295171
36.1858 261.971 -0.254288 127.65 0.00238523 0.955608 0.0173483 -0.294121
36.6005 260.345 -0.237469 125.239 0.000246088 0.95556 0.00697357 -0.294713
36.808 259.569 -0.236241 124.12 0.0017287 0.954485 0.0033725 -0.298234
37.1191 258.415 -0.240651 122.453 -0.00107352 0.951805 0.0141506 -0.306376
37.741 256.07 -0.239335 119.348 -0.00332179 0.945393 0.00622644 -0.325857
38.2597 254.075 -0.231515 116.881 0.00228464 0.942675 0.0105117 -0.333538
38.4666 253.267 -0.222701 115.873 0.0024078 0.942754 0.0129403 -0.33323
38.8811 251.662 -0.209502 113.824 -0.00442212 0.943876 0.00117227 -0.33027
39.0883 250.832 -0.203458 112.734 -0.0057287 0.945086 0.011114 -0.326581
39.503 249.164 -0.167341 110.55 0.00106848 0.947182 0.0169993 -0.320243
39.7104 248.329 -0.13474 109.454 0.00343669 0.94823 0.00898376 -0.317439
39.9178 247.467 -0.114623 108.335 0.0120521 0.948514 0.010896 -0.316317
40.3326 245.78 -0.0804821 106.103 0.0205684 0.949081 0.00487001 -0.314323
40.7473 244.126 -0.0488451 103.869 0.0241736 0.949448 0.00779293 -0.312896
40.9547 243.32 -0.0372188 102.779 0.0234018 0.949432 -0.000731252 -0.313098
41.4733 241.361 -0.0301296 100.116 0.0257296 0.949473 0.00634904 -0.312726
41.7843 240.295 -0.0111315 98.6601 0.0302844 0.950605 0.00775885 -0.308824
42.3018 238.852 0.0102041 96.4606 0.0349699 0.961262 0.000195977 -0.273409
42.5089 238.396 0.0114585 95.5812 0.0352134 0.968181 0.00264492 -0.247745
42.7158 238.026 0.00319631 94.7155 0.0347027 0.976183 0.000701278 -0.214156
42.9226 237.759 -0.00415688 93.8311 0.0292414 0.984613 -0.00236478 -0.172271
43.1296 237.593 -0.0130696 92.935 0.0206692 0.992057 -0.00280323 -0.124046
43.5435 237.583 -0.0452563 91.1946 -0.00155034 0.999929 0.00095604 -0.0117615
43.958 237.94 -0.0156901 89.4928 -0.0128579 0.994354 0.0176721 0.10384
44.3727 238.625 0.0345908 87.9947 -0.00848679 0.9759 0.0193211 0.217195
44.58 239.105 0.0716841 87.2959 -0.0028844 0.961733 0.0149365 0.273565
44.7875 239.71 0.09828 86.5964 -0.00386403 0.94617 0.0130892 0.323383
44.9951 240.394 0.12019 85.9205 -0.00334144 0.930433 0.0131425 0.366212
45.4107 241.946 0.154972 84.6769 -0.00327816 0.904723 0.00904817 0.425891
46.2424 245.76 0.1968 82.0259 -0.00630583 0.887324 0.00376964 0.461088
46.6578 247.998 0.212433 80.4742 -0.00361678 0.888025 0.00305814 0.459771
46.8654 249.206 0.220601 79.6414 -0.00352282 0.888737 0.00219898 0.458398
47.2804 251.858 0.228928 77.7639 -0.000970146 0.890275 0.00409282 0.455404
47.4877 253.256 0.234589 76.7734 -0.00127008 0.890959 0.00571605 0.454046
47.6951 254.718 0.259572 75.7151 -0.00075626 0.891155 0.0107222 0.453571
48.1097 257.615 0.292359 73.6347 0.00364458 0.89017 0.00842264 0.455537
48.3169 259.047 0.300375 72.6239 0.0031718 0.888826 0.0142008 0.458014
48.7314 261.916 0.338745 70.6638 0.00388335 0.886661 0.0140943 0.462188
48.9387 263.375 0.353538 69.6645 0.00375699 0.885774 0.012675 0.463929
49.3539 266.26 0.35713 67.7226 -0.000178913 0.885452 0.00588855 0.464694
49.5609 267.673 0.353073 66.7588 0.00032976 0.886191 0.00636075 0.463276
49.9758 270.421 0.351088 64.8375 0.00571255 0.887866 0.011554 0.459921
50.1831 271.775 0.350387 63.8981 0.00583756 0.888793 0.0106462 0.458148
50.3904 273.139 0.355667 62.9176 0.00755906 0.888756 0.0138687 0.458109
50.5977 274.504 0.364406 61.9674 0.00423465 0.888177 0.0159128 0.459207
51.0124 277.121 0.385774 60.1776 0.00494815 0.885237 0.011403 0.464974
51.2196 278.437 0.387793 59.3018 0.00333694 0.882998 0.010433 0.469248
51.4271 279.758 0.392039 58.4461 4.28219e-05 0.880919 0.011288 0.473132
51.8419 282.398 0.405882 56.785 -0.00805633 0.878486 0.00682605 0.477652
52.3603 285.512 0.417425 54.8283 -0.0147439 0.878395 0.00415461 0.477691
52.8786 288.301 0.429288 53.0242 -0.0168445 0.881452 0.00315396 0.471962
53.3969 290.751 0.437003 51.3743 -0.015927 0.885445 0.00382365 0.464456
53.7079 292.021 0.439219 50.485 -0.0149957 0.888579 0.00465499 0.458455
54.1225 293.504 0.44354 49.408 -0.0152705 0.892826 0.00702527 0.450089
54.5372 294.723 0.450374 48.4638 -0.0124658 0.898067 0.0079812 0.439609
55.0554 295.87 0.454779 47.5278 -0.0110271 0.903536 0.0079487 0.428296
55.9883 296.697 0.451556 46.793 -0.00495758 0.907043 0.00280054 0.420999
58.6833 297.461 0.458442 46.105 -4.93754e-05 0.913567 -0.00508481 0.406657
59.0981 298.055 0.448742 45.4453 -0.00147259 0.925744 -0.00330029 0.378133
60.0321 299.337 0.419341 43.2387 0.000386012 0.973157 0.00929042 0.229956
60.4472 299.626 0.415734 41.8777 0.00197367 0.992535 0.0127553 0.121273
60.8623 299.588 0.442787 40.2984 0.000689867 0.999962 0.00600942 -0.00624149
61.2769 299.143 0.459366 38.5436 0.00667441 0.991508 0.00860258 -0.129587
61.6911 298.275 0.492616 36.6662 0.00605763 0.974101 0.00535946 -0.225968
62.1048 296.997 0.511374 34.6625 0.0091623 0.959029 0.00628037 -0.283089
62.5182 295.473 0.539596 32.5099 0.0102128 0.952114 0.00564414 -0.305519
62.7252 294.641 0.554446 31.374 0.0105122 0.95046 0.00449127 -0.310638
63.1394 292.855 0.585887 28.9515 0.0119557 0.949342 0.007288 -0.313934
63.3465 291.913 0.604215 27.6713 0.0123591 0.949646 0.00665995 -0.31301
63.5539 290.944 0.622696 26.3408 0.0104477 0.950153 0.00227571 -0.3116
63.9686 288.898 0.642938 23.5198 0.0108117 0.950147 0.00898266 -0.311485
64.176 287.83 0.666457 22.0672 0.0140163 0.950142 0.00932155 -0.311363
64.3832 286.744 0.693982 20.5859 0.0139589 0.950548 0.00174425 -0.31026
64.7979 284.491 0.704333 17.4565 0.0125281 0.950968 0.00376941 -0.309013
64.9016 283.907 0.710002 16.6446 0.0131347 0.950885 0.00720326 -0.309181
65.3162 281.517 0.765513 13.3447 0.0142818 0.950827 0.0035448 -0.309372
65.5236 280.298 0.777703 11.658 0.0148299 0.950989 0.00276294 -0.308858
65.8344 278.466 0.795867 9.10302 0.0170314 0.951739 0.00443399 -0.306403
66.0417 277.243 0.807103 7.38305 0.0161199 0.952253 -0.00055202 -0.304883
66.3526 275.415 0.798016 4.77233 0.0151671 0.952925 0.00206276 -0.302819
66.4562 274.809 0.797646 3.90789 0.015147 0.953123 0.00471695 -0.302168
66.871 272.517 0.828614 0.594233 0.0139471 0.953474 0.0057913 -0.301097
67.0783 271.431 0.838952 -0.974711 0.0131445 0.953541 0.0023356 -0.300966
67.2857 270.347 0.842527 -2.54354 0.0127338 0.95349 0.00266725 -0.301144
67.9076 266.729 0.871898 -7.76157 0.00920495 0.953137 0.011057 -0.302197
68.0113 266.062 0.879596 -8.71965 0.0071375 0.953136 0.00904763 -0.302323
68.4259 263.851 0.896274 -11.924 0.00128012 0.952853 0.00605606 -0.303368
68.6332 262.692 0.893305 -13.5819 0.00124652 0.952846 0.00774548 -0.303352
69.0479 260.297 0.919929 -17.0023 0.00178809 0.95267 0.00872641 -0.303877
69.2553 259.105 0.941716 -18.6849 0.00173702 0.952434 0.00869764 -0.304615
69.67 256.637 0.967284 -22.1782 1.98345e-06 0.952157 0.00681775 -0.305532
69.8773 255.378 0.971365 -23.9508 0.000650913 0.952183 0.00633261 -0.305462
70.292 252.872 0.998655 -27.4851 0.0021373 0.951966 0.0120815 -0.305959
70.4994 251.623 1.01749 -29.2307 0.00416261 0.95202 0.0106311 -0.305822
70.914 249.159 1.04451 -32.681 0.00771406 0.952232 0.00947327 -0.305132
71.0176 248.549 1.0564 -33.5477 0.00949501 0.952289 0.0106998 -0.304863
71.4322 246.125 1.09601 -36.9695 0.0132405 0.952532 0.00561669 -0.304098
71.6394 244.925 1.10787 -38.6547 0.0152932 0.952712 0.00669311 -0.303414
72.0539 242.61 1.13801 -41.9451 0.0196902 0.953257 0.00812227 -0.30141
72.2612 241.475 1.15427 -43.5691 0.0198841 0.953545 0.00618853 -0.30053
72.6757 239.301 1.17702 -46.7276 0.0184561 0.953956 0.00730101 -0.299289
72.883 238.259 1.18754 -48.2393 0.0169288 0.95403 0.00607447 -0.299171
73.2979 236.305 1.20463 -51.0441 0.0181531 0.953153 0.00645985 -0.301873
73.5051 235.379 1.21254 -52.3568 0.0197259 0.952668 0.00682451 -0.303294
73.7126 234.49 1.22808 -53.6074 0.0221242 0.95209 0.00796104 -0.304912
73.9198 233.655 1.24083 -54.7904 0.0217943 0.951577 0.00898524 -0.306504
74.438 231.786 1.25639 -57.396 0.019889 0.950871 0.00554188 -0.308899
75.2666 229.59 1.26111 -60.6807 0.0166146 0.960688 0.00272035 -0.277118
75.5771 229.015 1.25932 -61.8472 0.0155093 0.970675 0.00616496 -0.239814
75.8873 228.602 1.2513 -62.995 0.015208 0.983115 0.00763967 -0.182194
76.0941 228.427 1.25325 -63.7834 0.0133592 0.990473 0.0113659 -0.136582
76.5079 228.305 1.26207 -65.364 0.00767665 0.999349 0.0185469 -0.0299882
76.922 228.538 1.31056 -67.1104 0.0146835 0.995242 0.0258748 0.0927851
77.3363 229.285 1.38932 -68.8967 0.0238936 0.973681 0.0228976 0.2255
77.6471 230.228 1.43844 -70.1647 0.0313218 0.94466 0.0183513 0.326037
77.8547 231.056 1.44791 -70.9088 0.0259216 0.922481 0.020914 0.384604
78.0626 231.989 1.44784 -71.5502 0.0134819 0.902311 0.0195296 0.430432
78.479 234.035 1.48871 -72.8214 0.00343462 0.878294 0.0225346 0.477577
78.8956 236.193 1.53124 -74.1128 0.00831514 0.874638 0.00635375 0.484663
79.3114 238.519 1.53258 -75.558 0.00641633 0.875856 0.0111641 0.482402
79.519 239.747 1.54014 -76.3075 0.00296584 0.877339 0.00801793 0.479795
79.8302 241.675 1.54276 -77.5364 0.000169732 0.88086 0.00812044 0.473307
80.0375 243.055 1.541 -78.4411 -0.00230724 0.882947 0.0098085 0.469365
80.2448 244.5 1.54342 -79.416 0.000934723 0.884593 0.00928992 0.46627
80.6595 247.424 1.59389 -81.4459 -0.000303179 0.887365 0.0171151 0.46075
81.0741 250.365 1.68179 -83.5115 -0.00109492 0.889148 0.0120245 0.457461
81.2814 251.907 1.7027 -84.6025 -0.00111866 0.889109 0.0118525 0.457541
81.4886 253.404 1.72518 -85.676 -0.00120958 0.888717 0.01293 0.458272
81.9031 256.421 1.76855 -87.7923 -0.0040445 0.887771 0.0127694 0.460091
82.1103 257.935 1.78439 -88.8448 -0.00436972 0.887315 0.0110977 0.461009
82.6288 261.736 1.83953 -91.4166 -0.00914709 0.883382 0.0120448 0.46841
82.8361 263.204 1.87539 -92.3738 -0.00898191 0.88203 0.00874578 0.471027
83.0435 264.663 1.9087 -93.3267 -0.00814295 0.881274 0.00898305 0.47245
83.4582 267.626 1.96042 -95.2627 -0.00934047 0.882179 0.00741838 0.470763
83.6655 269.14 1.97228 -96.2737 -0.0111853 0.883978 0.00794727 0.467328
84.0801 272.145 2.00353 -98.3508 -0.0117806 0.888639 0.0103003 0.458341
84.2876 273.641 2.01609 -99.4106 -0.0103914 0.890956 0.00940287 0.453873
84.7021 276.505 2.04941 -101.528 -0.0105348 0.895465 0.00875123 0.444921
84.9093 277.894 2.07856 -102.581 -0.0111702 0.897237 0.0106001 0.441281
85.1167 279.235 2.10457 -103.624 -0.0096134 0.89848 0.0119737 0.438746
85.3241 280.514 2.13007 -104.626 -0.00669439 0.89911 0.0111204 0.437531
85.5313 281.708 2.14495 -105.581 -0.00420945 0.899342 0.0122254 0.437055
86.0496 284.504 2.15611 -107.749 0.00082012 0.896813 0.0153414 0.442143
86.3605 285.982 2.16521 -108.835 0.00304669 0.892822 0.0157189 0.450125
86.9825 288.936 2.18897 -110.848 0.00361498 0.883053 0.0119638 0.469107
87.2936 290.409 2.19349 -111.784 0.00556532 0.878825 0.00827647 0.47704
87.6046 291.907 2.18963 -112.694 0.00411589 0.875247 0.00637018 0.483617
87.812 292.934 2.18746 -113.311 0.00372805 0.873264 0.00573632 0.487199
88.0193 294.012 2.18326 -113.948 0.000758958 0.871972 0.00254913 0.489548
88.2266 295.118 2.17855 -114.622 0.00161883 0.871519 0.00229713 0.490354
88.4343 296.273 2.17668 -115.331 -4.20361e-05 0.871672 0.00476191 0.490067
88.8489 298.693 2.21789 -116.786 -0.0117876 0.872979 0.0163095 0.487342
89.0562 299.935 2.24374 -117.555 -0.00846643 0.875041 0.00428466 0.483955
89.4709 302.627 2.31555 -119.266 -0.0148048 0.878784 0.0176669 0.476663
89.6782 304.008 2.35777 -120.162 -0.00832804 0.880653 0.00558961 0.473655
89.8856 305.464 2.38849 -121.113 -0.0105578 0.882639 0.00121515 0.469931
90.404 309.221 2.42723 -123.705 -0.00685768 0.890355 -0.00684809 0.455163
90.8188 312.338 2.42719 -126.043 -0.0077384 0.896205 0.00820905 0.443497
91.026 313.914 2.44506 -127.249 -0.00502429 0.897534 0.00535934 0.440883
91.2332 315.498 2.44643 -128.483 -0.00371188 0.89776 0.00709692 0.440413
91.6477 318.684 2.48166 -130.897 -0.0062402 0.89578 0.010622 0.444328
91.855 320.246 2.50034 -132.072 0.000487194 0.894295 0.00542269 0.447445
92.2695 323.473 2.50163 -134.429 0.00115343 0.891454 0.0123238 0.452943
92.6841 326.678 2.50533 -136.682 -8.89372e-05 0.88958 0.00603863 0.456739
92.9949 329.088 2.51737 -138.395 -0.000725373 0.887769 0.0139848 0.460076
93.2022 330.687 2.53931 -139.504 -0.00135464 0.886179 0.0147404 0.463106
93.6167 333.879 2.56613 -141.669 -0.000340557 0.884045 0.0113109 0.467265
93.8241 335.476 2.58731 -142.756 -0.000396322 0.883322 0.0150496 0.468524
94.2388 338.601 2.63664 -144.84 -0.00354139 0.883477 0.0138461 0.468256
94.3426 339.335 2.64677 -145.323 -0.00461854 0.883788 0.0121185 0.467708
94.5499 340.836 2.65923 -146.338 -0.00218221 0.88445 0.0100242 0.466523
94.9647 343.876 2.69685 -148.407 -0.00247432 0.885388 0.0174046 0.46452
95.1719 345.349 2.72562 -149.419 -0.00174297 0.88616 0.016308 0.46309
95.5866 348.158 2.77337 -151.358 -0.00350585 0.886912 0.0178133 0.461582
95.7938 349.433 2.79148 -152.254 0.00237559 0.88754 0.0143642 0.4605
96.001 350.659 2.81187 -153.115 0.00408735 0.887718 0.0159704 0.460093
96.4156 352.964 2.83054 -154.719 0.00475594 0.887192 0.0148632 0.461136
96.623 354.005 2.83929 -155.417 0.00399854 0.886052 0.0103765 0.463453
96.9338 355.51 2.83841 -156.404 0.000304036 0.882403 0.0137271 0.470294
97.2447 356.934 2.8491 -157.282 0.00282543 0.873418 0.0142828 0.486753
97.555 358.336 2.85153 -158.002 0.00462484 0.85386 0.0131332 0.520316
97.9686 360.27 2.84547 -158.662 0.00611389 0.805618 0.0139379 0.59224
98.3822 362.26 2.84419 -158.878 0.0046857 0.73243 0.0147409 0.680666
98.7961 364.284 2.85066 -158.536 0.00158435 0.635519 0.0140969 0.771955
98.8998 364.79 2.85866 -158.356 0.000486442 0.608396 0.0138856 0.793512
99.107 365.774 2.87388 -157.878 -0.00267825 0.552188 0.0113028 0.833638
99.2106 366.254 2.87672 -157.589 -0.00359193 0.522859 0.0113747 0.852336
99.3142 366.733 2.87849 -157.274 -0.0035832 0.493344 0.0139675 0.869715
99.7295 368.479 2.90783 -155.676 -0.00465958 0.393736 0.012065 0.919133
99.9376 369.295 2.91964 -154.734 -0.00676558 0.362692 0.0084346 0.931846
100.354 370.943 2.93126 -152.705 0.000131538 0.330253 0.0100251 0.943839
100.769 372.576 2.91907 -150.432 0.00443164 0.304216 0.00754688 0.952563
100.977 373.406 2.90281 -149.211 0.004638 0.297291 0.00680227 0.954751
101.392 375.118 2.86868 -146.616 0.00300478 0.28895 0.00475272 0.957328
101.6 375.998 2.85525 -145.231 -6.93354e-05 0.284075 0.0028114 0.958798
101.807 376.894 2.84755 -143.799 -0.000392536 0.279711 0.00142978 0.960083
102.222 378.75 2.81551 -140.808 0.00282262 0.279118 -0.00276322 0.960249
102.326 379.235 2.80309 -140.036 0.00124654 0.279932 -0.0030719 0.960014
102.429 379.73 2.7903 -139.245 5.17522e-05 0.281079 -0.00424102 0.959675
102.637 380.724 2.77199 -137.676 -0.00087512 0.283455 -0.00557056 0.958969
103.155 383.299 2.74665 -133.712 -0.0109703 0.28935 -0.00409844 0.957152
103.673 385.9 2.75077 -129.797 -0.00851125 0.294313 -0.00631757 0.95565
103.88 386.945 2.75029 -128.254 -0.00689898 0.295854 -0.00635856 0.955187
104.088 387.987 2.74458 -126.696 -0.00711299 0.297487 -0.0108079 0.954638
104.502 390.136 2.73922 -123.538 -0.0114255 0.302011 -0.0154757 0.95311
104.71 391.259 2.73375 -121.968 -0.00762439 0.304008 -0.00932042 0.952593
105.124 393.49 2.7363 -118.819 -0.0130802 0.305345 -0.00677911 0.952128
105.331 394.564 2.74226 -117.257 -0.0089797 0.304437 -0.0140067 0.952387
105.539 395.638 2.72991 -115.731 -0.00574538 0.302967 -0.0131562 0.952893
105.954 397.809 2.69899 -112.619 -0.00681473 0.304241 -0.012983 0.952482
106.058 398.354 2.69084 -111.841 -0.00649776 0.305494 -0.0130309 0.952083
106.472 400.533 2.66211 -108.798 -0.00376298 0.310288 -0.0125117 0.950553
106.679 401.631 2.64447 -107.279 -0.00772182 0.310859 -0.0111168 0.95036
106.886 402.718 2.63235 -105.78 -0.00582641 0.310836 -0.0105019 0.950388
107.301 404.9 2.59727 -102.748 -0.00270739 0.304427 -0.00366637 0.952525
107.508 405.945 2.58071 -101.214 -0.0017781 0.300581 -0.00905778 0.953712
107.923 408.084 2.55531 -98.0867 -0.00499554 0.298774 -0.00791021 0.954278
108.027 408.632 2.55123 -97.2963 -0.000549433 0.298241 -0.00616517 0.954471
108.235 409.723 2.53222 -95.6997 -0.00149239 0.298183 -0.0056761 0.954491
108.649 411.922 2.51213 -92.5007 -0.00440308 0.30078 -0.00425704 0.953674
109.479 416.486 2.49605 -86.0559 -0.0056665 0.304901 -2.12218e-05 0.952367
109.582 417.052 2.49552 -85.2432 -0.00605187 0.303483 -0.000934824 0.952817
110.1 419.864 2.4966 -81.1525 -0.00272557 0.298652 -0.00311514 0.954353
110.412 421.542 2.4839 -78.6624 -0.00910196 0.295907 -0.00477431 0.955161
110.827 423.765 2.45637 -75.3434 0.00688833 0.291737 -0.00693514 0.956449
111.034 424.902 2.4112 -73.6405 0.00180713 0.290113 -0.00266131 0.956987
111.449 427.135 2.38493 -70.2484 -0.0047506 0.291143 -0.00232983 0.956665
111.656 428.248 2.36506 -68.5961 -0.000342806 0.292801 -0.000756575 0.956173
112.071 430.482 2.30838 -65.3057 -0.00107782 0.296077 0.00299016 0.955159
112.175 431.032 2.2959 -64.4916 -0.00171472 0.296781 0.00286721 0.95494
112.589 433.221 2.25207 -61.2909 -0.00213778 0.299286 0.00246254 0.954158
112.796 434.305 2.23698 -59.7376 -0.0037283 0.299995 0.00716883 0.953906
113.211 436.389 2.21681 -56.7711 0.000483488 0.299711 0.0139198 0.953928
113.418 437.36 2.18744 -55.3108 0.00135864 0.300886 0.00238605 0.953656
113.936 439.75 2.13025 -51.9225 -0.00412077 0.310096 -0.000595257 0.950696
114.247 441.111 2.10541 -50.0838 -0.00434676 0.314837 0.000523345 0.949136
114.765 443.165 2.07177 -47.3622 -0.00286598 0.319068 0.00378501 0.94772
115.387 445.16 2.03288 -44.6365 -0.00115888 0.302193 0.00738581 0.953217
115.697 445.911 2.01061 -43.4667 0.00164333 0.276683 0.00938132 0.960914
116.008 446.504 1.99475 -42.2635 0.00193863 0.229977 0.00882713 0.973154
116.215 446.779 1.98651 -41.4342 0.000610796 0.187071 0.00743984 0.982318
116.628 447.019 1.97061 -39.7592 0.00111901 0.0918074 -0.00181251 0.995775
116.835 447.035 1.9679 -38.8794 0.00101617 0.04075 -0.00133792 0.999168
117.043 446.962 1.96331 -37.9431 -0.00259053 -0.0137378 -0.000936935 0.999902
117.457 446.492 1.9595 -35.9518 -0.00288312 -0.133161 0.000613959 0.99109
117.871 445.467 1.96228 -33.9114 0.00258521 -0.246824 0.00162991 0.969055
118.286 443.891 1.9583 -32.0187 0.00012482 -0.348596 -0.00924987 0.937227
118.701 441.906 1.95231 -30.2288 0.00456963 -0.409546 -0.0113136 0.912208
118.909 440.815 1.9568 -29.3456 0.00769866 -0.425483 -0.0112731 0.904864
119.117 439.667 1.94326 -28.4318 0.00133718 -0.432735 -0.0127153 0.90143
119.533 437.308 1.92486 -26.5979 0.0084725 -0.440142 -0.0057782 0.897869
119.74 436.066 1.91195 -25.6466 0.00578234 -0.442229 -0.00495701 0.89687
119.948 434.78 1.89088 -24.6707 -0.000461058 -0.444197 -0.00619061 0.895908
120.362 432.132 1.87599 -22.6913 0.000154154 -0.448138 -0.00152464 0.893963
120.57 430.756 1.85958 -21.69 0.00202639 -0.449316 -0.00275393 0.893367
120.777 429.352 1.84955 -20.6586 -0.00118643 -0.45046 -0.0021673 0.892793
121.192 426.458 1.83857 -18.5491 -0.00390678 -0.455279 0.00232469 0.890337
121.399 424.969 1.83049 -17.5005 -0.00657799 -0.45911 0.00110791 0.888354
121.814 421.959 1.82881 -15.4506 -0.0107552 -0.468291 -0.000565955 0.883508
122.021 420.445 1.83167 -14.4647 -0.00520393 -0.472916 -0.00106894 0.881092
122.436 417.365 1.81796 -12.5144 -0.0056183 -0.479628 -0.00722531 0.877424
122.643 415.842 1.81957 -11.5585 -0.00368335 -0.480009 -0.00798881 0.87722
123.058 412.829 1.81193 -9.67913 0.00191348 -0.478182 -0.0146486 0.878136
123.265 411.377 1.79897 -8.76298 0.00603577 -0.476591 -0.0154572 0.878969
123.68 408.581 1.76282 -6.95245 0.00507953 -0.472667 -0.0176818 0.881049
123.887 407.256 1.75016 -6.08489 0.00607554 -0.469674 -0.0205952 0.882579
124.406 404.381 1.6984 -4.08746 0.00718581 -0.456953 -0.0172164 0.889295
124.716 402.872 1.66356 -2.96948 0.00757553 -0.449185 -0.0136484 0.893303
125.338 399.97 1.60083 -0.732239 0.00406486 -0.43733 -0.013556 0.89919
125.649 398.539 1.58685 0.370917 -0.00242418 -0.438173 -0.0180685 0.898706
125.96 397.136 1.58609 1.44823 -0.00538161 -0.445611 -0.0119518 0.895131
126.374 395.248 1.59236 2.74859 -0.00356045 -0.477673 5.43387e-05 0.87853
126.582 394.253 1.57714 3.3193 -0.00169235 -0.499738 0.00152334 0.866173
126.789 393.214 1.57007 3.83486 -0.00314541 -0.52779 0.00123685 0.849368
126.996 392.134 1.56724 4.25012 -0.00513995 -0.560239 -0.00327587 0.828309
127.41 389.96 1.57353 4.74449 -0.00691892 -0.637671 -0.00508963 0.770261
127.617 388.892 1.57687 4.80381 -0.00450878 -0.678621 -0.00145203 0.734473
128.031 386.764 1.56805 4.5599 -0.00500125 -0.755245 0.00593346 0.655397
128.446 384.723 1.54369 3.87679 -0.0109185 -0.818835 0.00523976 0.573902
128.653 383.783 1.53599 3.38565 -0.0100702 -0.845913 0.00592285 0.533194
129.068 382.072 1.51808 2.15723 0.00237031 0.887578 0.00243477 -0.460645
129.276 381.28 1.50832 1.46941 -0.00627843 0.898836 0.00874138 -0.438153
129.9 378.93 1.49962 -0.575589 -0.0144197 0.906547 0.0108702 -0.421718
130.524 376.568 1.479 -2.29476 -0.00772915 0.880579 0.0130597 -0.473656
130.732 375.763 1.46742 -2.66644 -0.00557742 -0.860834 -0.0121143 0.50871
131.149 374.231 1.4531 -3.15137 0.00407218 -0.801702 -0.00329678 0.597701
131.357 373.424 1.46762 -3.24441 0.00228444 -0.763816 -0.00714512 0.645391
131.772 371.918 1.4547 -3.07694 -0.00548632 -0.681923 -0.00162725 0.731401
132.186 370.479 1.45826 -2.67202 -0.00167967 -0.607731 -0.00513247 0.794125
132.394 369.747 1.45673 -2.3619 -0.00406033 -0.573359 -0.00575816 0.819274
132.601 368.996 1.44891 -1.97997 -0.00676899 -0.542995 -0.004165 0.839698
133.118 366.985 1.45467 -0.838313 0.00157307 -0.498708 -0.000175658 0.866769
133.532 365.196 1.43769 0.326648 0.000329598 -0.477405 0.00420651 0.878673
133.739 364.215 1.42853 0.970961 -0.0027136 -0.475826 0.00417787 0.879525
133.946 363.174 1.42236 1.64656 -0.00417096 -0.474657 0.00276964 0.880157
134.361 360.948 1.41684 3.11024 -0.00164629 -0.471251 0.00304424 0.881992
134.568 359.761 1.41031 3.90147 9.57981e-05 -0.468997 0.0031007 0.883194
134.775 358.524 1.39748 4.73122 0.000251936 -0.467179 0.00165894 0.884161
135.19 355.959 1.37084 6.49469 -0.00202462 -0.46253 0.00134353 0.886601
135.604 353.306 1.34621 8.35924 -0.00244686 -0.459212 0.00349608 0.888316
135.708 352.628 1.33914 8.83484 -0.00150962 -0.458513 0.00367251 0.888679
135.812 351.946 1.33121 9.31625 9.94255e-05 -0.457853 0.00407908 0.889018
136.123 349.851 1.29486 10.7981 0.00221671 -0.455609 0.00336312 0.890171
136.537 347.003 1.24724 12.837 -0.00397914 -0.458436 0.00571744 0.8887
136.641 346.284 1.23877 13.3435 -0.00446939 -0.459967 0.00639148 0.887902
137.056 343.388 1.19152 15.3353 -0.0016102 -0.464925 0.00730379 0.885319
137.16 342.656 1.17392 15.8296 -0.000703103 -0.465545 0.00636496 0.885001
137.574 339.733 1.12938 17.801 -0.00826083 -0.468353 0.00225282 0.8835
137.782 338.304 1.11585 18.7496 -0.00158397 -0.469648 0.00423237 0.882842
137.989 336.896 1.08785 19.6912 0.00144663 -0.470519 0.0080812 0.882352
138.404 334.091 1.03889 21.5643 -0.00540009 -0.469767 0.00588832 0.882754
138.611 332.716 1.02377 22.487 -0.0046881 -0.470327 0.00901451 0.882434
139.025 329.982 0.982037 24.2869 -0.00478285 -0.472534 0.0075785 0.881267
139.233 328.629 0.961402 25.1745 -0.00432727 -0.473467 0.00871512 0.880758
139.647 325.955 0.919247 26.9146 -0.00693183 -0.475574 0.00788028 0.879613
139.855 324.682 0.90055 27.7307 -0.00632806 -0.476537 0.0066485 0.879106
140.062 323.461 0.881671 28.501 -0.00484031 -0.477424 0.0041234 0.87865
140.269 322.274 0.861321 29.2467 -0.00228527 -0.477813 0.00173868 0.878457
140.476 321.092 0.842353 29.9952 -0.000871624 -0.477318 0.000387746 0.87873
140.684 319.923 0.827183 30.737 -0.000551515 -0.476523 -0.00197676 0.87916
140.891 318.779 0.811952 31.4834 -0.00305567 -0.475366 -0.00155048 0.879781
141.098 317.678 0.795715 32.2044 -0.00267697 -0.473441 -0.000715564 0.880821
141.513 315.653 0.762323 33.5457 -0.000382618 -0.468235 -0.000539072 0.883604
141.824 314.321 0.737027 34.4584 -0.00184205 -0.460878 -0.00303522 0.887456
142.135 313.148 0.714686 35.3146 -0.0017668 -0.450451 -0.00265564 0.892795
142.861 310.97 0.686519 37.0961 -0.00438585 -0.41956 -0.0028452 0.907712
143.794 309.385 0.668184 38.7425 -0.00811332 -0.3676 0.00241709 0.929945
144.312 308.914 0.651923 39.4044 -0.00829124 -0.334764 0.0082704 0.942229
145.245 308.104 0.643071 40.8504 0.00191662 -0.248228 0.0076122 0.96867
145.557 307.833 0.63152 41.6418 0.00214638 -0.19181 0.00778121 0.981399
146.076 307.526 0.602206 43.4021 0.00492477 -0.0707826 0.00131134 0.997479
146.491 307.66 0.581822 45.1213 0.00924318 0.0451682 0.00371123 0.99893
146.698 307.89 0.559813 46.0555 0.0097265 0.105252 0.00271936 0.994394
147.113 308.734 0.528897 48.0302 0.00863316 0.207436 0.00948849 0.978165
147.526 309.991 0.50177 50.1859 0.00555467 0.26987 0.0111571 0.962816
147.733 310.749 0.49443 51.3351 0.00554492 0.287495 0.0113199 0.957699
148.147 312.497 0.481746 53.7725 0.00394132 0.310771 0.0141731 0.950371
148.354 313.464 0.479025 55.0709 0.00397791 0.315359 0.0152298 0.948842
148.561 314.477 0.477555 56.4216 0.0039574 0.316935 0.0165828 0.948294
148.975 316.626 0.470749 59.3032 0.00511519 0.315428 0.0181014 0.948763
149.182 317.76 0.462665 60.8362 0.00722547 0.314252 0.0189379 0.949123
149.389 318.932 0.449074 62.4261 0.00892825 0.312262 0.0208935 0.949724
149.804 321.318 0.403899 65.768 0.00826923 0.304975 0.0185303 0.952144
150.218 323.798 0.353959 69.3377 0.00722019 0.299562 0.0180113 0.953879
150.426 325.054 0.329663 71.1626 0.00692882 0.29731 0.0193638 0.95456
150.633 326.317 0.304749 73.0201 0.00705844 0.295271 0.01872 0.955204
151.048 328.862 0.24914 76.8029 0.00632949 0.293594 0.0178312 0.955743
151.151 329.496 0.235138 77.7466 0.00647565 0.293215 0.018093 0.955853
151.255 330.132 0.221651 78.7008 0.00625274 0.29304 0.0184668 0.955901
151.669 332.727 0.169605 82.5883 0.0043177 0.294171 0.0161682 0.955606
151.877 334.05 0.14577 84.553 0.00500566 0.295691 0.0147217 0.955157
152.291 336.768 0.108412 88.5208 0.000810747 0.298651 0.0168261 0.954214
152.395 337.466 0.106462 89.5284 0.000894239 0.299548 0.0173388 0.953923
152.602 338.869 0.102626 91.5456 0.00252183 0.301188 0.0174104 0.953402
153.017 341.743 0.0724889 95.618 0.00609329 0.303662 0.0203568 0.952543
153.431 344.672 0.0268038 99.7726 0.00325457 0.305445 0.0182405 0.95203
153.639 346.15 0.00913186 101.856 0.00556143 0.305622 0.0175861 0.951974
154.053 349.146 -0.0527514 106.073 0.00481085 0.304959 0.0194474 0.952155
154.157 349.893 -0.0642869 107.128 0.00502156 0.304765 0.0198061 0.952208
154.26 350.647 -0.0753477 108.197 0.00544622 0.304508 0.0198349 0.952288
154.778 354.402 -0.150602 113.544 0.00514136 0.3031 0.0197147 0.952741
154.882 355.142 -0.164782 114.602 0.00468603 0.302664 0.0194251 0.952888
155.296 358.122 -0.215655 118.876 0.00420746 0.301003 0.0195279 0.953414
155.71 361.092 -0.273698 123.154 0.0046395 0.299584 0.0196593 0.953856
155.918 362.552 -0.302064 125.274 0.00325139 0.298979 0.0189589 0.954066
156.125 364.011 -0.31557 127.397 -0.00146655 0.298456 0.0204461 0.954203
156.54 366.901 -0.322028 131.615 -0.000221709 0.296887 0.0207169 0.954688
156.747 368.338 -0.327153 133.715 -0.000935709 0.29623 0.0222942 0.954856
157.161 371.132 -0.339443 137.818 0.00179258 0.296437 0.0213465 0.954812
157.369 372.491 -0.359793 139.826 0.00124105 0.29695 0.0197974 0.954687
157.576 373.809 -0.382438 141.754 0.00138137 0.29813 0.0193373 0.954329
157.991 376.326 -0.429712 145.401 0.00174043 0.300277 0.0185334 0.953671
158.198 377.526 -0.456104 147.122 0.00239778 0.301389 0.0191767 0.953305
158.613 379.774 -0.508279 150.304 0.00247647 0.303506 0.0214405 0.952585
158.82 380.822 -0.528733 151.791 0.00174128 0.304518 0.021108 0.952271
159.027 381.817 -0.545014 153.199 0.000644101 0.30558 0.0209434 0.951936
159.545 384.087 -0.569803 156.388 0.000578278 0.300228 0.0270173 0.953485
159.752 384.873 -0.580838 157.577 0.00113685 0.286258 0.030021 0.957681
159.959 385.539 -0.596296 158.709 0.0010876 0.26418 0.031266 0.963966
160.373 386.457 -0.623014 160.83 0.00193968 0.19537 0.0282455 0.980321
160.58 386.743 -0.644199 161.91 0.000324438 0.152945 0.0231718 0.987963
160.994 386.94 -0.686827 164.013 -0.00612673 0.05194 0.00776964 0.998601
161.409 386.69 -0.691659 166.074 -0.0128428 -0.0625156 0.000311578 0.997961
161.823 385.962 -0.674587 168.014 -0.0129572 -0.182239 0.00100317 0.983168
162.238 384.886 -0.60775 169.729 -0.00871726 -0.292617 -0.00170789 0.956188
162.445 384.246 -0.615341 170.488 -0.00635328 -0.339013 -0.00280975 0.940756
162.861 382.774 -0.593491 171.897 -0.00303886 -0.399213 -0.00313744 0.916848
163.068 382.02 -0.565958 172.564 0.0040979 -0.415026 -0.00311928 0.909795
163.484 380.232 -0.593467 174.028 -0.00138268 -0.429425 -0.00249092 0.903098
163.692 379.278 -0.603458 174.805 -0.00177441 -0.43028 -0.00147014 0.902692
163.899 378.294 -0.611511 175.618 -0.00253499 -0.430842 0.00174268 0.902422
164.314 376.22 -0.628209 177.26 -0.0056062 -0.430132 0.00685059 0.902723
164.522 375.088 -0.634997 178.174 -0.00778428 -0.431548 0.0116437 0.901981
164.729 373.915 -0.642833 179.122 -0.00952255 -0.436514 0.015096 0.89952
165.144 371.342 -0.644225 181.032 -0.0123216 -0.453954 0.0159147 0.890798
