1261229198.0000 0.0000000000000000 0.0000000000000000 0.0000000000000000 0.0 0.0 0.0 1.0
1261229199.0000 6.9975502634934719 0.3699139679225496 -0.0011935745999376 0.0 0.0 0.0 1.0
1261229200.0000 14.8884044941991913 0.5548795734877854 -0.0018020027672523 0.0 0.0 0.0 1.0
1261229201.0000 23.8214464445184788 0.5542564257941418 -0.2018281083516696 0.0 0.0 0.0 1.0
1261229202.0000 33.6477920489566458 0.5536460118251074 -0.4018713952226382 0.0 0.0 0.0 1.0
1261229203.0000 44.3674412233410820 0.5530513950391761 -0.6019359985780807 0.0 0.0 0.0 1.0
1261229204.0000 55.8315119384034020 0.3678410388818323 -0.7014307624393876 0.0 0.0 0.0 1.0
1261229205.0000 67.5933544325536673 -0.0016639789838686 -0.6003554856161534 0.0 0.0 0.0 1.0
1261229206.0000 79.3551941113504427 -0.1868406072072216 -0.6998957636917211 0.0 0.0 0.0 1.0
1261229207.0000 90.9681547019927734 -0.5563150231437790 -0.5988618229388405 0.0 0.0 0.0 1.0
1261229208.0000 102.5811144431347230 -0.7408182167020184 -0.4984439080892605 0.0 0.0 0.0 1.0
1261229209.0000 114.0451934522949244 -1.1102632527996383 -0.3974496708204468 0.0 0.0 0.0 1.0
1261229210.0000 125.6581532012015003 -1.2950568861924059 -0.3970733221200372 0.0 0.0 0.0 1.0
1261229211.0000 137.4200018260302727 -1.4791892554057584 -0.1967223928355541 0.0 0.0 0.0 1.0
1261229212.0000 149.4796207517224502 -1.8485775226007171 -0.0958048372070857 0.0 0.0 0.0 1.0
1261229213.0000 161.6881251896523963 -2.2179460823237873 0.0050860904514003 0.0 0.0 0.0 1.0
1261229214.0000 174.1943992681644886 -2.5872912861149659 0.1059454655785850 0.0 0.0 0.0 1.0
1261229215.0000 186.9984371830963426 -2.9572549850949117 0.0067725691675440 0.0 0.0 0.0 1.0
1261229216.0000 200.2491375401443463 -3.3262244989296517 0.2075583409873789 0.0 0.0 0.0 1.0
1261229217.0000 213.6487239992850107 -3.6951699096245463 0.4083115387462808 0.0 0.0 0.0 1.0
1261229218.0000 227.0483088990860665 -4.0644160145824380 0.5090370484720002 0.0 0.0 0.0 1.0
1261229219.0000 240.7456650989440448 -4.6189100358907176 0.5103183528580999 0.0 0.0 0.0 1.0
1261229220.0000 254.4430175746530836 -4.9884266568072508 0.5109754452857480 0.0 0.0 0.0 1.0
1261229221.0000 267.9914786798998989 -5.3585691698360778 0.3116103659834053 0.0 0.0 0.0 1.0
1261229222.0000 281.6888303492793852 -5.9136409894588819 0.1128045593850913 0.0 0.0 0.0 1.0
1261229223.0000 295.0884128496535936 -6.2834240966295853 0.0133878627851471 0.0 0.0 0.0 1.0
1261229224.0000 308.4879930912940722 -6.8387848886714950 -0.2854613421858749 0.0 0.0 0.0 1.0
1261229225.0000 321.8875978020221851 -7.7633928232034961 -0.3831505341441304 0.0 0.0 0.0 1.0
1261229226.0000 335.2872102370305356 -8.6876583556422737 -0.3808685615035241 0.0 0.0 0.0 1.0
1261229227.0000 348.3890571409078234 -9.6119150734765455 -0.3785986164580963 0.0 0.0 0.0 1.0
1261229228.0000 361.4908934012294139 -10.3515177330681691 -0.4769497904765139 0.0 0.0 0.0 1.0
1261229229.0000 374.4438369610885502 -10.7208743524815269 -0.4765088456103976 0.0 0.0 0.0 1.0
1261229230.0000 387.3967839431183506 -11.2754884418760444 -0.5754992072085123 0.0 0.0 0.0 1.0
1261229231.0000 400.0519613287766560 -11.6448198819692532 -0.5750922830572449 0.0 0.0 0.0 1.0
1261229232.0000 412.2604806022388857 -12.0144755568826511 -0.6746810833965684 0.0 0.0 0.0 1.0
1261229233.0000 424.1712586137078347 -12.3828428717701193 -0.3742755353933642 0.0 0.0 0.0 1.0
1261229234.0000 435.6353654848418273 -12.7521806279758749 -0.3738601684580152 0.0 0.0 0.0 1.0
1261229235.0000 446.9505960705660073 -13.1211894220732503 -0.2734555229891367 0.0 0.0 0.0 1.0
1261229236.0000 458.2658208103134712 -13.4905047425526448 -0.2730704794321790 0.0 0.0 0.0 1.0
1261229237.0000 469.7299234583440466 -13.8601184378705167 -0.3727160150573523 0.0 0.0 0.0 1.0
1261229238.0000 481.4917953160088473 -14.2297001598056170 -0.4724046997644864 0.0 0.0 0.0 1.0
1261229239.0000 493.4025337247824723 -14.4146230867134175 -0.6727205720503937 0.0 0.0 0.0 1.0
1261229240.0000 505.6110593173832513 -14.7841461305404795 -0.7724884293104592 0.0 0.0 0.0 1.0
1261229241.0000 517.6706738837146986 -14.9693480337824170 -1.0728609917417922 0.0 0.0 0.0 1.0
1261229242.0000 529.7303075779102528 -15.3391671360637307 -1.2726624888514770 0.0 0.0 0.0 1.0
1261229243.0000 541.4921729715428000 -15.7089880582904797 -1.4724615208589782 0.0 0.0 0.0 1.0
1261229244.0000 553.1051543483825981 -16.0788024452032161 -1.6722693610316988 0.0 0.0 0.0 1.0
1261229245.0000 564.5692306619394003 -16.2639767643408995 -1.9726790631245308 0.0 0.0 0.0 1.0
1261229246.0000 576.0333063910528608 -16.4491357770452140 -2.2731094007458967 0.0 0.0 0.0 1.0
1261229247.0000 587.3485007476272131 -16.8195664957117224 -2.6729517559429290 0.0 0.0 0.0 1.0
1261229248.0000 598.8125753795202399 -17.0046950818291016 -2.9734231015362464 0.0 0.0 0.0 1.0
1261229249.0000 610.2766626145122473 -17.3747638230785242 -3.2733207261508479 0.0 0.0 0.0 1.0
1261229250.0000 621.5918423156584822 -17.5601939008774508 -3.6738183021388409 0.0 0.0 0.0 1.0
1261229251.0000 632.6092761285951838 -17.9302650766569585 -3.9737125823173862 0.0 0.0 0.0 1.0
1261229252.0000 643.0311588735671648 -18.1154112367066276 -4.2741601271847340 0.0 0.0 0.0 1.0
1261229253.0000 652.7086197635906046 -18.3006012995370249 -4.5745484136948811 0.0 0.0 0.0 1.0
1261229254.0000 661.7905742071593522 -18.4848623250185469 -4.5748910634392050 0.0 0.0 0.0 1.0
1261229255.0000 669.9792024318857102 -18.6698260837718166 -4.7751516224429835 0.0 0.0 0.0 1.0
1261229256.0000 677.4234091714421311 -18.8548407263180167 -4.9753435111816859 0.0 0.0 0.0 1.0
1261229257.0000 683.8254835318844016 -19.2236020069754616 -4.7748399147352796 0.0 0.0 0.0 1.0
1261229258.0000 690.0787547370542825 -21.2585757300436384 -5.0689756782556881 0.0 0.0 0.0 1.0
1261229259.0000 695.7366003764625475 -24.7735573449707829 -5.4582993701688771 0.0 0.0 0.0 1.0
1261229260.0000 701.2456935807822447 -29.5825922913138228 -5.6434565546420572 0.0 0.0 0.0 1.0
1261229261.0000 706.7548121064571660 -34.7618552174298117 -5.9274339197305856 0.0 0.0 0.0 1.0
1261229262.0000 712.7105332188299371 -39.3865319742239137 -6.3132508202282551 0.0 0.0 0.0 1.0
1261229263.0000 719.1128277444865944 -42.7158372729476241 -6.5032832679328756 0.0 0.0 0.0 1.0
1261229264.0000 725.6638704141328162 -44.3805268370818311 -6.6986827412693266 0.0 0.0 0.0 1.0
1261229265.0000 732.2147728164509317 -44.3806131761040419 -6.8994312783600300 0.0 0.0 0.0 1.0
1261229266.0000 738.6166580673874478 -42.7157882916703286 -7.0055121300042522 0.0 0.0 0.0 1.0
1261229267.0000 744.1250533515482175 -39.3874009906943172 -7.4168370944235349 0.0 0.0 0.0 1.0
1261229268.0000 748.7400306935869594 -34.5788036838958135 -7.6328151919963041 0.0 0.0 0.0 1.0
1261229269.0000 752.1638815316019873 -28.8445683540532904 -7.5516311093075359 0.0 0.0 0.0 1.0
1261229270.0000 754.3966002510470616 -22.3702934423679238 -7.3726901858579996 0.0 0.0 0.0 1.0
1261229271.0000 755.2893093107684308 -15.3412692971440041 -7.1953808462527533 0.0 0.0 0.0 1.0
1261229272.0000 754.2464919113572250 -7.9425039033844644 -7.0190391995880361 0.0 0.0 0.0 1.0
1261229273.0000 751.4170783400129494 -0.9144481609485862 -7.0413046417023359 0.0 0.0 0.0 1.0
1261229274.0000 746.8011519513717076 5.3742751486635241 -6.8609903558627385 0.0 0.0 0.0 1.0
1261229275.0000 740.6965883262926127 10.3704378664971948 -5.9763497337025413 0.0 0.0 0.0 1.0
1261229276.0000 733.9966151894398081 13.7013130616627237 -5.2862916743519186 0.0 0.0 0.0 1.0
1261229277.0000 726.5524257263476784 15.3691417064322700 -4.0908020883093412 0.0 0.0 0.0 1.0
1261229278.0000 718.9594152611883828 14.8139587996478355 -3.9881552656221437 0.0 0.0 0.0 1.0
1261229279.0000 711.6643386140558505 12.7804509113740927 -3.4807908566772214 0.0 0.0 0.0 1.0
1261229280.0000 704.9648660705953489 9.4513440665870174 -3.2693337019921569 0.0 0.0 0.0 1.0
1261229281.0000 698.5632228138832716 5.5680434382051534 -2.8561339293905728 0.0 0.0 0.0 1.0
1261229282.0000 692.0126972099200202 1.3141808509863062 -2.6417359462109755 0.0 0.0 0.0 1.0
1261229283.0000 684.8665437640287337 -2.0152686049416775 -2.5302569098187839 0.0 0.0 0.0 1.0
1261229284.0000 676.8269564102284903 -4.0507372927061152 -2.6228546828299062 0.0 0.0 0.0 1.0
1261229285.0000 667.7450573977871500 -4.4213585406628537 -2.6207068024613913 0.0 0.0 0.0 1.0
1261229286.0000 657.6209367288803378 -4.2368619836701509 -2.5202489230410428 0.0 0.0 0.0 1.0
1261229287.0000 646.7523982680983181 -3.6815338662762280 -2.1209225663625988 0.0 0.0 0.0 1.0
1261229288.0000 634.9905492756610101 -3.3118566215610277 -1.9209298966606201 0.0 0.0 0.0 1.0
1261229289.0000 622.4843034324755990 -3.1268511353628039 -1.6202919294407980 0.0 0.0 0.0 1.0
1261229290.0000 609.5314142719746542 -2.9415375441851483 -1.2196362846807842 0.0 0.0 0.0 1.0
1261229291.0000 596.5784960180478720 -2.7571691473631907 -1.1190054295942458 0.0 0.0 0.0 1.0
1261229292.0000 583.6255687752670838 -2.5731028082411282 -1.1184003985625088 0.0 0.0 0.0 1.0
1261229293.0000 570.9704906986684136 -2.3861029198619730 -0.2178530470096596 0.0 0.0 0.0 1.0
1261229294.0000 558.1664643052002930 -2.2013451264642416 -0.0173141711850484 0.0 0.0 0.0 1.0
1261229295.0000 545.3624258744547433 -1.8316126849856884 0.1826041611119328 0.0 0.0 0.0 1.0
1261229296.0000 532.7072801758746436 -1.4615303241931945 0.4824837720569337 0.0 0.0 0.0 1.0
1261229297.0000 520.2010378580864653 -1.2760542694178678 0.8829203740771734 0.0 0.0 0.0 1.0
1261229298.0000 508.2903150057177868 -1.0911680130005463 1.0832859664786869 0.0 0.0 0.0 1.0
1261229299.0000 496.8262101435404361 -0.7222486702264369 0.9830011832659306 0.0 0.0 0.0 1.0
1261229300.0000 485.8087921937391798 -0.5372795662759007 1.1832549982681499 0.0 0.0 0.0 1.0
1261229301.0000 474.9402581209274672 -0.3522881045077222 1.3834786568010120 0.0 0.0 0.0 1.0
1261229302.0000 464.2206079292449203 -0.1672748507929348 1.5836729192861769 0.0 0.0 0.0 1.0
1261229303.0000 453.5009548290377666 0.2030290200112446 1.8832537593143681 0.0 0.0 0.0 1.0
1261229304.0000 442.6324366808497075 0.2034273783869258 2.1840166277795490 0.0 0.0 0.0 1.0
1261229305.0000 431.7638650427514335 0.5721425893775673 1.9835737995531098 0.0 0.0 0.0 1.0
1261229306.0000 420.5975268629426864 0.9408569445667918 1.7831320736909149 0.0 0.0 0.0 1.0
1261229307.0000 409.1334374561284335 1.1249376380540976 1.6832842618538242 0.0 0.0 0.0 1.0
1261229308.0000 397.5204897328204652 1.3103132961085326 1.9834230370505137 0.0 0.0 0.0 1.0
1261229309.0000 385.6097468058272284 1.6796819806336512 1.9829653148984239 0.0 0.0 0.0 1.0
1261229310.0000 373.8478794875907170 1.8631530719258609 1.6830730363706126 0.0 0.0 0.0 1.0
1261229311.0000 362.0860286366189484 2.2328824669242877 1.7825620444836578 0.0 0.0 0.0 1.0
1261229312.0000 350.1752724441361124 2.6013352509039729 1.4820395706410487 0.0 0.0 0.0 1.0
1261229313.0000 337.9667483260752761 3.1550700574061215 1.2809151446006977 0.0 0.0 0.0 1.0
1261229314.0000 325.7582406326951627 3.3389109838417999 1.0809571988489264 0.0 0.0 0.0 1.0
1261229315.0000 313.1030803244216258 3.7080302236223988 0.9804023363259033 0.0 0.0 0.0 1.0
1261229316.0000 300.2990422023814290 4.0774845664932569 0.9798288156787009 0.0 0.0 0.0 1.0
1261229317.0000 287.3461211847679238 4.4469530034636975 0.9792362554622778 0.0 0.0 0.0 1.0
1261229318.0000 274.3931969881290343 4.8161192606707104 0.8786178560181956 0.0 0.0 0.0 1.0
1261229319.0000 261.4402865971345591 5.1862701347888231 1.0779715454781313 0.0 0.0 0.0 1.0
1261229320.0000 248.4873741001280507 5.3708415381429138 1.0778949322139306 0.0 0.0 0.0 1.0
1261229321.0000 235.8322250321214995 5.7403962170770875 1.0771859361644696 0.0 0.0 0.0 1.0
1261229322.0000 223.1770805514353242 6.1102912455560494 1.1764512614183875 0.0 0.0 0.0 1.0
1261229323.0000 210.3730606352881125 6.2955673920809030 1.3762908730334540 0.0 0.0 0.0 1.0
1261229324.0000 197.5690373752157711 6.4805408991118316 1.4761052626233000 0.0 0.0 0.0 1.0
1261229325.0000 184.9138942463966941 6.8504922935480614 1.5752945351917704 0.0 0.0 0.0 1.0
1261229326.0000 172.4076384824681156 7.2207870498608058 1.7744541019566871 0.0 0.0 0.0 1.0
1261229327.0000 160.1991519068463674 7.4058282116376573 1.8741772119705953 0.0 0.0 0.0 1.0
1261229328.0000 147.9906599601899018 7.7755205930732512 1.8732823534988681 0.0 0.0 0.0 1.0
1261229329.0000 135.7821733203367671 8.1458738140354630 2.0723630419947314 0.0 0.0 0.0 1.0
1261229330.0000 123.5736857706400826 8.3306452637220083 2.0720164537212211 0.0 0.0 0.0 1.0
1261229331.0000 111.5140733084708557 8.6991045702563188 1.6710508194407603 0.0 0.0 0.0 1.0
1261229332.0000 99.4544702202880160 8.8835904337321452 1.5706559031256786 0.0 0.0 0.0 1.0
1261229333.0000 87.5437505915074894 9.0677729615607028 1.3702366267043602 0.0 0.0 0.0 1.0
1261229334.0000 76.0796847268521788 9.4375750593279264 1.3691935895573923 0.0 0.0 0.0 1.0
1261229335.0000 64.9133876862314736 9.8073946887863528 1.3681268743762662 0.0 0.0 0.0 1.0
1261229336.0000 53.7470932936946966 10.1778723887100142 1.5670395293664541 0.0 0.0 0.0 1.0
1261229337.0000 42.8785659052869974 10.3624451271956524 1.4665273120776154 0.0 0.0 0.0 1.0
1261229338.0000 32.3078069422121530 10.7323101092661464 1.4653993564216670 0.0 0.0 0.0 1.0
1261229339.0000 22.4814688611679365 10.9172344002171897 1.4648464354389148 0.0 0.0 0.0 1.0
1261229340.0000 13.5484341595124995 11.1015276923429020 1.2642775514256588 0.0 0.0 0.0 1.0
1261229341.0000 5.2109358774293071 11.6563853937690851 1.2625042527441126 0.0 0.0 0.0 1.0
1261229342.0000 -2.0843742281404309 12.0259734571597505 1.1613161508521559 0.0 0.0 0.0 1.0
1261229343.0000 -8.7841489265737405 12.5830972210839498 1.8595211555895492 0.0 0.0 0.0 1.0
1261229344.0000 -14.7395016706559474 13.8774728537439174 1.7553439612158046 0.0 0.0 0.0 1.0
1261229345.0000 -20.3970827597345696 16.2822292916431408 1.8475889535074135 0.0 0.0 0.0 1.0
1261229346.0000 -25.6080086604560968 19.2424989068229415 2.1380425492972188 0.0 0.0 0.0 1.0
1261229347.0000 -30.9678168130940819 22.0184608027281925 2.6290842498125784 0.0 0.0 0.0 1.0
1261229348.0000 -36.7742782732547298 23.1285395232924245 2.7254797572547016 0.0 0.0 0.0 1.0
1261229349.0000 -42.7296268207331451 22.7576898332155828 2.4266352072920760 0.0 0.0 0.0 1.0
1261229350.0000 -48.0894513160634531 20.7228841945913622 2.3331479420369252 0.0 0.0 0.0 1.0
1261229351.0000 -52.5559886927396320 17.2100408778112808 2.7444234185147325 0.0 0.0 0.0 1.0
1261229352.0000 -55.5336930377772262 12.7708023137822089 2.6586857915268522 0.0 0.0 0.0 1.0
1261229353.0000 -56.7247942965356557 7.9613199445180474 2.4741505437455098 0.0 0.0 0.0 1.0
1261229354.0000 -56.4270571673752599 3.1521498356259827 2.3896242796299156 0.0 0.0 0.0 1.0
1261229355.0000 -55.0871304250896969 -1.4717496055737560 2.4045081297923687 0.0 0.0 0.0 1.0
1261229356.0000 -52.5561242711081036 -5.5411108287318012 2.3176147146605670 0.0 0.0 0.0 1.0
1261229357.0000 -48.9829234690598838 -9.0552888177895454 2.3289415056335567 0.0 0.0 0.0 1.0
1261229358.0000 -44.9630609219954422 -11.4597339097118827 2.3367004523255854 0.0 0.0 0.0 1.0
1261229359.0000 -40.6454227838931601 -12.7541233607467852 2.4408905041789524 0.0 0.0 0.0 1.0
1261229360.0000 -36.1788943713731825 -13.1240545741098629 2.4421064031364743 0.0 0.0 0.0 1.0
1261229361.0000 -31.5634773226614982 -12.5695273019083622 2.3403479984955462 0.0 0.0 0.0 1.0
1261229362.0000 -27.2458301760436719 -11.6437996321260755 2.6373938365054324 0.0 0.0 0.0 1.0
1261229363.0000 -22.9281790614912033 -9.9804973891177688 2.2320619922434712 0.0 0.0 0.0 1.0
1261229364.0000 -18.1638769426769571 -7.9469614210298998 1.9255383115879963 0.0 0.0 0.0 1.0
1261229365.0000 -13.1018093520231069 -5.9131019306092529 1.7190105198720809 0.0 0.0 0.0 1.0
1261229366.0000 -7.4442080172282923 -4.0641957224142882 1.5130735238161315 0.0 0.0 0.0 1.0
1261229367.0000 -1.3399571433632909 -2.9563946742060478 0.9095122840329741 0.0 0.0 0.0 1.0
1261229368.0000 5.3598280905693665 -2.5874466796197062 0.6083221617007117 0.0 0.0 0.0 1.0
1261229369.0000 12.9529161856785624 -2.4047341029259734 -0.0922799198844113 0.0 0.0 0.0 1.0
1261229370.0000 20.6948886762457391 -2.7759163763403443 -0.4911087268277721 0.0 0.0 0.0 1.0
1261229371.0000 28.4368606969526247 -2.9618145215057785 -0.7905422522213543 0.0 0.0 0.0 1.0
1261229372.0000 36.4766012801859318 -3.3326599466033757 -1.0893921245843654 0.0 0.0 0.0 1.0
1261229373.0000 44.5163408410673824 -3.5185422980109888 -1.3888469188263737 0.0 0.0 0.0 1.0
1261229374.0000 52.8538481523290073 -3.7044152866673530 -1.6883143293567868 0.0 0.0 0.0 1.0
1261229375.0000 61.4891254832637273 -4.0749119898896549 -1.8872012955939912 0.0 0.0 0.0 1.0
1261229376.0000 70.2732860018692378 -4.4457203306598805 -2.1861011125309142 0.0 0.0 0.0 1.0
1261229377.0000 79.2063275821451356 -4.6318843527602702 -2.5856091185214907 0.0 0.0 0.0 1.0
1261229378.0000 88.1393711896921701 -4.8173959761398901 -2.7851306893750736 0.0 0.0 0.0 1.0
1261229379.0000 97.0724228015698998 -5.1865676150967577 -2.5840721485099727 0.0 0.0 0.0 1.0
1261229380.0000 106.1543569144429426 -5.1854956376054817 -2.2842185593201085 0.0 0.0 0.0 1.0
1261229381.0000 115.3851727984070692 -4.8141795195246830 -1.8855705586612745 0.0 0.0 0.0 1.0
1261229382.0000 124.6159881035233212 -5.1846047472540606 -2.0845539716757204 0.0 0.0 0.0 1.0
1261229383.0000 133.5490417068847648 -5.5540600658984713 -1.9835460834737133 0.0 0.0 0.0 1.0
1261229384.0000 142.6309737743608821 -5.9244682297759228 -2.1825525236981886 0.0 0.0 0.0 1.0
1261229385.0000 151.5640275982793241 -6.4795033713382226 -2.2809742307699010 0.0 0.0 0.0 1.0
1261229386.0000 160.1993121521959154 -6.6639807531501178 -2.1805913737783040 0.0 0.0 0.0 1.0
1261229387.0000 168.2390733911431653 -7.2177291214419528 -1.8790161949290987 0.0 0.0 0.0 1.0
1261229388.0000 175.6832877684334733 -7.5874912100738454 -1.8780278450573302 0.0 0.0 0.0 1.0
1261229389.0000 182.5319593917060104 -7.7726255146713417 -1.9776252397310472 0.0 0.0 0.0 1.0
1261229390.0000 189.0828687303730362 -7.9571179181910816 -1.8772221908390163 0.0 0.0 0.0 1.0
1261229391.0000 195.6337785570509311 -8.1416053354417190 -1.7768258833929629 0.0 0.0 0.0 1.0
1261229392.0000 202.1846932408084854 -8.5110432753203025 -1.6758417022824048 0.0 0.0 0.0 1.0
1261229393.0000 209.0333692483054335 -8.6958349717504468 -1.6754681306486585 0.0 0.0 0.0 1.0
1261229394.0000 215.8820421708857111 -8.8809426931710309 -1.7751014098102385 0.0 0.0 0.0 1.0
1261229395.0000 222.5818331678948425 -8.8804503421226091 -1.6753324859621124 0.0 0.0 0.0 1.0
1261229396.0000 229.2816257386130019 -9.0652297605102063 -1.6749754924780129 0.0 0.0 0.0 1.0
1261229397.0000 235.8325381158880987 -9.2496865666484176 -1.5746205538276294 0.0 0.0 0.0 1.0
1261229398.0000 242.3834381519369572 -9.2498258238333513 -1.6748659119943010 0.0 0.0 0.0 1.0
1261229399.0000 248.9343511582815438 -9.4342726473963321 -1.5745244510093590 0.0 0.0 0.0 1.0
1261229400.0000 255.3363724688214518 -9.6193618496739468 -1.6741827296599006 0.0 0.0 0.0 1.0
1261229401.0000 261.7383963964701934 -9.6188478310357262 -1.5744430583047579 0.0 0.0 0.0 1.0
1261229402.0000 268.2893021060259571 -9.8039228482710641 -1.6741204773386027 0.0 0.0 0.0 1.0
1261229403.0000 274.8402121969111818 -9.9886714036027602 -1.6738051550668214 0.0 0.0 0.0 1.0
1261229404.0000 281.5400111709116686 -10.1730886293713478 -1.5735036697628759 0.0 0.0 0.0 1.0
1261229405.0000 288.5375790430995266 -10.3574906490432355 -1.4732227143185170 0.0 0.0 0.0 1.0
1261229406.0000 295.6840316413164942 -10.5418818590388863 -1.3729563596151610 0.0 0.0 0.0 1.0
1261229407.0000 302.9793737268157656 -10.7259404327896544 -1.1727056230197084 0.0 0.0 0.0 1.0
1261229408.0000 310.2747165839452919 -10.9099928275108997 -0.9724632459072344 0.0 0.0 0.0 1.0
1261229409.0000 317.8678118457913229 -10.9097154028038261 -0.9728375849558679 0.0 0.0 0.0 1.0
1261229410.0000 325.9075719156371633 -11.0940484299136806 -0.8726497854193660 0.0 0.0 0.0 1.0
1261229411.0000 334.3939695701808432 -11.2793209126860745 -1.0724940161046037 0.0 0.0 0.0 1.0
1261229412.0000 343.1781482957906633 -11.6492072044002644 -1.1717715837909601 0.0 0.0 0.0 1.0
1261229413.0000 352.1112041285979899 -11.8341228912370902 -1.2716640258595300 0.0 0.0 0.0 1.0
1261229414.0000 360.8953892863240185 -12.2036696281241088 -1.2709665713879081 0.0 0.0 0.0 1.0
1261229415.0000 369.8284514530229785 -12.3882454645367694 -1.2708843893759880 0.0 0.0 0.0 1.0
1261229416.0000 378.7615162582517314 -12.7580889582391439 -1.3702197309720603 0.0 0.0 0.0 1.0
1261229417.0000 387.6945792479531292 -12.9426462245843759 -1.3701626179453630 0.0 0.0 0.0 1.0
1261229418.0000 396.3298741227280857 -13.1272079423074057 -1.3700995047725071 0.0 0.0 0.0 1.0
1261229419.0000 404.5185166101883283 -13.3117820155851270 -1.3700197245016348 0.0 0.0 0.0 1.0
1261229420.0000 412.5582832057555720 -13.1251587400486560 -0.9711318442914854 0.0 0.0 0.0 1.0
1261229421.0000 420.3002753476617954 -12.9388639045032630 -0.6722339463442939 0.0 0.0 0.0 1.0
1261229422.0000 427.5956176253726539 -12.9378612720573543 -0.4727204647641141 0.0 0.0 0.0 1.0
1261229423.0000 434.7420828947576865 -12.9365385610197983 -0.1732056927780841 0.0 0.0 0.0 1.0
1261229424.0000 441.5907638139802884 -12.7505910725134832 0.0257277411167545 0.0 0.0 0.0 1.0
1261229425.0000 448.4394615782425717 -12.7492722568452397 0.3252477809946210 0.0 0.0 0.0 1.0
1261229426.0000 455.4370469851083385 -12.9332170907261510 0.5253448198724717 0.0 0.0 0.0 1.0
1261229427.0000 462.8812787794718702 -13.1174536160961548 0.6254022458450654 0.0 0.0 0.0 1.0
1261229428.0000 470.9210409610934676 -13.3019725086027805 0.6254074897443731 0.0 0.0 0.0 1.0
1261229429.0000 479.1096774383394745 -13.3015200094862784 0.6247969165529499 0.0 0.0 0.0 1.0
1261229430.0000 487.8938616559512980 -13.4859815041187705 0.6247247075438196 0.0 0.0 0.0 1.0
1261229431.0000 496.9758070810856339 -13.6707382191123905 0.5246176746349498 0.0 0.0 0.0 1.0
1261229432.0000 506.6533087132509650 -14.0400844207559690 0.5250442918344760 0.0 0.0 0.0 1.0
1261229433.0000 516.3307838513612751 -14.2251069514865236 0.3248627763058050 0.0 0.0 0.0 1.0
1261229434.0000 525.8593827273579109 -14.4098062894551777 0.2246783295700920 0.0 0.0 0.0 1.0
1261229435.0000 535.3879733309788662 -14.5948164523239647 0.0244801420681711 0.0 0.0 0.0 1.0
1261229436.0000 544.7676794412907384 -14.7798254772671811 -0.1757195691461666 0.0 0.0 0.0 1.0
1261229437.0000 553.8496167575478921 -14.9648434464921891 -0.3759072021372631 0.0 0.0 0.0 1.0
1261229438.0000 562.4849131401966815 -15.3348365870360546 -0.5754739187414852 0.0 0.0 0.0 1.0
