1261229708.0000 0.0000000000000000 0.0000000000000000 0.0000000000000000 0.0 0.0 0.0 1.0
1261229709.0000 5.8064904876210468 -2.2197870308830945 -0.0928642009202154 0.0 0.0 0.0 1.0
1261229710.0000 11.9107521763801554 -4.2549356008641981 -0.2863292341670189 0.0 0.0 0.0 1.0
1261229711.0000 18.3127869713044831 -6.2881499413927653 0.1201952813981935 0.0 0.0 0.0 1.0
1261229712.0000 25.0125935140537301 -7.9514476431527186 0.5255223052471965 0.0 0.0 0.0 1.0
1261229713.0000 31.8612830862128718 -8.6909260234078793 0.6278696874292016 0.0 0.0 0.0 1.0
1261229714.0000 38.7099720080058418 -9.2460862864491844 0.5296160674081003 0.0 0.0 0.0 1.0
1261229715.0000 45.8564284789575396 -9.8022038927243287 0.1313544495784305 0.0 0.0 0.0 1.0
1261229716.0000 53.4495479141607603 -9.9839010105704347 1.1318846733660672 0.0 0.0 0.0 1.0
1261229717.0000 61.0426570360862470 -10.3553690304646988 0.6330081527613771 0.0 0.0 0.0 1.0
1261229718.0000 67.7424471724285979 -9.4324695159466270 0.0299706743013157 0.0 0.0 0.0 1.0
1261229719.0000 75.3355566352138624 -9.4324063241351794 0.0298854069646630 0.0 0.0 0.0 1.0
1261229720.0000 83.2264559490089937 -9.4271899812191648 1.6297789394081352 0.0 0.0 0.0 1.0
1261229721.0000 91.4151174562565529 -9.6098121715790903 2.3302576649603077 0.0 0.0 0.0 1.0
1261229722.0000 99.3060035948153796 -9.6087602245455841 2.6301379974181689 0.0 0.0 0.0 1.0
1261229723.0000 107.0480061388997086 -10.1638558348572481 2.5317968431571432 0.0 0.0 0.0 1.0
1261229724.0000 115.0877693363322720 -10.1643948779237583 2.3316577081491108 0.0 0.0 0.0 1.0
1261229725.0000 122.8297588679903072 -11.0926020652163366 1.2344915771906679 0.0 0.0 0.0 1.0
1261229726.0000 131.0184020302129682 -11.2790440272824668 0.7349255493445437 0.0 0.0 0.0 1.0
1261229727.0000 140.1003602751285086 -11.4641778832732548 0.6353273417520899 0.0 0.0 0.0 1.0
1261229728.0000 149.1823200761324131 -11.4637036262993970 0.7351206246291735 0.0 0.0 0.0 1.0
1261229729.0000 157.9665079868767350 -11.8344222693083836 0.4360994581551294 0.0 0.0 0.0 1.0
1261229730.0000 166.7506906086996423 -12.2057747590001267 -0.0629328082493892 0.0 0.0 0.0 1.0
1261229731.0000 175.3859842837782139 -12.3921656549568375 -0.5625676048548955 0.0 0.0 0.0 1.0
1261229732.0000 183.8724252182406076 -12.7602924102442898 -0.0616204879546931 0.0 0.0 0.0 1.0
1261229733.0000 192.5077200484731463 -13.6880954834169390 -1.0588980371155454 0.0 0.0 0.0 1.0
1261229734.0000 201.4407783262727207 -13.8747747903544543 -1.6585766821955339 0.0 0.0 0.0 1.0
1261229735.0000 210.8205074425098360 -13.8742284670402878 -1.5588806930427879 0.0 0.0 0.0 1.0
1261229736.0000 220.7957603568400202 -14.2458175559118558 -2.1580266102465187 0.0 0.0 0.0 1.0
1261229737.0000 231.5154538755549254 -14.2448927373218837 -1.9584081894555094 0.0 0.0 0.0 1.0
1261229738.0000 242.6818282891149181 -14.2416921713711275 -1.0588284218008965 0.0 0.0 0.0 1.0
1261229739.0000 253.6993118158439131 -14.0538472876809948 -0.2598562271783047 0.0 0.0 0.0 1.0
1261229740.0000 264.5678970448992686 -14.4234308628541488 -0.2591094307077126 0.0 0.0 0.0 1.0
1261229741.0000 275.1387415300004591 -14.9763589093363354 0.2422235130914974 0.0 0.0 0.0 1.0
1261229742.0000 285.5606669450285722 -15.3465730148362915 0.0429547495942266 0.0 0.0 0.0 1.0
1261229743.0000 295.5359312981633479 -15.9027095513893233 -0.4557144007849123 0.0 0.0 0.0 1.0
1261229744.0000 305.5112060984918116 -16.0873164126969783 -0.4555905734932342 0.0 0.0 0.0 1.0
1261229745.0000 314.8909558229196932 -16.0856924621918580 -0.0560493607019215 0.0 0.0 0.0 1.0
1261229746.0000 323.9728773077871438 -16.6440781263809257 -1.2547153953909671 0.0 0.0 0.0 1.0
1261229747.0000 332.9059211546819483 -17.5726921801166824 -2.5521974204551761 0.0 0.0 0.0 1.0
1261229748.0000 341.0945384360459798 -18.3160493086155398 -3.7502470461984405 0.0 0.0 0.0 1.0
1261229749.0000 348.6875565560672499 -19.6191086347737098 -6.4464840249702959 0.0 0.0 0.0 1.0
1261229750.0000 355.2384133195374716 -21.4764267538932607 -8.9408904253175834 0.0 0.0 0.0 1.0
1261229751.0000 361.3426432278259313 -22.4051255846650470 -10.2382559197843701 0.0 0.0 0.0 1.0
1261229752.0000 366.7024438781382969 -23.3341727449998757 -11.6355839889887083 0.0 0.0 0.0 1.0
1261229753.0000 371.1689692969745238 -24.0760508395485395 -12.3334623637977394 0.0 0.0 0.0 1.0
1261229754.0000 374.7422237757180028 -25.3721886877354947 -12.8295099908760015 0.0 0.0 0.0 1.0
1261229755.0000 377.5710844908493868 -27.0376256262330159 -13.1243285985927471 0.0 0.0 0.0 1.0
1261229756.0000 379.5066547336029998 -30.0000355425689982 -14.1149339725254315 0.0 0.0 0.0 1.0
1261229757.0000 380.6978551656663399 -33.3304608343816682 -14.5043120895577076 0.0 0.0 0.0 1.0
1261229758.0000 380.8469327231339321 -37.3988262610563424 -14.2912577500238562 0.0 0.0 0.0 1.0
1261229759.0000 380.4005089407182822 -42.5775913816194986 -14.2746075769708121 0.0 0.0 0.0 1.0
1261229760.0000 380.1030298015321023 -48.3092902642814082 -13.6561932397875836 0.0 0.0 0.0 1.0
1261229761.0000 379.5077491322428500 -54.4134799128283291 -13.8365756568132028 0.0 0.0 0.0 1.0
1261229762.0000 379.2102948889223626 -60.3291733708319668 -12.9175804658823310 0.0 0.0 0.0 1.0
1261229763.0000 378.9128186693534985 -66.4314265928713610 -12.4979952945772261 0.0 0.0 0.0 1.0
1261229764.0000 378.3175736198901404 -72.7189693698886828 -12.1778050430528211 0.0 0.0 0.0 1.0
1261229765.0000 376.6800667772970996 -77.7121920358060123 -11.9617069024308940 0.0 0.0 0.0 1.0
1261229766.0000 375.4893020101023353 -83.6276089910629423 -10.9426813197765114 0.0 0.0 0.0 1.0
1261229767.0000 374.5965033885024127 -91.7570352421030719 -8.2165810164188358 0.0 0.0 0.0 1.0
1261229768.0000 374.1503352797128059 -100.2585999887422474 -6.1893299663424415 0.0 0.0 0.0 1.0
1261229769.0000 374.0017740282494856 -107.2859521947101769 -5.8668328212813563 0.0 0.0 0.0 1.0
1261229770.0000 371.9177750418375012 -113.9380410187073807 -3.8454219347217276 0.0 0.0 0.0 1.0
1261229771.0000 369.9827202278183336 -120.9574803844605810 -1.0228487318747597 0.0 0.0 0.0 1.0
1261229772.0000 369.6853457991911682 -128.1659656838887997 0.5002190823148567 0.0 0.0 0.0 1.0
1261229773.0000 368.4947108425492388 -134.6295580512930314 3.6209585475324033 0.0 0.0 0.0 1.0
1261229774.0000 368.9417527340302172 -141.4681082737827182 5.1427862460389093 0.0 0.0 0.0 1.0
1261229775.0000 368.3464988041181414 -147.7553513359119961 5.5629008530965649 0.0 0.0 0.0 1.0
1261229776.0000 368.7936144678345158 -155.8876395707971483 7.3888453191520398 0.0 0.0 0.0 1.0
1261229777.0000 368.1985453263797012 -163.2769631393622944 10.2124741864057000 0.0 0.0 0.0 1.0
1261229778.0000 368.1989679377380185 -169.7424447468639528 12.7331120040833810 0.0 0.0 0.0 1.0
1261229779.0000 368.7948779965988706 -176.2114132159164228 14.1537143930364238 0.0 0.0 0.0 1.0
1261229780.0000 367.7530038373380421 -181.5691247305634022 16.0708649868506512 0.0 0.0 0.0 1.0
1261229781.0000 367.1578248467851608 -187.2957763824505264 18.2891624781741342 0.0 0.0 0.0 1.0
1261229782.0000 367.3071013094539694 -193.3923124693005207 20.5085903556639408 0.0 0.0 0.0 1.0
1261229783.0000 368.6473084747744338 -198.7569392114219227 20.2255999887683799 0.0 0.0 0.0 1.0
1261229784.0000 369.8384918350200792 -202.8313366578033765 18.5384979765355951 0.0 0.0 0.0 1.0
1261229785.0000 370.5829845283618624 -206.1656084371112456 16.9490632173299218 0.0 0.0 0.0 1.0
1261229786.0000 370.7319385375075171 -208.7575334493008086 16.1573021491570614 0.0 0.0 0.0 1.0
1261229787.0000 371.3274892832820342 -210.9823912288364909 14.4643411302955229 0.0 0.0 0.0 1.0
1261229788.0000 371.9230203359122697 -213.0229283876415991 12.5707916307868572 0.0 0.0 0.0 1.0
1261229789.0000 372.2207702697099307 -214.6929289594675936 10.8760805950546171 0.0 0.0 0.0 1.0
1261229790.0000 372.5185179447285577 -216.1776545833547516 9.2807800330229497 0.0 0.0 0.0 1.0
1261229791.0000 372.5184729053441970 -217.2924807984496738 7.6843194630081086 0.0 0.0 0.0 1.0
1261229792.0000 372.0717994439873451 -218.0345506061615879 6.9867032197910532 0.0 0.0 0.0 1.0
1261229793.0000 371.7740098518852960 -218.4060659390976298 6.4879001586402580 0.0 0.0 0.0 1.0
1261229794.0000 371.7739690991322732 -218.4082932408784643 5.7879037031046749 0.0 0.0 0.0 1.0
1261229795.0000 371.3272644470096679 -218.9666796708111178 4.6897008161983536 0.0 0.0 0.0 1.0
1261229796.0000 369.8383960821000755 -220.6345265970074081 3.6950886741948352 0.0 0.0 0.0 1.0
1261229797.0000 367.3072638492299689 -222.3049623340683638 1.9005399702430168 0.0 0.0 0.0 1.0
1261229798.0000 363.8827921558743128 -224.5322094549725591 -0.4921910475705715 0.0 0.0 0.0 1.0
1261229799.0000 360.1605942744166668 -227.1274686559522138 -2.2837343649538155 0.0 0.0 0.0 1.0
1261229800.0000 356.2895324569835793 -229.9067323624430230 -3.7746859312683085 0.0 0.0 0.0 1.0
1261229801.0000 352.1207079114651606 -232.4997779516663741 -4.8662147155467608 0.0 0.0 0.0 1.0
1261229802.0000 347.3563263836114743 -234.3514335105090822 -5.4600694378957826 0.0 0.0 0.0 1.0
1261229803.0000 341.9963515693348768 -235.0930596140818807 -5.9574247961326421 0.0 0.0 0.0 1.0
1261229804.0000 336.3384597188555745 -234.5454112294406173 -8.1588765525220595 0.0 0.0 0.0 1.0
1261229805.0000 330.0850541359056933 -233.8102835857178547 -9.5608945955352596 0.0 0.0 0.0 1.0
1261229806.0000 323.2361543748537542 -233.4425409966365237 -10.1617165137651426 0.0 0.0 0.0 1.0
1261229807.0000 315.9405822356353042 -233.0754453605376852 -10.9625226388589425 0.0 0.0 0.0 1.0
1261229808.0000 308.0494650150913003 -232.7080470260951870 -11.6633088207867388 0.0 0.0 0.0 1.0
1261229809.0000 299.7116924707533485 -232.5256123055870603 -12.3634956716010862 0.0 0.0 0.0 1.0
1261229810.0000 291.3739158180316053 -232.1582143670530627 -13.0642815422054355 0.0 0.0 0.0 1.0
1261229811.0000 282.8872581148941663 -231.7904953475161562 -13.6650722389361334 0.0 0.0 0.0 1.0
1261229812.0000 274.2517190238070270 -231.4224547868615502 -14.1658683576186775 0.0 0.0 0.0 1.0
1261229813.0000 265.4672966144933639 -230.8688191021276737 -14.4672591484530670 0.0 0.0 0.0 1.0
1261229814.0000 256.5339937326592690 -230.5001340598115291 -14.7680679469438729 0.0 0.0 0.0 1.0
1261229815.0000 247.7495857837577091 -230.3163905934031845 -15.0683069180867051 0.0 0.0 0.0 1.0
1261229816.0000 238.8162896566075233 -229.9473691942588403 -15.2691410986999045 0.0 0.0 0.0 1.0
1261229817.0000 229.8830142271832528 -229.7620216029133360 -15.0694016715823693 0.0 0.0 0.0 1.0
1261229818.0000 221.2475006929664687 -229.5779291045407149 -15.2696830872672109 0.0 0.0 0.0 1.0
1261229819.0000 212.9097739678655898 -229.3928665292445430 -15.1699876754954488 0.0 0.0 0.0 1.0
1261229820.0000 204.7209352942985277 -229.2077923158598196 -15.0703079643517555 0.0 0.0 0.0 1.0
1261229821.0000 196.6810147289877193 -229.3903910278765181 -14.2694705344604955 0.0 0.0 0.0 1.0
1261229822.0000 188.6410688787037770 -229.2046620287802625 -13.9698171017972186 0.0 0.0 0.0 1.0
1261229823.0000 180.3033371125942494 -228.8346126349337908 -13.8707525745356008 0.0 0.0 0.0 1.0
1261229824.0000 172.2634097465325169 -228.6466420997405180 -12.8711233667267493 0.0 0.0 0.0 1.0
1261229825.0000 164.3723589057379399 -228.6452064783159130 -12.3709174111951370 0.0 0.0 0.0 1.0
1261229826.0000 156.4812804629983702 -228.2763974511520360 -12.6718936108265581 0.0 0.0 0.0 1.0
1261229827.0000 148.5902127508068986 -227.9063090653679353 -12.5728816289656180 0.0 0.0 0.0 1.0
1261229828.0000 140.5502591605722671 -227.9067623157606590 -12.6726986746976706 0.0 0.0 0.0 1.0
1261229829.0000 132.3614199105189186 -227.9068923030838505 -12.6725232774018508 0.0 0.0 0.0 1.0
1261229830.0000 124.4703698085788233 -228.2756484256552199 -12.2711897912769246 0.0 0.0 0.0 1.0
1261229831.0000 116.7282151932429599 -228.6428052017311643 -11.3698713551252553 0.0 0.0 0.0 1.0
1261229832.0000 108.5393827114359624 -228.8265956258243534 -10.9691403953117828 0.0 0.0 0.0 1.0
1261229833.0000 100.0527621493858419 -228.6417433575295775 -10.9695896661339702 0.0 0.0 0.0 1.0
1261229834.0000 91.2683681979308687 -228.2709765461188454 -10.6706357093497957 0.0 0.0 0.0 1.0
1261229835.0000 82.7817381008248816 -227.7177869344086503 -11.1722819347798605 0.0 0.0 0.0 1.0
1261229836.0000 74.4440144700449622 -227.5309996932292051 -10.5727703228310901 0.0 0.0 0.0 1.0
1261229837.0000 66.8507304804672060 -227.1586072122179303 -9.7738666572417259 0.0 0.0 0.0 1.0
1261229838.0000 60.7463244655118473 -226.6012422446369214 -8.9755743520731528 0.0 0.0 0.0 1.0
1261229839.0000 55.9819097012157840 -226.2294556245218473 -8.3767102858615061 0.0 0.0 0.0 1.0
1261229840.0000 52.2597084550941986 -225.8586142301316784 -8.0778567503545418 0.0 0.0 0.0 1.0
1261229841.0000 49.8774961018432350 -225.6746272797905988 -8.3784244295024877 0.0 0.0 0.0 1.0
1261229842.0000 48.6863917173391343 -225.6746341082583172 -8.3784152155672729 0.0 0.0 0.0 1.0
1261229843.0000 48.2397278600647468 -225.8599100064995469 -8.4778230195780822 0.0 0.0 0.0 1.0
1261229844.0000 48.3886154391399330 -226.0455006101607012 -8.6772348497846110 0.0 0.0 0.0 1.0
1261229845.0000 48.3886154391399330 -226.0455006101607012 -8.6772348497846110 0.0 0.0 0.0 1.0
1261229846.0000 48.3886154391399330 -226.0455006101607012 -8.6772348497846110 0.0 0.0 0.0 1.0
1261229847.0000 48.3886154391399330 -226.0455006101607012 -8.6772348497846110 0.0 0.0 0.0 1.0
1261229848.0000 48.3886154391399330 -226.0455006101607012 -8.6772348497846110 0.0 0.0 0.0 1.0
1261229849.0000 48.3886154391399330 -226.0455006101607012 -8.6772348497846110 0.0 0.0 0.0 1.0
1261229850.0000 48.3886154391399330 -226.0455006101607012 -8.6772348497846110 0.0 0.0 0.0 1.0
1261229851.0000 48.3886154391399330 -226.0455006101607012 -8.6772348497846110 0.0 0.0 0.0 1.0
1261229852.0000 48.3886154391399330 -226.0455006101607012 -8.6772348497846110 0.0 0.0 0.0 1.0
1261229853.0000 48.3886154391399330 -226.0455006101607012 -8.6772348497846110 0.0 0.0 0.0 1.0
1261229854.0000 48.3886154391399330 -226.0455006101607012 -8.6772348497846110 0.0 0.0 0.0 1.0
1261229855.0000 48.3886154391399330 -226.0455006101607012 -8.6772348497846110 0.0 0.0 0.0 1.0
1261229856.0000 48.3886154391399330 -226.0455006101607012 -8.6772348497846110 0.0 0.0 0.0 1.0
1261229857.0000 48.3886154391399330 -226.0455006101607012 -8.6772348497846110 0.0 0.0 0.0 1.0
1261229858.0000 48.3886154391399330 -226.0455006101607012 -8.6772348497846110 0.0 0.0 0.0 1.0
1261229859.0000 48.3886154391399330 -226.0455006101607012 -8.6772348497846110 0.0 0.0 0.0 1.0
1261229860.0000 48.3886154391399330 -226.0455006101607012 -8.6772348497846110 0.0 0.0 0.0 1.0
1261229861.0000 48.3886154391399330 -226.0455006101607012 -8.6772348497846110 0.0 0.0 0.0 1.0
1261229862.0000 48.3886154391399330 -226.0455006101607012 -8.6772348497846110 0.0 0.0 0.0 1.0
1261229863.0000 48.3886154391399330 -226.0455006101607012 -8.6772348497846110 0.0 0.0 0.0 1.0
1261229864.0000 48.3886154391399330 -226.0455006101607012 -8.6772348497846110 0.0 0.0 0.0 1.0
1261229865.0000 48.3886154391399330 -226.0455006101607012 -8.6772348497846110 0.0 0.0 0.0 1.0
1261229866.0000 48.3886154391399330 -226.0455006101607012 -8.6772348497846110 0.0 0.0 0.0 1.0
1261229867.0000 48.3886154391399330 -226.0455006101607012 -8.6772348497846110 0.0 0.0 0.0 1.0
1261229868.0000 48.3886154391399330 -226.0455006101607012 -8.6772348497846110 0.0 0.0 0.0 1.0
1261229869.0000 48.3886154391399330 -226.0455006101607012 -8.6772348497846110 0.0 0.0 0.0 1.0
1261229870.0000 48.3886154391399330 -226.0455006101607012 -8.6772348497846110 0.0 0.0 0.0 1.0
1261229871.0000 48.3886154391399330 -226.0455006101607012 -8.6772348497846110 0.0 0.0 0.0 1.0
1261229872.0000 48.3886154391399330 -226.0455006101607012 -8.6772348497846110 0.0 0.0 0.0 1.0
1261229873.0000 48.3886154391399330 -226.0455006101607012 -8.6772348497846110 0.0 0.0 0.0 1.0
1261229874.0000 48.3886154391399330 -226.0455006101607012 -8.6772348497846110 0.0 0.0 0.0 1.0
1261229875.0000 48.3886154391399330 -226.0455006101607012 -8.6772348497846110 0.0 0.0 0.0 1.0
1261229876.0000 48.3886154391399330 -226.0455006101607012 -8.6772348497846110 0.0 0.0 0.0 1.0
1261229877.0000 48.3886154391399330 -226.0455006101607012 -8.6772348497846110 0.0 0.0 0.0 1.0
1261229878.0000 48.3886154391399330 -226.0455006101607012 -8.6772348497846110 0.0 0.0 0.0 1.0
1261229879.0000 48.3886154391399330 -226.0455006101607012 -8.6772348497846110 0.0 0.0 0.0 1.0
1261229880.0000 48.3886154391399330 -226.0455006101607012 -8.6772348497846110 0.0 0.0 0.0 1.0
1261229881.0000 48.3886154391399330 -226.0455006101607012 -8.6772348497846110 0.0 0.0 0.0 1.0
1261229882.0000 48.3886154391399330 -226.0455006101607012 -8.6772348497846110 0.0 0.0 0.0 1.0
1261229883.0000 48.3886154391399330 -226.0455006101607012 -8.6772348497846110 0.0 0.0 0.0 1.0
1261229884.0000 48.3886154391399330 -226.0455006101607012 -8.6772348497846110 0.0 0.0 0.0 1.0
1261229885.0000 49.7285720449989199 -226.0601240277404145 -13.2772219008188017 0.0 0.0 0.0 1.0
1261229886.0000 46.4530341735388390 -225.8761413940771092 -13.5777839429929656 0.0 0.0 0.0 1.0
1261229887.0000 41.6886284940908496 -226.0576222450321779 -12.4771682624449056 0.0 0.0 0.0 1.0
1261229888.0000 37.0731007464283877 -225.6874149348883520 -12.3783168158581702 0.0 0.0 0.0 1.0
1261229889.0000 32.6064599174646901 -224.5764295140946842 -11.9818242766694709 0.0 0.0 0.0 1.0
1261229890.0000 28.5864805106342530 -222.1697992493838001 -11.2894572157756130 0.0 0.0 0.0 1.0
1261229891.0000 25.7576011790110790 -218.2835211022546105 -10.6018062134169639 0.0 0.0 0.0 1.0
1261229892.0000 24.1198220689942922 -213.2884610829203211 -10.2176935560929820 0.0 0.0 0.0 1.0
1261229893.0000 23.6731426474068769 -206.8134363479333615 -9.7383006409762629 0.0 0.0 0.0 1.0
1261229894.0000 22.7798009298462816 -200.1531379570892568 -9.1595022807169499 0.0 0.0 0.0 1.0
1261229895.0000 23.3753267070773667 -190.3485939190985619 -8.5907340159972989 0.0 0.0 0.0 1.0
1261229896.0000 24.5663956996909079 -179.0647223486372184 -8.1266997205136278 0.0 0.0 0.0 1.0
1261229897.0000 25.0130303605357618 -169.2608126440311764 -7.7579625388299434 0.0 0.0 0.0 1.0
1261229898.0000 25.1618874473905016 -159.4591362595463124 -8.0892357590110322 0.0 0.0 0.0 1.0
1261229899.0000 26.0551794067252054 -149.1000382710012673 -7.6223027139788400 0.0 0.0 0.0 1.0
1261229900.0000 26.3529268893345971 -139.8503530967219035 -7.0518398448798791 0.0 0.0 0.0 1.0
1261229901.0000 26.5017876540031807 -130.9712164479954311 -6.6802066936124618 0.0 0.0 0.0 1.0
1261229902.0000 26.5017615686964731 -122.2776738567370103 -6.5079929970749006 0.0 0.0 0.0 1.0
1261229903.0000 26.7995057945352571 -113.2148585986102205 -6.5369745316896299 0.0 0.0 0.0 1.0
1261229904.0000 26.6505935195077406 -104.1504447245525711 -6.0659696745448173 0.0 0.0 0.0 1.0
1261229905.0000 26.9483380860251813 -94.9013926523411868 -5.6955712006638706 0.0 0.0 0.0 1.0
1261229906.0000 26.9483120252334167 -85.2805076999935494 -4.7263727532236430 0.0 0.0 0.0 1.0
1261229907.0000 27.6927087578545397 -74.9217179730019609 -4.3595596538848582 0.0 0.0 0.0 1.0
1261229908.0000 28.4371043963950640 -64.7478822535676954 -3.9921705388708695 0.0 0.0 0.0 1.0
1261229909.0000 29.1815002504790542 -55.1289115743573817 -3.6230179985224176 0.0 0.0 0.0 1.0
1261229910.0000 29.1814743784078949 -46.0625623376594575 -2.5520996646491412 0.0 0.0 0.0 1.0
1261229911.0000 29.4792178810574796 -37.9235548843931056 -2.2782226577416118 0.0 0.0 0.0 1.0
1261229912.0000 28.5858931099607858 -30.7038690289834832 -0.3013894953679088 0.0 0.0 0.0 1.0
1261229913.0000 27.6925720083855715 -24.5945549158363548 1.4790013392320880 0.0 0.0 0.0 1.0
1261229914.0000 28.5858598428036892 -18.8622120149913179 1.0605784020718563 0.0 0.0 0.0 1.0
1261229915.0000 29.1813838664762280 -15.3499810717595278 0.4492859208605138 0.0 0.0 0.0 1.0
1261229916.0000 30.0746822582943665 -12.5753221731525500 0.5403644473510809 0.0 0.0 0.0 1.0
1261229917.0000 32.0101706140860642 -10.1721778414781738 0.1326282076300185 0.0 0.0 0.0 1.0
1261229918.0000 35.2856213351855388 -7.9523761010097864 0.2254752381322969 0.0 0.0 0.0 1.0
1261229919.0000 40.1987946126376059 -6.4765677881226438 -0.9793048663208515 0.0 0.0 0.0 1.0
1261229920.0000 47.6430114649849941 -7.0346116212661460 -1.9775670306118642 0.0 0.0 0.0 1.0
1261229921.0000 57.4693866467426844 -7.7746952732719334 -2.0752690022570328 0.0 0.0 0.0 1.0
1261229922.0000 68.6357256644599971 -8.6993911424080324 -2.0724064191479616 0.0 0.0 0.0 1.0
1261229923.0000 80.3976077789453285 -10.7357289979104848 -2.6660005500377366 0.0 0.0 0.0 1.0
1261229924.0000 92.4572531429335385 -11.6616711834708262 -3.0631894221758227 0.0 0.0 0.0 1.0
1261229925.0000 105.1124368655797099 -12.4023121314942042 -3.3610060690747927 0.0 0.0 0.0 1.0
1261229926.0000 117.6187382510993018 -12.9573380749339790 -3.4594407037479824 0.0 0.0 0.0 1.0
1261229927.0000 129.6783878950190285 -13.1414772908007258 -3.2590813250219677 0.0 0.0 0.0 1.0
1261229928.0000 142.6313485517377444 -12.9543881029821613 -2.6599557390773105 0.0 0.0 0.0 1.0
1261229929.0000 154.6909822312378822 -12.7701882688744384 -2.9608300917087096 0.0 0.0 0.0 1.0
1261229930.0000 166.4528661543033365 -12.5834059177397339 -2.4617236246251997 0.0 0.0 0.0 1.0
1261229931.0000 178.8102911624123976 -12.2109966612596264 -1.7632511010559728 0.0 0.0 0.0 1.0
1261229932.0000 190.2744043424127653 -11.2830797408003072 -0.8665604289533171 0.0 0.0 0.0 1.0
1261229933.0000 201.4407472890919735 -10.5407527775304430 -0.1692855110384626 0.0 0.0 0.0 1.0
1261229934.0000 212.4581962541039388 -9.7993792288445682 0.2279762651751325 0.0 0.0 0.0 1.0
1261229935.0000 222.5823331931317171 -7.9460303703048210 1.3216788845173228 0.0 0.0 0.0 1.0
1261229936.0000 233.5997772497944993 -7.2049508932415591 1.6189043127498031 0.0 0.0 0.0 1.0
1261229937.0000 244.9150059855371921 -9.0580503245113029 0.4244317858341784 0.0 0.0 0.0 1.0
1261229938.0000 255.1880177604761002 -10.1716642536136508 -0.8723972412281746 0.0 0.0 0.0 1.0
