1261229982.0000 0.0000000000000000 0.0000000000000000 0.0000000000000000 0.0 0.0 0.0 1.0
1261229983.0000 4.6155470343837841 -2.9666819272705252 -2.2904729435622877 0.0 0.0 0.0 1.0
1261229984.0000 10.1244267545991473 -5.5602323346403209 -3.5821464973041275 0.0 0.0 0.0 1.0
1261229985.0000 17.7177477690168139 -7.2277115963919369 -4.4768065042692085 0.0 0.0 0.0 1.0
1261229986.0000 25.4599554905091061 -7.9704068038703832 -5.3744495926725202 0.0 0.0 0.0 1.0
1261229987.0000 33.9466081282639962 -8.7114845357492676 -5.7721086840771658 0.0 0.0 0.0 1.0
1261229988.0000 42.7310395251841371 -9.2666326532748560 -5.8703772813413506 0.0 0.0 0.0 1.0
1261229989.0000 52.1110260629433313 -9.6364914558354933 -5.8692579623522434 0.0 0.0 0.0 1.0
1261229990.0000 61.0443442233648739 -9.8220308551487356 -6.0687417037255624 0.0 0.0 0.0 1.0
1261229991.0000 69.9776659137160379 -10.1918733116078606 -6.0676444594502490 0.0 0.0 0.0 1.0
1261229992.0000 78.7620955501038367 -10.3773954864151143 -6.2671514288356454 0.0 0.0 0.0 1.0
1261229993.0000 87.5465250155730956 -10.5629086731314690 -6.4666705162740454 0.0 0.0 0.0 1.0
1261229994.0000 96.1820620793037619 -10.5637807395179131 -6.7667934906386238 0.0 0.0 0.0 1.0
1261229995.0000 104.6687152371824538 -10.7489582921329507 -6.8663322209755799 0.0 0.0 0.0 1.0
1261229996.0000 112.8575947448984920 -10.9334884910228674 -6.7658780133649845 0.0 0.0 0.0 1.0
1261229997.0000 120.3020289985042268 -10.9330660965003901 -6.6660147603677569 0.0 0.0 0.0 1.0
1261229998.0000 127.5975748329136223 -10.9326394665601168 -6.5661572228661065 0.0 0.0 0.0 1.0
1261229999.0000 134.8931208955991679 -10.9322066455913376 -6.4663080398640060 0.0 0.0 0.0 1.0
1261230000.0000 142.7842173413661726 -10.9324006465300876 -6.5664794991778335 0.0 0.0 0.0 1.0
1261230001.0000 151.2708737759536461 -11.1172107542570657 -6.5660808378862763 0.0 0.0 0.0 1.0
1261230002.0000 160.2041965521974589 -11.3020041725734401 -6.5657047052024149 0.0 0.0 0.0 1.0
1261230003.0000 169.5841883546846987 -11.4864580739614297 -6.4653534957784533 0.0 0.0 0.0 1.0
1261230004.0000 179.2619581948243024 -11.6708955436508184 -6.3650244742311477 0.0 0.0 0.0 1.0
1261230005.0000 189.2374972156228239 -11.8562798579105877 -6.5647174486067188 0.0 0.0 0.0 1.0
1261230006.0000 199.2130341072639226 -12.2272506734116639 -6.9638305235419384 0.0 0.0 0.0 1.0
1261230007.0000 208.7419176990657093 -12.5969350596906526 -6.9629466555274782 0.0 0.0 0.0 1.0
1261230008.0000 217.9730166344630220 -12.7819826135987906 -7.0626608207793513 0.0 0.0 0.0 1.0
1261230009.0000 226.3107885288907823 -13.1519990459994958 -7.1617621039654278 0.0 0.0 0.0 1.0
1261230010.0000 234.6485484629949667 -13.3376949581532500 -7.4614677428973657 0.0 0.0 0.0 1.0
1261230011.0000 242.2418798021384703 -13.5221181699216775 -7.3611580149228040 0.0 0.0 0.0 1.0
1261230012.0000 248.7930200643299372 -12.9625656504091840 -5.9632011006982886 0.0 0.0 0.0 1.0
1261230013.0000 254.0041653415957228 -12.5883243159931908 -4.6646024054407436 0.0 0.0 0.0 1.0
1261230014.0000 259.2152919939173330 -12.2156867809629563 -3.8660054117490024 0.0 0.0 0.0 1.0
1261230015.0000 265.0219677757065710 -12.0289472820792280 -3.3668414019161848 0.0 0.0 0.0 1.0
1261230016.0000 271.4241779802981682 -11.8437921878567298 -3.3677054536195206 0.0 0.0 0.0 1.0
1261230017.0000 277.8263655477394991 -11.1040877324483596 -3.4703589698986006 0.0 0.0 0.0 1.0
1261230018.0000 283.7818550118034864 -9.4396165960831659 -3.5759718783453458 0.0 0.0 0.0 1.0
1261230019.0000 289.1417515470569128 -6.8507062602164153 -3.7845363768854225 0.0 0.0 0.0 1.0
1261230020.0000 293.6082656627053211 -3.1527344553195498 -4.1966325933936641 0.0 0.0 0.0 1.0
1261230021.0000 296.8836474722272101 1.6562164316258929 -4.2122498040703782 0.0 0.0 0.0 1.0
1261230022.0000 298.0745826065459028 7.0209272095018811 -3.9295611431078910 0.0 0.0 0.0 1.0
1261230023.0000 296.8832829347689426 12.5695459981017059 -3.9473594236122693 0.0 0.0 0.0 1.0
1261230024.0000 294.0542151426956821 17.5619552404798149 -4.3632987974712378 0.0 0.0 0.0 1.0
1261230025.0000 289.1407684815287666 21.4455284301113203 -4.4755770457805966 0.0 0.0 0.0 1.0
1261230026.0000 283.0362503196300281 23.6625352368470772 -5.1824452957165921 0.0 0.0 0.0 1.0
1261230027.0000 276.6340321623414980 25.1432572876351443 -4.7869305863383289 0.0 0.0 0.0 1.0
1261230028.0000 269.3385194048145763 25.3286249609773648 -4.5872145825392554 0.0 0.0 0.0 1.0
1261230029.0000 261.1496868243096401 24.9584616659039256 -4.5856824804262253 0.0 0.0 0.0 1.0
1261230030.0000 252.6630734122641115 24.5879754141494828 -4.6841485914813603 0.0 0.0 0.0 1.0
1261230031.0000 243.2831166987492111 24.5870608499432137 -4.8837824424372549 0.0 0.0 0.0 1.0
1261230032.0000 233.6053807706596501 24.5858264224007428 -5.1834186597662697 0.0 0.0 0.0 1.0
1261230033.0000 223.7787598619118796 24.7701983130686330 -5.2836609476485403 0.0 0.0 0.0 1.0
1261230034.0000 213.6543602227429233 24.9542520175427924 -5.4839078862454578 0.0 0.0 0.0 1.0
1261230035.0000 203.6788465128975076 25.1379991513107406 -5.7841751602744758 0.0 0.0 0.0 1.0
1261230036.0000 194.1500043574723122 25.3224119421727920 -5.8844726934323575 0.0 0.0 0.0 1.0
1261230037.0000 184.9189378808228241 25.6921189873140818 -5.8853892298964929 0.0 0.0 0.0 1.0
1261230038.0000 175.9856465467519513 25.8762427106047923 -6.0857307455116274 0.0 0.0 0.0 1.0
1261230039.0000 166.9034593061707312 26.2446840297780497 -6.4866754596214129 0.0 0.0 0.0 1.0
1261230040.0000 157.3746173982803498 26.6140928078740089 -6.5876236487576083 0.0 0.0 0.0 1.0
1261230041.0000 147.5480052479611288 26.9841510972975946 -6.4885802457243233 0.0 0.0 0.0 1.0
1261230042.0000 137.5725013367589327 27.3535741582170431 -6.5895477682950165 0.0 0.0 0.0 1.0
1261230043.0000 127.1503354171903908 27.5377248590101260 -6.7899258334632151 0.0 0.0 0.0 1.0
1261230044.0000 116.7281724281651378 27.7222102333217819 -6.8903214733166323 0.0 0.0 0.0 1.0
1261230045.0000 106.1571205835236213 27.9063843447826585 -7.0907311683953562 0.0 0.0 0.0 1.0
1261230046.0000 95.7349643829512615 27.9065840183215812 -6.9905665411963618 0.0 0.0 0.0 1.0
1261230047.0000 85.4616944890870371 27.9064757518085784 -6.9904204406683164 0.0 0.0 0.0 1.0
1261230048.0000 75.3373102048609127 27.9057369597692784 -7.1902916293965919 0.0 0.0 0.0 1.0
1261230049.0000 65.6595879879630786 28.0896466728443954 -7.4907786374995595 0.0 0.0 0.0 1.0
1261230050.0000 56.4285302602620717 28.6441247660785585 -7.5924766768206524 0.0 0.0 0.0 1.0
1261230051.0000 48.3885785090728078 29.0136641467323457 -7.6936013847892575 0.0 0.0 0.0 1.0
1261230052.0000 40.7952927575893298 29.3838572961666316 -7.5947401417972831 0.0 0.0 0.0 1.0
1261230053.0000 33.3508976374040600 29.5700687417513208 -7.1952945978719622 0.0 0.0 0.0 1.0
1261230054.0000 25.7576126010988347 29.9405972957305337 -6.9964518300174348 0.0 0.0 0.0 1.0
1261230055.0000 18.4621027427116147 30.3101669424037965 -7.0976174352932730 0.0 0.0 0.0 1.0
1261230056.0000 11.3154836586258796 29.5709777349675456 -6.8952189048028174 0.0 0.0 0.0 1.0
1261230057.0000 4.0199768609725144 27.5438705348315125 -4.5886696152849016 0.0 0.0 0.0 1.0
1261230058.0000 -1.1911046997550452 24.2143519372247553 -4.6779471723675208 0.0 0.0 0.0 1.0
1261230059.0000 -4.3177566919028108 19.4042270596556534 -5.0624639767068693 0.0 0.0 0.0 1.0
1261230060.0000 -5.3599761759140403 14.0366618430244845 -6.2451939312061855 0.0 0.0 0.0 1.0
1261230061.0000 -5.0622030031876832 8.4880036537163885 -6.2273384979761728 0.0 0.0 0.0 1.0
1261230062.0000 -3.1266556948867614 4.4151266747286062 -7.4142403177106786 0.0 0.0 0.0 1.0
1261230063.0000 0.5955537020753706 0.3445029598045894 -7.9011488707022437 0.0 0.0 0.0 1.0
1261230064.0000 6.1044268157729116 -2.2464758020209037 -8.3928217343269154 0.0 0.0 0.0 1.0
1261230065.0000 12.9532996623315686 -3.9091356967113198 -7.7874822783163582 0.0 0.0 0.0 1.0
1261230066.0000 21.2910594006450147 -4.8326090249123581 -7.3845331642880083 0.0 0.0 0.0 1.0
1261230067.0000 30.6710405953557057 -5.9423120511931815 -7.3810032864426196 0.0 0.0 0.0 1.0
1261230068.0000 41.3910213151692901 -7.0519984939848941 -7.3774959788492191 0.0 0.0 0.0 1.0
1261230069.0000 52.8554443139824457 -7.6068013381308193 -7.3757968841926740 0.0 0.0 0.0 1.0
1261230070.0000 64.4687600292833451 -7.9753465946639759 -6.9747166519711605 0.0 0.0 0.0 1.0
1261230071.0000 75.9331860284960101 -8.3448419739897624 -6.8736542851619760 0.0 0.0 0.0 1.0
1261230072.0000 86.8020355075588981 -9.0906680287411348 -8.7714049209363658 0.0 0.0 0.0 1.0
1261230073.0000 97.8197894298801174 -10.0175758565737532 -9.4685881159257903 0.0 0.0 0.0 1.0
1261230074.0000 107.4975331415422346 -10.5761831669784101 -10.6669542294549728 0.0 0.0 0.0 1.0
1261230075.0000 116.4308365889822312 -10.9485486226126554 -11.4659180356994401 0.0 0.0 0.0 1.0
1261230076.0000 123.8752540508418178 -11.5062028024684970 -12.3642702362723913 0.0 0.0 0.0 1.0
1261230077.0000 130.4263352036053618 -12.0645068287137551 -13.4626117991060408 0.0 0.0 0.0 1.0
1261230078.0000 136.9774200532103521 -12.8074392754057431 -14.4603661889949127 0.0 0.0 0.0 1.0
1261230079.0000 144.4218349206887808 -13.5503515349122985 -15.4581475921547185 0.0 0.0 0.0 1.0
1261230080.0000 152.9084638835973635 -13.9230073198123385 -16.3571520968129072 0.0 0.0 0.0 1.0
1261230081.0000 162.1395502985488690 -14.1081145324567672 -16.4567853972166951 0.0 0.0 0.0 1.0
1261230082.0000 172.1150738160601747 -14.2938397341708345 -16.7564511147403152 0.0 0.0 0.0 1.0
1261230083.0000 182.5372850994546923 -14.4769727755616913 -16.2561493734458402 0.0 0.0 0.0 1.0
1261230084.0000 193.4061919559865146 -14.2863165286534848 -14.5570732784767500 0.0 0.0 0.0 1.0
1261230085.0000 204.1261904425889782 -14.6543717887265768 -14.0562214811017370 0.0 0.0 0.0 1.0
1261230086.0000 214.5484164981656647 -14.8368233673570131 -13.3559731518375795 0.0 0.0 0.0 1.0
1261230087.0000 224.6728716454021537 -15.0189487607441361 -12.5557318867523353 0.0 0.0 0.0 1.0
