1261230073.0000 0.0000000000000000 0.0000000000000000 0.0000000000000000 0.0 0.0 0.0 1.0
1261230074.0000 9.6777557544783637 -0.5587193137587958 -1.1982166344205365 0.0 0.0 0.0 1.0
1261230075.0000 18.6110672312726457 -0.9311876739834688 -1.9970426852529530 0.0 0.0 0.0 1.0
1261230076.0000 26.0554921405299886 -1.4889279733416374 -2.8952797007035938 0.0 0.0 0.0 1.0
1261230077.0000 32.6065838042687730 -2.0473082687205628 -3.9935197944391758 0.0 0.0 0.0 1.0
1261230078.0000 39.1576755195369657 -2.7903168263882465 -4.9911724248626044 0.0 0.0 0.0 1.0
1261230079.0000 46.6020972531600037 -3.5333153617221660 -5.9888383516153763 0.0 0.0 0.0 1.0
1261230080.0000 55.0887357783118574 -3.9060691260286502 -6.8877119590252240 0.0 0.0 0.0 1.0
1261230081.0000 64.3198216151749591 -4.0912815318190088 -6.9872032261370762 0.0 0.0 0.0 1.0
1261230082.0000 74.2953476188998110 -4.2771207118810430 -7.2867154786323685 0.0 0.0 0.0 1.0
1261230083.0000 84.7175491345330727 -4.4603715562192212 -6.7862534176448559 0.0 0.0 0.0 1.0
1261230084.0000 95.5864320694026048 -4.2698363097895857 -5.0870107319418807 0.0 0.0 0.0 1.0
1261230085.0000 106.3064186755904075 -4.6380127603223089 -4.5859937516031710 0.0 0.0 0.0 1.0
1261230086.0000 116.7286319010081002 -4.8205818276233172 -3.8855851035145514 0.0 0.0 0.0 1.0
1261230087.0000 126.8530726864739506 -5.0028211642235627 -3.0851880923656054 0.0 0.0 0.0 1.0
1261230088.0000 136.6797413763131317 -5.1847318292308113 -2.1848012983213554 0.0 0.0 0.0 1.0
1261230089.0000 145.4641882853142079 -5.3672920734627496 -1.4844047497694719 0.0 0.0 0.0 1.0
1261230090.0000 152.6108197075787984 -6.1118114324255286 -2.9821854776641987 0.0 0.0 0.0 1.0
1261230091.0000 158.2685492539544327 -7.0435575985821499 -5.1793388870351249 0.0 0.0 0.0 1.0
1261230092.0000 163.9262956855359334 -7.7874510256346952 -6.4770967232081080 0.0 0.0 0.0 1.0
1261230093.0000 170.0307080459343467 -8.3457336975277698 -7.5754672103948222 0.0 0.0 0.0 1.0
1261230094.0000 175.9862374109636960 -8.1616233597936976 -7.8762220011865534 0.0 0.0 0.0 1.0
1261230095.0000 181.9417526853679590 -6.6812168832049883 -7.6811473695932095 0.0 0.0 0.0 1.0
1261230096.0000 187.4505765208361652 -4.0910862556838445 -7.4896337480668116 0.0 0.0 0.0 1.0
1261230097.0000 192.0660419245677986 -0.3912422108541564 -7.3016678533819110 0.0 0.0 0.0 1.0
1261230098.0000 195.6392751685060887 4.4199189574172957 -6.6172476927853250 0.0 0.0 0.0 1.0
1261230099.0000 197.5747171354383340 9.9708648815171124 -5.9351626690087542 0.0 0.0 0.0 1.0
1261230100.0000 198.1701792550474863 16.4504190655129392 -4.0560240205323010 0.0 0.0 0.0 1.0
1261230101.0000 197.1278672441731317 23.1148945999790740 -2.1774366563079131 0.0 0.0 0.0 1.0
1261230102.0000 194.1499893213608914 28.4791691424072084 -1.9946185046341061 0.0 0.0 0.0 1.0
1261230103.0000 190.5765684356275926 33.4731994727368587 -1.9105962601806343 0.0 0.0 0.0 1.0
1261230104.0000 187.3009412867067169 38.0979721314357818 -1.6253978126000561 0.0 0.0 0.0 1.0
1261230105.0000 184.7697621413788909 42.7234070373692845 -1.1402270004945265 0.0 0.0 0.0 1.0
1261230106.0000 182.9830343726392812 47.5354262190634600 -0.1556807212016409 0.0 0.0 0.0 1.0
1261230107.0000 181.4940720455045380 52.3461638396026956 0.4288550187593465 0.0 0.0 0.0 1.0
1261230108.0000 181.0473178649399131 58.2685909873065810 1.6097749740152807 0.0 0.0 0.0 1.0
1261230109.0000 180.8983370256624426 64.5615824776511147 2.9894864575792894 0.0 0.0 0.0 1.0
1261230110.0000 181.0471234022033968 71.2244936713660763 4.3679894307802130 0.0 0.0 0.0 1.0
1261230111.0000 182.3869626332567861 79.3654615648991353 5.2416769794510074 0.0 0.0 0.0 1.0
1261230112.0000 183.4290202472371618 87.8766594128705663 6.2141670903221993 0.0 0.0 0.0 1.0
1261230113.0000 183.8755015304692506 96.9410978922839774 6.6848724963387340 0.0 0.0 0.0 1.0
1261230114.0000 184.4708735172704337 106.1914663511041397 7.4549611396825952 0.0 0.0 0.0 1.0
1261230115.0000 185.6617880976369008 115.9976867340531044 8.5232227383418362 0.0 0.0 0.0 1.0
1261230116.0000 187.5971411255737280 125.9901768429815831 9.9908465103318491 0.0 0.0 0.0 1.0
1261230117.0000 187.4480482257125402 136.3499475100872473 10.6573222454015095 0.0 0.0 0.0 1.0
1261230118.0000 186.4056207934050633 146.1515954219638900 10.3256098575055546 0.0 0.0 0.0 1.0
1261230119.0000 186.4054263411200907 155.2147393839442202 10.3962471612104395 0.0 0.0 0.0 1.0
1261230120.0000 186.4052300782574889 164.0922798092222479 10.2674722166311625 0.0 0.0 0.0 1.0
1261230121.0000 186.2561618883717642 172.6005544437190338 10.3398879222328048 0.0 0.0 0.0 1.0
1261230122.0000 185.9582181567775194 180.9245195980007281 10.6128956437670041 0.0 0.0 0.0 1.0
1261230123.0000 186.1069275899795912 189.4334508113202276 10.8852790682193046 0.0 0.0 0.0 1.0
1261230124.0000 187.1489696616702076 197.9446753892925699 11.8576212302905475 0.0 0.0 0.0 1.0
1261230125.0000 187.7443475234472601 206.0843576095705032 12.3311693357601087 0.0 0.0 0.0 1.0
1261230126.0000 187.5952901558327426 213.6668833285371818 12.1065358318024039 0.0 0.0 0.0 1.0
1261230127.0000 187.7440030895440657 221.2494151295292397 11.8818845128301689 0.0 0.0 0.0 1.0
1261230128.0000 187.2971726018977279 228.4607215519303622 11.2584467931857404 0.0 0.0 0.0 1.0
1261230129.0000 186.8503579899385443 235.1174853756594985 10.7368054100488877 0.0 0.0 0.0 1.0
1261230130.0000 186.5524379350198387 241.2190594498781593 10.1169588061886770 0.0 0.0 0.0 1.0
1261230131.0000 186.7012048596214981 246.2118854953657205 9.8007038078208666 0.0 0.0 0.0 1.0
1261230132.0000 186.9988634146741049 250.4639156272223772 9.1868506715949394 0.0 0.0 0.0 1.0
1261230133.0000 188.9342836312940221 253.9781125218064233 9.1753521105397340 0.0 0.0 0.0 1.0
1261230134.0000 192.2096555672665943 256.9355192793572087 8.5656208929143531 0.0 0.0 0.0 1.0
1261230135.0000 197.4205787763005446 258.4159326252557207 8.7606417519462525 0.0 0.0 0.0 1.0
1261230136.0000 204.5669918115838470 258.5981240810156123 7.8598186820404834 0.0 0.0 0.0 1.0
1261230137.0000 212.1600930790341977 258.5986338016253399 7.9595697971121950 0.0 0.0 0.0 1.0
1261230138.0000 220.0509429464183597 258.0410347092587813 7.0611139630152877 0.0 0.0 0.0 1.0
1261230139.0000 228.3884515243728117 257.4841061971615659 6.3626312484636429 0.0 0.0 0.0 1.0
1261230140.0000 237.4704024022256590 257.4853292665446816 6.6622975834588942 0.0 0.0 0.0 1.0
1261230141.0000 246.2545793418416622 257.3006209741113253 6.6625664106771580 0.0 0.0 0.0 1.0
1261230142.0000 254.5920903718827901 257.3002125296295617 6.4622397206500324 0.0 0.0 0.0 1.0
1261230143.0000 262.0363056672638322 256.5589862680839133 5.9643497916155468 0.0 0.0 0.0 1.0
1261230144.0000 268.5872182636766752 254.5201202852970255 4.5707094453398724 0.0 0.0 0.0 1.0
1261230145.0000 274.2448884389256136 251.1881721676734003 3.6813127710224904 0.0 0.0 0.0 1.0
1261230146.0000 279.4559533827903124 246.7471332831084965 2.9955401051682600 0.0 0.0 0.0 1.0
1261230147.0000 284.8159377881534624 241.3813269800756416 2.3127628183713682 0.0 0.0 0.0 1.0
1261230148.0000 290.6225903946257176 236.0161909688316371 1.8299550734907797 0.0 0.0 0.0 1.0
1261230149.0000 296.7269865188384870 231.5758463762753081 1.3441158081032114 0.0 0.0 0.0 1.0
1261230150.0000 303.5757671774998698 228.2449394176077533 0.7546238818363662 0.0 0.0 0.0 1.0
1261230151.0000 310.7222705316161750 226.5792967762991452 0.3596945703951349 0.0 0.0 0.0 1.0
1261230152.0000 318.0175867404868200 226.7628928975378244 -0.1412642362738694 0.0 0.0 0.0 1.0
1261230153.0000 325.1639255227149192 229.3509072978989707 -0.6500430582459700 0.0 0.0 0.0 1.0
1261230154.0000 331.8635491652706833 233.7894378331491225 -0.8648254366901966 0.0 0.0 0.0 1.0
1261230155.0000 337.3720423426390767 239.7082188867517516 -0.8843701954757250 0.0 0.0 0.0 1.0
1261230156.0000 340.9449764578287159 247.2921744117432468 -0.7092405301102076 0.0 0.0 0.0 1.0
1261230157.0000 342.5823810099601019 255.6158754976235343 -0.5364266126413639 0.0 0.0 0.0 1.0
1261230158.0000 342.2842959853168168 263.9398259702831524 -0.2635202545633035 0.0 0.0 0.0 1.0
1261230159.0000 340.0507181167939166 272.0780935011340489 -0.1899173735618547 0.0 0.0 0.0 1.0
1261230160.0000 335.8816891904358499 279.1059026389545465 -0.3126044089472657 0.0 0.0 0.0 1.0
1261230161.0000 330.0749987817667375 285.2098527191727158 -0.1322026967257841 0.0 0.0 0.0 1.0
1261230162.0000 322.9284261631111121 289.2782704718972582 -0.2451062951727749 0.0 0.0 0.0 1.0
1261230163.0000 315.4841500209010974 291.6817597781833342 -0.4525750463473059 0.0 0.0 0.0 1.0
1261230164.0000 308.3377187402534787 292.0507585390890313 -0.6534307451087216 0.0 0.0 0.0 1.0
1261230165.0000 301.7868793586400216 290.9404685073148471 -0.7494965633640334 0.0 0.0 0.0 1.0
1261230166.0000 295.8316671956310415 288.1682161408102161 -0.0401719331644870 0.0 0.0 0.0 1.0
1261230167.0000 290.7697558105552957 284.4692646098063733 0.0721240661489730 0.0 0.0 0.0 1.0
1261230168.0000 286.1545050912635588 280.2151390411660259 0.0862033882581841 0.0 0.0 0.0 1.0
1261230169.0000 281.5392602763377567 275.7763866729259234 0.2008788578156100 0.0 0.0 0.0 1.0
1261230170.0000 276.3284527820284211 271.8921573642325029 0.2137660392217526 0.0 0.0 0.0 1.0
1261230171.0000 269.9265341033167260 269.1176252353176892 0.2230812236975055 0.0 0.0 0.0 1.0
1261230172.0000 262.4823822798633159 267.8230338056507094 0.3276103487959858 0.0 0.0 0.0 1.0
1261230173.0000 254.1448897315415820 267.8234349292963543 0.5279473645684334 0.0 0.0 0.0 1.0
1261230174.0000 244.6163077708397680 268.5639570526390116 0.8259081990495929 0.0 0.0 0.0 1.0
1261230175.0000 234.0455404398007602 269.1191802498580614 1.0244962769727692 0.0 0.0 0.0 1.0
1261230176.0000 222.2837058850359142 269.6747114557275609 1.3231079062279889 0.0 0.0 0.0 1.0
1261230177.0000 209.4796842655828755 270.2302333480484435 1.6217321263985411 0.0 0.0 0.0 1.0
1261230178.0000 196.0801377861102708 270.6014572000172507 2.1209505781660312 0.0 0.0 0.0 1.0
1261230179.0000 181.9361639013266938 271.1573156496612000 2.5195599292656823 0.0 0.0 0.0 1.0
1261230180.0000 167.6433071436711657 271.5279133244316085 2.8187450246919070 0.0 0.0 0.0 1.0
1261230181.0000 153.2015606352858867 272.0831615836564765 3.0172993865370188 0.0 0.0 0.0 1.0
1261230182.0000 138.4620545787174706 272.4541257994106900 3.4164291504480673 0.0 0.0 0.0 1.0
1261230183.0000 124.0203158136202291 272.8251196239133378 3.8155189992954490 0.0 0.0 0.0 1.0
1261230184.0000 110.1741156788494607 273.1967971896341396 4.4145647526917884 0.0 0.0 0.0 1.0
1261230185.0000 96.9234423398696521 273.5668742390587909 4.5135740126334838 0.0 0.0 0.0 1.0
1261230186.0000 84.1194267954846140 273.9382797718128586 5.0125476819184058 0.0 0.0 0.0 1.0
1261230187.0000 71.7620588202244534 274.3087303680082414 5.2114921719788327 0.0 0.0 0.0 1.0
1261230188.0000 59.7024593692330754 274.4939194815912060 5.3110132495857840 0.0 0.0 0.0 1.0
1261230189.0000 47.4939790987468839 274.6804284299096821 5.8105104786149582 0.0 0.0 0.0 1.0
1261230190.0000 35.4343797345436329 274.8659775476289155 6.0099850724937198 0.0 0.0 0.0 1.0
1261230191.0000 23.0770124603312112 275.2371500995897122 6.4088340069282168 0.0 0.0 0.0 1.0
1261230192.0000 10.2729923604928892 275.6073620712552383 6.5076612772247131 0.0 0.0 0.0 1.0
1261230193.0000 -2.8287948755265067 275.9772672632916510 6.5064631976778600 0.0 0.0 0.0 1.0
1261230194.0000 -16.2283493560230916 276.3478449009318183 6.7052363360172791 0.0 0.0 0.0 1.0
1261230195.0000 -29.7767860560153999 276.7174660655722391 6.6039821674884251 0.0 0.0 0.0 1.0
1261230196.0000 -43.3252218387422161 277.0874345425906995 6.6026986320462129 0.0 0.0 0.0 1.0
1261230197.0000 -56.8736564501063242 277.4574243727832936 6.6013862602955840 0.0 0.0 0.0 1.0
1261230198.0000 -70.4220883681505683 278.0123909908867290 6.5994421234662752 0.0 0.0 0.0 1.0
1261230199.0000 -83.9705229734258296 278.3830755103883234 6.7980710066437666 0.0 0.0 0.0 1.0
1261230200.0000 -97.8167290773535143 278.9400442383737300 7.3960614063085472 0.0 0.0 0.0 1.0
1261230201.0000 -111.9607009762466134 279.3111057513453943 7.6946210021749266 0.0 0.0 0.0 1.0
1261230202.0000 -126.2535568918541458 279.6821927542755475 7.9931462246830449 0.0 0.0 0.0 1.0
1261230203.0000 -140.6952915823372052 280.2379354565548510 8.1910336087098869 0.0 0.0 0.0 1.0
1261230204.0000 -155.4347988996352399 280.6090783721398338 8.4894834240732848 0.0 0.0 0.0 1.0
1261230205.0000 -170.0254197563731395 280.9799176155707414 8.6879036218875854 0.0 0.0 0.0 1.0
1261230206.0000 -184.6160431554756940 281.3511076851244752 8.9862898487944847 0.0 0.0 0.0 1.0
1261230207.0000 -199.2066647286321199 281.5367149567475167 9.0852467355085764 0.0 0.0 0.0 1.0
1261230208.0000 -213.7972827784589356 281.7220209526466306 9.0841707316880616 0.0 0.0 0.0 1.0
1261230209.0000 -228.0901323994317806 281.9073438084946019 9.0830719713981694 0.0 0.0 0.0 1.0
1261230210.0000 -242.0852083791874918 282.2776375455619018 9.0813494082526915 0.0 0.0 0.0 1.0
1261230211.0000 -255.7825113711238885 282.6476191429741789 8.9796085719643202 0.0 0.0 0.0 1.0
1261230212.0000 -269.3309373092877195 283.0182700172042587 9.0778434956241085 0.0 0.0 0.0 1.0
1261230213.0000 -282.5815842174467889 283.5735619021989464 9.0754602397352357 0.0 0.0 0.0 1.0
1261230214.0000 -295.9811196611884725 283.9439238258869409 9.0736455654734129 0.0 0.0 0.0 1.0
1261230215.0000 -309.3806491000943879 284.3139805521539643 8.9718032161907502 0.0 0.0 0.0 1.0
1261230216.0000 -323.0779364531628062 284.4981355690688360 8.5705222854115846 0.0 0.0 0.0 1.0
1261230217.0000 -336.6263462070102150 284.8682403216653256 8.4686150429733971 0.0 0.0 0.0 1.0
1261230218.0000 -350.3236272151463595 285.2377202824714004 8.1666718425795466 0.0 0.0 0.0 1.0
1261230219.0000 -363.7231573896526697 285.4229061582717577 8.0653182635858514 0.0 0.0 0.0 1.0
1261230220.0000 -376.3782675225060643 285.6080802902067148 7.9639805207020800 0.0 0.0 0.0 1.0
1261230221.0000 -388.2889941798805467 285.7951960391548027 8.4626598587941828 0.0 0.0 0.0 1.0
1261230222.0000 -399.1575166591927086 285.9813015326881782 8.6613839039487743 0.0 0.0 0.0 1.0
1261230223.0000 -408.5372075517787493 286.1676760097541319 8.9601845229315131 0.0 0.0 0.0 1.0
1261230224.0000 -416.2791638016261686 286.3533290423026756 9.0590796189184175 0.0 0.0 0.0 1.0
1261230225.0000 -422.6811564455914549 286.7238785789685949 9.1574511665641580 0.0 0.0 0.0 1.0
1261230226.0000 -428.1898104582226097 288.2050998896961573 9.5522554981843086 0.0 0.0 0.0 1.0
1261230227.0000 -433.5495487856989598 290.4264657369445217 10.0446511959670204 0.0 0.0 0.0 1.0
1261230228.0000 -438.7603729813260998 293.2026943451418788 10.5352417689197182 0.0 0.0 0.0 1.0
1261230229.0000 -443.9711737569757588 295.9779477509878234 10.7258284652165514 0.0 0.0 0.0 1.0
1261230230.0000 -449.7775925687776635 297.6448074074594956 11.3199866504915860 0.0 0.0 0.0 1.0
1261230231.0000 -456.0306774826296419 298.2000035858981732 11.3177315524119422 0.0 0.0 0.0 1.0
1261230232.0000 -462.4327451745809867 296.9056565299171098 11.3214945404432967 0.0 0.0 0.0 1.0
1261230233.0000 -468.5370815650319969 294.3149777478209899 10.8294993726605924 0.0 0.0 0.0 1.0
1261230234.0000 -475.3858795309157586 291.5406940932183488 10.7380429889079778 0.0 0.0 0.0 1.0
1261230235.0000 -483.4257180333880228 289.5066312817918401 10.7440742056932379 0.0 0.0 0.0 1.0
1261230236.0000 -492.5076940284032503 288.3974134383079218 10.7469980363179332 0.0 0.0 0.0 1.0
1261230237.0000 -502.7807105349809262 287.8431414478503712 10.7480052042076011 0.0 0.0 0.0 1.0
1261230238.0000 -513.5003607657720295 287.4735378276357096 10.6483570984770211 0.0 0.0 0.0 1.0
1261230239.0000 -524.3689263021735769 286.7343716815005337 10.6498845282712580 0.0 0.0 0.0 1.0
1261230240.0000 -535.3863587987112851 285.6236869080570955 10.1525897944103178 0.0 0.0 0.0 1.0
1261230241.0000 -546.5526730389491377 284.6983075128213727 9.7546593848216787 0.0 0.0 0.0 1.0
1261230242.0000 -558.0167385589371634 283.7723099089439529 9.1566842556118786 0.0 0.0 0.0 1.0
1261230243.0000 -569.9274984902039023 282.4770984922996035 8.7598534852858450 0.0 0.0 0.0 1.0
1261230244.0000 -582.4338303989719634 280.8123591221248034 8.4641512641279064 0.0 0.0 0.0 1.0
1261230245.0000 -595.0890441403670366 278.9620409283118079 7.9690141730480377 0.0 0.0 0.0 1.0
1261230246.0000 -607.7442971492056358 276.7421567016998551 7.5750566686471075 0.0 0.0 0.0 1.0
1261230247.0000 -620.2506845538202924 274.3373251939326565 7.1816905723437117 0.0 0.0 0.0 1.0
1261230248.0000 -632.7571009967523423 271.7478826351198222 6.8889012337229190 0.0 0.0 0.0 1.0
1261230249.0000 -645.2635175626187447 268.9728514006533828 6.3966900197173402 0.0 0.0 0.0 1.0
1261230250.0000 -657.7699750887115897 266.0135349871886206 6.1050545630302793 0.0 0.0 0.0 1.0
1261230251.0000 -670.1275809102859284 262.8695957865102741 5.9140108004761913 0.0 0.0 0.0 1.0
1261230252.0000 -682.6341153680258458 259.5413823645191087 5.9235268922272013 0.0 0.0 0.0 1.0
1261230253.0000 -694.9918053177998445 255.8432642887668180 5.9342375136865257 0.0 0.0 0.0 1.0
1261230254.0000 -707.4984055738125335 251.9602208329970381 5.9455076531836966 0.0 0.0 0.0 1.0
1261230255.0000 -719.7072794586356395 247.7072598332310918 5.9579886222372238 0.0 0.0 0.0 1.0
1261230256.0000 -731.9161540131188985 243.4539907495901900 5.8704438772286665 0.0 0.0 0.0 1.0
1261230257.0000 -743.8272756203691642 239.0154326107097518 5.6835099917576173 0.0 0.0 0.0 1.0
1261230258.0000 -755.7384369971133538 234.3922611836789542 5.5971518689975710 0.0 0.0 0.0 1.0
1261230259.0000 -767.5007427329828715 229.5841377412929205 5.5113875744493583 0.0 0.0 0.0 1.0
1261230260.0000 -779.1142055468491208 224.5913868312662203 5.5262169852716454 0.0 0.0 0.0 1.0
1261230261.0000 -790.5787893363187777 219.4130324235343039 5.3416420673510316 0.0 0.0 0.0 1.0
1261230262.0000 -801.8944761828106493 214.2340298023393643 4.9570620980168343 0.0 0.0 0.0 1.0
1261230263.0000 -812.6146126868421788 209.4252220643384419 4.6713314165691031 0.0 0.0 0.0 1.0
1261230264.0000 -822.4414139176946037 204.9862533646890768 4.3844928484697192 0.0 0.0 0.0 1.0
1261230265.0000 -831.3748773382960735 200.9171205831214309 4.0965513012591401 0.0 0.0 0.0 1.0
1261230266.0000 -839.2661416864804096 197.2184557744249958 4.0075298048654133 0.0 0.0 0.0 1.0
1261230267.0000 -845.9662620493375016 194.0742223850302253 3.8168537508004050 0.0 0.0 0.0 1.0
1261230268.0000 -851.9219399075116144 191.6710404383277648 4.0238649498009664 0.0 0.0 0.0 1.0
1261230269.0000 -857.4308374942055480 190.0063408750315261 3.8285304807391043 0.0 0.0 0.0 1.0
1261230270.0000 -862.9396198598551564 189.6366568234815304 3.7289879056003628 0.0 0.0 0.0 1.0
1261230271.0000 -868.5972128254168183 190.0068126593275792 3.6270188106230989 0.0 0.0 0.0 1.0
1261230272.0000 -874.5526084242728757 190.1923717756314431 3.6256036484459599 0.0 0.0 0.0 1.0
1261230273.0000 -880.6569671683514571 189.0819646393971709 3.2283669741229204 0.0 0.0 0.0 1.0
1261230274.0000 -886.7614853014026721 186.3066397188964913 2.7365273570667057 0.0 0.0 0.0 1.0
1261230275.0000 -892.2707186743177772 181.4977230292709862 2.5513642026580925 0.0 0.0 0.0 1.0
1261230276.0000 -897.3334122035680593 175.7643115150721940 2.4692548924794266 0.0 0.0 0.0 1.0
1261230277.0000 -902.9916321635935219 169.8450375910260561 2.0876533647950168 0.0 0.0 0.0 1.0
1261230278.0000 -910.1386525137768331 164.6660709224845220 1.8034297520464548 0.0 0.0 0.0 1.0
1261230279.0000 -918.3277879737726153 160.2267188701348459 1.4166463078859408 0.0 0.0 0.0 1.0
1261230280.0000 -926.9635284901717114 156.3422890695647141 1.0279861127514636 0.0 0.0 0.0 1.0
1261230281.0000 -935.7481965755724787 152.2732534333755154 0.7398887170929385 0.0 0.0 0.0 1.0
1261230282.0000 -945.1284422789785822 147.8340582461261761 0.3528870962620090 0.0 0.0 0.0 1.0
1261230283.0000 -955.1041903173578476 143.5792474793655629 -0.2348186619014569 0.0 0.0 0.0 1.0
1261230284.0000 -965.3777546429740823 139.1398511632300767 -0.7219896404722590 0.0 0.0 0.0 1.0
1261230285.0000 -975.9491215143913223 134.5155464728377979 -1.2086271428400224 0.0 0.0 0.0 1.0
1261230286.0000 -986.5205194641575872 129.7063003765424298 -1.6946869352219096 0.0 0.0 0.0 1.0
1261230287.0000 -997.5386394921313240 124.7128118900058098 -1.9802404124149362 0.0 0.0 0.0 1.0
1261230288.0000 -1008.8545502213482905 119.5340943309595900 -2.3652651731802550 0.0 0.0 0.0 1.0
1261230289.0000 -1020.4682462668642984 114.3554276874802440 -2.7503619467798117 0.0 0.0 0.0 1.0
1261230290.0000 -1031.9331167790899144 109.1777295331783648 -2.8354615654525546 0.0 0.0 0.0 1.0
1261230291.0000 -1042.9513243698258975 103.9996694084243529 -3.0205123723010345 0.0 0.0 0.0 1.0
1261230292.0000 -1053.5228387212259804 99.1914792124201767 -3.2067080145378810 0.0 0.0 0.0 1.0
1261230293.0000 -1063.4987605769299535 94.5675375391046060 -3.5934219320130723 0.0 0.0 0.0 1.0
1261230294.0000 -1072.7302214250573797 90.4990264255358596 -3.7818228790661621 0.0 0.0 0.0 1.0
1261230295.0000 -1081.2171854842242738 86.9852970659256926 -3.9719055080320018 0.0 0.0 0.0 1.0
1261230296.0000 -1089.1085584263514647 84.3975679629444642 -3.7648880471664299 0.0 0.0 0.0 1.0
1261230297.0000 -1096.2554171855063032 82.7351722507203675 -3.3607404834195620 0.0 0.0 0.0 1.0
1261230298.0000 -1102.9554300795971358 81.9962088613113593 -3.3595079959214473 0.0 0.0 0.0 1.0
1261230299.0000 -1109.8042352889945050 81.9970902835018762 -3.3606974373030170 0.0 0.0 0.0 1.0
1261230300.0000 -1116.9508079914246537 82.1832938445667338 -3.2625441953419596 0.0 0.0 0.0 1.0
1261230301.0000 -1124.3951547425056106 82.3695422951197997 -3.1644515259062587 0.0 0.0 0.0 1.0
1261230302.0000 -1131.5418073516809727 81.8156146916748241 -3.1639252153696376 0.0 0.0 0.0 1.0
1261230303.0000 -1138.5396900345851918 80.5221757985807756 -3.0609921084655056 0.0 0.0 0.0 1.0
1261230304.0000 -1145.5376920022795275 78.4892449971009967 -2.8556789373640967 0.0 0.0 0.0 1.0
1261230305.0000 -1152.9822870583855092 76.4550883964733430 -3.0504528374893098 0.0 0.0 0.0 1.0
1261230306.0000 -1161.0223881921854172 75.1618075487425585 -2.9477342300339444 0.0 0.0 0.0 1.0
1261230307.0000 -1169.8067259008478231 75.3482762931857764 -2.8499387736055581 0.0 0.0 0.0 1.0
1261230308.0000 -1179.1864479531761845 76.4589655984552365 -2.9552498512916117 0.0 0.0 0.0 1.0
1261230309.0000 -1189.1616644980792898 77.9396576643710546 -3.0618802772110101 0.0 0.0 0.0 1.0
1261230310.0000 -1199.8813504507957077 79.4211108577986522 -2.9686678830186537 0.0 0.0 0.0 1.0
1261230311.0000 -1211.0477394610361443 80.7180081555716242 -2.7749620990609216 0.0 0.0 0.0 1.0
1261230312.0000 -1222.2140802374817667 82.1995522471404740 -2.6818728560492318 0.0 0.0 0.0 1.0
1261230313.0000 -1233.6781456378309940 83.8657858027063270 -2.6894579420671718 0.0 0.0 0.0 1.0
1261230314.0000 -1245.1422724751880651 85.3477254475656650 -2.4964678155030953 0.0 0.0 0.0 1.0
1261230315.0000 -1256.6063763827814910 86.8293574964824018 -2.4034981407838103 0.0 0.0 0.0 1.0
1261230316.0000 -1268.3682033798640987 88.4956809294627931 -2.4112056074819961 0.0 0.0 0.0 1.0
1261230317.0000 -1280.1300334105180809 89.9767423058593607 -2.5183372426960560 0.0 0.0 0.0 1.0
1261230318.0000 -1291.8918513142036772 91.6430979030247670 -2.5260889637464672 0.0 0.0 0.0 1.0
1261230319.0000 -1303.6536928059706497 93.1245144740942123 -2.5332652860365172 0.0 0.0 0.0 1.0
1261230320.0000 -1315.1177564831680229 94.6059015817072577 -2.5404021888808188 0.0 0.0 0.0 1.0
1261230321.0000 -1326.2840919284958545 95.9026260359157305 -2.4469009588628339 0.0 0.0 0.0 1.0
1261230322.0000 -1337.0037429122196500 97.1989724155599362 -2.4533252832080450 0.0 0.0 0.0 1.0
1261230323.0000 -1347.4255879213151275 98.6802406109506620 -2.4603026271598623 0.0 0.0 0.0 1.0
1261230324.0000 -1357.9963879729807559 99.9772362092078311 -2.2667324002825708 0.0 0.0 0.0 1.0
1261230325.0000 -1368.7160589576430993 101.0886670481749547 -2.2726131334032260 0.0 0.0 0.0 1.0
1261230326.0000 -1378.9890155287914695 102.3846715013348785 -2.3790126855757023 0.0 0.0 0.0 1.0
1261230327.0000 -1388.9642469996435921 103.4960081925241155 -2.3847668106490119 0.0 0.0 0.0 1.0
1261230328.0000 -1398.9394456495058421 104.7923115888623897 -2.3911346325430003 0.0 0.0 0.0 1.0
1261230329.0000 -1408.6168983642660351 105.9036226351803833 -2.3968545670529977 0.0 0.0 0.0 1.0
1261230330.0000 -1417.9965974521655880 107.0152187533876571 -2.3025236341407052 0.0 0.0 0.0 1.0
1261230331.0000 -1427.2274779231959201 107.5716117126870301 -2.3063788966034338 0.0 0.0 0.0 1.0
1261230332.0000 -1436.3095132726684824 107.2015975514540855 -2.8072215383114170 0.0 0.0 0.0 1.0
1261230333.0000 -1445.2428939800074659 105.7224839554406088 -3.1044568453609784 0.0 0.0 0.0 1.0
1261230334.0000 -1453.8787061793029807 103.3192004050119124 -3.1986488272471689 0.0 0.0 0.0 1.0
1261230335.0000 -1462.2168442562935979 100.3610096552782238 -3.2909917743908821 0.0 0.0 0.0 1.0
1261230336.0000 -1470.2573500539874658 96.4776775472762012 -3.4802894719155617 0.0 0.0 0.0 1.0
1261230337.0000 -1478.1493062867914432 91.4865354101122819 -3.0659832005410976 0.0 0.0 0.0 1.0
1261230338.0000 -1485.7435749898920676 85.3840029698254455 -3.1480345273786341 0.0 0.0 0.0 1.0
1261230339.0000 -1493.1891696331076673 77.9864430901383372 -3.3258854710158019 0.0 0.0 0.0 1.0
1261230340.0000 -1500.3371083289941907 69.8486951487866747 -3.6012955484787454 0.0 0.0 0.0 1.0
1261230341.0000 -1507.4851959048860408 61.3420115756652180 -3.5755323792823859 0.0 0.0 0.0 1.0
1261230342.0000 -1514.6332829733939889 52.6497340560716296 -3.7491911995319889 0.0 0.0 0.0 1.0
1261230343.0000 -1521.7814260387601735 43.5872306695106531 -4.0216771839635719 0.0 0.0 0.0 1.0
1261230344.0000 -1528.9295835599577913 34.5247341649006287 -4.2941841096873272 0.0 0.0 0.0 1.0
1261230345.0000 -1535.9288583802865560 25.6474950000712525 -4.4672721804126496 0.0 0.0 0.0 1.0
1261230346.0000 -1542.7792499259321630 16.9555123708483428 -4.5409401294888676 0.0 0.0 0.0 1.0
1261230347.0000 -1549.3318207878821795 8.4481151693968037 -4.7151494633220565 0.0 0.0 0.0 1.0
1261230348.0000 -1555.8843706380268941 0.1256785965315070 -4.8899717608309361 0.0 0.0 0.0 1.0
1261230349.0000 -1561.9901657837729090 -7.6419684992691037 -5.0664859808002571 0.0 0.0 0.0 1.0
1261230350.0000 -1567.5003058383229018 -14.6695778876879945 -5.1452470950885143 0.0 0.0 0.0 1.0
1261230351.0000 -1572.4147881943883931 -20.9571510982586346 -5.1262511031227103 0.0 0.0 0.0 1.0
1261230352.0000 -1576.8824840932661573 -26.6902595577318245 -5.2089361827622422 0.0 0.0 0.0 1.0
1261230353.0000 -1581.3501328535558059 -31.8678582389124365 -5.0934123079751146 0.0 0.0 0.0 1.0
1261230354.0000 -1586.1154625280050823 -36.4905347594431646 -4.9797512152864911 0.0 0.0 0.0 1.0
1261230355.0000 -1591.0297115784160269 -41.1128602409080415 -4.7661347494497015 0.0 0.0 0.0 1.0
1261230356.0000 -1595.3483937324076578 -45.9208905287383402 -4.7517817296160629 0.0 0.0 0.0 1.0
1261230357.0000 -1598.7738328265415930 -51.4695464811159553 -4.9348365858282008 0.0 0.0 0.0 1.0
1261230358.0000 -1601.3058296987171616 -56.8343742895778945 -5.4182651459614419 0.0 0.0 0.0 1.0
1261230359.0000 -1601.7536842250044629 -63.3080365055970802 -5.4976188148351284 0.0 0.0 0.0 1.0
1261230360.0000 -1600.5636746119150757 -69.2268180419123382 -5.4783463784082045 0.0 0.0 0.0 1.0
1261230361.0000 -1597.5869674396233222 -74.7753807326251945 -5.2598177163490618 0.0 0.0 0.0 1.0
1261230362.0000 -1592.6744069759338345 -79.2155326219308051 -5.3443646422930229 0.0 0.0 0.0 1.0
1261230363.0000 -1586.2727489599749333 -81.8044845590510903 -4.8344749446632491 0.0 0.0 0.0 1.0
1261230364.0000 -1580.0195356283129513 -82.5451358374338895 -4.7305516764036071 0.0 0.0 0.0 1.0
1261230365.0000 -1573.4681918734436294 -81.2510116422938609 -4.5330784689403814 0.0 0.0 0.0 1.0
1261230366.0000 -1568.1074425576618978 -78.2949534549611883 -5.2412335065247504 0.0 0.0 0.0 1.0
1261230367.0000 -1563.7886711359440142 -73.6734673659595671 -5.7549852334579299 0.0 0.0 0.0 1.0
1261230368.0000 -1560.8096906992327604 -67.5714557944891538 -6.0738152377752783 0.0 0.0 0.0 1.0
1261230369.0000 -1559.0217540108774301 -60.9140422543894218 -6.2947235573768943 0.0 0.0 0.0 1.0
1261230370.0000 -1557.5314794343712492 -53.3311584016487856 -6.3186795396157649 0.0 0.0 0.0 1.0
1261230371.0000 -1555.4456413923383025 -45.5631061384577762 -6.2430935023379810 0.0 0.0 0.0 1.0
1261230372.0000 -1552.0197139818699270 -37.4257061514782521 -6.2683780127951643 0.0 0.0 0.0 1.0
1261230373.0000 -1547.1049372230540939 -29.4735277799794950 -6.2927190486045994 0.0 0.0 0.0 1.0
1261230374.0000 -1541.2968517983827041 -21.3359092075518539 -6.1174528819269582 0.0 0.0 0.0 1.0
1261230375.0000 -1534.8932224140521612 -13.1983924835225572 -5.9420589109499531 0.0 0.0 0.0 1.0
1261230376.0000 -1528.4896378243124673 -5.2458254106861695 -5.7660871077746751 0.0 0.0 0.0 1.0
1261230377.0000 -1521.9371763347485285 2.7067206374962787 -5.5900961195332064 0.0 0.0 0.0 1.0
1261230378.0000 -1515.3847266034636050 10.6592722434900882 -5.4141218204669022 0.0 0.0 0.0 1.0
1261230379.0000 -1508.6833768814472023 18.6114813714009202 -5.3381284284343327 0.0 0.0 0.0 1.0
1261230380.0000 -1501.8331424764278381 26.7489470834975691 -5.1627130672387835 0.0 0.0 0.0 1.0
1261230381.0000 -1495.2806729399733285 34.8861484584725190 -5.0873848548009057 0.0 0.0 0.0 1.0
1261230382.0000 -1488.7281923370892400 43.0230328590013187 -5.1120732762949963 0.0 0.0 0.0 1.0
1261230383.0000 -1482.0268686476761104 50.9749416194080851 -5.1361478920789985 0.0 0.0 0.0 1.0
1261230384.0000 -1475.1767249530239496 58.7421976213763628 -5.0596090013340707 0.0 0.0 0.0 1.0
1261230385.0000 -1467.4333735243194496 65.7691640382437583 -5.0804935623381340 0.0 0.0 0.0 1.0
1261230386.0000 -1458.6480364399285463 71.6865530806933720 -4.9975754753767490 0.0 0.0 0.0 1.0
1261230387.0000 -1448.5229862539040369 75.9388072057703596 -5.0089960279073367 0.0 0.0 0.0 1.0
1261230388.0000 -1437.5048047144184693 78.7103149384857375 -5.3154551157073584 0.0 0.0 0.0 1.0
1261230389.0000 -1425.8915253257116547 79.6341246659399644 -5.0158324722821988 0.0 0.0 0.0 1.0
1261230390.0000 -1414.1296184722511953 79.2638860252390032 -4.5120189920165146 0.0 0.0 0.0 1.0
1261230391.0000 -1402.0701518848491105 77.9698080024251681 -3.7051776778872423 0.0 0.0 0.0 1.0
1261230392.0000 -1390.1595740619322896 76.4904927245120234 -2.9977943535486560 0.0 0.0 0.0 1.0
1261230393.0000 -1377.9510722201750923 74.8236084414882043 -3.0897680210388216 0.0 0.0 0.0 1.0
1261230394.0000 -1365.8915948316330287 73.3443024414845013 -2.3823985965031227 0.0 0.0 0.0 1.0
1261230395.0000 -1354.1298003707227053 71.8637689575167542 -2.0751135402221976 0.0 0.0 0.0 1.0
1261230396.0000 -1342.3679927458176735 70.5685292883330391 -1.6684479554381753 0.0 0.0 0.0 1.0
1261230397.0000 -1330.4572639941131911 69.4582376565940649 -1.2623701089484314 0.0 0.0 0.0 1.0
1261230398.0000 -1318.2488207366645838 67.7927285563094557 -0.9544621204367303 0.0 0.0 0.0 1.0
1261230399.0000 -1306.0403355859655221 66.4974696340127878 -0.5477720216641089 0.0 0.0 0.0 1.0
1261230400.0000 -1293.6828795626240662 64.6447588897493262 -0.9392809820162356 0.0 0.0 0.0 1.0
1261230401.0000 -1281.6232749177886490 62.7934009394874764 -0.9308764414389650 0.0 0.0 0.0 1.0
1261230402.0000 -1269.7127040580496669 61.1299402355239820 -0.0231262550421114 0.0 0.0 0.0 1.0
1261230403.0000 -1257.8020735932632306 59.2802501689618353 0.4851998834653912 0.0 0.0 0.0 1.0
1261230404.0000 -1246.3380450379204376 57.8005514865212007 0.9922228150318375 0.0 0.0 0.0 1.0
1261230405.0000 -1235.1716459297183519 55.9477752472335723 0.5003652096682600 0.0 0.0 0.0 1.0
1261230406.0000 -1224.3029852642041533 54.4652890445861573 0.1072369140641953 0.0 0.0 0.0 1.0
1261230407.0000 -1213.8810349355160270 53.1691248052159153 0.1134061657141814 0.0 0.0 0.0 1.0
1261230408.0000 -1203.6079548025429631 52.2435492876330230 0.3183362244877799 0.0 0.0 0.0 1.0
1261230409.0000 -1193.3349091757602309 51.3186308314540298 0.7232485396922215 0.0 0.0 0.0 1.0
1261230410.0000 -1183.6573694001779131 50.0222840823068253 0.6292287366208527 0.0 0.0 0.0 1.0
1261230411.0000 -1174.5755409171802057 49.2850862657222635 1.8332886172051452 0.0 0.0 0.0 1.0
1261230412.0000 -1166.2382063263496548 47.4366553072323853 2.5407792513431957 0.0 0.0 0.0 1.0
1261230413.0000 -1158.4964841002670255 44.2916914813922915 2.6523263222483529 0.0 0.0 0.0 1.0
1261230414.0000 -1150.7548716077069457 39.4802037974567952 2.1692296731725129 0.0 0.0 0.0 1.0
1261230415.0000 -1143.3111801692766676 33.9299089986390783 1.9884483334181873 0.0 0.0 0.0 1.0
1261230416.0000 -1135.7186159636719367 28.1946461265958064 1.8082756602312653 0.0 0.0 0.0 1.0
1261230417.0000 -1128.2749924565705442 21.7189450992174855 1.4304453720145620 0.0 0.0 0.0 1.0
1261230418.0000 -1121.1293090713568290 14.3194797087235557 1.3555221891468507 0.0 0.0 0.0 1.0
1261230419.0000 -1115.1748900546365348 5.6254885276463886 1.2845391512021127 0.0 0.0 0.0 1.0
1261230420.0000 -1110.4117668753829093 -4.7332627658835111 1.1186842225140596 0.0 0.0 0.0 1.0
1261230421.0000 -1106.6909632411752682 -16.2022504186278518 0.7561952386700161 0.0 0.0 0.0 1.0
1261230422.0000 -1102.9701632164230887 -28.0417875731993611 0.1948724911328608 0.0 0.0 0.0 1.0
1261230423.0000 -1099.1004987642195374 -39.8806978040620521 -0.1664498195750710 0.0 0.0 0.0 1.0
1261230424.0000 -1095.2308069347300261 -51.7199254619824771 -0.6277960067187500 0.0 0.0 0.0 1.0
1261230425.0000 -1091.3610985093355339 -63.3738736404866643 -0.9897600980218648 0.0 0.0 0.0 1.0
1261230426.0000 -1087.3424942825308790 -74.6569657723141376 -1.0529093571054062 0.0 0.0 0.0 1.0
1261230427.0000 -1083.7705052038893427 -86.1262353926461373 -1.5155627482703125 0.0 0.0 0.0 1.0
1261230428.0000 -1080.1984942577416859 -97.2249512575290993 -1.7794238712963235 0.0 0.0 0.0 1.0
1261230429.0000 -1076.4775479179907052 -107.7681780403836029 -1.8450573292623389 0.0 0.0 0.0 1.0
1261230430.0000 -1072.9054199300319397 -117.9417937897154474 -2.0119178122033787 0.0 0.0 0.0 1.0
1261230431.0000 -1069.4821218293050151 -127.5602039779834342 -2.0805954469621213 0.0 0.0 0.0 1.0
1261230432.0000 -1066.3564787080920269 -136.6246686724905430 -2.4511103484338506 0.0 0.0 0.0 1.0
1261230433.0000 -1063.6774438158061002 -144.9486169070638368 -2.6240777452369173 0.0 0.0 0.0 1.0
1261230434.0000 -1061.8916527323626724 -152.3473589814689717 -2.7001584979523159 0.0 0.0 0.0 1.0
1261230435.0000 -1060.9992331559610648 -159.5600778348233462 -2.4769888076375395 0.0 0.0 0.0 1.0
1261230436.0000 -1061.4467950970968104 -166.5879955915395669 -2.3546400305945525 0.0 0.0 0.0 1.0
1261230437.0000 -1062.0432493074863487 -173.6158951039499527 -2.2323238729989328 0.0 0.0 0.0 1.0
1261230438.0000 -1062.6396585936167867 -180.2738846353543636 -2.1111947230732397 0.0 0.0 0.0 1.0
1261230439.0000 -1061.8959638443773201 -186.5627671586974543 -2.1910268985911330 0.0 0.0 0.0 1.0
1261230440.0000 -1059.6632515873995999 -191.9267391999427446 -2.1735642821649179 0.0 0.0 0.0 1.0
1261230441.0000 -1055.7925883765005892 -196.1811816313501993 -2.1593700439641879 0.0 0.0 0.0 1.0
1261230442.0000 -1050.7305748308433522 -198.5858989867504647 -2.0508753194622074 0.0 0.0 0.0 1.0
1261230443.0000 -1044.7749540124968917 -199.3270819916332641 -2.2475385986000020 0.0 0.0 0.0 1.0
1261230444.0000 -1038.6704090600946984 -197.6587672061401122 -0.8518491223230740 0.0 0.0 0.0 1.0
1261230445.0000 -1033.1609819729835635 -194.1452843644134418 -0.8621470362976709 0.0 0.0 0.0 1.0
1261230446.0000 -1028.0979622813933929 -188.2270097716789223 -0.7801855347416762 0.0 0.0 0.0 1.0
1261230447.0000 -1022.8858892265012628 -181.5705231003823314 -1.2005653061145836 0.0 0.0 0.0 1.0
1261230448.0000 -1016.6316795308244991 -174.9122441957869967 -1.0207929658141239 0.0 0.0 0.0 1.0
1261230449.0000 -1008.8885923399182047 -168.6243642881083247 -0.9396173829541112 0.0 0.0 0.0 1.0
1261230450.0000 -999.9544345573862074 -162.8918001375777180 -0.9564995149775086 0.0 0.0 0.0 1.0
1261230451.0000 -990.2759800162583588 -157.8978563096092103 -0.5709245903802582 0.0 0.0 0.0 1.0
1261230452.0000 -980.2997129022377294 -153.0901668377642864 -0.5847300311395429 0.0 0.0 0.0 1.0
1261230453.0000 -970.6212450093171356 -148.4677065367733633 -0.6980090575043221 0.0 0.0 0.0 1.0
1261230454.0000 -960.7939118757631149 -143.8449327531989752 -0.7112842033774172 0.0 0.0 0.0 1.0
1261230455.0000 -951.5621681062110611 -139.2217623907920085 -0.6246673118459682 0.0 0.0 0.0 1.0
1261230456.0000 -943.0748996683619225 -134.9690495231197929 -0.7369944570561131 0.0 0.0 0.0 1.0
1261230457.0000 -935.4810656536516262 -131.4560516522384432 -0.8471027574311307 0.0 0.0 0.0 1.0
1261230458.0000 -928.3339595276938780 -128.1273148538755038 -0.7566970316590655 0.0 0.0 0.0 1.0
1261230459.0000 -921.1868642133550793 -124.9838467588040913 -0.7657093464044635 0.0 0.0 0.0 1.0
1261230460.0000 -913.5930286397983764 -121.2858745676599597 -0.8764405679153029 0.0 0.0 0.0 1.0
1261230461.0000 -905.2547024523803429 -117.0327891049039124 -0.8888519664227275 0.0 0.0 0.0 1.0
1261230462.0000 -895.8741316884069192 -112.5948490982169687 -0.9017220399830705 0.0 0.0 0.0 1.0
1261230463.0000 -885.6001951248106252 -107.9723557157795568 -1.0150759623691457 0.0 0.0 0.0 1.0
1261230464.0000 -875.0284619087353803 -103.3505204708181680 -1.3284078820382916 0.0 0.0 0.0 1.0
1261230465.0000 -864.6056771026283059 -98.9129726412382126 -1.4411899704624886 0.0 0.0 0.0 1.0
1261230466.0000 -854.3317483800195760 -94.2910826681574861 -1.7546032447065798 0.0 0.0 0.0 1.0
1261230467.0000 -844.3556880186379203 -90.0381011576856167 -1.7668929926460777 0.0 0.0 0.0 1.0
1261230468.0000 -834.8262733520869006 -85.9713008292008567 -2.1786653262624185 0.0 0.0 0.0 1.0
1261230469.0000 -825.2969433714835077 -82.2734396084210999 -2.2892711493917943 0.0 0.0 0.0 1.0
1261230470.0000 -816.0654320802702841 -78.7601743654220172 -2.2993394758674057 0.0 0.0 0.0 1.0
1261230471.0000 -807.5783696104745104 -75.4324252304653697 -2.5089237698592868 0.0 0.0 0.0 1.0
1261230472.0000 -799.9846968796796318 -72.8450460392506329 -2.9162612634676677 0.0 0.0 0.0 1.0
1261230473.0000 -792.9867285810639714 -71.3663743706893570 -3.0201278129144811 0.0 0.0 0.0 1.0
1261230474.0000 -785.9888554679322397 -70.6268762680340956 -2.9216322272660804 0.0 0.0 0.0 1.0
1261230475.0000 -778.8421533810732171 -70.8128022601529352 -3.0201611996107758 0.0 0.0 0.0 1.0
1261230476.0000 -771.5465614825585590 -70.9987356690538149 -3.1186801617624766 0.0 0.0 0.0 1.0
1261230477.0000 -764.2509182873830014 -70.0736505136692784 -2.8207662702064660 0.0 0.0 0.0 1.0
1261230478.0000 -757.6995133379912204 -67.3002249805518602 -2.9288758914506161 0.0 0.0 0.0 1.0
1261230479.0000 -752.0412673110967035 -62.3069350748357209 -2.9442153452063415 0.0 0.0 0.0 1.0
1261230480.0000 -746.8296156750591308 -56.3888273054795377 -2.9625820401610561 0.0 0.0 0.0 1.0
1261230481.0000 -741.3201532628305586 -50.2864286048909079 -3.1815161970872623 0.0 0.0 0.0 1.0
1261230482.0000 -734.4707275028292770 -44.5540514165710562 -3.3991192413615110 0.0 0.0 0.0 1.0
1261230483.0000 -726.2813532844205611 -39.7475206289461767 -3.9136118634208046 0.0 0.0 0.0 1.0
1261230484.0000 -717.1987085826069688 -35.3103252841793136 -4.2268314033540584 0.0 0.0 0.0 1.0
1261230485.0000 -707.5205250345827608 -30.6875724883514174 -4.3405958001336948 0.0 0.0 0.0 1.0
1261230486.0000 -697.2467856610566059 -26.0651784473578410 -4.5543125364992445 0.0 0.0 0.0 1.0
1261230487.0000 -686.6752655327134107 -21.2578411676193433 -4.7686113199878051 0.0 0.0 0.0 1.0
1261230488.0000 -675.6570771311738781 -16.2655712661399328 -4.9834782621788172 0.0 0.0 0.0 1.0
1261230489.0000 -664.6389270409683832 -11.4579211095036317 -5.0977741858148438 0.0 0.0 0.0 1.0
1261230490.0000 -653.4718869901947755 -6.4653132658298169 -5.2126721802919489 0.0 0.0 0.0 1.0
1261230491.0000 -642.1560096525184917 -1.8422906086970832 -5.2263895897256951 0.0 0.0 0.0 1.0
1261230492.0000 -630.8401619196619095 2.4105152845014741 -5.3389401052690690 0.0 0.0 0.0 1.0
1261230493.0000 -619.5243525580756341 6.2934259375541206 -5.4503235037357554 0.0 0.0 0.0 1.0
1261230494.0000 -608.2085610520533692 9.8057978258007807 -5.7605380688143883 0.0 0.0 0.0 1.0
1261230495.0000 -596.7439361794954493 12.9489076019582328 -5.8695713114057151 0.0 0.0 0.0 1.0
1261230496.0000 -584.8326647936779636 16.0923240479627125 -5.8785862390129227 0.0 0.0 0.0 1.0
1261230497.0000 -572.9213999990905677 18.8648812743838334 -6.1864326412394828 0.0 0.0 0.0 1.0
1261230498.0000 -560.8612769016108359 21.4528120029356799 -6.3936944625021690 0.0 0.0 0.0 1.0
1261230499.0000 -548.5034406560968137 23.8573954568687441 -6.1003615766065185 0.0 0.0 0.0 1.0
1261230500.0000 -535.8478489988208366 25.8917463097713352 -5.9058367947306021 0.0 0.0 0.0 1.0
1261230501.0000 -523.4900642010247793 27.3709469850376621 -5.8095748051772951 0.0 0.0 0.0 1.0
1261230502.0000 -511.1323103382486011 28.6658545953933910 -5.5127424892058148 0.0 0.0 0.0 1.0
1261230503.0000 -499.0723408421645786 29.5902431700169366 -5.4147652721031854 0.0 0.0 0.0 1.0
1261230504.0000 -487.4590354840344162 30.1437977025875945 -5.6156521720982582 0.0 0.0 0.0 1.0
1261230505.0000 -476.2924418509715565 30.1431717830859434 -5.6148075206193155 0.0 0.0 0.0 1.0
1261230506.0000 -465.2747579889052645 30.1435346903157360 -5.3139948724975365 0.0 0.0 0.0 1.0
1261230507.0000 -454.4060020036415608 29.7749757764984402 -4.7120220225235503 0.0 0.0 0.0 1.0
1261230508.0000 -443.5372195593226365 29.5907414286187951 -4.3106624008756000 0.0 0.0 0.0 1.0
1261230509.0000 -432.6684446308563565 29.2215657393970325 -3.9087256318941250 0.0 0.0 0.0 1.0
1261230510.0000 -422.2463486845547322 29.0386690269046284 -3.1074347775476525 0.0 0.0 0.0 1.0
1261230511.0000 -411.6753214308229758 28.4829689988293673 -3.2049553302122096 0.0 0.0 0.0 1.0
1261230512.0000 -401.1043119792427660 27.9282481467446075 -3.0024950280012828 0.0 0.0 0.0 1.0
1261230513.0000 -390.3843918026270217 27.5578444940776244 -3.0006377966665632 0.0 0.0 0.0 1.0
1261230514.0000 -379.0688917605055508 27.9275703278857890 -2.9011462622171713 0.0 0.0 0.0 1.0
1261230515.0000 -367.4556393312594196 28.2985865704190331 -2.4016597404716791 0.0 0.0 0.0 1.0
1261230516.0000 -355.8423709233879890 27.5563453242071859 -2.9986147313284199 0.0 0.0 0.0 1.0
1261230517.0000 -344.2291653269217591 27.0032614800151194 -2.2961933500779104 0.0 0.0 0.0 1.0
1261230518.0000 -331.8714789328823827 26.4479102204299181 -2.2937507313673322 0.0 0.0 0.0 1.0
1261230519.0000 -318.9182667369296951 26.0797638878841198 -1.5919015210601319 0.0 0.0 0.0 1.0
1261230520.0000 -305.5183737370894619 25.5253778961671003 -1.2894595692276098 0.0 0.0 0.0 1.0
1261230521.0000 -291.9695776462319259 24.7847645215981238 -1.3864413835761216 0.0 0.0 0.0 1.0
1261230522.0000 -278.1230000923382590 24.4147171400292535 -1.2846312273245211 0.0 0.0 0.0 1.0
1261230523.0000 -264.2764447422283638 23.6757477313889204 -0.8816616666169708 0.0 0.0 0.0 1.0
1261230524.0000 -250.4298705179082560 23.3063888695454473 -0.5799128036868115 0.0 0.0 0.0 1.0
1261230525.0000 -236.1366574778798793 23.1248929577240077 0.6212223340211906 0.0 0.0 0.0 1.0
1261230526.0000 -222.4389695640384446 22.5706279586622998 0.9235003098998931 0.0 0.0 0.0 1.0
1261230527.0000 -208.8901504458685281 22.0147785478608213 0.7257464964114479 0.0 0.0 0.0 1.0
1261230528.0000 -195.6391080000550460 21.2736801597585057 0.4285506665998007 0.0 0.0 0.0 1.0
1261230529.0000 -182.5369498648679496 20.5322834913222323 0.0313234415249006 0.0 0.0 0.0 1.0
1261230530.0000 -169.5836773045954828 20.1614640047981553 -0.1671266663198931 0.0 0.0 0.0 1.0
1261230531.0000 -157.3748569067132053 19.9775643846707318 0.2337799867865957 0.0 0.0 0.0 1.0
1261230532.0000 -145.7615777335848861 19.4215283414334579 -0.0641559032141252 0.0 0.0 0.0 1.0
1261230533.0000 -134.8927342841384700 19.0501529333410886 -0.4627236102375818 0.0 0.0 0.0 1.0
1261230534.0000 -124.7683394533355141 18.8653667860764216 -0.3619223996658629 0.0 0.0 0.0 1.0
1261230535.0000 -116.1328287643830777 18.4956573770059691 -0.2605688671387849 0.0 0.0 0.0 1.0
1261230536.0000 -108.6884192512696217 17.7544518073143109 -0.6580539482965904 0.0 0.0 0.0 1.0
1261230537.0000 -103.1795956251763755 16.4648478290508251 0.9461967643379401 0.0 0.0 0.0 1.0
1261230538.0000 -97.5218712630024527 13.3195779505117997 0.6564071658195516 0.0 0.0 0.0 1.0
1261230539.0000 -91.8641463535797271 9.6188030333054044 0.1683974202017016 0.0 0.0 0.0 1.0
1261230540.0000 -85.6108567160455465 6.4725702440240767 -0.4213960312710463 0.0 0.0 0.0 1.0
1261230541.0000 -79.3575579950943677 5.5496646752171683 0.1816569277961491 0.0 0.0 0.0 1.0
1261230542.0000 -70.8709194269839884 4.9947250051397196 0.1835419866087409 0.0 0.0 0.0 1.0
1261230543.0000 -61.3420557155478789 4.8090531801268970 -0.0157631123509625 0.0 0.0 0.0 1.0
1261230544.0000 -50.9198599972242789 4.4374663782282155 -0.5144787369010704 0.0 0.0 0.0 1.0
1261230545.0000 -40.7954465840529465 4.4390207914897424 -0.0144084454261768 0.0 0.0 0.0 1.0
1261230546.0000 -30.2243647228756771 3.8834682753864915 -0.2125635891300741 0.0 0.0 0.0 1.0
1261230547.0000 -19.8021708466625306 3.5135276295200981 -0.2113327634572648 0.0 0.0 0.0 1.0
1261230548.0000 -10.4221947155582058 2.9563940343842070 -0.9095220743236798 0.0 0.0 0.0 1.0
1261230549.0000 -1.3399965342984934 2.7720759960232124 -0.7089197969131835 0.0 0.0 0.0 1.0
1261230550.0000 7.7422027296255926 2.5880891960300305 -0.4083309891868858 0.0 0.0 0.0 1.0
1261230551.0000 15.9310715948886337 2.4034669673904405 -0.3077518041142588 0.0 0.0 0.0 1.0
1261230552.0000 22.1843909386454854 2.2194906189604611 -0.0071771511614283 0.0 0.0 0.0 1.0
1261230553.0000 26.6510485016676100 2.2207899008487999 0.3928036597274083 0.0 0.0 0.0 1.0
1261230554.0000 28.7354926573642935 2.5948884841723157 1.6915980440494682 0.0 0.0 0.0 1.0
1261230555.0000 29.6288246754900619 2.4099363002038361 1.6921888696351746 0.0 0.0 0.0 1.0
1261230556.0000 31.5643726451512556 1.8515394669362526 0.5939699840213681 0.0 0.0 0.0 1.0
1261230557.0000 34.0954702671658296 1.1052957685869471 -1.4036531633177121 0.0 0.0 0.0 1.0
1261230558.0000 36.4776776873669277 0.3587310287019472 -3.5012760325570440 0.0 0.0 0.0 1.0
1261230559.0000 39.6043335295080752 0.1721817155117600 -4.0006972645911176 0.0 0.0 0.0 1.0
1261230560.0000 43.3265450696334113 0.3574763387179709 -3.9013168618808844 0.0 0.0 0.0 1.0
1261230561.0000 48.6865359426080175 -0.0107970128232853 -3.4001684561189460 0.0 0.0 0.0 1.0
1261230562.0000 55.6842967966653646 -0.5662629457655988 -3.5984402359452941 0.0 0.0 0.0 1.0
1261230563.0000 66.1065113013779921 -0.1892035536063279 -1.3997409049656906 0.0 0.0 0.0 1.0
1261230564.0000 77.5709450540198446 -0.3702035801741914 -0.1992815535972697 0.0 0.0 0.0 1.0
1261230565.0000 89.0353813512902832 -0.7371083893349910 0.7017535381019058 0.0 0.0 0.0 1.0
1261230566.0000 101.2442719394801145 -1.2879797110290787 1.9033494488526241 0.0 0.0 0.0 1.0
1261230567.0000 112.8576012111874860 -2.2119680448562935 2.1061272346993474 0.0 0.0 0.0 1.0
1261230568.0000 124.0242635339330519 -2.5804383591071880 2.5071071084562200 0.0 0.0 0.0 1.0
1261230569.0000 133.8509258410994107 -2.9495583184608201 2.7080967169054087 0.0 0.0 0.0 1.0
1261230570.0000 142.4864644427754286 -3.3209378238748242 2.2091015173356729 0.0 0.0 0.0 1.0
1261230571.0000 149.6331353506231210 -3.8750389851195459 2.4107208509282940 0.0 0.0 0.0 1.0
1261230572.0000 156.0353317493675149 -4.8042028796358576 1.0135480885426700 0.0 0.0 0.0 1.0
1261230573.0000 161.3952944361536481 -5.9202655077965387 -0.9830069773447789 0.0 0.0 0.0 1.0
