1261230732.0000 0.0 0.0 0.0 0.0 0.0 0.0 1.0
1261230733.0000 0.16838394178193994 0.0 0.20000000000000284 0.0 0.0 0.0 1.0
1261230734.0000 0.33352973085129634 0.006476311469668872 0.7999999999999972 0.0 0.0 0.0 1.0
1261230735.0000 0.49543736716441344 0.022667090150207514 1.1000000000000014 0.0 0.0 0.0 1.0
1261230736.0000 0.6541068507794989 0.045334180311328964 1.5 0.0 0.0 0.0 1.0
1261230737.0000 0.8063000289257616 0.06152495900641952 1.7000000000000028 0.0 0.0 0.0 1.0
1261230738.0000 0.9552550543448888 0.07447758194757625 2.1000000000000014 0.0 0.0 0.0 1.0
1261230739.0000 1.1074482325202553 0.09714467210687872 2.700000000000003 0.0 0.0 0.0 1.0
1261230740.0000 1.259641410666518 0.12304991799646814 3.5 0.0 0.0 0.0 1.0
1261230741.0000 1.3988819779042387 0.15543147537027835 4.299999999999997 0.0 0.0 0.0 1.0
1261230742.0000 1.5510751560650533 0.2007656556834263 5.299999999999997 0.0 0.0 0.0 1.0
1261230743.0000 1.6870775705901906 0.24933799173413718 6.100000000000001 0.0 0.0 0.0 1.0
1261230744.0000 1.8133655269193696 0.30438663926906884 6.299999999999997 0.0 0.0 0.0 1.0
1261230745.0000 1.9396534832485486 0.3626734425288305 6.0 0.0 0.0 0.0 1.0
1261230746.0000 2.0465125232440187 0.41448393430800934 5.600000000000001 0.0 0.0 0.0 1.0
1261230747.0000 2.140418952301843 0.45657995888905134 6.600000000000001 0.0 0.0 0.0 1.0
1261230748.0000 2.2084201595571358 0.4857233605180227 7.700000000000003 0.0 0.0 0.0 1.0
1261230749.0000 2.279659519539564 0.514866762146994 8.299999999999997 0.0 0.0 0.0 1.0
1261230750.0000 2.3541370322636794 0.5537246309868351 9.0 0.0 0.0 0.0 1.0
1261230751.0000 2.4253763922461076 0.602296967033908 8.899999999999999 0.0 0.0 0.0 1.0
1261230752.0000 2.506330210424494 0.6508693030809809 9.299999999999997 0.0 0.0 0.0 1.0
1261230753.0000 2.5872840286028804 0.692965327647471 10.600000000000001 0.0 0.0 0.0 1.0
1261230754.0000 2.6649996940395795 0.7415376636963629 11.5 0.0 0.0 0.0 1.0
1261230755.0000 2.739477206749143 0.7901099997434358 12.0 0.0 0.0 0.0 1.0
1261230756.0000 2.817192872185842 0.8386823357868707 12.5 0.0 0.0 0.0 1.0
1261230757.0000 2.8981466903496766 0.8969691390429944 12.700000000000003 0.0 0.0 0.0 1.0
1261230758.0000 2.9888149666803656 0.9520177865688311 12.799999999999997 0.0 0.0 0.0 1.0
1261230759.0000 3.0794832430401584 1.0264953684982174 13.0 0.0 0.0 0.0 1.0
1261230760.0000 3.166913366658264 1.0977347946991358 13.700000000000003 0.0 0.0 0.0 1.0
1261230761.0000 3.267296101170359 1.1884031553036039 13.700000000000003 0.0 0.0 0.0 1.0
1261230762.0000 3.3741551411658293 1.2823096716583677 14.100000000000001 0.0 0.0 0.0 1.0
1261230763.0000 3.4810141811321955 1.3794543437270477 14.299999999999997 0.0 0.0 0.0 1.0
1261230764.0000 3.5878732211276656 1.4830753272835864 13.399999999999999 0.0 0.0 0.0 1.0
1261230765.0000 3.6850178029126255 1.596410778038262 12.899999999999999 0.0 0.0 0.0 1.0
1261230766.0000 3.7918768428935437 1.7097462287965755 13.100000000000001 0.0 0.0 0.0 1.0
1261230767.0000 3.8954977301473264 1.823081679545794 13.0 0.0 0.0 0.0 1.0
1261230768.0000 4.0023567701427964 1.9396552860289376 12.600000000000001 0.0 0.0 0.0 1.0
1261230769.0000 4.102739504654892 2.062705203976293 11.899999999999999 0.0 0.0 0.0 1.0
1261230770.0000 4.20959854463581 2.1760406547145976 11.5 0.0 0.0 0.0 1.0
1261230771.0000 4.316457584616728 2.2861379497207963 11.399999999999999 0.0 0.0 0.0 1.0
1261230772.0000 4.433031082764501 2.386520777521582 12.0 0.0 0.0 0.0 1.0
1261230773.0000 4.549604580926825 2.4771891381005844 12.600000000000001 0.0 0.0 0.0 1.0
1261230774.0000 4.669416231816285 2.5613811872226506 13.100000000000001 0.0 0.0 0.0 1.0
1261230775.0000 4.792466035432881 2.642335080592602 13.200000000000003 0.0 0.0 0.0 1.0
1261230776.0000 4.91875399176206 2.7103363510304916 13.700000000000003 0.0 0.0 0.0 1.0
1261230777.0000 5.041803795393207 2.7686231542629685 14.100000000000001 0.0 0.0 0.0 1.0
1261230778.0000 5.1421865299053025 2.8107191788203636 15.0 0.0 0.0 0.0 1.0
1261230779.0000 5.223140348083689 2.839862580436602 15.5 0.0 0.0 0.0 1.0
1261230780.0000 5.287903402626398 2.8592915148474276 15.899999999999999 0.0 0.0 0.0 1.0
1261230781.0000 5.342951998958597 2.881958604984902 16.1 0.0 0.0 0.0 1.0
1261230782.0000 5.378571678942535 2.894911227927878 16.0 0.0 0.0 0.0 1.0
1261230783.0000 5.3818098316842224 2.894911227927878 15.799999999999997 0.0 0.0 0.0 1.0
1261230784.0000 5.391524289865629 2.89814938366726 15.799999999999997 0.0 0.0 0.0 1.0
1261230785.0000 5.41095320621389 2.9078638508708536 15.600000000000001 0.0 0.0 0.0 1.0
1261230786.0000 5.443334733470692 2.9272927852798603 15.5 0.0 0.0 0.0 1.0
1261230787.0000 5.491907024377724 2.9661506540996925 15.600000000000001 0.0 0.0 0.0 1.0
1261230788.0000 5.546955620739027 3.0276756130533613 15.799999999999997 0.0 0.0 0.0 1.0
1261230789.0000 5.608480522540049 3.1053913507039397 16.4 0.0 0.0 0.0 1.0
1261230790.0000 5.6635291189013515 3.202536022732602 16.0 0.0 0.0 0.0 1.0
1261230791.0000 5.725054020716925 3.286728071841935 15.600000000000001 0.0 0.0 0.0 1.0
1261230792.0000 5.796293380699353 3.35472934227073 15.399999999999999 0.0 0.0 0.0 1.0
1261230793.0000 5.870770893394365 3.406539834017167 15.299999999999997 0.0 0.0 0.0 1.0
1261230794.0000 5.967915475208429 3.4615884815138998 16.700000000000003 0.0 0.0 0.0 1.0
1261230795.0000 6.061821904266253 3.4842555716477364 16.5 0.0 0.0 0.0 1.0
1261230796.0000 6.165442791534588 3.4874937273871183 17.0 0.0 0.0 0.0 1.0
1261230797.0000 6.262587373319548 3.455112170035136 17.0 0.0 0.0 0.0 1.0
1261230798.0000 6.350017496937653 3.390349055347542 17.1 0.0 0.0 0.0 1.0
1261230799.0000 6.414780551480362 3.296442539047348 17.0 0.0 0.0 0.0 1.0
1261230800.0000 6.456876536918571 3.186345244062977 16.6 0.0 0.0 0.0 1.0
1261230801.0000 6.476305453281384 3.0730097933501384 16.5 0.0 0.0 0.0 1.0
1261230802.0000 6.476305453281384 2.9596743426227476 16.799999999999997 0.0 0.0 0.0 1.0
1261230803.0000 6.456876536918571 2.846338891904452 16.799999999999997 0.0 0.0 0.0 1.0
1261230804.0000 6.434209467843175 2.742717908386112 16.700000000000003 0.0 0.0 0.0 1.0
1261230805.0000 6.408304246026091 2.639096924856858 16.799999999999997 0.0 0.0 0.0 1.0
1261230806.0000 6.385637176936143 2.532237785608231 16.6 0.0 0.0 0.0 1.0
1261230807.0000 6.369446413300466 2.4221404906038515 16.5 0.0 0.0 0.0 1.0
1261230808.0000 6.36620826057333 2.308805039872823 16.200000000000003 0.0 0.0 0.0 1.0
1261230809.0000 6.375922718754737 2.1857551219200104 15.899999999999999 0.0 0.0 0.0 1.0
1261230810.0000 6.392113482404966 2.05946704823873 15.5 0.0 0.0 0.0 1.0
1261230811.0000 6.418018704207498 1.923464507342942 14.700000000000003 0.0 0.0 0.0 1.0
1261230812.0000 6.440685773282894 1.780985654975666 14.299999999999997 0.0 0.0 0.0 1.0
1261230813.0000 6.460114689645707 1.6255541796581383 14.0 0.0 0.0 0.0 1.0
1261230814.0000 6.479543606023071 1.4668845486103237 13.399999999999999 0.0 0.0 0.0 1.0
1261230815.0000 6.505448827825603 1.311453073280063 12.700000000000003 0.0 0.0 0.0 1.0
1261230816.0000 6.524877744188416 1.1624979094158334 12.100000000000001 0.0 0.0 0.0 1.0
1261230817.0000 6.547544813263812 1.0167809012891666 11.5 0.0 0.0 0.0 1.0
1261230818.0000 6.566973729626625 0.8743020488946058 11.100000000000001 0.0 0.0 0.0 1.0
1261230819.0000 6.583164493276854 0.735061352226694 10.600000000000001 0.0 0.0 0.0 1.0
1261230820.0000 6.602593409625115 0.605535122764195 10.200000000000003 0.0 0.0 0.0 1.0
1261230821.0000 6.61878417324624 0.4760088933089719 9.600000000000001 0.0 0.0 0.0 1.0
1261230822.0000 6.638213089638157 0.34000635236770904 9.0 0.0 0.0 0.0 1.0
1261230823.0000 6.657642005957314 0.2007656556834263 8.700000000000003 0.0 0.0 0.0 1.0
1261230824.0000 6.680309075061814 0.06152495900641952 8.5 0.0 0.0 0.0 1.0
1261230825.0000 6.696499838682939 -0.08095389342815906 8.100000000000001 0.0 0.0 0.0 1.0
1261230826.0000 6.715928755045752 -0.21695643438215484 7.700000000000003 0.0 0.0 0.0 1.0
1261230827.0000 6.732119518695981 -0.36267344255611533 8.5 0.0 0.0 0.0 1.0
1261230828.0000 6.751548435044242 -0.5083904507337138 8.899999999999999 0.0 0.0 0.0 1.0
1261230829.0000 6.767739198679919 -0.6605837703864381 9.200000000000003 0.0 0.0 0.0 1.0
1261230830.0000 6.783929962315597 -0.8127770900409814 9.799999999999997 0.0 0.0 0.0 1.0
1261230831.0000 6.803358878678409 -0.9617322539743327 10.399999999999999 0.0 0.0 0.0 1.0
1261230832.0000 6.819549642314087 -1.113925573641609 10.700000000000003 0.0 0.0 0.0 1.0
1261230833.0000 6.838978558676899 -1.2661188933125231 10.700000000000003 0.0 0.0 0.0 1.0
1261230834.0000 6.861645627752296 -1.4150740572586074 10.899999999999999 0.0 0.0 0.0 1.0
1261230835.0000 6.881074544115108 -1.5672673769386165 11.0 0.0 0.0 0.0 1.0
1261230836.0000 6.897265307750786 -1.7162225408937957 11.0 0.0 0.0 0.0 1.0
1261230837.0000 6.9166942241135985 -1.858701393368392 11.200000000000003 0.0 0.0 0.0 1.0
1261230838.0000 6.936123140476411 -1.9914657786375756 11.299999999999997 0.0 0.0 0.0 1.0
1261230839.0000 6.952313904097537 -2.1145156967049843 11.5 0.0 0.0 0.0 1.0
1261230840.0000 6.9652665149915265 -2.234327459018459 11.5 0.0 0.0 0.0 1.0
1261230841.0000 6.981457278641756 -2.3444247541319783 11.5 0.0 0.0 0.0 1.0
1261230842.0000 6.997648042262881 -2.4480457377630955 11.5 0.0 0.0 0.0 1.0
1261230843.0000 7.017076958640246 -2.5516667214105837 11.100000000000001 0.0 0.0 0.0 1.0
1261230844.0000 7.033267722261371 -2.658525860790178 11.100000000000001 0.0 0.0 0.0 1.0
1261230845.0000 7.052696638609632 -2.768623155903697 11.100000000000001 0.0 0.0 0.0 1.0
1261230846.0000 7.068887402259861 -2.87872045102813 10.600000000000001 0.0 0.0 0.0 1.0
1261230847.0000 7.085078165895538 -2.982341434673799 10.200000000000003 0.0 0.0 0.0 1.0
1261230848.0000 7.101268929516664 -3.066533483884996 9.899999999999999 0.0 0.0 0.0 1.0
1261230849.0000 7.114221540454309 -3.13777291014776 9.5 0.0 0.0 0.0 1.0
1261230850.0000 7.123935998606612 -3.196059713452996 8.799999999999997 0.0 0.0 0.0 1.0
1261230851.0000 7.133650456788018 -3.247870205281288 8.100000000000001 0.0 0.0 0.0 1.0
1261230852.0000 7.143364914969425 -3.309395164320449 7.799999999999997 0.0 0.0 0.0 1.0
1261230853.0000 7.153079373150831 -3.390349057804997 7.5 0.0 0.0 0.0 1.0
1261230854.0000 7.169270136786508 -3.490731885729474 7.100000000000001 0.0 0.0 0.0 1.0
1261230855.0000 7.185460900422186 -3.600829180859364 7.0 0.0 0.0 0.0 1.0
1261230856.0000 7.201651664057863 -3.7206409432237706 6.700000000000003 0.0 0.0 0.0 1.0
1261230857.0000 7.221080580406124 -3.840452705595453 6.299999999999997 0.0 0.0 0.0 1.0
1261230858.0000 7.237271344056353 -3.9635026236956037 5.799999999999997 0.0 0.0 0.0 1.0
1261230859.0000 7.256700260419166 -4.086552541804849 5.100000000000001 0.0 0.0 0.0 1.0
1261230860.0000 7.2761291767674265 -4.20960245992319 4.700000000000003 0.0 0.0 0.0 1.0
1261230861.0000 7.289081787675968 -4.342366845257857 4.299999999999997 0.0 0.0 0.0 1.0
1261230862.0000 7.308510704038781 -4.48160754206765 3.8999999999999986 0.0 0.0 0.0 1.0
1261230863.0000 7.327939620401594 -4.6273245503743965 4.0 0.0 0.0 0.0 1.0
1261230864.0000 7.344130384037271 -4.779517870170821 4.0 0.0 0.0 0.0 1.0
1261230865.0000 7.357082994931261 -4.934949345706627 4.100000000000001 0.0 0.0 0.0 1.0
1261230866.0000 7.370035605825251 -5.090380821246072 3.8999999999999986 0.0 0.0 0.0 1.0
1261230867.0000 7.376511911294074 -5.255526764001843 4.200000000000003 0.0 0.0 0.0 1.0
1261230868.0000 7.379750064006657 -5.417434551041879 4.399999999999999 0.0 0.0 0.0 1.0
1261230869.0000 7.386226369460928 -5.572866026597694 4.799999999999997 0.0 0.0 0.0 1.0
1261230870.0000 7.389464522188064 -5.715344879192344 5.5 0.0 0.0 0.0 1.0
1261230871.0000 7.3959408276568865 -5.848109264567029 5.899999999999999 0.0 0.0 0.0 1.0
1261230872.0000 7.39917898036947 -5.974397338468407 6.100000000000001 0.0 0.0 0.0 1.0
1261230873.0000 7.405655285838293 -6.094209100896478 6.200000000000003 0.0 0.0 0.0 1.0
1261230874.0000 7.405655285838293 -6.21402086332273 6.399999999999999 0.0 0.0 0.0 1.0
1261230875.0000 7.408893438565428 -6.324118158519923 6.5 0.0 0.0 0.0 1.0
1261230876.0000 7.405655285838293 -6.408310207800241 6.100000000000001 0.0 0.0 0.0 1.0
1261230877.0000 7.4024171330966055 -6.469835166881239 6.0 0.0 0.0 0.0 1.0
1261230878.0000 7.4024171330966055 -6.511931191525946 5.700000000000003 0.0 0.0 0.0 1.0
1261230879.0000 7.408893438565428 -6.550789060422176 5.299999999999997 0.0 0.0 0.0 1.0
1261230880.0000 7.42184604947397 -6.605837708022591 4.600000000000001 0.0 0.0 0.0 1.0
1261230881.0000 7.4445131185493665 -6.6803152900865825 3.799999999999997 0.0 0.0 0.0 1.0
1261230882.0000 7.48337095126044 -6.780698118069267 4.899999999999999 0.0 0.0 0.0 1.0
1261230883.0000 7.5222287839860655 -6.890795413290107 5.0 0.0 0.0 0.0 1.0
1261230884.0000 7.544895853076014 -7.000892708501851 4.899999999999999 0.0 0.0 0.0 1.0
1261230885.0000 7.561086616711691 -7.120704470955388 4.299999999999997 0.0 0.0 0.0 1.0
1261230886.0000 7.55461031125742 -7.246992544891327 3.8999999999999986 0.0 0.0 0.0 1.0
1261230887.0000 7.531943242167472 -7.370042463082427 3.299999999999997 0.0 0.0 0.0 1.0
1261230888.0000 7.499561714910669 -7.480139758316 3.0 0.0 0.0 0.0 1.0
1261230889.0000 7.447751271276502 -7.567569963355709 2.5 0.0 0.0 0.0 1.0
1261230890.0000 7.379750064006657 -7.655000168395418 2.3999999999999986 0.0 0.0 0.0 1.0
1261230891.0000 7.269652871313156 -7.677667258596557 2.200000000000003 0.0 0.0 0.0 1.0
1261230892.0000 7.136888609529706 -7.658238324131162 2.200000000000003 0.0 0.0 0.0 1.0
1261230893.0000 7.007362500444287 -7.616142299488274 3.0 0.0 0.0 0.0 1.0
1261230894.0000 6.900503460492473 -7.55461734038181 4.100000000000001 0.0 0.0 0.0 1.0
1261230895.0000 6.816311489572399 -7.473663446828141 4.600000000000001 0.0 0.0 0.0 1.0
1261230896.0000 6.751548435044242 -7.382995086056326 5.0 0.0 0.0 0.0 1.0
1261230897.0000 6.683547227788949 -7.311755659726259 5.399999999999999 0.0 0.0 0.0 1.0
1261230898.0000 6.602593409625115 -7.253468856370091 7.100000000000001 0.0 0.0 0.0 1.0
1261230899.0000 6.531354049642687 -7.204896520241164 8.0 0.0 0.0 0.0 1.0
1261230900.0000 6.447162078751717 -7.17575311856308 9.100000000000001 0.0 0.0 0.0 1.0
1261230901.0000 6.356493802391924 -7.156324184112236 10.399999999999999 0.0 0.0 0.0 1.0
1261230902.0000 6.259349220592412 -7.153086028378311 12.200000000000003 0.0 0.0 0.0 1.0
1261230903.0000 6.155728333353181 -7.169276807082497 13.100000000000001 0.0 0.0 0.0 1.0
1261230904.0000 6.052107446084847 -7.195182053013923 13.700000000000003 0.0 0.0 0.0 1.0
1261230905.0000 5.951724711572751 -7.21137283173266 14.700000000000003 0.0 0.0 0.0 1.0
1261230906.0000 5.844865671577281 -7.234039921917429 15.799999999999997 0.0 0.0 0.0 1.0
1261230907.0000 5.747721089792321 -7.259945167859769 15.200000000000003 0.0 0.0 0.0 1.0
1261230908.0000 5.647338355251122 -7.266421479342171 14.299999999999997 0.0 0.0 0.0 1.0
1261230909.0000 5.5437174680118915 -7.253468856370091 13.299999999999997 0.0 0.0 0.0 1.0
1261230910.0000 5.453049191652099 -7.221087298956263 13.100000000000001 0.0 0.0 0.0 1.0
1261230911.0000 5.368857220761129 -7.1789912743115565 13.899999999999999 0.0 0.0 0.0 1.0
1261230912.0000 5.307332318960107 -7.110990003729967 14.399999999999999 0.0 0.0 0.0 1.0
1261230913.0000 5.268474486249033 -7.026797954444191 15.399999999999999 0.0 0.0 0.0 1.0
1261230914.0000 5.2490455699007725 -6.926415126445136 16.0 0.0 0.0 0.0 1.0
1261230915.0000 5.252283722613356 -6.80336520826495 16.5 0.0 0.0 0.0 1.0
1261230916.0000 5.2619981807947624 -6.660886355626644 16.6 0.0 0.0 0.0 1.0
1261230917.0000 5.274950791688752 -6.511931191525946 16.6 0.0 0.0 0.0 1.0
1261230918.0000 5.287903402626398 -6.350023404445892 16.799999999999997 0.0 0.0 0.0 1.0
1261230919.0000 5.291141555338982 -6.184877461651922 17.700000000000003 0.0 0.0 0.0 1.0
1261230920.0000 5.294379708051565 -6.013255207362818 17.5 0.0 0.0 0.0 1.0
1261230921.0000 5.294379708051565 -5.838394797345245 17.700000000000003 0.0 0.0 0.0 1.0
1261230922.0000 5.307332318960107 -5.663534387333129 16.5 0.0 0.0 0.0 1.0
1261230923.0000 5.307332318960107 -5.491912133074948 16.1 0.0 0.0 0.0 1.0
1261230924.0000 5.307332318960107 -5.326766190299168 15.600000000000001 0.0 0.0 0.0 1.0
1261230925.0000 5.3040941662329715 -5.1648584032736835 15.100000000000001 0.0 0.0 0.0 1.0
1261230926.0000 5.300856013520388 -5.009426927730601 14.700000000000003 0.0 0.0 0.0 1.0
1261230927.0000 5.297617860778701 -4.86047176367174 14.399999999999999 0.0 0.0 0.0 1.0
1261230928.0000 5.291141555338982 -4.724469222579501 14.100000000000001 0.0 0.0 0.0 1.0
1261230929.0000 5.281427097157575 -4.601419304455703 13.100000000000001 0.0 0.0 0.0 1.0
1261230930.0000 5.274950791688752 -4.507512787999076 13.100000000000001 0.0 0.0 0.0 1.0
1261230931.0000 5.274950791688752 -4.433035205967826 13.899999999999999 0.0 0.0 0.0 1.0
1261230932.0000 5.2555218753550434 -4.342366845257857 13.399999999999999 0.0 0.0 0.0 1.0
1261230933.0000 5.22961665353796 -4.23874586157217 14.100000000000001 0.0 0.0 0.0 1.0
1261230934.0000 5.203711431706324 -4.1092196319859795 14.600000000000001 0.0 0.0 0.0 1.0
1261230935.0000 5.174568057176657 -3.953788156477458 15.600000000000001 0.0 0.0 0.0 1.0
1261230936.0000 5.161615446268115 -3.775689590795082 14.399999999999999 0.0 0.0 0.0 1.0
1261230937.0000 5.119519460829906 -3.594352869386057 12.600000000000001 0.0 0.0 0.0 1.0
1261230938.0000 5.103328697179677 -3.4065398365000874 13.0 0.0 0.0 0.0 1.0
1261230939.0000 5.087137933558552 -3.205774180669323 14.399999999999999 0.0 0.0 0.0 1.0
1261230940.0000 5.07418532265001 -3.0017703691046336 14.100000000000001 0.0 0.0 0.0 1.0
1261230941.0000 5.083899780816864 -2.8139573362550436 13.100000000000001 0.0 0.0 0.0 1.0
1261230942.0000 5.077423475377145 -2.6293824591375596 11.600000000000001 0.0 0.0 0.0 1.0
1261230943.0000 5.057994559028884 -2.4577602049812413 11.5 0.0 0.0 0.0 1.0
1261230944.0000 5.032089337211801 -2.279661639366168 11.799999999999997 0.0 0.0 0.0 1.0
1261230945.0000 5.035327489924384 -2.09508676227415 12.899999999999999 0.0 0.0 0.0 1.0
1261230946.0000 5.012660420834436 -1.9202263524039154 12.399999999999999 0.0 0.0 0.0 1.0
1261230947.0000 4.980278893577633 -1.7712711884414603 11.899999999999999 0.0 0.0 0.0 1.0
1261230948.0000 4.996469657198759 -1.622316024493557 11.5 0.0 0.0 0.0 1.0
1261230949.0000 4.95437367176055 -1.4992661064407002 11.399999999999999 0.0 0.0 0.0 1.0
1261230950.0000 4.915515839049476 -1.3988832785726117 10.700000000000003 0.0 0.0 0.0 1.0
1261230951.0000 4.90580138086807 -1.3017386064348102 10.0 0.0 0.0 0.0 1.0
1261230952.0000 4.892848769944976 -1.1819268441322492 8.600000000000001 0.0 0.0 0.0 1.0
1261230953.0000 4.90580138086807 -1.0426861474061297 7.299999999999997 0.0 0.0 0.0 1.0
1261230954.0000 4.909039533580653 -0.9261125408629596 7.5 0.0 0.0 0.0 1.0
1261230955.0000 4.857229089961038 -0.7836336884029151 8.700000000000003 0.0 0.0 0.0 1.0
1261230956.0000 4.837800173598225 -0.6217259015338641 7.399999999999999 0.0 0.0 0.0 1.0
1261230957.0000 4.808656799068558 -0.43391286876612867 4.600000000000001 0.0 0.0 0.0 1.0
1261230958.0000 4.779513424524339 -0.2234327458554617 5.299999999999997 0.0 0.0 0.0 1.0
1261230959.0000 4.795704188160016 -0.03238155737381021 5.5 0.0 0.0 0.0 1.0
1261230960.0000 4.78598972997861 0.1586696311005653 5.0 0.0 0.0 0.0 1.0
1261230961.0000 4.773037119070068 0.3659115982554795 4.399999999999999 0.0 0.0 0.0 1.0
1261230962.0000 4.75037004998012 0.5796298768746055 5.299999999999997 0.0 0.0 0.0 1.0
1261230963.0000 4.740655591813265 0.777157376804098 6.100000000000001 0.0 0.0 0.0 1.0
1261230964.0000 4.766560813615797 0.9520177865688311 5.399999999999999 0.0 0.0 0.0 1.0
1261230965.0000 4.78598972997861 1.1204018848438864 5.899999999999999 0.0 0.0 0.0 1.0
1261230966.0000 4.78598972997861 1.2952622945940675 5.0 0.0 0.0 0.0 1.0
1261230967.0000 4.831323868158506 1.4701227043369727 2.5 0.0 0.0 0.0 1.0
1261230968.0000 4.841038326339913 1.6287923353993392 0.10000000000000142 0.0 0.0 0.0 1.0
1261230969.0000 4.8539909372339025 1.7680330320399662 -0.7999999999999972 0.0 0.0 0.0 1.0
1261230970.0000 4.879896159036434 1.9040355729302973 -1.5 0.0 0.0 0.0 1.0
1261230971.0000 4.90580138086807 2.014132867943772 -4.200000000000003 0.0 0.0 0.0 1.0
1261230972.0000 4.909039533580653 2.114515695748196 -2.3999999999999986 0.0 0.0 0.0 1.0
1261230973.0000 4.831323868158506 2.166326187507366 2.8999999999999986 0.0 0.0 0.0 1.0
1261230974.0000 4.75037004998012 2.211660367811419 9.0 0.0 0.0 0.0 1.0
1261230975.0000 4.698559606360504 2.2667090153117897 14.600000000000001 0.0 0.0 0.0 1.0
1261230976.0000 4.6435110100137535 2.3249958185460855 16.200000000000003 0.0 0.0 0.0 1.0
1261230977.0000 4.624082093650941 2.3800444660428184 16.200000000000003 0.0 0.0 0.0 1.0
1261230978.0000 4.633796551832347 2.4707128266345535 16.299999999999997 0.0 0.0 0.0 1.0
1261230979.0000 4.675892537270556 2.5581430314850877 16.6 0.0 0.0 0.0 1.0
1261230980.0000 4.753608202707255 2.6229061461835954 16.4 0.0 0.0 0.0 1.0
1261230981.0000 4.850752784521319 2.694145572360867 16.5 0.0 0.0 0.0 1.0
1261230982.0000 4.960849977229373 2.7621468427969376 16.799999999999997 0.0 0.0 0.0 1.0
1261230983.0000 5.077423475377145 2.8204336460275954 17.299999999999997 0.0 0.0 0.0 1.0
1261230984.0000 5.187520668085199 2.8625296705722576 18.700000000000003 0.0 0.0 0.0 1.0
1261230985.0000 5.287903402626398 2.9046256951332907 19.1 0.0 0.0 0.0 1.0
1261230986.0000 5.3818098316842224 2.940245408213741 19.1 0.0 0.0 0.0 1.0
1261230987.0000 5.4595254971209215 2.9726269655657234 19.0 0.0 0.0 0.0 1.0
1261230988.0000 5.521050398921943 2.995294055712293 19.0 0.0 0.0 0.0 1.0
1261230989.0000 5.569622689828975 3.0211993015873304 18.4 0.0 0.0 0.0 1.0
1261230990.0000 5.621433133463142 3.0600571704071626 17.9 0.0 0.0 0.0 1.0
1261230991.0000 5.676481729809893 3.1183439736323635 18.0 0.0 0.0 0.0 1.0
1261230992.0000 5.721815867975238 3.196059711266571 17.9 0.0 0.0 0.0 1.0
1261230993.0000 5.763911853427999 3.286728071841935 17.4 0.0 0.0 0.0 1.0
1261230994.0000 5.822198602501885 3.3741582766797364 16.700000000000003 0.0 0.0 0.0 1.0
1261230995.0000 5.890199809757178 3.448635858569105 16.299999999999997 0.0 0.0 0.0 1.0
1261230996.0000 5.974391780648148 3.503684506054924 16.0 0.0 0.0 0.0 1.0
1261230997.0000 6.05858375155367 3.5328279076638864 15.399999999999999 0.0 0.0 0.0 1.0
1261230998.0000 6.133061264248681 3.5360660634032683 15.5 0.0 0.0 0.0 1.0
1261230999.0000 6.204300624260213 3.513398973258518 15.399999999999999 0.0 0.0 0.0 1.0
1261231000.0000 6.278778136955225 3.4680647929781117 15.299999999999997 0.0 0.0 0.0 1.0
1261231001.0000 6.337064886029111 3.390349055347542 14.299999999999997 0.0 0.0 0.0 1.0
1261231002.0000 6.398589787844685 3.302918850513379 14.299999999999997 0.0 0.0 0.0 1.0
1261231003.0000 6.443923926024581 3.183107088327233 13.799999999999997 0.0 0.0 0.0 1.0
1261231004.0000 6.489258064189926 3.0535808589411317 13.399999999999999 0.0 0.0 0.0 1.0
1261231005.0000 6.498972522371332 2.933769096745891 13.700000000000003 0.0 0.0 0.0 1.0
1261231006.0000 6.4730673005688 2.8042428673434188 13.5 0.0 0.0 0.0 1.0
1261231007.0000 6.443923926024581 2.6650021707428095 13.700000000000003 0.0 0.0 0.0 1.0
1261231008.0000 6.424495009661769 2.5289996298688493 13.0 0.0 0.0 0.0 1.0
1261231009.0000 6.411542398753227 2.3768063103143504 12.899999999999999 0.0 0.0 0.0 1.0
1261231010.0000 6.411542398753227 2.2213748350168316 12.600000000000001 0.0 0.0 0.0 1.0
1261231011.0000 6.434209467843175 2.0497525810314983 12.5 0.0 0.0 0.0 1.0
1261231012.0000 6.456876536918571 1.8781303270479839 12.600000000000001 0.0 0.0 0.0 1.0
1261231013.0000 6.479543606023071 1.7065080730590125 12.799999999999997 0.0 0.0 0.0 1.0
1261231014.0000 6.5151632860070094 1.547838442000284 14.600000000000001 0.0 0.0 0.0 1.0
1261231015.0000 6.537830355082406 1.3697398765289108 14.399999999999999 0.0 0.0 0.0 1.0
1261231016.0000 6.560497424157802 1.1981176225108356 14.399999999999999 0.0 0.0 0.0 1.0
1261231017.0000 6.579926340549719 1.0362098357054492 14.0 0.0 0.0 0.0 1.0
1261231018.0000 6.5993552568834275 0.8743020488946058 13.5 0.0 0.0 0.0 1.0
1261231019.0000 6.615546020519105 0.7156324178085924 12.899999999999999 0.0 0.0 0.0 1.0
1261231020.0000 6.6349749368819175 0.5537246309868351 12.399999999999999 0.0 0.0 0.0 1.0
1261231021.0000 6.651165700532147 0.3918168441468879 12.5 0.0 0.0 0.0 1.0
1261231022.0000 6.6705946168949595 0.22990905731421662 12.600000000000001 0.0 0.0 0.0 1.0
1261231023.0000 6.69002353324322 0.0680012704760884 12.799999999999997 0.0 0.0 0.0 1.0
1261231024.0000 6.706214296864346 -0.09066836064084782 12.600000000000001 0.0 0.0 0.0 1.0
1261231025.0000 6.722405060514575 -0.252576147488071 12.600000000000001 0.0 0.0 0.0 1.0
1261231026.0000 6.738595824150252 -0.4274365572982788 13.0 0.0 0.0 0.0 1.0
1261231027.0000 6.758024740498513 -0.6120114343266323 13.600000000000001 0.0 0.0 0.0 1.0
1261231028.0000 6.780691809588461 -0.8063007785713125 14.600000000000001 0.0 0.0 0.0 1.0
1261231029.0000 6.803358878678409 -1.0070664342965756 15.399999999999999 0.0 0.0 0.0 1.0
1261231030.0000 6.829264100495493 -1.2143084015151544 16.4 0.0 0.0 0.0 1.0
1261231031.0000 6.855169322298025 -1.4215503687300952 17.4 0.0 0.0 0.0 1.0
1261231032.0000 6.877836391387973 -1.622316024493557 17.4 0.0 0.0 0.0 1.0
1261231033.0000 6.903741613205057 -1.8133672130406921 17.4 0.0 0.0 0.0 1.0
1261231034.0000 6.92964683502214 -1.9914657786375756 16.4 0.0 0.0 0.0 1.0
1261231035.0000 6.955552056853776 -2.1760406557368697 17.1 0.0 0.0 0.0 1.0
1261231036.0000 6.978219125929172 -2.347662909876817 16.799999999999997 0.0 0.0 0.0 1.0
1261231037.0000 6.997648042262881 -2.509570696804076 16.5 0.0 0.0 0.0 1.0
1261231038.0000 7.013838805898558 -2.658525860790178 16.299999999999997 0.0 0.0 0.0 1.0
1261231039.0000 7.030029569534236 -2.7945284018078382 14.899999999999999 0.0 0.0 0.0 1.0
1261231040.0000 7.062411096791038 -2.8949112297195825 14.799999999999997 0.0 0.0 0.0 1.0
1261231041.0000 7.107745234970935 -2.9726269674538344 15.399999999999999 0.0 0.0 0.0 1.0
1261231042.0000 7.169270136786508 -3.021199303540925 15.399999999999999 0.0 0.0 0.0 1.0
1261231043.0000 7.21784242769354 -3.0406282379735785 16.5 0.0 0.0 0.0 1.0
1261231044.0000 7.272891024054843 -3.0438663937165984 18.4 0.0 0.0 0.0 1.0
1261231045.0000 7.344130384037271 -3.0082466805779404 20.799999999999997 0.0 0.0 0.0 1.0
1261231046.0000 7.499561714910669 -2.8981493854626024 22.0 0.0 0.0 0.0 1.0
1261231047.0000 7.632325976694119 -2.801004713295697 21.700000000000003 0.0 0.0 0.0 1.0
1261231048.0000 7.755375780310715 -2.729765287034752 23.200000000000003 0.0 0.0 0.0 1.0
1261231049.0000 7.875187431200175 -2.652049549304138 25.0 0.0 0.0 0.0 1.0
1261231050.0000 7.988522776635364 -2.571095655841418 28.0 0.0 0.0 0.0 1.0
1261231051.0000 8.095381816616282 -2.499856229587749 30.099999999999994 0.0 0.0 0.0 1.0
1261231052.0000 8.205479009309784 -2.431854959075281 29.599999999999994 0.0 0.0 0.0 1.0
1261231053.0000 8.279956522033899 -2.3735681557809585 30.0 0.0 0.0 0.0 1.0
1261231054.0000 8.338243271093233 -2.2990905737970024 29.900000000000006 0.0 0.0 0.0 1.0
1261231055.0000 8.377101103818859 -2.2148985245876247 30.700000000000003 0.0 0.0 0.0 1.0
1261231056.0000 8.393291867454536 -2.124230163919492 30.900000000000006 0.0 0.0 0.0 1.0
1261231057.0000 8.409482631104765 -2.0335618032404454 31.400000000000006 0.0 0.0 0.0 1.0
1261231058.0000 8.373862951091724 -1.8878447950173722 31.799999999999997 0.0 0.0 0.0 1.0
1261231059.0000 8.344719576562056 -1.7259370081101224 32.599999999999994 0.0 0.0 0.0 1.0
1261231060.0000 8.331766965653514 -1.5705055326816364 34.599999999999994 0.0 0.0 0.0 1.0
1261231061.0000 8.309099896549014 -1.428026680212497 34.5 0.0 0.0 0.0 1.0
1261231062.0000 8.289670980215305 -1.272595204794925 34.5 0.0 0.0 0.0 1.0
1261231063.0000 8.267003911110805 -1.1236400408524787 36.400000000000006 0.0 0.0 0.0 1.0
1261231064.0000 8.234622383854003 -0.9455414752792421 37.2 0.0 0.0 0.0 1.0
1261231065.0000 8.211955314764054 -0.8030626228301116 37.0 0.0 0.0 0.0 1.0
1261231066.0000 8.176335634780116 -0.6443929917022615 38.5 0.0 0.0 0.0 1.0
1261231067.0000 8.156906718402752 -0.5116286064621818 39.8 0.0 0.0 0.0 1.0
1261231068.0000 8.160144871144439 -0.3691497540257842 41.599999999999994 0.0 0.0 0.0 1.0
1261231069.0000 8.160144871144439 -0.21371827864277293 41.900000000000006 0.0 0.0 0.0 1.0
1261231070.0000 8.166621176584158 -0.06476311473670648 40.599999999999994 0.0 0.0 0.0 1.0
1261231071.0000 8.166621176584158 0.07447758194757625 40.599999999999994 0.0 0.0 0.0 1.0
1261231072.0000 8.14719226025045 0.19105118847255653 38.599999999999994 0.0 0.0 0.0 1.0
1261231073.0000 8.137477802054491 0.2720050818952586 37.400000000000006 0.0 0.0 0.0 1.0
1261231074.0000 8.169859329325845 0.3529589753197797 41.400000000000006 0.0 0.0 0.0 1.0
1261231075.0000 8.205479009309784 0.3982931556256517 41.3 0.0 0.0 0.0 1.0
1261231076.0000 8.257289452943951 0.430674712986729 40.3 0.0 0.0 0.0 1.0
1261231077.0000 8.331766965653514 0.44362733593879966 39.400000000000006 0.0 0.0 0.0 1.0
1261231078.0000 8.451578616542974 0.4857233605180227 37.7 0.0 0.0 0.0 1.0
1261231079.0000 8.603771794689237 0.5375338522953825 35.7 0.0 0.0 0.0 1.0
1261231080.0000 8.74301236194151 0.5796298768746055 33.5 0.0 0.0 0.0 1.0
1261231081.0000 8.895205540087773 0.6249640571822965 31.799999999999997 0.0 0.0 0.0 1.0
1261231082.0000 9.053875023688306 0.6735363932311884 31.799999999999997 0.0 0.0 0.0 1.0
1261231083.0000 9.20606820184912 0.7156324178085924 31.599999999999994 0.0 0.0 0.0 1.0
1261231084.0000 9.351785074555664 0.7577284423859965 31.099999999999994 0.0 0.0 0.0 1.0
1261231085.0000 9.494263794505969 0.8030626226900495 30.200000000000003 0.0 0.0 0.0 1.0
1261231086.0000 9.623789903591387 0.8548731144783233 29.900000000000006 0.0 0.0 0.0 1.0
1261231087.0000 9.75979231808742 0.9099217619877891 29.799999999999997 0.0 0.0 0.0 1.0
1261231088.0000 9.889318427158287 0.95525594229548 29.5 0.0 0.0 0.0 1.0
1261231089.0000 10.009130078062299 0.9973519668710651 29.0 0.0 0.0 0.0 1.0
1261231090.0000 10.115989118043217 1.0362098357054492 28.599999999999994 0.0 0.0 0.0 1.0
1261231091.0000 10.209895547115593 1.0588769258629327 28.900000000000006 0.0 0.0 0.0 1.0
1261231092.0000 10.284373059810605 1.0685913930701645 30.099999999999994 0.0 0.0 0.0 1.0
1261231093.0000 10.35885057253472 1.0750677045416523 29.700000000000003 0.0 0.0 0.0 1.0
1261231094.0000 10.47218591796991 1.0524006143841689 29.599999999999994 0.0 0.0 0.0 1.0
1261231095.0000 10.562854194300598 0.9973519668710651 30.900000000000006 0.0 0.0 0.0 1.0
1261231096.0000 10.61142648520763 0.9261125406683277 30.400000000000006 0.0 0.0 0.0 1.0
1261231097.0000 10.637331707024714 0.8289678685796389 29.5 0.0 0.0 0.0 1.0
1261231098.0000 10.65999877610011 0.7026797948565218 28.599999999999994 0.0 0.0 0.0 1.0
1261231099.0000 10.679427692462923 0.5342956965669146 30.299999999999997 0.0 0.0 0.0 1.0
1261231100.0000 10.692380303371465 0.3659115982554795 29.700000000000003 0.0 0.0 0.0 1.0
1261231101.0000 10.698856608825736 0.18781303274226957 28.700000000000003 0.0 0.0 0.0 1.0
1261231102.0000 10.702094761567423 0.00971446721268876 27.599999999999994 0.0 0.0 0.0 1.0
1261231103.0000 10.698856608825736 -0.15219331963453442 28.0 0.0 0.0 0.0 1.0
1261231104.0000 10.702094761567423 -0.32057741796961636 29.099999999999994 0.0 0.0 0.0 1.0
1261231105.0000 10.702094761567423 -0.459818114673908 29.5 0.0 0.0 0.0 1.0
1261231106.0000 10.68914215064433 -0.5699154097346764 29.599999999999994 0.0 0.0 0.0 1.0
1261231107.0000 10.679427692462923 -0.6476311474307295 28.799999999999997 0.0 0.0 0.0 1.0
1261231108.0000 10.67618953975034 -0.7318231966128224 28.299999999999997 0.0 0.0 0.0 1.0
1261231109.0000 10.679427692462923 -0.8354441802075598 28.0 0.0 0.0 0.0 1.0
1261231110.0000 10.679427692462923 -0.9746848769154894 26.799999999999997 0.0 0.0 0.0 1.0
1261231111.0000 10.695618456113152 -1.1398308195384743 27.0 0.0 0.0 0.0 1.0
1261231112.0000 10.705332914280007 -1.314691229379605 24.599999999999994 0.0 0.0 0.0 1.0
1261231113.0000 10.708571067007142 -1.512218729396409 22.900000000000006 0.0 0.0 0.0 1.0
1261231114.0000 10.721523677901132 -1.7194606966368156 21.700000000000003 0.0 0.0 0.0 1.0
1261231115.0000 10.740952594263945 -1.933178975359624 20.700000000000003 0.0 0.0 0.0 1.0
1261231116.0000 10.750667052474455 -2.1533735655648343 21.5 0.0 0.0 0.0 1.0
1261231117.0000 10.763619663368445 -2.383282622997285 22.599999999999994 0.0 0.0 0.0 1.0
1261231118.0000 10.770095968808164 -2.6034772132225044 24.099999999999994 0.0 0.0 0.0 1.0
1261231119.0000 10.786286732443841 -2.8171954919835116 23.400000000000006 0.0 0.0 0.0 1.0
1261231120.0000 10.802477496079518 -3.027675615014232 22.700000000000003 0.0 0.0 0.0 1.0
1261231121.0000 10.818668259715196 -3.241393893797067 22.700000000000003 0.0 0.0 0.0 1.0
1261231122.0000 10.828382717896602 -3.458350328333836 22.599999999999994 0.0 0.0 0.0 1.0
1261231123.0000 10.838097176063457 -3.672068607133042 22.200000000000003 0.0 0.0 0.0 1.0
1261231124.0000 10.854287939713686 -3.889025041688001 21.900000000000006 0.0 0.0 0.0 1.0
1261231125.0000 10.873716856061947 -4.102743320509035 22.0 0.0 0.0 0.0 1.0
1261231126.0000 10.889907619697624 -4.3196997550730885 21.5 0.0 0.0 0.0 1.0
1261231127.0000 10.906098383333301 -4.536656189657151 20.599999999999994 0.0 0.0 0.0 1.0
1261231128.0000 10.925527299696114 -4.750374468509108 19.799999999999997 0.0 0.0 0.0 1.0
1261231129.0000 10.938479910590104 -4.9640927473701595 18.700000000000003 0.0 0.0 0.0 1.0
1261231130.0000 10.94819436877151 -5.168096559018522 19.1 0.0 0.0 0.0 1.0
1261231131.0000 10.954670674240333 -5.375338526409905 20.400000000000006 0.0 0.0 0.0 1.0
1261231132.0000 10.97086143787601 -5.598771272520025 20.400000000000006 0.0 0.0 0.0 1.0
1261231133.0000 10.990290354238823 -5.812489551419276 20.200000000000003 0.0 0.0 0.0 1.0
1261231134.0000 11.009719270587084 -6.019731518852495 19.900000000000006 0.0 0.0 0.0 1.0
1261231135.0000 11.029148186964449 -6.220497174803313 19.700000000000003 0.0 0.0 0.0 1.0
1261231136.0000 11.045338950585574 -6.411548363537804 19.799999999999997 0.0 0.0 0.0 1.0
1261231137.0000 11.04857710331271 -6.5896469293202244 19.0 0.0 0.0 0.0 1.0
1261231138.0000 11.061529714221251 -6.735363937692455 18.700000000000003 0.0 0.0 0.0 1.0
1261231139.0000 11.071244172388106 -6.864890167349586 18.1 0.0 0.0 0.0 1.0
1261231140.0000 11.080958630584064 -6.965272995345003 17.6 0.0 0.0 0.0 1.0
1261231141.0000 11.080958630584064 -7.042988733148377 17.0 0.0 0.0 0.0 1.0
1261231142.0000 11.07772047787148 -7.104513692249384 16.700000000000003 0.0 0.0 0.0 1.0
1261231143.0000 11.055053408752428 -7.153086028378311 16.5 0.0 0.0 0.0 1.0
1261231144.0000 10.987052201497136 -7.214610987466585 16.799999999999997 0.0 0.0 0.0 1.0
1261231145.0000 10.906098383333301 -7.227563610436846 16.799999999999997 0.0 0.0 0.0 1.0
1261231146.0000 10.796001190625248 -7.217849143211424 16.200000000000003 0.0 0.0 0.0 1.0
1261231147.0000 10.666475081568933 -7.20165836450542 15.5 0.0 0.0 0.0 1.0
1261231148.0000 10.52075820886239 -7.188705741535159 15.200000000000003 0.0 0.0 0.0 1.0
1261231149.0000 10.37180318342871 -7.17575311856308 14.600000000000001 0.0 0.0 0.0 1.0
1261231150.0000 10.213133699828177 -7.169276807082497 14.299999999999997 0.0 0.0 0.0 1.0
1261231151.0000 10.054464216227643 -7.166038651337658 14.0 0.0 0.0 0.0 1.0
1261231152.0000 9.899032885339693 -7.156324184112236 13.5 0.0 0.0 0.0 1.0
1261231153.0000 9.74683970719343 -7.153086028378311 13.200000000000003 0.0 0.0 0.0 1.0
1261231154.0000 9.597884681759751 -7.1498478726316534 13.0 0.0 0.0 0.0 1.0
1261231155.0000 9.45216780906776 -7.1498478726316534 13.0 0.0 0.0 0.0 1.0
1261231156.0000 9.312927241830039 -7.153086028378311 13.200000000000003 0.0 0.0 0.0 1.0
1261231157.0000 9.183401132759172 -7.153086028378311 13.299999999999997 0.0 0.0 0.0 1.0
1261231158.0000 9.070065787309431 -7.156324184112236 13.5 0.0 0.0 0.0 1.0
1261231159.0000 8.969683052797336 -7.153086028378311 13.600000000000001 0.0 0.0 0.0 1.0
1261231160.0000 8.888729234633502 -7.143371561151071 13.799999999999997 0.0 0.0 0.0 1.0
1261231161.0000 8.807775416469667 -7.120704470955388 14.399999999999999 0.0 0.0 0.0 1.0
1261231162.0000 8.746250514668645 -7.068893979079803 14.200000000000003 0.0 0.0 0.0 1.0
1261231163.0000 8.72034529283701 -6.974987462572244 13.399999999999999 0.0 0.0 0.0 1.0
1261231164.0000 8.704154529201332 -6.858413855869003 13.100000000000001 0.0 0.0 0.0 1.0
1261231165.0000 8.697678223761613 -6.725649470465214 12.799999999999997 0.0 0.0 0.0 1.0
1261231166.0000 8.713868987382739 -6.576694306351783 12.5 0.0 0.0 0.0 1.0
1261231167.0000 8.717107140124426 -6.405072052057221 11.799999999999997 0.0 0.0 0.0 1.0
1261231168.0000 8.74301236194151 -6.191353773130686 12.600000000000001 0.0 0.0 0.0 1.0
1261231169.0000 8.739774209199823 -6.00030258440529 11.299999999999997 0.0 0.0 0.0 1.0
1261231170.0000 8.739774209199823 -5.793060616973889 10.799999999999997 0.0 0.0 0.0 1.0
1261231171.0000 8.736536056472687 -5.5922949610448995 10.399999999999999 0.0 0.0 0.0 1.0
1261231172.0000 8.733297903745552 -5.404481928075256 10.0 0.0 0.0 0.0 1.0
1261231173.0000 8.723583445564145 -5.219907050859547 9.600000000000001 0.0 0.0 0.0 1.0
1261231174.0000 8.72034529283701 -5.035332173649294 9.600000000000001 0.0 0.0 0.0 1.0
1261231175.0000 8.726821598305833 -4.853995452194795 10.299999999999997 0.0 0.0 0.0 1.0
1261231176.0000 8.723583445564145 -4.675896886476039 10.600000000000001 0.0 0.0 0.0 1.0
1261231177.0000 8.726821598305833 -4.4913220092894335 11.200000000000003 0.0 0.0 0.0 1.0
1261231178.0000 8.704154529201332 -4.322937910817927 11.200000000000003 0.0 0.0 0.0 1.0
1261231179.0000 8.678249307413353 -4.135124877899216 11.799999999999997 0.0 0.0 0.0 1.0
1261231180.0000 8.649105932869134 -3.953788156477458 12.0 0.0 0.0 0.0 1.0
1261231181.0000 8.62320071105205 -3.778927746538102 12.399999999999999 0.0 0.0 0.0 1.0
1261231182.0000 8.597295489249518 -3.604067336602384 13.100000000000001 0.0 0.0 0.0 1.0
1261231183.0000 8.568152114719851 -3.4389213938939065 13.200000000000003 0.0 0.0 0.0 1.0
1261231184.0000 8.542246892888215 -3.2672991397175792 14.200000000000003 0.0 0.0 0.0 1.0
1261231185.0000 8.509865365631413 -3.098915041278815 14.100000000000001 0.0 0.0 0.0 1.0
1261231186.0000 8.487198296541465 -2.920816475627362 14.899999999999999 0.0 0.0 0.0 1.0
1261231187.0000 8.4904364492686 -2.7362415985207917 17.4 0.0 0.0 0.0 1.0
1261231188.0000 8.487198296541465 -2.584048278788032 18.700000000000003 0.0 0.0 0.0 1.0
1261231189.0000 8.471007532905787 -2.4577602049812413 19.599999999999994 0.0 0.0 0.0 1.0
1261231190.0000 8.477483838360058 -2.3444247541319783 22.5 0.0 0.0 0.0 1.0
1261231191.0000 8.471007532905787 -2.2634708606656204 25.299999999999997 0.0 0.0 0.0 1.0
1261231192.0000 8.435387852907297 -2.1501354098218144 24.799999999999997 0.0 0.0 0.0 1.0
1261231193.0000 8.380339256545994 -2.049752581939174 24.700000000000003 0.0 0.0 0.0 1.0
1261231194.0000 8.322052507472108 -1.9493697540474386 24.400000000000006 0.0 0.0 0.0 1.0
1261231195.0000 8.241098689322826 -1.8230816802552 23.299999999999997 0.0 0.0 0.0 1.0
1261231196.0000 8.160144871144439 -1.6935554507253983 21.299999999999997 0.0 0.0 0.0 1.0
1261231197.0000 8.101858122056 -1.5510765982544399 22.0 0.0 0.0 0.0 1.0
1261231198.0000 8.059762136617792 -1.4085977457853005 24.099999999999994 0.0 0.0 0.0 1.0
1261231199.0000 8.043571372982115 -1.272595204794925 23.799999999999997 0.0 0.0 0.0 1.0
1261231200.0000 8.033856914800708 -1.1398308195384743 25.599999999999994 0.0 0.0 0.0 1.0
1261231201.0000 8.024142456619302 -1.0103045900359575 25.0 0.0 0.0 0.0 1.0
1261231202.0000 8.001475387529354 -0.8743020490583149 25.5 0.0 0.0 0.0 1.0
1261231203.0000 7.982046471166541 -0.7382995080824912 27.200000000000003 0.0 0.0 0.0 1.0
1261231204.0000 7.9723320129851345 -0.6055351228533254 28.099999999999994 0.0 0.0 0.0 1.0
1261231205.0000 7.97557016571227 -0.46953258188477776 26.900000000000006 0.0 0.0 0.0 1.0
1261231206.0000 7.97557016571227 -0.3400063523913559 25.200000000000003 0.0 0.0 0.0 1.0
1261231207.0000 7.982046471166541 -0.24286168027902022 24.400000000000006 0.0 0.0 0.0 1.0
1261231208.0000 7.988522776635364 -0.1619077868454042 23.0 0.0 0.0 0.0 1.0
1261231209.0000 7.991760929347947 -0.0971446721086977 23.0 0.0 0.0 0.0 1.0
1261231210.0000 7.969093860257999 -0.012952622953889659 21.900000000000006 0.0 0.0 0.0 1.0
1261231211.0000 7.956141249364009 0.12952622947886994 29.299999999999997 0.0 0.0 0.0 1.0
1261231212.0000 7.9302360275469255 0.2752432376382785 33.599999999999994 0.0 0.0 0.0 1.0
1261231213.0000 7.933474180259509 0.44686549167818157 37.2 0.0 0.0 0.0 1.0
1261231214.0000 7.910807111184113 0.6184877457108087 36.099999999999994 0.0 0.0 0.0 1.0
1261231215.0000 7.891378194835852 0.8095389341615373 36.400000000000006 0.0 0.0 0.0 1.0
1261231216.0000 7.855758514837362 1.0070664340801159 38.0 0.0 0.0 0.0 1.0
1261231217.0000 7.816900682111736 1.2207847126665001 40.599999999999994 0.0 0.0 0.0 1.0
1261231218.0000 7.7683283912192564 1.4215503682989947 40.2 0.0 0.0 0.0 1.0
1261231219.0000 7.787757307582069 1.6676502042282664 43.099999999999994 0.0 0.0 0.0 1.0
1261231220.0000 7.797471765763476 1.8813684827873658 46.0 0.0 0.0 0.0 1.0
1261231221.0000 7.803948071203195 2.069181515444143 44.900000000000006 0.0 0.0 0.0 1.0
1261231222.0000 7.803948071203195 2.2408037694294762 45.099999999999994 0.0 0.0 0.0 1.0
1261231223.0000 7.826615140307695 2.4221404906038515 43.2 0.0 0.0 0.0 1.0
1261231224.0000 7.858996667564497 2.63585876912839 41.099999999999994 0.0 0.0 0.0 1.0
1261231225.0000 7.871949278458487 2.8042428673434188 39.2 0.0 0.0 0.0 1.0
1261231226.0000 7.852520362110226 2.9305309410083282 36.2 0.0 0.0 0.0 1.0
1261231227.0000 7.836329598489101 3.0114848343837366 33.099999999999994 0.0 0.0 0.0 1.0
1261231228.0000 7.803948071203195 3.0632953261465445 31.200000000000003 0.0 0.0 0.0 1.0
1261231229.0000 7.7683283912192564 3.1183439736323635 30.200000000000003 0.0 0.0 0.0 1.0
1261231230.0000 7.742423169416725 3.2122504899380147 35.0 0.0 0.0 0.0 1.0
1261231231.0000 7.667945656692609 3.2219649571416085 34.5 0.0 0.0 0.0 1.0
1261231232.0000 7.551372158544837 3.2187268014149595 32.400000000000006 0.0 0.0 0.0 1.0
1261231233.0000 7.425084202186554 3.2154886456773966 31.400000000000006 0.0 0.0 0.0 1.0
1261231234.0000 7.3182251622201875 3.2154886456773966 32.0 0.0 0.0 0.0 1.0
1261231235.0000 7.191937205876457 3.199297867005953 30.400000000000006 0.0 0.0 0.0 1.0
1261231236.0000 7.075363707728684 3.1766307768593833 30.299999999999997 0.0 0.0 0.0 1.0
1261231237.0000 6.968504667747766 3.150725530986165 29.299999999999997 0.0 0.0 0.0 1.0
1261231238.0000 6.864883780479431 3.1280584408377763 27.900000000000006 0.0 0.0 0.0 1.0
1261231239.0000 6.77421550413419 3.1248202851002134 27.299999999999997 0.0 0.0 0.0 1.0
1261231240.0000 6.683547227788949 3.1183439736323635 24.400000000000006 0.0 0.0 0.0 1.0
1261231241.0000 6.586402645989438 3.0600571704071626 23.099999999999994 0.0 0.0 0.0 1.0
1261231242.0000 6.498972522371332 2.9758651213051053 21.599999999999994 0.0 0.0 0.0 1.0
1261231243.0000 6.411542398753227 2.891673072188496 19.5 0.0 0.0 0.0 1.0
1261231244.0000 6.327350427862257 2.7783376214683813 19.900000000000006 0.0 0.0 0.0 1.0
1261231245.0000 6.230205846048193 2.684431105155454 19.900000000000006 0.0 0.0 0.0 1.0
1261231246.0000 6.1362994170049205 2.6099535232515336 19.599999999999994 0.0 0.0 0.0 1.0
1261231247.0000 6.035916682463721 2.5710956544171495 19.4 0.0 0.0 0.0 1.0
1261231248.0000 5.942010253391345 2.584048277360125 18.700000000000003 0.0 0.0 0.0 1.0
1261231249.0000 5.848103824304417 2.63585876912839 17.9 0.0 0.0 0.0 1.0
1261231250.0000 5.760673700700863 2.7070981953020237 18.200000000000003 0.0 0.0 0.0 1.0
1261231251.0000 5.69914879888529 2.8107191788203636 17.6 0.0 0.0 0.0 1.0
1261231252.0000 5.6570528134470806 2.9240546295441163 17.200000000000003 0.0 0.0 0.0 1.0
1261231253.0000 5.634385744357132 3.030913768792743 16.700000000000003 0.0 0.0 0.0 1.0
1261231254.0000 5.631147591644549 3.141011063778933 16.6 0.0 0.0 0.0 1.0
1261231255.0000 5.6570528134470806 3.251108358754209 16.6 0.0 0.0 0.0 1.0
1261231256.0000 5.718577715248102 3.348253030793785 16.200000000000003 0.0 0.0 0.0 1.0
1261231257.0000 5.793055227957666 3.4292069241637364 16.9 0.0 0.0 0.0 1.0
1261231258.0000 5.883723504317459 3.4842555716477364 17.200000000000003 0.0 0.0 0.0 1.0
1261231259.0000 5.977629933389835 3.5166371289942617 17.4 0.0 0.0 0.0 1.0
1261231260.0000 6.078012667916482 3.5198752847336436 17.6 0.0 0.0 0.0 1.0
1261231261.0000 6.168680944261723 3.4874937273871183 17.5 0.0 0.0 0.0 1.0
1261231262.0000 6.256111067879829 3.4356832356279483 17.0 0.0 0.0 0.0 1.0
1261231263.0000 6.333826733316528 3.357967497997379 17.0 0.0 0.0 0.0 1.0
1261231264.0000 6.4018279405572684 3.2575846702311537 16.9 0.0 0.0 0.0 1.0
1261231265.0000 6.447162078751717 3.147487375246783 17.0 0.0 0.0 0.0 1.0
1261231266.0000 6.4730673005688 3.034151924532125 17.700000000000003 0.0 0.0 0.0 1.0
1261231267.0000 6.4730673005688 2.9046256951332907 18.200000000000003 0.0 0.0 0.0 1.0
1261231268.0000 6.453638384205988 2.784813932945326 18.299999999999997 0.0 0.0 0.0 1.0
1261231269.0000 6.424495009661769 2.6650021707428095 19.0 0.0 0.0 0.0 1.0
1261231270.0000 6.398589787844685 2.548428564279675 18.700000000000003 0.0 0.0 0.0 1.0
1261231271.0000 6.385637176936143 2.4156641791378206 18.4 0.0 0.0 0.0 1.0
1261231272.0000 6.398589787844685 2.256994548102739 18.0 0.0 0.0 0.0 1.0
1261231273.0000 6.408304246026091 2.0886104498549685 18.700000000000003 0.0 0.0 0.0 1.0
1261231274.0000 6.43744762057031 1.916988195875092 18.6 0.0 0.0 0.0 1.0
1261231275.0000 6.463352842387394 1.7453659418879397 19.299999999999997 0.0 0.0 0.0 1.0
1261231276.0000 6.486019911477342 1.5834581551007432 19.700000000000003 0.0 0.0 0.0 1.0
1261231277.0000 6.5086869805527385 1.4215503682989947 20.0 0.0 0.0 0.0 1.0
1261231278.0000 6.534592202369822 1.2531662700330344 20.5 0.0 0.0 0.0 1.0
1261231279.0000 6.560497424157802 1.088020327488266 21.0 0.0 0.0 0.0 1.0
1261231280.0000 6.589640798731125 0.9325888521489105 20.900000000000006 0.0 0.0 0.0 1.0
1261231281.0000 6.61878417324624 0.7868718440131488 21.200000000000003 0.0 0.0 0.0 1.0
1261231282.0000 6.644689395063324 0.6508693030809809 20.400000000000006 0.0 0.0 0.0 1.0
1261231283.0000 6.664118311426137 0.518104917877281 19.900000000000006 0.0 0.0 0.0 1.0
1261231284.0000 6.680309075061814 0.3918168441468879 19.299999999999997 0.0 0.0 0.0 1.0
1261231285.0000 6.696499838682939 0.2687669261558767 18.9 0.0 0.0 0.0 1.0
1261231286.0000 6.709452449620585 0.1651459425847861 18.200000000000003 0.0 0.0 0.0 1.0
1261231287.0000 6.725643213227158 0.08419204915662704 17.0 0.0 0.0 0.0 1.0
1261231288.0000 6.745072129589971 0.03885786884347908 16.200000000000003 0.0 0.0 0.0 1.0
1261231289.0000 6.758024740498513 0.006476311469668872 16.799999999999997 0.0 0.0 0.0 1.0
1261231290.0000 6.764501045952784 0.0 17.299999999999997 0.0 0.0 0.0 1.0
1261231291.0000 6.761262893225648 0.0032381557412008988 17.299999999999997 0.0 0.0 0.0 1.0
1261231292.0000 6.761262893225648 0.0032381557412008988 17.299999999999997 0.0 0.0 0.0 1.0
1261231293.0000 6.761262893225648 0.0032381557412008988 17.299999999999997 0.0 0.0 0.0 1.0
1261231294.0000 6.761262893225648 0.0032381557412008988 17.299999999999997 0.0 0.0 0.0 1.0
1261231295.0000 6.7483102823316585 -0.06152495900641952 22.5 0.0 0.0 0.0 1.0
1261231296.0000 6.7904062677698676 -0.07123942621728929 22.700000000000003 0.0 0.0 0.0 1.0
1261231297.0000 6.842216711404035 -0.04857233605434885 22.400000000000006 0.0 0.0 0.0 1.0
1261231298.0000 6.923170529567869 -0.04209602458286099 23.200000000000003 0.0 0.0 0.0 1.0
1261231299.0000 7.020315111352829 -0.03238155737381021 25.299999999999997 0.0 0.0 0.0 1.0
1261231300.0000 7.130412304060883 -0.012952622953889659 26.5 0.0 0.0 0.0 1.0
1261231301.0000 7.243747649510624 0.016190778680538642 27.900000000000006 0.0 0.0 0.0 1.0
1261231302.0000 7.360321147672948 0.06152495900641952 30.400000000000006 0.0 0.0 0.0 1.0
1261231303.0000 7.509276173092076 0.11657360652861826 32.400000000000006 0.0 0.0 0.0 1.0
1261231304.0000 7.645278587602661 0.168384098324168 33.599999999999994 0.0 0.0 0.0 1.0
1261231305.0000 7.778042849400663 0.22343274584454775 35.599999999999994 0.0 0.0 0.0 1.0
1261231306.0000 7.917283416638384 0.26552877042740874 35.7 0.0 0.0 0.0 1.0
1261231307.0000 8.072714747526334 0.3173392622084066 35.8 0.0 0.0 0.0 1.0
1261231308.0000 8.224907925672596 0.385340532677219 35.599999999999994 0.0 0.0 0.0 1.0
1261231309.0000 8.386815562000265 0.4501036474175635 35.7 0.0 0.0 0.0 1.0
1261231310.0000 8.568152114719851 0.518104917877281 35.2 0.0 0.0 0.0 1.0
1261231311.0000 8.74948866739578 0.5796298768746055 34.8 0.0 0.0 0.0 1.0
1261231312.0000 8.924348914631992 0.6379166801307292 35.0 0.0 0.0 0.0 1.0
1261231313.0000 9.079780245490838 0.7059179505995417 33.900000000000006 0.0 0.0 0.0 1.0
1261231314.0000 9.238449729105923 0.7674429095932283 33.7 0.0 0.0 0.0 1.0
1261231315.0000 9.393881059993873 0.8257297128493519 33.0 0.0 0.0 0.0 1.0
1261231316.0000 9.546074238140136 0.8840165161036566 32.7 0.0 0.0 0.0 1.0
1261231317.0000 9.695029263573815 0.9358270078773785 32.599999999999994 0.0 0.0 0.0 1.0
1261231318.0000 9.837507983553223 0.9876374996620143 32.400000000000006 0.0 0.0 0.0 1.0
1261231319.0000 9.970272245336673 1.0362098357054492 31.900000000000006 0.0 0.0 0.0 1.0
1261231320.0000 10.093322048953269 1.0815440160095022 31.5 0.0 0.0 0.0 1.0
1261231321.0000 10.203419241661322 1.1204018848438864 31.599999999999994 0.0 0.0 0.0 1.0
1261231322.0000 10.319992739809095 1.1495452864710387 33.5 0.0 0.0 0.0 1.0
1261231323.0000 10.423613627062878 1.1624979094158334 31.5 0.0 0.0 0.0 1.0
1261231324.0000 10.546663430679473 1.1948794667823677 31.400000000000006 0.0 0.0 0.0 1.0
1261231325.0000 10.679427692462923 1.2369754913452198 30.700000000000003 0.0 0.0 0.0 1.0
1261231326.0000 10.825144565169467 1.2823096716583677 30.700000000000003 0.0 0.0 0.0 1.0
1261231327.0000 10.97733774331573 1.3211675404909329 30.400000000000006 0.0 0.0 0.0 1.0
1261231328.0000 11.13276907420368 1.3535490978410962 29.5 0.0 0.0 0.0 1.0
1261231329.0000 11.297914863258484 1.4021214338827122 29.799999999999997 0.0 0.0 0.0 1.0
1261231330.0000 11.46306065232784 1.457170081401273 29.799999999999997 0.0 0.0 0.0 1.0
1261231331.0000 11.62496828865551 1.5122187289089197 29.700000000000003 0.0 0.0 0.0 1.0
1261231332.0000 11.760970703166095 1.5834581551007432 33.0 0.0 0.0 0.0 1.0
1261231333.0000 11.887258659524377 1.6320304911259882 32.5 0.0 0.0 0.0 1.0
1261231334.0000 11.99735585221788 1.6676502042282664 32.3 0.0 0.0 0.0 1.0
1261231335.0000 12.08802412856312 1.7032699173196306 31.400000000000006 0.0 0.0 0.0 1.0
1261231336.0000 12.159263488545548 1.7680330320399662 31.900000000000006 0.0 0.0 0.0 1.0
1261231337.0000 12.211073932165164 1.871654015580134 32.0 0.0 0.0 0.0 1.0
1261231338.0000 12.233741001269664 2.0011802449953393 31.599999999999994 0.0 0.0 0.0 1.0
1261231339.0000 12.233741001269664 2.166326187507366 30.700000000000003 0.0 0.0 0.0 1.0
1261231340.0000 12.224026543088257 2.357377375903525 29.5 0.0 0.0 0.0 1.0
1261231341.0000 12.20783577945258 2.548428564279675 29.299999999999997 0.0 0.0 0.0 1.0
1261231342.0000 12.204597626725445 2.7232889739752864 29.299999999999997 0.0 0.0 0.0 1.0
1261231343.0000 12.185168710362632 2.878720449258253 28.200000000000003 0.0 0.0 0.0 1.0
1261231344.0000 12.168977946726955 2.99205589997473 27.099999999999994 0.0 0.0 0.0 1.0
1261231345.0000 12.159263488545548 3.082724260553732 25.799999999999997 0.0 0.0 0.0 1.0
1261231346.0000 12.120405655834475 3.153963686712814 23.299999999999997 0.0 0.0 0.0 1.0
1261231347.0000 12.075071517654578 3.2219649571416085 23.599999999999994 0.0 0.0 0.0 1.0
1261231348.0000 11.99735585221788 3.251108358754209 23.599999999999994 0.0 0.0 0.0 1.0
1261231349.0000 11.903449423145503 3.2672991374365665 23.900000000000006 0.0 0.0 0.0 1.0
1261231350.0000 11.786875924983178 3.2640609816971846 23.700000000000003 0.0 0.0 0.0 1.0
1261231351.0000 11.650873510458041 3.2575846702311537 23.5 0.0 0.0 0.0 1.0
1261231352.0000 11.501918485024362 3.251108358754209 23.299999999999997 0.0 0.0 0.0 1.0
1261231353.0000 11.340010848696693 3.241393891552434 23.200000000000003 0.0 0.0 0.0 1.0
1261231354.0000 11.181341365081607 3.238155735823966 23.099999999999994 0.0 0.0 0.0 1.0
1261231355.0000 11.025910034222761 3.2316794243470213 23.200000000000003 0.0 0.0 0.0 1.0
1261231356.0000 10.876955008789082 3.2316794243470213 23.299999999999997 0.0 0.0 0.0 1.0
1261231357.0000 10.740952594263945 3.24787020302756 25.200000000000003 0.0 0.0 0.0 1.0
1261231358.0000 10.595235721586505 3.234917580086403 24.5 0.0 0.0 0.0 1.0
1261231359.0000 10.449518848879961 3.2316794243470213 24.400000000000006 0.0 0.0 0.0 1.0
1261231360.0000 10.303801976173418 3.2252031128809904 24.400000000000006 0.0 0.0 0.0 1.0
1261231361.0000 10.148370645314571 3.2252031128809904 24.400000000000006 0.0 0.0 0.0 1.0
1261231362.0000 9.983224856230663 3.2154886456773966 23.700000000000003 0.0 0.0 0.0 1.0
1261231363.0000 9.811602761721588 3.2122504899380147 23.099999999999994 0.0 0.0 0.0 1.0
1261231364.0000 9.636742514485377 3.202536022732602 22.5 0.0 0.0 0.0 1.0
1261231365.0000 9.45864411452203 3.192821555529008 21.900000000000006 0.0 0.0 0.0 1.0
1261231366.0000 9.280545714558684 3.183107088327233 21.5 0.0 0.0 0.0 1.0
1261231367.0000 9.108923620035057 3.1701544653933524 20.900000000000006 0.0 0.0 0.0 1.0
1261231368.0000 8.937301525540533 3.1604399981897586 20.5 0.0 0.0 0.0 1.0
1261231369.0000 8.775393889198313 3.147487375246783 20.099999999999994 0.0 0.0 0.0 1.0
1261231370.0000 8.616724405597779 3.141011063778933 19.900000000000006 0.0 0.0 0.0 1.0
1261231371.0000 8.47424568561837 3.134534752303807 19.799999999999997 0.0 0.0 0.0 1.0
1261231372.0000 8.338243271093233 3.1248202851002134 19.1 0.0 0.0 0.0 1.0
1261231373.0000 8.224907925672596 3.1183439736323635 18.700000000000003 0.0 0.0 0.0 1.0
1261231374.0000 8.127763343873085 3.1021531949645578 18.299999999999997 0.0 0.0 0.0 1.0
1261231375.0000 8.069476594784646 3.0762479490767873 18.4 0.0 0.0 0.0 1.0
1261231376.0000 8.033856914800708 3.0535808589411317 18.6 0.0 0.0 0.0 1.0
1261231377.0000 8.001475387529354 3.030913768792743 19.299999999999997 0.0 0.0 0.0 1.0
1261231378.0000 7.982046471166541 3.0050085229195247 20.0 0.0 0.0 0.0 1.0
1261231379.0000 7.969093860257999 2.9726269655657234 20.799999999999997 0.0 0.0 0.0 1.0
1261231380.0000 7.959379402076593 2.9305309410083282 21.299999999999997 0.0 0.0 0.0 1.0
1261231381.0000 7.959379402076593 2.8560533591080457 21.900000000000006 0.0 0.0 0.0 1.0
1261231382.0000 7.959379402076593 2.74595606411458 22.5 0.0 0.0 0.0 1.0
1261231383.0000 7.962617554803728 2.632620613390827 22.0 0.0 0.0 0.0 1.0
1261231384.0000 7.994999082089635 2.5128088511974056 23.799999999999997 0.0 0.0 0.0 1.0
1261231385.0000 8.030618762073573 2.33794844149088 24.599999999999994 0.0 0.0 0.0 1.0
1261231386.0000 8.07595290025347 2.1825169661806285 27.200000000000003 0.0 0.0 0.0 1.0
1261231387.0000 8.111572580237407 1.9785131548542267 29.200000000000003 0.0 0.0 0.0 1.0
1261231388.0000 8.13100149660022 1.777747499236284 30.299999999999997 0.0 0.0 0.0 1.0
1261231389.0000 8.14719226025045 1.5802199993613613 31.200000000000003 0.0 0.0 0.0 1.0
1261231390.0000 8.163383023871575 1.3924069666754804 32.7 0.0 0.0 0.0 1.0
1261231391.0000 8.186050092961523 1.1981176225108356 33.8 0.0 0.0 0.0 1.0
1261231392.0000 8.199002703855513 1.0297335242375993 34.5 0.0 0.0 0.0 1.0
1261231393.0000 8.2022408565972 0.8710638931552239 35.7 0.0 0.0 0.0 1.0
1261231394.0000 8.199002703855513 0.7318231964873121 37.7 0.0 0.0 0.0 1.0
1261231395.0000 8.192526398415794 0.6184877457108087 39.8 0.0 0.0 0.0 1.0
1261231396.0000 8.211955314764054 0.5472483195044333 39.2 0.0 0.0 0.0 1.0
1261231397.0000 8.22814607838518 0.4630562703587202 39.400000000000006 0.0 0.0 0.0 1.0
1261231398.0000 8.292909132927889 0.4339128687279299 39.099999999999994 0.0 0.0 0.0 1.0
1261231399.0000 8.409482631104765 0.4630562703587202 36.5 0.0 0.0 0.0 1.0
1261231400.0000 8.542246892888215 0.5083904506664112 35.400000000000006 0.0 0.0 0.0 1.0
1261231401.0000 8.691201918307343 0.5666772539243539 34.099999999999994 0.0 0.0 0.0 1.0
1261231402.0000 8.833680638272199 0.6249640571822965 33.099999999999994 0.0 0.0 0.0 1.0
1261231403.0000 8.972921205539024 0.6702982375027204 33.599999999999994 0.0 0.0 0.0 1.0
1261231404.0000 9.118638078216463 0.7123942620673915 34.0 0.0 0.0 0.0 1.0
1261231405.0000 9.264354950923007 0.7609665981235594 34.099999999999994 0.0 0.0 0.0 1.0
1261231406.0000 9.41654812906927 0.8127770899009192 34.2 0.0 0.0 0.0 1.0
1261231407.0000 9.555788696321542 0.8613494259443542 33.5 0.0 0.0 0.0 1.0
1261231408.0000 9.695029263573815 0.9099217619877891 33.5 0.0 0.0 0.0 1.0
1261231409.0000 9.8310316780844 0.9520177865688311 32.7 0.0 0.0 0.0 1.0
1261231410.0000 9.967034092594986 1.0103045898194978 31.700000000000003 0.0 0.0 0.0 1.0
1261231411.0000 10.080369438044727 1.049162458655701 30.900000000000006 0.0 0.0 0.0 1.0
1261231412.0000 10.183990325283958 1.088020327488266 31.0 0.0 0.0 0.0 1.0
1261231413.0000 10.26818229618948 1.1171637291135994 32.8 0.0 0.0 0.0 1.0
1261231414.0000 10.34589796164073 1.2045939339895995 33.5 0.0 0.0 0.0 1.0
1261231415.0000 10.394470252518659 1.2887859831243986 33.099999999999994 0.0 0.0 0.0 1.0
1261231416.0000 10.413899168881471 1.3826924994664296 31.299999999999997 0.0 0.0 0.0 1.0
1261231417.0000 10.417137321608607 1.4733608600781736 30.400000000000006 0.0 0.0 0.0 1.0
1261231418.0000 10.4074228634272 1.635268646867189 29.400000000000006 0.0 0.0 0.0 1.0
1261231419.0000 10.397708405245794 1.7971764336507476 30.200000000000003 0.0 0.0 0.0 1.0
1261231420.0000 10.391232099791523 1.9785131548542267 32.0 0.0 0.0 0.0 1.0
1261231421.0000 10.4074228634272 2.1695643432467477 33.599999999999994 0.0 0.0 0.0 1.0
1261231422.0000 10.413899168881471 2.35090106442658 35.599999999999994 0.0 0.0 0.0 1.0
1261231423.0000 10.433328085244284 2.538714097074262 36.0 0.0 0.0 0.0 1.0
1261231424.0000 10.430089932517149 2.7265271297019353 37.5 0.0 0.0 0.0 1.0
1261231425.0000 10.410661016154336 2.901387539393909 38.0 0.0 0.0 0.0 1.0
1261231426.0000 10.391232099791523 3.050342703203569 40.3 0.0 0.0 0.0 1.0
1261231427.0000 10.355612419793033 3.153963686712814 39.0 0.0 0.0 0.0 1.0
1261231428.0000 10.310278281627689 3.238155735823966 38.7 0.0 0.0 0.0 1.0
1261231429.0000 10.248753379826667 3.286728071841935 37.5 0.0 0.0 0.0 1.0
1261231430.0000 10.180752172571374 3.35472934227073 40.599999999999994 0.0 0.0 0.0 1.0
1261231431.0000 10.057702368954779 3.341776719329573 37.5 0.0 0.0 0.0 1.0
1261231432.0000 9.911985496262787 3.3158714734563546 34.400000000000006 0.0 0.0 0.0 1.0
1261231433.0000 9.753316012662253 3.299680694773997 31.599999999999994 0.0 0.0 0.0 1.0
1261231434.0000 9.594646529047168 3.2802517603668093 29.200000000000003 0.0 0.0 0.0 1.0
1261231435.0000 9.445691503613489 3.2575846702311537 26.5 0.0 0.0 0.0 1.0
1261231436.0000 9.293498325467226 3.244632047289997 24.799999999999997 0.0 0.0 0.0 1.0
1261231437.0000 9.151019605487818 3.234917580086403 23.299999999999997 0.0 0.0 0.0 1.0
1261231438.0000 9.018255343704368 3.2252031128809904 22.099999999999994 0.0 0.0 0.0 1.0
1261231439.0000 8.88225292917923 3.2122504899380147 21.0 0.0 0.0 0.0 1.0
1261231440.0000 8.746250514668645 3.2057741784719838 20.400000000000006 0.0 0.0 0.0 1.0
1261231441.0000 8.607009947430925 3.199297867005953 20.200000000000003 0.0 0.0 0.0 1.0
1261231442.0000 8.4677693801641 3.189583399802359 19.599999999999994 0.0 0.0 0.0 1.0
1261231443.0000 8.315576202003285 3.1733926211200014 19.299999999999997 0.0 0.0 0.0 1.0
1261231444.0000 8.166621176584158 3.150725530986165 18.0 0.0 0.0 0.0 1.0
1261231445.0000 8.017666151165031 3.144249219507401 17.5 0.0 0.0 0.0 1.0
1261231446.0000 7.868711125745904 3.137772908039551 17.299999999999997 0.0 0.0 0.0 1.0
1261231447.0000 7.719756100312225 3.134534752303807 17.200000000000003 0.0 0.0 0.0 1.0
1261231448.0000 7.574039227620233 3.141011063778933 18.5 0.0 0.0 0.0 1.0
1261231449.0000 7.450989424003637 3.150725530986165 20.299999999999997 0.0 0.0 0.0 1.0
1261231450.0000 7.311748856765917 3.1636781539164076 21.299999999999997 0.0 0.0 0.0 1.0
1261231451.0000 7.195175358603592 3.1701544653933524 22.799999999999997 0.0 0.0 0.0 1.0
1261231452.0000 7.081840013168403 3.1604399981897586 23.700000000000003 0.0 0.0 0.0 1.0
1261231453.0000 6.9652665149915265 3.144249219507401 23.299999999999997 0.0 0.0 0.0 1.0
1261231454.0000 6.855169322298025 3.134534752303807 23.400000000000006 0.0 0.0 0.0 1.0
1261231455.0000 6.758024740498513 3.1118676621681516 23.299999999999997 0.0 0.0 0.0 1.0
1261231456.0000 6.667356464153272 3.0697716376089375 22.299999999999997 0.0 0.0 0.0 1.0
1261231457.0000 6.560497424157802 3.0147229901231185 21.900000000000006 0.0 0.0 0.0 1.0
1261231458.0000 6.469829147841665 2.940245408213741 21.099999999999994 0.0 0.0 0.0 1.0
1261231459.0000 6.379160871481872 2.839862580436602 21.0 0.0 0.0 0.0 1.0
1261231460.0000 6.301445206045173 2.7168126624965225 21.099999999999994 0.0 0.0 0.0 1.0
1261231461.0000 6.207538776972797 2.6229061461835954 21.099999999999994 0.0 0.0 0.0 1.0
1261231462.0000 6.103917889719014 2.5646193429511186 21.099999999999994 0.0 0.0 0.0 1.0
1261231463.0000 5.997058849752648 2.548428564279675 20.599999999999994 0.0 0.0 0.0 1.0
1261231464.0000 5.883723504317459 2.5646193429511186 21.200000000000003 0.0 0.0 0.0 1.0
1261231465.0000 5.796293380699353 2.6164298347175645 20.5 0.0 0.0 0.0 1.0
1261231466.0000 5.721815867975238 2.6811929494160722 20.0 0.0 0.0 0.0 1.0
1261231467.0000 5.644100202538539 2.749194219852143 19.299999999999997 0.0 0.0 0.0 1.0
1261231468.0000 5.56638453710184 2.8171954902882135 18.5 0.0 0.0 0.0 1.0
1261231469.0000 5.4951451771194115 2.8625296705722576 17.9 0.0 0.0 0.0 1.0
1261231470.0000 5.423905817136983 2.881958604984902 17.6 0.0 0.0 0.0 1.0
1261231471.0000 5.352666457125451 2.901387539393909 17.700000000000003 0.0 0.0 0.0 1.0
1261231472.0000 5.24256926443195 2.8690059820510214 16.700000000000003 0.0 0.0 0.0 1.0
1261231473.0000 5.119519460829906 2.8204336460275954 16.1 0.0 0.0 0.0 1.0
1261231474.0000 4.98999335175904 2.7621468427969376 14.700000000000003 0.0 0.0 0.0 1.0
1261231475.0000 4.847514631779632 2.687669260883922 13.899999999999999 0.0 0.0 0.0 1.0
1261231476.0000 4.714750369996182 2.60347721177277 13.600000000000001 0.0 0.0 0.0 1.0
1261231477.0000 4.585224260925315 2.5128088511974056 13.399999999999999 0.0 0.0 0.0 1.0
1261231478.0000 4.458936304596136 2.438331269277114 12.600000000000001 0.0 0.0 0.0 1.0
1261231479.0000 4.348839111888083 2.347662908696293 12.100000000000001 0.0 0.0 0.0 1.0
1261231480.0000 4.248456377361435 2.263470859570589 10.600000000000001 0.0 0.0 0.0 1.0
1261231481.0000 4.151311795561924 2.166326187507366 10.399999999999999 0.0 0.0 0.0 1.0
1261231482.0000 4.054167213762412 2.069181515444143 9.799999999999997 0.0 0.0 0.0 1.0
1261231483.0000 3.9537844792357646 1.9623223761700501 9.200000000000003 0.0 0.0 0.0 1.0
1261231484.0000 3.856639897421701 1.8522250811656704 9.0 0.0 0.0 0.0 1.0
1261231485.0000 3.7562571628950536 1.7421277861485578 8.700000000000003 0.0 0.0 0.0 1.0
1261231486.0000 3.6558744283829583 1.6287923353993392 8.799999999999997 0.0 0.0 0.0 1.0
1261231487.0000 3.555491693856311 1.5186950403767696 8.799999999999997 0.0 0.0 0.0 1.0
1261231488.0000 3.448632653860841 1.408597745361476 8.799999999999997 0.0 0.0 0.0 1.0
1261231489.0000 3.3385354611673392 1.3082149175443192 8.700000000000003 0.0 0.0 0.0 1.0
1261231490.0000 3.22520011573215 1.2078320897198864 8.0 0.0 0.0 0.0 1.0
1261231491.0000 3.105388464857242 1.1009729504276038 7.700000000000003 0.0 0.0 0.0 1.0
1261231492.0000 2.9726242030592402 1.000590122610447 7.299999999999997 0.0 0.0 0.0 1.0
1261231493.0000 2.849574399442645 0.9099217619877891 6.700000000000003 0.0 0.0 0.0 1.0
1261231494.0000 2.7330009012803202 0.8160152456421201 6.600000000000001 0.0 0.0 0.0 1.0
1261231495.0000 2.6229037085722666 0.7221087292764423 6.799999999999997 0.0 0.0 0.0 1.0
1261231496.0000 2.519282821333036 0.647631147341599 6.600000000000001 0.0 0.0 0.0 1.0
1261231497.0000 2.422138239533524 0.5893443440854753 6.799999999999997 0.0 0.0 0.0 1.0
1261231498.0000 2.331469963188283 0.5440101637759653 7.0 0.0 0.0 0.0 1.0
1261231499.0000 2.2699450613872614 0.4857233605180227 7.0 0.0 0.0 0.0 1.0
1261231500.0000 2.237563534115907 0.41124577856862743 6.799999999999997 0.0 0.0 0.0 1.0
1261231501.0000 2.2213727704802295 0.3238155736871704 6.299999999999997 0.0 0.0 0.0 1.0
1261231502.0000 2.237563534115907 0.22019459010334685 6.299999999999997 0.0 0.0 0.0 1.0
1261231503.0000 2.273183214099845 0.1003828278498986 7.200000000000003 0.0 0.0 0.0 1.0
1261231504.0000 2.3217555050068768 -0.03561971310227818 6.600000000000001 0.0 0.0 0.0 1.0
1261231505.0000 2.3703277959139086 -0.18781303275136452 6.600000000000001 0.0 0.0 0.0 1.0
1261231506.0000 2.4253763922461076 -0.34972081960404466 6.700000000000003 0.0 0.0 0.0 1.0
1261231507.0000 2.477186835880275 -0.5116286064621818 6.899999999999999 0.0 0.0 0.0 1.0
1261231508.0000 2.528997279514442 -0.6735363933385088 7.799999999999997 0.0 0.0 0.0 1.0
1261231509.0000 2.584045875846641 -0.8386823359487607 8.399999999999999 0.0 0.0 0.0 1.0
1261231510.0000 2.6358563194953604 -0.994113811340867 9.299999999999997 0.0 0.0 0.0 1.0
1261231511.0000 2.697381221296382 -1.1592597539638518 10.200000000000003 0.0 0.0 0.0 1.0
1261231512.0000 2.7491916649159975 -1.3179293851226248 10.799999999999997 0.0 0.0 0.0 1.0
1261231513.0000 2.801002108550165 -1.466884549070528 11.299999999999997 0.0 0.0 0.0 1.0
1261231514.0000 2.8625270103366347 -1.6028870900663605 12.700000000000003 0.0 0.0 0.0 1.0
1261231515.0000 2.90138484306226 -1.73888963106765 12.299999999999997 0.0 0.0 0.0 1.0
1261231516.0000 2.9531952867109794 -1.8489869261557033 12.700000000000003 0.0 0.0 0.0 1.0
1261231517.0000 2.992053119436605 -1.9590842212619464 12.899999999999999 0.0 0.0 0.0 1.0
1261231518.0000 3.014720188512001 -2.0594670491536817 12.600000000000001 0.0 0.0 0.0 1.0
1261231519.0000 3.0503398684959393 -2.1404209426073066 12.0 0.0 0.0 0.0 1.0
1261231520.0000 3.0956740066758357 -2.198707745897991 13.399999999999999 0.0 0.0 0.0 1.0
1261231521.0000 3.1571989084768575 -2.2213748360718455 14.100000000000001 0.0 0.0 0.0 1.0
1261231522.0000 3.2413908793678274 -2.2116603688555188 15.5 0.0 0.0 0.0 1.0
1261231523.0000 3.3417736139090266 -2.1566117212951212 15.899999999999999 0.0 0.0 0.0 1.0
1261231524.0000 3.4648234174965182 -2.0788959835717833 14.899999999999999 0.0 0.0 0.0 1.0
1261231525.0000 3.5781587629462592 -2.004418401595103 15.5 0.0 0.0 0.0 1.0
1261231526.0000 3.7141611774713965 -1.9137500409287895 15.100000000000001 0.0 0.0 0.0 1.0
1261231527.0000 3.8404491337860236 -1.8327961474697076 15.299999999999997 0.0 0.0 0.0 1.0
1261231528.0000 3.9796897010382963 -1.742127786797937 15.5 0.0 0.0 0.0 1.0
1261231529.0000 4.105977657367475 -1.6546975818673673 15.799999999999997 0.0 0.0 0.0 1.0
1261231530.0000 4.225789308256935 -1.5737436884228373 15.700000000000003 0.0 0.0 0.0 1.0
1261231531.0000 4.339124653706676 -1.4992661064407002 15.399999999999999 0.0 0.0 0.0 1.0
1261231532.0000 4.4524599991273135 -1.424788524473115 15.299999999999997 0.0 0.0 0.0 1.0
1261231533.0000 4.559319039108232 -1.3567872539751988 15.5 0.0 0.0 0.0 1.0
1261231534.0000 4.6564636209077435 -1.2985004506936093 15.600000000000001 0.0 0.0 0.0 1.0
1261231535.0000 4.740655591813265 -1.2466899588835076 15.899999999999999 0.0 0.0 0.0 1.0
1261231536.0000 4.7989423408726 -1.194879467087958 15.5 0.0 0.0 0.0 1.0
1261231537.0000 4.850752784521319 -1.1009729506968142 16.4 0.0 0.0 0.0 1.0
1261231538.0000 4.879896159036434 -1.0135427457680635 18.9 0.0 0.0 0.0 1.0
1261231539.0000 4.892848769944976 -0.9390651638059353 18.299999999999997 0.0 0.0 0.0 1.0
1261231540.0000 4.8960869226866635 -0.8354441802075598 17.299999999999997 0.0 0.0 0.0 1.0
1261231541.0000 4.909039533580653 -0.6767745490687957 16.799999999999997 0.0 0.0 0.0 1.0
1261231542.0000 4.8896106172469445 -0.49543782777982415 15.799999999999997 0.0 0.0 0.0 1.0
1261231543.0000 4.866943548142444 -0.31733926222841546 14.299999999999997 0.0 0.0 0.0 1.0
1261231544.0000 4.8118949517956935 -0.16514594258842408 13.600000000000001 0.0 0.0 0.0 1.0
1261231545.0000 4.779513424524339 0.0032381557412008988 13.0 0.0 0.0 0.0 1.0
1261231546.0000 4.737417439071578 0.18457487700288766 11.899999999999999 0.0 0.0 0.0 1.0
1261231547.0000 4.717988522723317 0.3594352867876296 11.5 0.0 0.0 0.0 1.0
1261231548.0000 4.692083300920785 0.5375338522953825 11.5 0.0 0.0 0.0 1.0
1261231549.0000 4.66617807908915 0.7188705735479743 11.600000000000001 0.0 0.0 0.0 1.0
1261231550.0000 4.640272857272066 0.8872546718339436 11.200000000000003 0.0 0.0 0.0 1.0
1261231551.0000 4.601415024546441 1.042686147175118 12.0 0.0 0.0 0.0 1.0
1261231552.0000 4.585224260925315 1.2110702454592683 11.5 0.0 0.0 0.0 1.0
1261231553.0000 4.588462413652451 1.3794543437270477 11.299999999999997 0.0 0.0 0.0 1.0
1261231554.0000 4.5722716500167735 1.5381239747930522 9.899999999999999 0.0 0.0 0.0 1.0
1261231555.0000 4.575509802743909 1.687079138646368 9.100000000000001 0.0 0.0 0.0 1.0
1261231556.0000 4.585224260925315 1.8166053680652112 9.100000000000001 0.0 0.0 0.0 1.0
1261231557.0000 4.585224260925315 1.9299408188217058 9.0 0.0 0.0 0.0 1.0
1261231558.0000 4.591700566365034 2.0497525810314983 10.399999999999999 0.0 0.0 0.0 1.0
1261231559.0000 4.575509802743909 2.1371827858874894 9.5 0.0 0.0 0.0 1.0
1261231560.0000 4.513984900957439 2.1825169661806285 11.899999999999999 0.0 0.0 0.0 1.0
1261231561.0000 4.468650762777543 2.2246129907471186 13.0 0.0 0.0 0.0 1.0
1261231562.0000 4.436269235506188 2.250518236638527 13.899999999999999 0.0 0.0 0.0 1.0
1261231563.0000 4.394173250038875 2.260232703842121 14.700000000000003 0.0 0.0 0.0 1.0
1261231564.0000 4.332648348252405 2.2375656136919133 13.5 0.0 0.0 0.0 1.0
1261231565.0000 4.261408988255425 2.1922314333987742 12.600000000000001 0.0 0.0 0.0 1.0
1261231566.0000 4.180455170091591 2.1242301629554277 11.100000000000001 0.0 0.0 0.0 1.0
1261231567.0000 4.0865487410192145 2.014132867943772 10.399999999999999 0.0 0.0 0.0 1.0
1261231568.0000 3.9796897010382963 1.8846066385249287 9.5 0.0 0.0 0.0 1.0
1261231569.0000 3.863116202875972 1.7518422533557896 8.399999999999999 0.0 0.0 0.0 1.0
1261231570.0000 3.736828246546793 1.6190778681921074 7.899999999999999 0.0 0.0 0.0 1.0
1261231571.0000 3.610540290217614 1.4927897944926372 8.100000000000001 0.0 0.0 0.0 1.0
1261231572.0000 3.477776028419612 1.360025409310765 7.899999999999999 0.0 0.0 0.0 1.0
1261231573.0000 3.3385354611673392 1.2402136470846017 7.399999999999999 0.0 0.0 0.0 1.0
1261231574.0000 3.202533046642202 1.1171637291135994 7.100000000000001 0.0 0.0 0.0 1.0
1261231575.0000 3.0600543266773457 0.9973519668710651 6.799999999999997 0.0 0.0 0.0 1.0
1261231576.0000 2.9175756066979375 0.8904928275733255 6.100000000000001 0.0 0.0 0.0 1.0
1261231577.0000 2.7783350394747686 0.7868718440131488 5.899999999999999 0.0 0.0 0.0 1.0
1261231578.0000 2.645570777662215 0.6864890161814401 5.5 0.0 0.0 0.0 1.0
1261231579.0000 2.499853904970223 0.5925824998248572 5.399999999999999 0.0 0.0 0.0 1.0
1261231580.0000 2.3638514904596377 0.5051522949361242 5.200000000000003 0.0 0.0 0.0 1.0
1261231581.0000 2.2213727704802295 0.4241984015170601 5.200000000000003 0.0 0.0 0.0 1.0
1261231582.0000 2.0659414395922795 0.3626734425288305 5.299999999999997 0.0 0.0 0.0 1.0
1261231583.0000 1.9137482614460168 0.30438663926906884 5.799999999999997 0.0 0.0 0.0 1.0
1261231584.0000 1.7583169305580668 0.24933799173413718 6.200000000000003 0.0 0.0 0.0 1.0
1261231585.0000 1.6028855996992206 0.2007656556834263 6.200000000000003 0.0 0.0 0.0 1.0
1261231586.0000 1.457168726992677 0.14571700815940858 6.299999999999997 0.0 0.0 0.0 1.0
1261231587.0000 1.3017373961192789 0.10685913931774849 5.899999999999999 0.0 0.0 0.0 1.0
1261231588.0000 1.1495442179584643 0.0680012704760884 5.299999999999997 0.0 0.0 0.0 1.0
1261231589.0000 1.0038273452519206 0.03561971310409717 4.5 0.0 0.0 0.0 1.0
1261231590.0000 0.8645867780141998 0.006476311469668872 3.299999999999997 0.0 0.0 0.0 1.0
1261231591.0000 0.7188699053222081 -0.02266709016294044 2.5 0.0 0.0 0.0 1.0
1261231592.0000 0.5699148799030809 -0.04857233605434885 1.2999999999999972 0.0 0.0 0.0 1.0
1261231593.0000 0.4241980071965372 -0.06476311473670648 0.7999999999999972 0.0 0.0 0.0 1.0
1261231594.0000 0.281719287217129 -0.08095389342815906 0.3999999999999986 0.0 0.0 0.0 1.0
1261231595.0000 0.13924056723772082 -0.08419204915662704 0.20000000000000284 0.0 0.0 0.0 1.0
1261231596.0000 -0.012952610893989913 -0.07771573768695816 -1.6000000000000014 0.0 0.0 0.0 1.0
1261231597.0000 -0.15219317814626265 -0.0680012704760884 -2.0 0.0 0.0 0.0 1.0
