0.000000 0.000000000 0.000000000 0.000000000 0.000000000 0.000000000 0.000000000 1.000000000
0.103391 -0.006478088 -0.002676384 0.964484394 0.002270860 0.000722437 -0.000357774 0.999997079
0.207106 -0.003445583 -0.001328161 1.918401241 0.002677821 0.001081414 0.000711532 0.999995589
0.310262 -0.008532874 -0.002025381 2.858867884 0.000703166 0.001335306 0.001181595 0.999998152
0.413621 -0.006019759 -0.005431811 3.807263374 -0.002396539 0.001039588 0.002446303 0.999993563
0.517929 -0.002696874 -0.003490183 4.744716167 -0.002465493 0.000262471 0.004291500 0.999987721
0.620389 -0.005206974 0.000853408 5.672327042 -0.000948522 -0.000064526 0.005574214 0.999984026
0.724219 -0.008049852 0.007902426 6.602643490 0.000898526 -0.000576003 0.005997644 0.999981463
0.827211 -0.017018581 -0.000829926 7.524854183 0.000937832 -0.000770958 0.005632772 0.999983370
0.930557 -0.023180973 -0.000564258 8.439585686 0.000001259 -0.001394604 0.005568521 0.999983549
1.034070 -0.036996990 0.003939865 9.378331184 -0.001314174 -0.001455870 0.005368942 0.999983668
1.137438 -0.045853671 0.006583088 10.300550461 -0.002098070 -0.001899846 0.005512665 0.999980807
1.244258 -0.051188998 0.011244548 11.215509415 -0.002389014 -0.002324673 0.006109117 0.999975801
1.344229 -0.051615138 0.008109184 12.128104210 -0.002593794 -0.002720803 0.006212174 0.999973595
1.447568 -0.062827736 0.011019682 13.034336090 -0.001908401 -0.003055020 0.006543525 0.999972105
1.551083 -0.080286130 0.017273216 13.939499855 -0.000828360 -0.003634942 0.006687402 0.999970675
1.654521 -0.091024429 0.028327532 14.841650009 0.000068252 -0.004416748 0.007310743 0.999963522
1.757843 -0.092667349 0.026260281 15.740123749 0.000296978 -0.005388376 0.006962055 0.999961197
1.861353 -0.117367350 0.027873382 16.640838623 0.000815558 -0.006038568 0.006308841 0.999961495
1.964724 -0.132604375 0.024294373 17.533885956 0.000735395 -0.006959469 0.005484590 0.999960482
2.068236 -0.159323171 0.023696935 18.425924301 0.000336895 -0.007408556 0.005784580 0.999955773
2.171620 -0.171306089 0.022062832 19.317224503 -0.000489620 -0.008230427 0.005711747 0.999949694
2.275131 -0.189894617 0.026891883 20.200130463 -0.000618024 -0.009023874 0.005483846 0.999944031
2.378626 -0.207142517 0.023615547 21.076091766 -0.000768582 -0.009935279 0.006117997 0.999931633
2.482010 -0.226121753 0.024643674 21.949325562 -0.000490626 -0.010990164 0.006068824 0.999921083
2.585514 -0.252571136 0.022937762 22.804794312 -0.000678747 -0.011138329 0.006229978 0.999918342
2.689023 -0.272987098 0.027470969 23.664236069 -0.001579516 -0.011811032 0.006112065 0.999910295
2.793694 -0.293806821 0.028154388 24.509815216 -0.003075033 -0.012213901 0.006707733 0.999898195
2.896139 -0.320166439 0.028732913 25.350448608 -0.003882679 -0.012416336 0.006480625 0.999894381
2.999556 -0.346578360 0.034326497 26.179691315 -0.003215842 -0.012763076 0.006257858 0.999893785
3.103545 -0.377404243 0.037804160 26.992294312 -0.001860655 -0.013062964 0.005336198 0.999898732
3.206573 -0.402278751 0.037184190 27.785444260 -0.001122441 -0.013441218 0.005249167 0.999895275
3.310078 -0.430148363 0.041140169 28.580902100 -0.000871874 -0.013912761 0.004811678 0.999891281
3.413963 -0.454425484 0.039793000 29.366933823 -0.000649353 -0.014613857 0.004863735 0.999881208
3.517076 -0.480757415 0.036272179 30.151035309 -0.000351873 -0.015675440 0.004884279 0.999865174
3.620721 -0.512189746 0.035765085 30.915096283 -0.000337386 -0.016600508 0.005073746 0.999849260
3.724674 -0.547785461 0.039527543 31.668548584 -0.000855436 -0.017460495 0.004797638 0.999835670
3.827725 -0.565731108 0.041213743 32.439590454 -0.002014527 -0.018691082 0.004981251 0.999810874
3.931241 -0.600140572 0.043367162 33.172183990 -0.002773409 -0.019699171 0.004591142 0.999791563
4.034871 -0.640875161 0.046068944 33.896404266 -0.002801013 -0.020528028 0.003816471 0.999778092
4.142151 -0.677663863 0.042972986 34.626335144 -0.002441874 -0.021516880 0.002669062 0.999761939
4.243437 -0.707670987 0.049418095 35.337192535 -0.002011622 -0.022605449 0.001916886 0.999740601
4.345966 -0.744334042 0.053562213 36.040466309 -0.002546739 -0.023401396 0.001774058 0.999721348
4.449183 -0.789075315 0.054873057 36.729751587 -0.003484532 -0.023730176 0.001024615 0.999711812
4.552519 -0.822069883 0.057627354 37.407062531 -0.003743195 -0.024026545 -0.000275200 0.999704301
4.656235 -0.863800287 0.061606370 38.077678680 -0.002571939 -0.023309555 -0.002014713 0.999722958
4.760815 -0.899503171 0.052038200 38.734970093 -0.001323646 -0.022340991 -0.002945939 0.999745190
4.863788 -0.921598554 0.063253134 39.383590698 -0.000117735 -0.021556202 -0.003123228 0.999762774
4.966824 -0.953972042 0.063673362 40.020420074 -0.000610289 -0.019911695 -0.003623839 0.999795020
5.073257 -0.989061356 0.066956170 40.654640198 -0.001869180 -0.018240884 -0.006087196 0.999813378
5.174268 -1.009003997 0.064437054 41.293960571 -0.003659602 -0.016441993 -0.008064299 0.999825597
5.277498 -1.034253597 0.068179809 41.900466919 -0.004132777 -0.014264216 -0.010522765 0.999834359
5.381142 -1.054349542 0.075519547 42.485298157 -0.004203374 -0.011618646 -0.012356282 0.999847293
5.484644 -1.075689316 0.082767636 43.052642822 -0.005224661 -0.008603816 -0.014403580 0.999845624
5.588095 -1.082644582 0.080270424 43.602546692 -0.005948647 -0.005470192 -0.016742747 0.999827147
5.691619 -1.088821769 0.084240146 44.134433746 -0.005828076 -0.001969600 -0.018445114 0.999810934
5.795223 -1.089123487 0.087868452 44.647312164 -0.005882525 0.001616593 -0.020145331 0.999778450
5.898736 -1.086660862 0.091931202 45.145317078 -0.005701113 0.005327936 -0.022219041 0.999722660
6.002373 -1.085827947 0.092217252 45.606800079 -0.004554797 0.009255040 -0.024279961 0.999651968
6.105870 -1.073132873 0.093728490 46.057109833 -0.003082542 0.013205159 -0.025275221 0.999588549
6.209506 -1.057154894 0.097947419 46.486049652 -0.003002200 0.017162019 -0.025429877 0.999524772
6.313021 -1.034599185 0.097584598 46.883560181 -0.003828564 0.021180330 -0.025080206 0.999453723
6.416516 -1.008515239 0.103742413 47.269031525 -0.004191795 0.025036158 -0.026059499 0.999338031
6.524037 -0.999181747 0.097120330 47.624969482 -0.004606351 0.029466057 -0.027689511 0.999171555
6.623722 -0.970315218 0.100148879 47.949752808 -0.004471964 0.033667386 -0.030166412 0.998967707
6.727294 -0.949588358 0.097269706 48.250076294 -0.004746397 0.038226400 -0.032051679 0.998743713
6.830809 -0.921064854 0.094986767 48.532047272 -0.005259230 0.042930633 -0.031740230 0.998559892
6.934429 -0.883907437 0.095982373 48.809272766 -0.004427875 0.048276968 -0.031132603 0.998338878
7.038067 -0.848441601 0.091249846 49.070571899 -0.002389009 0.054266531 -0.030298512 0.998063862
7.141701 -0.806842327 0.094206184 49.338745117 -0.000486948 0.060989678 -0.030681998 0.997666597
7.245330 -0.766259015 0.093060210 49.602966309 0.000316222 0.068817712 -0.031428061 0.997134030
7.353300 -0.716245413 0.087587543 49.848491669 0.000610521 0.076953255 -0.032371487 0.996508837
7.452592 -0.660794973 0.086394422 50.103496552 0.000886090 0.085514471 -0.032670207 0.995800734
7.556580 -0.602546811 0.089394905 50.364044189 0.001378246 0.094716817 -0.032044493 0.994987428
7.663357 -0.538786888 0.083372608 50.603183746 0.001140625 0.104626298 -0.031804241 0.994002283
7.763356 -0.464355528 0.078943953 50.844322205 0.001381391 0.114849009 -0.031856965 0.992871046
7.866988 -0.387188226 0.078720845 51.082740784 0.002103391 0.125591323 -0.032923982 0.991533399
7.970621 -0.302458674 0.072992526 51.325771332 0.002639218 0.137306213 -0.033476841 0.989959300
8.074250 -0.206551641 0.068228543 51.575149536 0.002757884 0.149814144 -0.034103721 0.988121986
8.177962 -0.105237484 0.062266201 51.808498383 0.002535358 0.163016960 -0.035543889 0.985979557
8.283921 -0.002965125 0.052114297 52.047309875 0.002336226 0.177422538 -0.036672615 0.983448446
8.385961 0.115367264 0.043575965 52.285076141 0.002374323 0.192470312 -0.037071940 0.980599403
8.488779 0.259488255 0.037036624 52.516708374 0.003129025 0.208338812 -0.036071535 0.977386296
8.593446 0.405228645 0.029354189 52.743106842 0.004276147 0.225771993 -0.034487076 0.973560154
8.696029 0.558989048 0.019403446 52.963756561 0.005948155 0.244366199 -0.033789810 0.969075859
8.799662 0.728503048 0.015217571 53.192432404 0.007938528 0.263404340 -0.034213368 0.964045942
8.903911 0.914183497 0.005192541 53.418510437 0.009470416 0.283213109 -0.034699731 0.958382249
9.008027 1.110285640 -0.002478796 53.647499084 0.010339579 0.304111272 -0.035999071 0.951899946
9.110580 1.321258903 -0.014872560 53.879947662 0.010414260 0.325699985 -0.038170215 0.944644988
9.214197 1.549051404 -0.032331254 54.107540131 0.010199754 0.347604841 -0.040542763 0.936708689
9.317832 1.806684136 -0.046781927 54.336318970 0.010558509 0.370528013 -0.041221526 0.927846074
9.421456 2.088776112 -0.067679010 54.561290741 0.010658093 0.394572735 -0.039955895 0.917933702
9.525112 2.379474878 -0.087417938 54.769973755 0.010906181 0.418737650 -0.039219048 0.907194376
9.630085 2.715090275 -0.107955419 54.994071960 0.011096844 0.443570524 -0.039024573 0.895320654
9.732384 3.070607901 -0.128361225 55.196643829 0.012300892 0.468842179 -0.038464740 0.882358313
9.836009 3.448834419 -0.155072868 55.391956329 0.012615175 0.494089276 -0.037779272 0.868498325
9.939685 3.869383574 -0.169825792 55.573249817 0.012221853 0.518009365 -0.037501168 0.854465067
10.043900 4.305605888 -0.194201052 55.742179871 0.010903466 0.541461229 -0.037153386 0.839833617
10.146770 4.754767895 -0.215561286 55.894397736 0.009013433 0.563977122 -0.038690586 0.824834287
10.250360 5.213365078 -0.236928046 56.025375366 0.009574023 0.585571527 -0.039237577 0.809613943
10.353670 5.696877480 -0.268667787 56.111148834 0.012500688 0.605501831 -0.035311598 0.794961870
10.457170 6.215576649 -0.291162878 56.188610077 0.015291046 0.623725057 -0.029895090 0.780922234
10.562990 6.739924431 -0.322743028 56.250629425 0.017918525 0.640529335 -0.027097629 0.767246246
10.664530 7.247368336 -0.347006917 56.298450470 0.019263852 0.655448437 -0.027095767 0.754507899
10.767050 7.792823315 -0.379688233 56.330314636 0.022455672 0.667895854 -0.024855264 0.743500590
10.870220 8.351493835 -0.417190701 56.347484589 0.024035351 0.678681254 -0.022114992 0.733706355
10.973420 8.919614792 -0.451992214 56.359161377 0.025504891 0.687934101 -0.019431660 0.725064576
11.077200 9.479413986 -0.477354407 56.356708527 0.026694896 0.695202827 -0.017578773 0.718102694
11.180190 10.070032120 -0.502089560 56.356082916 0.028225930 0.700885713 -0.017352900 0.712503612
11.284150 10.660311699 -0.539180338 56.350566864 0.027981898 0.705695331 -0.017254675 0.707752347
11.385900 11.268650055 -0.574785352 56.341419220 0.028653411 0.709796250 -0.017181255 0.703614354
11.488980 11.890391350 -0.610105515 56.323715210 0.031173091 0.713024020 -0.016546000 0.700250804
11.592550 12.522713661 -0.647152483 56.294860840 0.033076659 0.715201378 -0.015827209 0.697955906
11.695270 13.176135063 -0.680831254 56.278915405 0.032941382 0.716906488 -0.015502430 0.696218073
11.799490 13.845615387 -0.713134110 56.260131836 0.031294405 0.718163013 -0.015461316 0.694998920
11.901710 14.520817757 -0.749389172 56.245483398 0.028090827 0.719108284 -0.013825904 0.694192350
12.004820 15.205022812 -0.783409774 56.217189789 0.026599849 0.719529033 -0.011315245 0.693860531
12.108000 15.896000862 -0.819477737 56.191726685 0.026549356 0.719737232 -0.009390413 0.693675160
12.211190 16.595100403 -0.860695839 56.157993317 0.028389176 0.719774842 -0.009127086 0.693566799
12.314500 17.296709061 -0.893719733 56.132514954 0.031263176 0.719406724 -0.011431552 0.693790972
12.417650 18.002674103 -0.926299155 56.112621307 0.034417912 0.718618870 -0.013967178 0.694411516
12.521050 18.723325729 -0.961113572 56.096519470 0.034962039 0.717933118 -0.013904171 0.695094526
12.624550 19.459796906 -1.003522158 56.073852539 0.033292446 0.717090607 -0.012454064 0.696072996
12.727430 20.228151321 -1.048668981 56.051403046 0.030936595 0.716329336 -0.010446278 0.696997941
12.830730 20.966144562 -1.092348695 56.037750244 0.029775469 0.715290844 -0.010416406 0.698114574
12.934130 21.695577621 -1.132171631 56.015899658 0.034398392 0.714089632 -0.009668781 0.699141860
13.037710 22.427576065 -1.171400070 56.006134033 0.036996432 0.713004589 -0.011067378 0.700095117
13.141650 23.162286758 -1.211470127 56.012748718 0.035148535 0.712151110 -0.013492492 0.701015949
13.244210 23.921550751 -1.259123564 56.002357483 0.032403313 0.710976839 -0.013707401 0.702334762
13.348030 24.659158707 -1.310684800 55.993019104 0.032558650 0.709360540 -0.010825215 0.704010189
13.452770 25.401802063 -1.356598616 55.983963013 0.034577396 0.708045483 -0.009575943 0.705254793
13.554880 26.143962860 -1.400955081 55.995479584 0.036199674 0.707173228 -0.011176300 0.706024528
13.657960 26.896837234 -1.442039728 55.996849060 0.035223179 0.705697298 -0.012908967 0.707519591
13.761270 27.647247314 -1.487051249 56.008270264 0.034904793 0.704403162 -0.012936114 0.708823264
13.864670 28.390251160 -1.537382960 56.013996124 0.035137247 0.703102410 -0.010352141 0.710144520
13.968170 29.138761520 -1.586051822 56.013702393 0.036935154 0.701701522 -0.008911252 0.711457193
14.071640 29.894515991 -1.636245251 56.026569366 0.038525034 0.700569868 -0.008063107 0.712497473
14.175050 30.643239975 -1.679157853 56.041370392 0.038787100 0.699545801 -0.007871831 0.713490903
14.278600 31.391609192 -1.726485014 56.064346313 0.038846787 0.698306680 -0.006820807 0.714711249
14.382120 32.138603210 -1.769817352 56.085651398 0.039365765 0.697042942 -0.005874302 0.715923846
14.485500 32.881580353 -1.823352098 56.123653412 0.038755942 0.696121335 -0.006378268 0.716848910
14.588970 33.638511658 -1.864436746 56.145313263 0.038338616 0.694961607 -0.008180827 0.717977405
14.692450 34.395191193 -1.908169866 56.170112610 0.039112441 0.693897188 -0.007469336 0.718972266
14.795970 35.151489258 -1.953536749 56.205898285 0.038303271 0.692913353 -0.008094428 0.719957232
14.899490 35.906150818 -1.995667219 56.245498657 0.037962172 0.692056775 -0.008914826 0.720789075
15.002870 36.669239044 -2.048498869 56.288856506 0.036906764 0.691092670 -0.009688321 0.721758187
15.106400 37.436500549 -2.097582102 56.326229095 0.037089493 0.689785719 -0.010773657 0.722982705
15.209870 38.194469452 -2.140813112 56.374221802 0.038098536 0.688769221 -0.012889584 0.723864198
15.313360 38.968299866 -2.191787243 56.412174225 0.039076172 0.687319279 -0.013530112 0.725177348
15.416750 39.735877991 -2.245011568 56.468555450 0.037707299 0.686252534 -0.016154958 0.726205647
15.520220 40.514682770 -2.298404455 56.530487061 0.036046579 0.685303807 -0.017136289 0.727162719
15.623920 41.288600922 -2.357671499 56.585334778 0.037082452 0.683956385 -0.016305355 0.728397310
15.727200 42.077621460 -2.415320635 56.649482727 0.037295792 0.682736158 -0.017209450 0.729509532
15.830620 42.862110138 -2.468431711 56.720645905 0.036408294 0.681409597 -0.018754622 0.730755568
15.934250 43.658336639 -2.522882938 56.784198761 0.035372984 0.679795027 -0.018390527 0.732317746
16.039410 44.452014923 -2.588904858 56.861766815 0.035374012 0.678270638 -0.018121267 0.733736515
16.140910 45.235847473 -2.645793438 56.928638458 0.035568513 0.676271021 -0.020644188 0.735504091
16.244300 46.027469635 -2.705261946 57.009452820 0.038105920 0.673960924 -0.024282455 0.737383842
16.348280 46.825271606 -2.768013000 57.090404510 0.039609645 0.671028674 -0.026176795 0.739909649
16.453450 47.628742218 -2.833048344 57.193656921 0.039262608 0.668314338 -0.028685980 0.742287993
16.554450 48.446815491 -2.902820349 57.293998718 0.037430994 0.665651917 -0.029119320 0.744754016
16.658020 49.253719330 -2.970240831 57.403556824 0.037024498 0.662936807 -0.028534759 0.747214675
16.761400 50.078559875 -3.035415649 57.509143829 0.035812825 0.659976244 -0.027477909 0.749929190
16.864710 50.889717102 -3.106423855 57.632133484 0.032948114 0.657260239 -0.026139133 0.752489328
16.968080 51.709941864 -3.167158842 57.763679504 0.029349329 0.654653251 -0.024492795 0.754962146
17.073430 52.520919800 -3.232146502 57.878906250 0.028432673 0.651737332 -0.023458531 0.757548451
17.175580 53.323589325 -3.295390606 58.018001556 0.029049337 0.649008632 -0.024050308 0.759845734
17.279480 54.108989716 -3.349934340 58.150032043 0.032073479 0.646654010 -0.026026897 0.761664271
17.383340 54.893474579 -3.408796787 58.295497894 0.032983810 0.644685328 -0.027652873 0.763235331
17.485440 55.671936035 -3.474416971 58.450920105 0.033792112 0.642823160 -0.028948516 0.764721215
17.588870 56.446220398 -3.552822113 58.588562012 0.032229770 0.640644908 -0.029741906 0.766583800
17.693880 57.215190887 -3.617245674 58.732307434 0.032681517 0.638703287 -0.027490983 0.768267095
17.795780 57.973793030 -3.668641329 58.881931305 0.030750284 0.637085140 -0.025015702 0.769773424
17.899360 58.723907471 -3.729801655 59.033622742 0.027586384 0.635799527 -0.023515090 0.771002591
18.003090 59.465095520 -3.783649206 59.190418243 0.024929255 0.634488165 -0.023551350 0.772171378
18.106340 60.194267273 -3.843241692 59.336128235 0.024260506 0.633136630 -0.023935089 0.773289442
18.209790 60.907886505 -3.891080618 59.490413666 0.024392538 0.632324040 -0.025322625 0.773905694
18.313370 61.610855103 -3.943294048 59.641120911 0.024440659 0.631475747 -0.028104411 0.774500549
18.417190 62.303627014 -3.993843079 59.793411255 0.025786817 0.630597949 -0.029736180 0.775110960
18.520470 62.990188599 -4.046964169 59.948307037 0.027760146 0.629757166 -0.031612296 0.775651932
18.623970 63.665485382 -4.101417542 60.096946716 0.028753020 0.629177213 -0.032044336 0.776068568
18.727490 64.354667664 -4.159864426 60.255493164 0.027867744 0.628567457 -0.032481238 0.776576638
18.830950 65.017051697 -4.215786934 60.402790070 0.026676562 0.628464758 -0.031497676 0.776742101
18.934680 65.675018311 -4.268271446 60.545169830 0.025743648 0.628174901 -0.030673407 0.777041018
19.038030 66.325805664 -4.321730137 60.683834076 0.025594085 0.628185213 -0.029984128 0.777064502
19.141510 66.957176208 -4.371642590 60.828948975 0.025244305 0.629012525 -0.029590851 0.776421487
19.245500 67.569038391 -4.421211243 60.957431793 0.025144009 0.629470646 -0.030328775 0.776024878
19.351800 68.177101135 -4.471118450 61.090942383 0.025944607 0.630378842 -0.031548008 0.775212288
19.452110 68.772705078 -4.522808552 61.213752747 0.028148739 0.631260455 -0.032046057 0.774397135
19.557750 69.370803833 -4.571073532 61.331470490 0.029205274 0.631813586 -0.031497166 0.773929298
19.660070 69.962844849 -4.611886501 61.454448700 0.028638402 0.632745683 -0.031455744 0.773190320
19.763960 70.550025940 -4.658665657 61.575057983 0.027343303 0.633790672 -0.030696774 0.772411466
19.866980 71.126701355 -4.708903313 61.691154480 0.025961259 0.634658515 -0.029174840 0.771805286
19.969850 71.689826965 -4.758086681 61.795703888 0.026927931 0.635369182 -0.027734345 0.771240354
20.073350 72.236869812 -4.797852039 61.895637512 0.028980166 0.636101007 -0.027104124 0.770584881
20.177180 72.787734985 -4.837884903 61.997776031 0.031412117 0.637064993 -0.026436267 0.769715965
20.280310 73.332054138 -4.879545689 62.101543427 0.031893615 0.637741506 -0.027297305 0.769105613
20.383850 73.876228333 -4.921040535 62.205017090 0.032736685 0.638235271 -0.028336076 0.768622875
20.487640 74.424835205 -4.970952034 62.305385590 0.032734189 0.638755322 -0.027129175 0.768234432
20.590890 74.972595215 -5.007331371 62.396755219 0.034662526 0.638489783 -0.024761781 0.768450499
20.694250 75.510604858 -5.054934978 62.490501404 0.035640892 0.637738168 -0.022421664 0.769101441
20.797730 76.065460205 -5.098178864 62.596908569 0.036528580 0.636973619 -0.021336077 0.769724071
20.902080 76.624107361 -5.145042419 62.708713531 0.035395626 0.635574579 -0.022098064 0.770911038
21.004610 77.175056458 -5.189993382 62.832931519 0.035325050 0.633553505 -0.022362875 0.772568464
21.108200 77.740722656 -5.229960918 62.960659027 0.035609175 0.631082654 -0.021668896 0.774594843
21.213570 78.310585022 -5.271707058 63.083766937 0.035100240 0.627824485 -0.022354078 0.777241707
21.316100 78.881752014 -5.315143108 63.225399017 0.034604233 0.624600351 -0.021509578 0.779880941
21.417970 79.441589355 -5.358425140 63.349998474 0.033184212 0.620969176 -0.022495829 0.782809079
21.524290 80.023620605 -5.403453827 63.500106812 0.032813244 0.617055595 -0.022622431 0.785909593
21.624800 80.607231140 -5.444535255 63.667335510 0.032474190 0.613098383 -0.025525993 0.788926065
21.730330 81.208259583 -5.488059998 63.849056244 0.032202043 0.609223425 -0.027148757 0.791879296
21.833000 81.810478210 -5.535190105 64.027778625 0.031886376 0.604559720 -0.029196424 0.795385659
21.936170 82.421615601 -5.585430145 64.215629578 0.032220621 0.600344121 -0.030125868 0.798524380
22.038410 83.042282104 -5.636906624 64.420448303 0.031398423 0.596281528 -0.031087818 0.801558495
22.141920 83.670158386 -5.687656403 64.625724792 0.031449895 0.591928363 -0.031324878 0.804767370
22.245290 84.311622620 -5.733168125 64.850837708 0.030385606 0.587591052 -0.032764278 0.807923257
22.348790 84.953781128 -5.772887230 65.067489624 0.028822865 0.583096623 -0.031321917 0.811286926
22.452170 85.614677429 -5.822972775 65.302825928 0.027653202 0.578716218 -0.027738752 0.814587891
22.555690 86.283523560 -5.874844074 65.550834656 0.026590975 0.574074090 -0.025823990 0.817963898
22.659440 86.971633911 -5.917998314 65.812698364 0.025071744 0.569485784 -0.025184164 0.821232677
22.762490 87.658790588 -5.959706783 66.083694458 0.026983326 0.565545917 -0.022376595 0.823971510
22.865960 88.357635498 -5.998424530 66.355285645 0.027681118 0.561853707 -0.018844927 0.826558530
22.969530 89.075386047 -6.040522575 66.635871887 0.027895922 0.558942020 -0.013075398 0.828634202
23.072970 89.790077209 -6.081817627 66.924247742 0.028516321 0.555704892 -0.009978737 0.830830514
23.176610 90.494491577 -6.131675243 67.228149414 0.029485529 0.552511394 -0.009289784 0.832931876
23.280040 91.217140198 -6.169708729 67.538055420 0.033670247 0.549018264 -0.010473687 0.835066199
23.384670 91.921714783 -6.210970879 67.846229553 0.037672020 0.545758128 -0.010512056 0.837029457
23.487620 92.626708984 -6.262021065 68.173255920 0.037909552 0.543409765 -0.011744515 0.838528931
23.590650 93.333267212 -6.320092201 68.508758545 0.035484523 0.541181386 -0.014220847 0.840036511
23.694540 94.017723083 -6.376263618 68.845703125 0.034251928 0.539318502 -0.017280377 0.841227531
23.798210 94.696319580 -6.435464382 69.172866821 0.035403393 0.537458539 -0.018457174 0.842344463
23.903510 95.366088867 -6.493341923 69.500305176 0.035941735 0.535587668 -0.020776244 0.843458593
24.004580 96.033432007 -6.550413609 69.823318481 0.036124267 0.533823788 -0.022184942 0.844532430
24.108220 96.694129944 -6.608161449 70.149749756 0.034986675 0.532001793 -0.022235638 0.845727861
24.213210 97.345085144 -6.668425560 70.465316772 0.034163512 0.530036807 -0.020715350 0.847032905
24.315110 97.989227295 -6.720948696 70.788253784 0.032915290 0.528457940 -0.020033428 0.848084569
24.422100 98.609306335 -6.781334400 71.102134705 0.031859569 0.526824236 -0.020127974 0.849138379
24.522420 99.237754822 -6.831480026 71.422721863 0.031945799 0.525038362 -0.021096092 0.850217104
24.625310 99.844436646 -6.885514259 71.736228943 0.032618191 0.523810804 -0.020838529 0.850954771
24.728750 100.450149536 -6.935997009 72.043296814 0.032822371 0.522750378 -0.019727096 0.851625264
24.832200 101.043594360 -6.983860016 72.347824097 0.033378981 0.522001565 -0.018791325 0.852083981
24.935580 101.621864319 -7.034181118 72.647216797 0.032711808 0.521088243 -0.019221855 0.852659047
25.039090 102.198532104 -7.080111980 72.950508118 0.033314392 0.520231605 -0.018570701 0.853173077
25.142500 102.761756897 -7.125649452 73.239059448 0.033940990 0.518793583 -0.019245513 0.854008675
25.245970 103.318428040 -7.175019741 73.532859802 0.035478044 0.517507911 -0.018208265 0.854748666
25.349360 103.871963501 -7.221725941 73.824577332 0.036188103 0.515981257 -0.017533604 0.855655491
25.452750 104.407615662 -7.271082878 74.111709595 0.036895953 0.514528990 -0.016034864 0.856528759
25.556300 104.914695740 -7.321973324 74.369613647 0.036669299 0.512970030 -0.015812984 0.857477129
25.659630 105.433891296 -7.367164135 74.655982971 0.037158310 0.511467993 -0.015254330 0.858363032
25.763160 105.948783875 -7.414141178 74.941268921 0.037169091 0.509777009 -0.014827882 0.859375358
25.866530 106.459014893 -7.460214615 75.223785400 0.037733525 0.508112669 -0.014144294 0.860347390
25.970230 106.961715698 -7.504577160 75.507621765 0.038297269 0.506126821 -0.014530575 0.861485839
26.074530 107.464118958 -7.550228596 75.793067932 0.039577831 0.504031062 -0.013921912 0.862665892
26.177790 107.937591553 -7.597030163 76.075035095 0.040254701 0.501655936 -0.015745692 0.863986671
26.280040 108.421363831 -7.643201828 76.364562988 0.041658469 0.498787433 -0.018341443 0.865528345
26.384510 108.902290344 -7.689919472 76.666313171 0.042973243 0.495743275 -0.021841047 0.867130220
26.486950 109.384010315 -7.737922668 76.972770691 0.043920901 0.492549509 -0.025058126 0.868814170
26.590190 109.857933044 -7.794310093 77.271186829 0.044371787 0.489196390 -0.027548520 0.870608449
26.693580 110.346649170 -7.844406128 77.587837219 0.042637497 0.486263722 -0.028793078 0.872296154
26.796950 110.840332031 -7.897442818 77.918479919 0.039070878 0.483389646 -0.030366080 0.874005616
26.900360 111.337936401 -7.949643135 78.259986877 0.034878194 0.480331451 -0.031289823 0.875834525
27.003850 111.844161987 -8.003368378 78.604759216 0.030777145 0.477268219 -0.032758769 0.877607405
27.107250 112.353317261 -8.053505898 78.954612732 0.028513912 0.474044919 -0.032762922 0.879428804
27.210600 112.865058899 -8.097390175 79.316947937 0.028016998 0.470519692 -0.035118930 0.881245136
27.313990 113.384414673 -8.145376205 79.697692871 0.028187141 0.467310995 -0.037431262 0.882850349
27.417420 113.911521912 -8.188711166 80.071151733 0.028806947 0.463663399 -0.039032556 0.884682357
27.520750 114.441680908 -8.234496117 80.460693359 0.029050330 0.460158974 -0.040214565 0.886449397
27.624170 114.990951538 -8.289604187 80.876983643 0.027988972 0.456857830 -0.041207802 0.888143897
27.727690 115.543022156 -8.340055466 81.293991089 0.025996652 0.453032970 -0.043535959 0.890050530
27.831080 116.099998474 -8.394540787 81.723114014 0.024864463 0.449186772 -0.042822547 0.892064571
27.934460 116.672714233 -8.441890717 82.175682068 0.023843059 0.445241243 -0.042433541 0.894086719
28.037820 117.243659973 -8.492006302 82.632415771 0.023877649 0.441054523 -0.042546079 0.896153212
28.141050 117.815017700 -8.543236732 83.101203918 0.022835005 0.436438829 -0.044279866 0.898353517
28.244420 118.399505615 -8.585825920 83.593338013 0.023237608 0.431979030 -0.044613723 0.900479734
28.348030 119.008369446 -8.636564255 84.101348877 0.022452774 0.428056985 -0.045492005 0.902326763
28.451340 119.612686157 -8.687556267 84.616439819 0.022090569 0.425069511 -0.045128711 0.903765082
28.554810 120.219413757 -8.739572525 85.142478943 0.022204785 0.422994614 -0.044410802 0.904770792
28.660870 120.837585449 -8.795385361 85.666793823 0.022842610 0.420835406 -0.042588741 0.905848742
28.761830 121.463233948 -8.854437828 86.202003479 0.023698751 0.418871224 -0.040039267 0.906852841
28.866830 122.106407166 -8.903689384 86.742607117 0.024643851 0.417191058 -0.036308877 0.907758772
28.970690 122.752632141 -8.955875397 87.298370361 0.024910599 0.415004730 -0.032937169 0.908881545
29.073550 123.401489258 -9.011157990 87.866920471 0.025027536 0.413283855 -0.029943401 0.909765601
29.176740 124.041145325 -9.068705559 88.443405151 0.024257137 0.411262810 -0.029418968 0.910718977
29.279330 124.682533264 -9.122520447 89.026901245 0.024801256 0.409362078 -0.030018730 0.911540687
29.384830 125.311996460 -9.173128128 89.591728210 0.024423821 0.407320946 -0.032905247 0.912365258
29.486390 125.950523376 -9.224052429 90.197441101 0.022908308 0.405277163 -0.035668585 0.913210452
29.589380 126.599388123 -9.273275375 90.801200867 0.021040108 0.403501868 -0.034708831 0.914078116
29.692890 127.252449036 -9.321901321 91.418388367 0.017473266 0.401260465 -0.034758147 0.915137470
29.796330 127.907127380 -9.369480133 92.034347534 0.014518782 0.399398506 -0.032903351 0.916071713
29.899820 128.564514160 -9.412252426 92.658599854 0.013337534 0.396651804 -0.031303979 0.917338312
30.003170 129.221527100 -9.452640533 93.283157349 0.015237434 0.393880188 -0.028731752 0.918586254
30.106560 129.876739502 -9.497134209 93.910888672 0.020062609 0.390888572 -0.024888337 0.919882715
30.211630 130.509216309 -9.542659760 94.510192871 0.024900947 0.387444884 -0.023892650 0.921246707
30.313330 131.159469604 -9.588483810 95.161804199 0.027462000 0.383800626 -0.023144331 0.922717333
30.416690 131.808624268 -9.640759468 95.820907593 0.026395410 0.380080134 -0.021341946 0.924330533
30.520070 132.454711914 -9.699791908 96.481918335 0.025835853 0.376399308 -0.018486774 0.925912678
30.623580 133.090667725 -9.749939919 97.154762268 0.027092453 0.373094201 -0.016480917 0.927251339
30.726980 133.716918945 -9.804886818 97.802062988 0.030037768 0.369837195 -0.016346514 0.928467035
30.830330 134.346893311 -9.856743813 98.489372253 0.030712597 0.367398620 -0.016789230 0.929404736
30.933840 134.979293823 -9.914218903 99.173660278 0.030592052 0.365362555 -0.015357944 0.930235684
31.037350 135.621215820 -9.968510628 99.857231140 0.029361691 0.363516033 -0.012942362 0.931035161
31.142770 136.261627197 -10.023162842 100.554916382 0.028691726 0.362737328 -0.010956964 0.931385159
31.244240 136.896224976 -10.068735123 101.241622925 0.028093301 0.362204373 -0.008394361 0.931637406
31.347740 137.522216797 -10.119085312 101.939613342 0.027558627 0.362234473 -0.008119117 0.931644082
31.451260 138.152969360 -10.167640686 102.642700195 0.026947675 0.362500906 -0.008490627 0.931555033
31.555590 138.786422729 -10.218005180 103.333587646 0.027328357 0.362556249 -0.009507142 0.931512594
31.661730 139.420639038 -10.270443916 104.037902832 0.027141636 0.363320261 -0.011720234 0.931195140
31.763200 140.054962158 -10.317899704 104.742042542 0.027442420 0.364672303 -0.013617218 0.930631816
31.865880 140.687622070 -10.372542381 105.436050415 0.026321033 0.366030544 -0.015413600 0.930102825
31.970850 141.325592041 -10.423501015 106.134208679 0.025769101 0.367600888 -0.016512949 0.929479897
32.074110 141.971694946 -10.473924637 106.827140808 0.024850721 0.369021505 -0.016373856 0.928944290
32.176640 142.600708008 -10.526764870 107.502662659 0.022862509 0.370780021 -0.016523357 0.928292215
32.280170 143.247482300 -10.578064919 108.177307129 0.022763412 0.372701049 -0.014330170 0.927561522
32.382560 143.890121460 -10.631442070 108.849418640 0.025057863 0.374461293 -0.015559615 0.926773310
32.486110 144.520095825 -10.682591438 109.513893127 0.028017651 0.376640528 -0.019861173 0.925722659
32.589890 145.143417358 -10.735813141 110.169624329 0.030484971 0.378823429 -0.022638986 0.924689651
32.694680 145.778671265 -10.790913582 110.823791504 0.028354470 0.381309330 -0.022585211 0.923736513
32.796560 146.428741455 -10.849296570 111.482246399 0.025103705 0.383708894 -0.023173932 0.922821879
32.902290 147.063858032 -10.901981354 112.129829407 0.022557156 0.386126667 -0.023316434 0.921875119
33.003430 147.706817627 -10.948121071 112.770179749 0.022867605 0.388330191 -0.023313085 0.920941472
33.106800 148.359283447 -11.004423141 113.388900757 0.022831423 0.390139520 -0.022102298 0.920207262
33.211600 149.007171631 -11.055880547 114.010200500 0.024659390 0.392180920 -0.020964148 0.919318497
33.314720 149.651992798 -11.106989861 114.626083374 0.026291709 0.394594610 -0.019911340 0.918263257
33.417090 150.311050415 -11.160259247 115.242774963 0.028408431 0.396818578 -0.019390872 0.917252421
33.520520 150.964141846 -11.218588829 115.855667114 0.028104767 0.399393678 -0.019266034 0.916146100
33.623980 151.621047974 -11.275566101 116.465309143 0.027585249 0.401739866 -0.020582737 0.915106833
33.727760 152.284606934 -11.331135750 117.070152283 0.027633408 0.404842764 -0.020122450 0.913747132
33.830820 152.952102661 -11.384602547 117.678207397 0.027519515 0.408328086 -0.021392047 0.912169516
33.934650 153.623367310 -11.442686081 118.281112671 0.029209033 0.411787480 -0.024937920 0.910470188
34.037880 154.301666260 -11.500612259 118.877105713 0.030605737 0.415370107 -0.027233722 0.908729494
34.142230 154.993927002 -11.555811882 119.471313477 0.032189891 0.419061363 -0.027681919 0.906964779
34.244700 155.698348999 -11.618730545 120.069633484 0.028120389 0.423189372 -0.026684558 0.905211508
34.348070 156.407073975 -11.678261757 120.667488098 0.022084195 0.427248508 -0.027282380 0.903452635
34.451590 157.126571655 -11.735713959 121.260108948 0.019398458 0.431529939 -0.025922041 0.901517391
34.555090 157.852554321 -11.777872086 121.844009399 0.017227039 0.435556680 -0.027594285 0.899573326
34.659100 158.578857422 -11.822915077 122.413787842 0.018717773 0.440136075 -0.027558969 0.897312880
34.764710 159.320877075 -11.872592926 122.974746704 0.021843342 0.443955213 -0.025931070 0.895407319
34.866170 160.070938110 -11.925955772 123.543083191 0.026953431 0.447727263 -0.028185766 0.893319309
34.969030 160.830856323 -11.983395576 124.094535828 0.029474594 0.451786548 -0.027375424 0.891218662
35.074860 161.591842651 -12.050064087 124.644790649 0.028383216 0.455812067 -0.025589606 0.889255285
35.176790 162.358627319 -12.107991219 125.187889099 0.027310163 0.459872007 -0.022730587 0.887274027
35.279490 163.122497559 -12.168549538 125.728248596 0.026964949 0.463860095 -0.022413878 0.885214269
35.382770 163.890335083 -12.224097252 126.252471924 0.026997944 0.467473894 -0.023281602 0.883287728
35.486280 164.643676758 -12.285445213 126.753425598 0.028114932 0.470641822 -0.021366870 0.881617427
35.589680 165.403671265 -12.345899582 127.244522095 0.027467616 0.473383576 -0.018116938 0.880241632
35.693160 166.155319214 -12.398460388 127.748207092 0.026302753 0.476144850 -0.017526481 0.878798664
35.796540 166.907089233 -12.456035614 128.238754272 0.024728971 0.478387862 -0.017765975 0.877620578
35.900040 167.627441406 -12.514461517 128.698486328 0.025405912 0.481041819 -0.018489810 0.876134396
36.006010 168.363159180 -12.572591782 129.163330078 0.027184671 0.482829541 -0.018939001 0.875087380
36.108200 169.092422485 -12.622099876 129.620605469 0.030017070 0.484337926 -0.020689499 0.874121130
36.210300 169.817947388 -12.673385620 130.083068848 0.030324081 0.486007452 -0.022087909 0.873149097
36.313700 170.542190552 -12.727280617 130.547576904 0.028236892 0.487669349 -0.020572200 0.872329116
36.417070 171.259017944 -12.789475441 130.968444824 0.025507009 0.488705724 -0.017128780 0.871907532
36.520460 171.976043701 -12.840521812 131.396987915 0.025175316 0.490092903 -0.014290739 0.871189356
36.623970 172.685424805 -12.886404037 131.818649292 0.027118577 0.491368979 -0.012202725 0.870443702
36.727360 173.384887695 -12.936643600 132.246032715 0.029014997 0.492598921 -0.012616326 0.869681120
36.830740 174.074539185 -12.989404678 132.666336060 0.031398904 0.493575633 -0.015385471 0.868999720
36.934690 174.747070312 -13.048403740 133.075820923 0.034660377 0.494564921 -0.018114878 0.868260324
37.040370 175.395141602 -13.092930794 133.450286865 0.037294816 0.495519221 -0.017491603 0.867619693
37.141020 176.074966431 -13.142745018 133.851104736 0.034108736 0.496909559 -0.015787471 0.866988063
37.244700 176.751052856 -13.194244385 134.254470825 0.026600536 0.498500884 -0.015434672 0.866343498
37.347880 177.404434204 -13.244128227 134.653228760 0.021025898 0.500092506 -0.016538700 0.865558684
37.451400 178.036483765 -13.299210548 135.024887085 0.020894036 0.501106262 -0.017905701 0.864948153
37.554790 178.680938721 -13.332492828 135.393524170 0.023649635 0.502403438 -0.017772228 0.864127040
37.658150 179.327819824 -13.372288704 135.760025024 0.025371784 0.503531337 -0.017869238 0.863419473
37.761670 179.972991943 -13.410661697 136.127899170 0.024792874 0.504774690 -0.017663369 0.862714231
37.865070 180.602600098 -13.453291893 136.480270386 0.024234267 0.505929708 -0.017387476 0.862058878
37.968550 181.209686279 -13.506276131 136.815551758 0.023311943 0.507015169 -0.017530639 0.861443460
38.072390 181.831085205 -13.549934387 137.156707764 0.024058728 0.508438885 -0.017232550 0.860589385
38.176120 182.444854736 -13.592520714 137.487594604 0.025267314 0.509931803 -0.017310038 0.859669387
38.278810 183.054199219 -13.634009361 137.817581177 0.026183652 0.511910796 -0.017818887 0.858454585
38.382320 183.645828247 -13.667757988 138.137512207 0.027054802 0.514582932 -0.018814513 0.856807113
38.485830 184.243881226 -13.704429626 138.454772949 0.028223367 0.516881824 -0.019641781 0.855365932
38.589330 184.831558228 -13.751984596 138.760345459 0.030027434 0.519636512 -0.020116065 0.853622615
38.692720 185.432556152 -13.797289848 139.059967041 0.032015231 0.522499979 -0.020334130 0.851795375
38.796340 186.033142090 -13.842774391 139.368408203 0.032267053 0.525634944 -0.021619918 0.849823117
38.899920 186.633209229 -13.892891884 139.663360596 0.030710580 0.528774500 -0.023431649 0.847882926
39.003240 187.247711182 -13.940526009 139.972412109 0.029548956 0.531924307 -0.024891259 0.845910072
39.106870 187.874725342 -13.983313560 140.265380859 0.029745486 0.534728229 -0.025635654 0.844111204
39.210380 188.502410889 -14.036926270 140.563461304 0.030502142 0.538079083 -0.026754519 0.841917276
39.313880 189.133560181 -14.085741997 140.857727051 0.031187328 0.541578174 -0.029288542 0.839560986
39.417430 189.776168823 -14.137442589 141.146469116 0.031730730 0.544847727 -0.031053247 0.837358832
39.520900 190.405197144 -14.192643166 141.413497925 0.032081667 0.547993839 -0.032312520 0.835242212
39.624300 191.063995361 -14.251476288 141.696716309 0.032745160 0.551385641 -0.033322636 0.832941353
39.727990 191.731735229 -14.310066223 141.981735229 0.032859977 0.554742754 -0.034616530 0.830651760
39.831290 192.420059204 -14.369393349 142.262344360 0.034565572 0.558007598 -0.033668872 0.828431726
39.934800 193.122482300 -14.430376053 142.536468506 0.034848455 0.561280012 -0.033097316 0.826229393
40.038300 193.839111328 -14.493171692 142.812194824 0.034064543 0.564571619 -0.031987693 0.824060261
40.141680 194.549743652 -14.554565430 143.096572876 0.032251541 0.568157256 -0.031826019 0.821671605
40.245190 195.277114868 -14.614552498 143.367828369 0.030594653 0.571023703 -0.030464496 0.819797397
40.350540 196.038436890 -14.670159340 143.633377075 0.030567316 0.573643148 -0.028438017 0.818040550
40.452080 196.799362183 -14.723485947 143.908920288 0.027666666 0.576207221 -0.026856823 0.816393554
40.556060 197.578994751 -14.776939392 144.183151245 0.025834572 0.578744888 -0.024953194 0.814717233
40.660160 198.364151001 -14.836361885 144.440551758 0.027294574 0.580709040 -0.023537619 0.813312948
40.764080 199.152114868 -14.897077560 144.700820923 0.032282505 0.582596421 -0.024626872 0.811746716
40.865860 199.949691772 -14.949138641 144.959945679 0.038702350 0.584515333 -0.027149977 0.810004234
40.969360 200.752197266 -15.018755913 145.219314575 0.044107985 0.586163461 -0.027208714 0.808533609
41.072760 201.584289551 -15.089139938 145.477416992 0.044688970 0.588013589 -0.023973206 0.807259619
41.176820 202.445938110 -15.161950111 145.736267090 0.044151459 0.590042531 -0.019592326 0.805925906
41.282760 203.291549683 -15.245488167 145.995620728 0.042671900 0.592252672 -0.016734900 0.804447472
41.385110 204.140441895 -15.322569847 146.257415771 0.043704182 0.594096065 -0.019812934 0.802961528
41.486770 204.993148804 -15.391643524 146.524322510 0.045644209 0.595945299 -0.024467414 0.801353395
41.592690 205.849868774 -15.468504906 146.789215088 0.045486197 0.597943246 -0.026648274 0.799802959
41.693290 206.717468262 -15.552943230 147.046798706 0.042124312 0.600279152 -0.026143752 0.798252404
41.796670 207.599746704 -15.636284828 147.301498413 0.039598119 0.602496445 -0.026031462 0.796713471
41.900180 208.477447510 -15.715043068 147.548294067 0.039416034 0.604845047 -0.026999673 0.794908702
42.003560 209.391769409 -15.792149544 147.808425903 0.040523183 0.606776357 -0.028610826 0.793323219
42.106940 210.278060913 -15.872541428 148.036773682 0.041881382 0.608728886 -0.027574662 0.791792095
42.210320 211.189956665 -15.958501816 148.279815674 0.043047011 0.610578775 -0.026185194 0.790351093
42.313830 212.109085083 -16.041410446 148.516143799 0.043231111 0.612156928 -0.025284473 0.789148688
42.417600 213.020507812 -16.124361038 148.744400024 0.043459065 0.613603115 -0.024514267 0.788036525
42.520590 213.935028076 -16.206293106 148.980270386 0.043430898 0.615011096 -0.024115028 0.786952078
42.623970 214.885711670 -16.291469574 149.216949463 0.042073835 0.615944445 -0.024445366 0.786285341
42.727360 215.831146240 -16.376304626 149.451263428 0.041150026 0.617118776 -0.023602515 0.785438776
42.830730 216.752349854 -16.463815689 149.680679321 0.039739724 0.618047476 -0.024760947 0.784745157
42.934150 217.691925049 -16.548084259 149.912277222 0.039956424 0.618750930 -0.026326407 0.784128666
43.037390 218.619857788 -16.633529663 150.135009766 0.040255416 0.619383633 -0.026967427 0.783591807
43.140760 219.551147461 -16.719017029 150.362472534 0.040203929 0.620194435 -0.026832137 0.782957613
43.244710 220.494003296 -16.803876877 150.579757690 0.039887972 0.620720625 -0.026650403 0.782562852
43.347610 221.429855347 -16.883726120 150.800445557 0.038250994 0.621312678 -0.024533866 0.782243848
43.450910 222.326141357 -16.970912933 151.002151489 0.038815152 0.621928096 -0.023247408 0.781766236
43.555160 223.283584595 -17.051668167 151.228424072 0.038157381 0.622683346 -0.024506683 0.781158686
43.660340 224.207824707 -17.130708694 151.441085815 0.041209668 0.623233080 -0.026705526 0.780492842
43.762280 225.112747192 -17.212732315 151.645950317 0.042173255 0.624025524 -0.027243434 0.779789269
43.865300 226.044692993 -17.301071167 151.852218628 0.042138729 0.624945045 -0.028144499 0.779022396
43.971430 226.974914551 -17.387008667 152.070251465 0.039839987 0.626274586 -0.027471978 0.778099120
44.071640 227.902908325 -17.479698181 152.273010254 0.037548896 0.627571583 -0.025520597 0.777234018
44.176790 228.836914062 -17.562479019 152.475173950 0.036320679 0.629099250 -0.023994485 0.776105165
44.278660 229.769500732 -17.640903473 152.672744751 0.035725560 0.630536973 -0.024711514 0.774942696
44.382090 230.691650391 -17.720502853 152.866561890 0.036251850 0.632320821 -0.025007237 0.773453772
44.485720 231.626495361 -17.796844482 153.054595947 0.036535881 0.633874118 -0.025066476 0.772166014
44.589150 232.561645508 -17.872346878 153.237533569 0.036218550 0.635385096 -0.024948375 0.770941973
44.692960 233.466217041 -17.953144073 153.412826538 0.036182161 0.637189925 -0.024391631 0.769470513
44.796760 234.394393921 -18.029029846 153.581893921 0.035653830 0.638469934 -0.024489203 0.768430352
44.899580 235.306518555 -18.109048843 153.760757446 0.035011996 0.640274107 -0.025375579 0.766928554
45.003060 236.230224609 -18.182798386 153.934783936 0.034479588 0.641934574 -0.026453640 0.765526891
45.107140 237.155578613 -18.258295059 154.101730347 0.033098020 0.643406749 -0.027314732 0.764320731
45.209900 238.074981689 -18.335500717 154.260620117 0.032046150 0.644831121 -0.028742051 0.763111889
45.313460 238.997070312 -18.414545059 154.426940918 0.031922940 0.646085799 -0.031680014 0.761938632
45.416890 239.910461426 -18.489236832 154.588973999 0.032675438 0.647369027 -0.034499757 0.760694027
45.520350 240.814590454 -18.571065903 154.738510132 0.032829370 0.648585439 -0.035836842 0.759588599
45.623680 241.736938477 -18.649961472 154.892898560 0.031397372 0.649949551 -0.035626091 0.758492291
45.727180 242.667022705 -18.730367661 155.039230347 0.030233096 0.651316762 -0.034499638 0.757418096
45.830550 243.570037842 -18.813095093 155.177185059 0.029085826 0.652529359 -0.032922950 0.756488919
45.933940 244.484207153 -18.888092041 155.312728882 0.029286079 0.653799951 -0.032296028 0.755410492
46.037440 245.402999878 -18.963834763 155.445465088 0.029259428 0.655167758 -0.032083668 0.754234552
46.140840 246.301971436 -19.042428970 155.578079224 0.029542822 0.656801939 -0.033169195 0.752753735
46.244200 247.205505371 -19.117748260 155.701812744 0.030597109 0.658511698 -0.034361910 0.751162708
46.347740 248.122161865 -19.190082550 155.810058594 0.032129191 0.660506785 -0.029649399 0.749546170
46.451100 249.029357910 -19.263263702 155.917739868 0.030183278 0.662209153 -0.027920146 0.748190105
46.554470 249.934616089 -19.340511322 156.027893066 0.030942984 0.664258659 -0.028036838 0.746335685
46.657980 250.825119019 -19.414859772 156.122436523 0.036397800 0.665515900 -0.031234480 0.744841039
46.761380 251.692657471 -19.494180679 156.217697144 0.041523091 0.667379916 -0.034822039 0.742743134
46.864950 252.582122803 -19.580448151 156.308593750 0.042624477 0.669329047 -0.036729135 0.740832448
46.968250 253.481094360 -19.673280716 156.409927368 0.039082807 0.671433747 -0.036237054 0.739145517
47.071770 254.382339478 -19.755928040 156.494964600 0.035948522 0.673346043 -0.034938961 0.737625957
47.175200 255.272048950 -19.843263626 156.578781128 0.033181388 0.675393939 -0.034235004 0.735914409
47.278520 256.162475586 -19.922861099 156.661544800 0.031767905 0.677618384 -0.035517309 0.733868241
47.382040 257.048126221 -20.004158020 156.735244751 0.029466929 0.680279255 -0.036173739 0.731466532
47.485460 257.934967041 -20.077415466 156.798278809 0.026452215 0.682855427 -0.036021970 0.729185283
47.588920 258.821044922 -20.154298782 156.860336304 0.024523465 0.685480475 -0.035636365 0.726804733
47.692300 259.691741943 -20.224420547 156.911102295 0.026424518 0.688083351 -0.035018887 0.724304318
47.795800 260.570281982 -20.293146133 156.951721191 0.028818799 0.690359890 -0.035576750 0.722015917
47.899190 261.432403564 -20.368864059 156.986923218 0.029990807 0.692702472 -0.035694558 0.719715059
48.002630 262.327514648 -20.439847946 157.023590088 0.029652216 0.695010662 -0.035025511 0.717533350
48.105950 263.192047119 -20.516708374 157.047882080 0.028228883 0.697278142 -0.034472123 0.715414584
48.209330 264.059417725 -20.592586517 157.060745239 0.028698351 0.699410558 -0.033245441 0.713369489
48.312780 264.938568115 -20.666467667 157.078903198 0.030118791 0.701284111 -0.033445369 0.711459696
48.416100 265.799255371 -20.739770889 157.087142944 0.031395793 0.702796340 -0.034625988 0.709854007
48.519480 266.664123535 -20.812555313 157.088027954 0.032688931 0.703927219 -0.034543235 0.708678126
48.622870 267.535614014 -20.891036987 157.086563110 0.034208924 0.704887927 -0.032104298 0.707765579
48.726120 268.410949707 -20.965486526 157.088546753 0.033964243 0.705629706 -0.030670153 0.707101464
48.829380 269.290008545 -21.042564392 157.079803467 0.034112111 0.706330240 -0.029366437 0.706450045
48.932760 270.153167725 -21.117837906 157.077545166 0.034603186 0.706929326 -0.028246742 0.705872297
49.036150 271.015045166 -21.190984726 157.073608398 0.035769828 0.707246542 -0.028084897 0.705502748
49.139410 271.875762939 -21.264017105 157.073593140 0.036853004 0.707411528 -0.028039638 0.705283344
49.242780 272.741882324 -21.337020874 157.069534302 0.038735867 0.707350791 -0.027347889 0.705270469
49.346620 273.582824707 -21.410306931 157.069015503 0.039873868 0.706971884 -0.027074821 0.705597460
49.452210 274.423828125 -21.488943100 157.067108154 0.040432133 0.706500828 -0.026531460 0.706058025
49.553030 275.242858887 -21.561191559 157.066619873 0.041127957 0.705862880 -0.025976714 0.706676245
49.656580 276.058990479 -21.639801025 157.067977905 0.041002996 0.705028236 -0.025052719 0.707549512
49.759580 276.875488281 -21.714038849 157.074737549 0.040743675 0.704179108 -0.024020452 0.708445311
49.863540 277.674163818 -21.786405563 157.084625244 0.039637703 0.703151882 -0.022919374 0.709563911
49.966330 278.462738037 -21.854513168 157.098815918 0.038376819 0.701873302 -0.022221578 0.710920095
50.069330 279.245727539 -21.921369553 157.120361328 0.036971539 0.700749159 -0.022211051 0.712102771
50.172720 280.012115479 -21.990169525 157.142608643 0.035450056 0.699196100 -0.023696668 0.713657141
50.276120 280.778289795 -22.056894302 157.164581299 0.035048828 0.697911322 -0.024928408 0.714891553
50.379340 281.520629883 -22.114646912 157.192459106 0.035086859 0.696416378 -0.024930438 0.716346025
50.483680 282.267333984 -22.172443390 157.222778320 0.034018863 0.695262671 -0.024367759 0.717536569
50.586570 283.001434326 -22.231666565 157.253250122 0.032178283 0.694015503 -0.024112679 0.718836248
50.691000 283.710906982 -22.296609879 157.285247803 0.030734707 0.692602456 -0.024110941 0.720260978
50.793430 284.415283203 -22.351001740 157.317276001 0.031557783 0.691209793 -0.024008537 0.721565485
50.896200 285.101196289 -22.402004242 157.352722168 0.032159232 0.689655542 -0.024301838 0.723014832
50.999580 285.773712158 -22.459100723 157.391662598 0.032686237 0.688436806 -0.025148988 0.724122822
51.103000 286.404754639 -22.511104584 157.437942505 0.033339988 0.687359095 -0.026678249 0.725061476
51.206270 287.052703857 -22.564451218 157.479721069 0.032329917 0.686087012 -0.027935730 0.726263702
51.309660 287.680084229 -22.617015839 157.529525757 0.031696931 0.684961498 -0.028921818 0.727314651
51.413610 288.297088623 -22.667253494 157.572769165 0.031226804 0.683589518 -0.029566450 0.728598654
51.516920 288.893829346 -22.724079132 157.617523193 0.030832747 0.682462990 -0.029405549 0.729677260
51.622300 289.486907959 -22.772842407 157.665039062 0.030867461 0.681346476 -0.030146966 0.730688274
51.723400 290.064208984 -22.820741653 157.719818115 0.030933583 0.680287957 -0.032331496 0.731577814
51.826760 290.638183594 -22.874549866 157.770172119 0.030285131 0.679345310 -0.032314394 0.732481122
51.930130 291.205596924 -22.923185349 157.820663452 0.030001374 0.678121507 -0.032874506 0.733600974
52.033540 291.733306885 -22.966722488 157.861206055 0.029278385 0.676928401 -0.033341225 0.734710217
52.136910 292.272705078 -23.016750336 157.913375854 0.029470282 0.675954998 -0.033415157 0.735594869
52.240390 292.803253174 -23.062484741 157.963363647 0.029514274 0.674694240 -0.034043308 0.736720860
52.343730 293.324890137 -23.110990524 158.016754150 0.029848376 0.673677385 -0.034536652 0.737614393
52.447130 293.842041016 -23.157543182 158.074615479 0.030513823 0.672859371 -0.034825273 0.738319993
52.550540 294.317962646 -23.196355820 158.119567871 0.030775147 0.671980619 -0.035878960 0.739058614
52.654640 294.810028076 -23.238317490 158.172622681 0.030923262 0.671367645 -0.036494985 0.739579201
52.757460 295.296081543 -23.282493591 158.228240967 0.031282160 0.670861721 -0.037289891 0.739983380
52.860930 295.786376953 -23.326452255 158.280044556 0.031515028 0.670414388 -0.037935693 0.740346074
52.964300 296.278106689 -23.370502472 158.332473755 0.032089110 0.670290291 -0.038047750 0.740427971
53.067800 296.765563965 -23.413688660 158.373657227 0.032009352 0.670529068 -0.038236327 0.740205467
53.171240 297.263366699 -23.458879471 158.429428101 0.031138353 0.670875132 -0.038622122 0.739908934
53.274690 297.767547607 -23.504924774 158.481399536 0.030579837 0.671383500 -0.038211964 0.739492297
53.378120 298.280242920 -23.549453735 158.530883789 0.031420961 0.672060072 -0.037988316 0.738853753
53.481550 298.797851562 -23.597753525 158.579971313 0.033589542 0.672795713 -0.038169514 0.738079131
53.585110 299.313812256 -23.642236710 158.605850220 0.037187215 0.673242629 -0.037733953 0.737521291
53.688500 299.842834473 -23.693807602 158.655975342 0.039871372 0.674106777 -0.038407169 0.736556351
53.792070 300.384002686 -23.737632751 158.703948975 0.040555857 0.674902141 -0.040033467 0.735703528
53.895510 300.947479248 -23.784521103 158.746749878 0.040803015 0.675561130 -0.040176068 0.735077024
53.999020 301.514373779 -23.843139648 158.790588379 0.041188620 0.676432192 -0.037769634 0.734381676
54.102390 302.103881836 -23.904167175 158.820663452 0.042669419 0.677021146 -0.032983985 0.733984888
54.205940 302.690643311 -23.960556030 158.860305786 0.042987764 0.677758992 -0.032157473 0.733321667
54.309430 303.281646729 -24.013322830 158.918167114 0.042325929 0.678760290 -0.035025071 0.732302070
54.412740 303.888885498 -24.070615768 158.965515137 0.042232737 0.679441094 -0.036352366 0.731611013
54.516280 304.510711670 -24.128143311 159.002120972 0.043518331 0.679931164 -0.034192577 0.731184423
54.619690 305.139953613 -24.186882019 159.042053223 0.044520982 0.680423260 -0.032015931 0.730764747
54.723200 305.781951904 -24.252750397 159.082763672 0.044935819 0.681096494 -0.031645395 0.730127990
54.826640 306.431396484 -24.322546005 159.137115479 0.043736491 0.681995749 -0.033265043 0.729288995
54.930030 307.090209961 -24.385528564 159.180114746 0.043928903 0.682606220 -0.034704998 0.728638828
55.033520 307.762481689 -24.446626663 159.225540161 0.044587892 0.683113456 -0.036253408 0.728047788
55.136960 308.450347900 -24.515037537 159.267730713 0.045854900 0.683753252 -0.036550190 0.727353334
55.240380 309.154144287 -24.585876465 159.317672729 0.044141054 0.684312999 -0.037204135 0.726899683
55.343740 309.859100342 -24.658964157 159.372238159 0.042584840 0.685123265 -0.038480833 0.726162434
55.447050 310.573059082 -24.730682373 159.409683228 0.042561404 0.685763836 -0.039086297 0.725526512
55.550620 311.297027588 -24.807943344 159.443725586 0.045779660 0.686138391 -0.039702218 0.724942803
55.653990 312.024291992 -24.891159058 159.482208252 0.048527032 0.686565578 -0.041036073 0.724285126
55.757510 312.755187988 -24.968893051 159.525421143 0.049915023 0.687011302 -0.042314842 0.723694205
55.860740 313.499969482 -25.052057266 159.543518066 0.050428633 0.687196970 -0.040100284 0.723608434
55.964160 314.268524170 -25.142795563 159.575225830 0.050153084 0.687676430 -0.036403239 0.723367512
56.067460 315.030914307 -25.229217529 159.608932495 0.050412051 0.688157439 -0.034154795 0.723001659
56.170950 315.794525146 -25.309141159 159.635299683 0.051434767 0.688559711 -0.033682212 0.722568631
56.274290 316.574920654 -25.395441055 159.669952393 0.052190926 0.688802123 -0.034065790 0.722265363
56.377670 317.360992432 -25.479059219 159.705642700 0.053169545 0.688936353 -0.034129538 0.722062945
56.481050 318.167633057 -25.567914963 159.743637085 0.052893870 0.688956499 -0.033663142 0.722085834
56.584420 318.967987061 -25.655675888 159.780593872 0.052605145 0.688631952 -0.032627396 0.722463965
56.687660 319.795318604 -25.747154236 159.824462891 0.052319981 0.688277721 -0.031911779 0.722854018
56.791050 320.616699219 -25.832853317 159.861404419 0.052309472 0.687828422 -0.031769484 0.723288596
56.894350 321.452453613 -25.924259186 159.908721924 0.051621437 0.687328458 -0.031119304 0.723841429
56.997680 322.277862549 -26.011392593 159.952392578 0.051382933 0.686721504 -0.030242249 0.724471390
57.100960 323.124511719 -26.102636337 159.999328613 0.051642403 0.686006665 -0.029056450 0.725178361
57.204360 323.980743408 -26.192655563 160.050308228 0.051682308 0.685433865 -0.028579822 0.725735903
57.307630 324.829437256 -26.276481628 160.096389771 0.052175764 0.684424758 -0.028662495 0.726649106
57.410890 325.693634033 -26.363201141 160.151123047 0.052724421 0.683363140 -0.027657183 0.727646887
57.514200 326.562744141 -26.458171844 160.208007812 0.052829117 0.682463408 -0.026472319 0.728527308
57.617510 327.449218750 -26.548709869 160.264099121 0.053144824 0.681293368 -0.025594804 0.729629993
57.720780 328.337493896 -26.641805649 160.333663940 0.053772997 0.680297315 -0.025421966 0.730518878
57.824090 329.234497070 -26.737014771 160.394210815 0.054369263 0.679032683 -0.025130240 0.731660485
57.927360 330.123596191 -26.832801819 160.463256836 0.054504760 0.677953601 -0.025933625 0.732622385
58.030610 331.028106689 -26.930355072 160.540496826 0.053907495 0.676921666 -0.027269712 0.733571649
58.133900 331.938720703 -27.025087357 160.621139526 0.053700980 0.675909936 -0.028182801 0.734484673
58.237240 332.841461182 -27.122524261 160.708297729 0.052732486 0.675222218 -0.029489439 0.735135794
58.340500 333.765594482 -27.223487854 160.789352417 0.052177183 0.674512029 -0.028997945 0.735846579
58.443830 334.678466797 -27.315608978 160.874588013 0.051362582 0.673888683 -0.028304661 0.736501694
58.547070 335.610015869 -27.415868759 160.960327148 0.050452836 0.673417270 -0.027295932 0.737033665
58.650440 336.536468506 -27.512985229 161.034988403 0.050886266 0.672970831 -0.026516227 0.737439990
58.753660 337.454925537 -27.606315613 161.121276855 0.052363083 0.672670662 -0.026986649 0.737593412
58.857110 338.382263184 -27.700643539 161.203247070 0.051960599 0.672413886 -0.026822392 0.737861931
58.960410 339.306457520 -27.798751831 161.298171997 0.050446302 0.672261477 -0.026954431 0.738101006
59.063680 340.224792480 -27.897634506 161.390625000 0.048853830 0.672211707 -0.027038224 0.738250375
59.167110 341.132934570 -27.997795105 161.473175049 0.048526384 0.672116339 -0.028334754 0.738310218
59.270460 342.052062988 -28.092180252 161.559249878 0.048914827 0.672088563 -0.028822165 0.738290966
59.373860 342.979064941 -28.190322876 161.646865845 0.049003035 0.671934247 -0.028851820 0.738424420
59.477160 343.854827881 -28.292985916 161.737854004 0.048443809 0.671834886 -0.029569698 0.738523304
59.580540 344.765716553 -28.390504837 161.827896118 0.048791911 0.671775401 -0.029692454 0.738549590
59.683780 345.683227539 -28.482818604 161.915725708 0.048724290 0.671533585 -0.029729720 0.738772452
59.787170 346.566558838 -28.577499390 162.004821777 0.048226606 0.671578646 -0.029072214 0.738790333
59.890360 347.468109131 -28.675437927 162.094970703 0.048142448 0.671479821 -0.029722644 0.738859713
59.993680 348.371673584 -28.770721436 162.183181763 0.049105901 0.671348989 -0.030444462 0.738885820
60.097040 349.240173340 -28.862110138 162.272308350 0.050655741 0.671041369 -0.030221988 0.739069760
60.200330 350.142974854 -28.956357956 162.357040405 0.050380908 0.670578301 -0.027912358 0.739599466
60.303580 351.048309326 -29.049451828 162.444580078 0.049983367 0.669916034 -0.026353527 0.740283489
60.406760 351.944366455 -29.148742676 162.536911011 0.051897451 0.669168413 -0.025507649 0.740857363
60.510030 352.810272217 -29.244596481 162.621734619 0.056255918 0.668092072 -0.025257371 0.741518974
60.613290 353.709716797 -29.340219498 162.710052490 0.058594249 0.666770697 -0.025179142 0.742529213
60.716680 354.604339600 -29.440021515 162.806976318 0.059726615 0.665522695 -0.024155518 0.743591845
60.819920 355.497406006 -29.542154312 162.903839111 0.059987344 0.664251268 -0.023326728 0.744733274
60.923310 356.388427734 -29.645620346 163.009887695 0.061229609 0.662986219 -0.024040002 0.745736063
61.026630 357.278900146 -29.747266769 163.117675781 0.061228387 0.661606073 -0.023785489 0.746968985
61.129940 358.169708252 -29.846046448 163.225006104 0.059783764 0.660249710 -0.022941444 0.748311341
61.233200 359.051788330 -29.942701340 163.347946167 0.057505939 0.658719540 -0.022205481 0.749859035
61.336450 359.950897217 -30.046632767 163.464065552 0.056407075 0.656816661 -0.022215165 0.751609325
61.439830 360.842895508 -30.141672134 163.593826294 0.055374250 0.654808402 -0.022773044 0.753419578
61.543140 361.720947266 -30.236804962 163.727066040 0.054798491 0.652749836 -0.022793520 0.755245149
61.646430 362.608520508 -30.334730148 163.868377686 0.054468021 0.650400400 -0.023090441 0.757284224
61.749770 363.501708984 -30.425180435 164.007492065 0.054381154 0.647584140 -0.024296576 0.759662569
61.853030 364.398284912 -30.516475677 164.163589478 0.054062814 0.644393325 -0.025616989 0.762350440
61.956290 365.268890381 -30.614133835 164.325408936 0.053925887 0.640724003 -0.026456730 0.765418053
62.059540 366.148193359 -30.713825226 164.504913330 0.053640194 0.637111306 -0.026975742 0.768429697
62.162940 367.013214111 -30.811342239 164.672943115 0.053222507 0.633407295 -0.027621219 0.771491826
62.266190 367.893035889 -30.913177490 164.859741211 0.052700013 0.629620969 -0.027980193 0.774607837
62.369430 368.768096924 -31.004272461 165.057891846 0.052101083 0.626179993 -0.028836776 0.777401090
62.472790 369.655487061 -31.101861954 165.258682251 0.051733300 0.622824669 -0.029107809 0.780106306
62.576200 370.512969971 -31.202375412 165.467758179 0.051106349 0.620124102 -0.029467860 0.782282472
62.679430 371.383758545 -31.301698685 165.680603027 0.050783001 0.617656410 -0.029722888 0.784243703
62.782780 372.257293701 -31.398651123 165.902908325 0.050676964 0.615699053 -0.030546192 0.785756588
62.886160 373.132690430 -31.496738434 166.124710083 0.050390448 0.613836884 -0.030535579 0.787230968
62.989540 374.015106201 -31.598949432 166.354690552 0.050046992 0.611869454 -0.030771891 0.788773775
63.092920 374.885498047 -31.693792343 166.584808350 0.050115239 0.610088527 -0.030814093 0.790146172
63.196200 375.757476807 -31.795330048 166.826400757 0.050188262 0.608337104 -0.030936200 0.791486025
63.299560 376.637786865 -31.894052505 167.071014404 0.050103355 0.606564879 -0.030873623 0.792852759
63.402810 377.513854980 -31.987524033 167.319442749 0.049354043 0.604817152 -0.030974288 0.794229805
63.506200 378.388854980 -32.091434479 167.566299438 0.048566889 0.602914989 -0.030325336 0.795748115
63.609460 379.268920898 -32.188560486 167.821517944 0.048017427 0.600892723 -0.029261651 0.797349334
63.712840 380.140899658 -32.282634735 168.078338623 0.047112834 0.599167705 -0.028843667 0.798715532
63.816090 380.997711182 -32.376197815 168.340118408 0.046108387 0.597300112 -0.028811203 0.800172746
63.919450 381.859558105 -32.475254059 168.605712891 0.046085272 0.595567286 -0.028759593 0.801466525
64.022620 382.712860107 -32.569042206 168.872695923 0.046859063 0.593409479 -0.030308738 0.802963734
64.125870 383.554779053 -32.660259247 169.137359619 0.047212187 0.591537058 -0.032110665 0.804253578
64.229120 384.392181396 -32.750751495 169.416641235 0.046872944 0.589910209 -0.032760009 0.805441320
64.332410 385.246368408 -32.845088959 169.695175171 0.044629205 0.588485658 -0.032152768 0.806634367
64.435680 386.073577881 -32.943069458 169.963882446 0.042100538 0.587519765 -0.032192606 0.807472408
64.539060 386.893768311 -33.035755157 170.241760254 0.040923543 0.586744964 -0.033825025 0.808029354
64.642350 387.722259521 -33.122241974 170.523483276 0.041910030 0.586261690 -0.036702618 0.808203995
64.745710 388.554107666 -33.211540222 170.797149658 0.043308664 0.585738122 -0.038419303 0.808430076
64.849050 389.380920410 -33.302749634 171.083404541 0.042678546 0.585522294 -0.039151777 0.808584750
64.952280 390.174804688 -33.397212982 171.355728149 0.039900973 0.585520267 -0.038845010 0.808742881
65.055650 391.001098633 -33.490085602 171.638702393 0.037053946 0.585455060 -0.038427450 0.808945417
65.158820 391.811065674 -33.578594208 171.913040161 0.035769638 0.585478127 -0.038258009 0.808994532
65.262120 392.600524902 -33.660438538 172.174407959 0.035714369 0.585757792 -0.037885658 0.808812082
65.365480 393.407318115 -33.738162994 172.442764282 0.036283761 0.585946858 -0.038170680 0.808636367
65.468780 394.202514648 -33.818737030 172.710372925 0.036576468 0.586095691 -0.038608219 0.808494508
65.571960 394.985992432 -33.904762268 172.965927124 0.037401777 0.586433709 -0.035292875 0.808363140
65.675410 395.785247803 -33.985099792 173.223876953 0.037363727 0.586359620 -0.034273233 0.808462560
65.778660 396.578948975 -34.068691254 173.490295410 0.038127035 0.586612523 -0.035305232 0.808198988
65.881970 397.349884033 -34.147209167 173.749954224 0.040877555 0.586699724 -0.036139168 0.807964325
65.985180 398.151855469 -34.225902557 174.010894775 0.043133583 0.586607635 -0.037223369 0.807864726
66.088540 398.958190918 -34.313114166 174.281677246 0.042231165 0.586905241 -0.037260327 0.807694495
66.191750 399.771392822 -34.395221710 174.550811768 0.040965196 0.587000787 -0.036229972 0.807737172
66.295140 400.548370361 -34.484390259 174.808593750 0.040538672 0.587197244 -0.036115542 0.807621002
66.398400 401.374328613 -34.570461273 175.081115723 0.041206554 0.587156594 -0.036533583 0.807597995
66.503710 402.195709229 -34.655838013 175.350326538 0.043106180 0.586904347 -0.037029780 0.807659507
66.605040 403.034088135 -34.744346619 175.626510620 0.044001311 0.586769223 -0.037071839 0.807707489
66.712060 403.861968994 -34.834415436 175.899093628 0.043426160 0.586887002 -0.036579307 0.807675481
66.811530 404.712951660 -34.924823761 176.184219360 0.042667087 0.586796880 -0.035356160 0.807835877
66.914810 405.579956055 -35.016429901 176.470077515 0.043492321 0.586685598 -0.034657944 0.807902992
67.018180 406.424468994 -35.113292694 176.745544434 0.045414817 0.586367846 -0.033005718 0.808097064
67.122370 407.299957275 -35.205230713 177.026977539 0.046935696 0.586036384 -0.031808220 0.808298647
67.224700 408.162811279 -35.298381805 177.314910889 0.047184829 0.585489154 -0.030546041 0.808729231
67.327990 409.026245117 -35.399074554 177.596145630 0.049263828 0.585012197 -0.028193623 0.809035778
67.431360 409.898559570 -35.491649628 177.878051758 0.050483253 0.584398389 -0.026309503 0.809467554
67.534610 410.768676758 -35.583766937 178.168869019 0.048426870 0.584244072 -0.026151517 0.809709728
67.638020 411.626312256 -35.683162689 178.463851929 0.044989262 0.584332228 -0.025147701 0.809876144
67.741230 412.491394043 -35.770263672 178.756515503 0.043540854 0.583911896 -0.023860227 0.810297310
67.844550 413.355499268 -35.859542847 179.044952393 0.044237152 0.583714724 -0.024224849 0.810390830
67.947740 414.197570801 -35.945518494 179.339797974 0.045662954 0.583586097 -0.024627695 0.810392261
68.051170 415.052001953 -36.031394958 179.624267578 0.047163848 0.583091319 -0.024653913 0.810661614
68.154890 415.891540527 -36.117469788 179.915771484 0.047127984 0.582822680 -0.023830272 0.810881495
68.257700 416.742279053 -36.210937500 180.196762085 0.046731979 0.582610905 -0.022277679 0.811100721
68.361010 417.571960449 -36.298587799 180.482498169 0.045766316 0.582501292 -0.022074301 0.811240017
68.464300 418.386993408 -36.379222870 180.771499634 0.045557797 0.582763135 -0.022963583 0.811039031
68.567750 419.223876953 -36.470737457 181.041397095 0.045407552 0.582691789 -0.022708816 0.811105847
68.670920 420.042327881 -36.550708771 181.317581177 0.045110360 0.582971990 -0.021834882 0.810945094
68.774690 420.845855713 -36.633037567 181.590133667 0.044391520 0.583353400 -0.020581683 0.810743272
68.877620 421.624267578 -36.717685699 181.859527588 0.043474473 0.583804786 -0.020264549 0.810475945
68.981020 422.418060303 -36.795536041 182.118850708 0.043623496 0.584197164 -0.019819837 0.810196161
69.084250 423.193572998 -36.867088318 182.373611450 0.045011286 0.584703803 -0.020008480 0.809750021
69.187640 423.953613281 -36.946701050 182.622970581 0.046733864 0.585108995 -0.021378068 0.809324682
69.290960 424.673919678 -37.031074524 182.868133545 0.048254140 0.585707784 -0.023452096 0.808744669
69.394410 425.427703857 -37.112472534 183.113037109 0.049815312 0.586095154 -0.024856120 0.808327317
69.497520 426.172851562 -37.192443848 183.364608765 0.050267085 0.586615264 -0.025223881 0.807910621
69.600870 426.914276123 -37.278179169 183.608825684 0.048220813 0.587310612 -0.024165859 0.807562351
69.704490 427.664245605 -37.353069305 183.854232788 0.046303663 0.587936044 -0.023120631 0.807250023
69.808000 428.404602051 -37.430007935 184.090133667 0.046127461 0.588170707 -0.022077812 0.807118356
69.910950 429.136169434 -37.505374908 184.323165894 0.047183480 0.588432312 -0.021638695 0.806878507
70.014150 429.862976074 -37.577129364 184.562911987 0.047863957 0.588583469 -0.022478642 0.806705177
70.118000 430.581848145 -37.650691986 184.793975830 0.048424128 0.588666677 -0.022622591 0.806607008
70.221570 431.308593750 -37.727432251 185.026916504 0.049403168 0.588697672 -0.022007233 0.806542039
70.324290 432.034271240 -37.799655914 185.258651733 0.050068967 0.588620663 -0.022245774 0.806550682
70.429610 432.760986328 -37.878646851 185.488952637 0.051188301 0.588600397 -0.022038655 0.806500852
70.530930 433.465911865 -37.956901550 185.716369629 0.051173743 0.588606358 -0.022967899 0.806471527
70.634290 434.195770264 -38.032894135 185.952331543 0.051459376 0.588671029 -0.022675425 0.806414366
70.738030 434.927429199 -38.109550476 186.190200806 0.051040899 0.588528275 -0.022459185 0.806551218
70.841960 435.655670166 -38.187206268 186.423858643 0.050738290 0.588164628 -0.021609437 0.806858718
70.946380 436.377288818 -38.267173767 186.663604736 0.050112583 0.587645769 -0.020846518 0.807295859
71.049300 437.103729248 -38.344196320 186.892364502 0.049423981 0.587018490 -0.020213813 0.807810605
71.151220 437.818695068 -38.420398712 187.125991821 0.048841920 0.586253703 -0.019859368 0.808409989
71.255370 438.521759033 -38.496726990 187.365203857 0.048662927 0.585459232 -0.020421881 0.808982253
71.359740 439.208740234 -38.571788788 187.603042603 0.048623942 0.584753036 -0.021352371 0.809471250
71.462150 439.869476318 -38.647167206 187.826019287 0.048801068 0.583912671 -0.021474905 0.810063720
71.564460 440.543182373 -38.721889496 188.054367065 0.048256464 0.583061337 -0.021605704 0.810705841
71.668000 441.208160400 -38.793827057 188.285354614 0.047346126 0.582541168 -0.021876052 0.811126113
71.771950 441.851226807 -38.863620758 188.517974854 0.046366822 0.582272530 -0.021985795 0.811372578
71.874710 442.496063232 -38.930431366 188.744598389 0.046067141 0.581795633 -0.022164501 0.811726809
71.977870 443.121337891 -38.999122620 188.958847046 0.045939956 0.581327319 -0.022079991 0.812071741
72.084410 443.748901367 -39.061935425 189.173065186 0.046158608 0.580843747 -0.021946305 0.812408924
72.184720 444.340667725 -39.130905151 189.384628296 0.046171810 0.580353379 -0.021560393 0.812768877
72.288020 444.932800293 -39.200317383 189.585632324 0.046457414 0.579917252 -0.020249525 0.813097596
72.394080 445.513336182 -39.263526917 189.794601440 0.046521347 0.579587817 -0.020252999 0.813328683
72.495110 446.111877441 -39.318382263 190.001708984 0.046452641 0.578815818 -0.021312712 0.813855112
72.601510 446.673919678 -39.377281189 190.209274292 0.046338044 0.578458011 -0.021795163 0.814103246
72.701420 447.236083984 -39.436901093 190.405212402 0.046257999 0.578001738 -0.021742163 0.814433217
72.804810 447.786590576 -39.498641968 190.596908569 0.046189744 0.577545166 -0.021666780 0.814762950
72.908190 448.323364258 -39.553550720 190.785827637 0.045542181 0.577133834 -0.022052543 0.815080464
73.011570 448.850708008 -39.611671448 190.980056763 0.044631064 0.576960862 -0.022111205 0.815251708
73.114920 449.359405518 -39.665710449 191.166946411 0.044001821 0.576695383 -0.022003908 0.815476656
73.218200 449.866577148 -39.716697693 191.350708008 0.044242125 0.576419294 -0.021521874 0.815671623
73.322240 450.358947754 -39.770164490 191.524383545 0.044897530 0.576068163 -0.021781918 0.815876961
73.425090 450.837341309 -39.825027466 191.695846558 0.045731638 0.575714290 -0.023014730 0.816046536
73.528470 451.309326172 -39.878074646 191.868057251 0.046536230 0.575391173 -0.024227234 0.816193819
73.632800 451.765441895 -39.922740936 192.036895752 0.047164444 0.575011611 -0.025087232 0.816399276
73.735300 452.225219727 -39.963825226 192.201339722 0.048249032 0.574640930 -0.025006067 0.816599369
73.838630 452.663482666 -40.012641907 192.361602783 0.048638541 0.574404776 -0.024501236 0.816757679
73.942010 453.083740234 -40.057655334 192.514801025 0.048032500 0.574713886 -0.024133299 0.816587031
74.045380 453.501220703 -40.113243103 192.668579102 0.046707075 0.575274587 -0.024171691 0.816267908
74.150730 453.907989502 -40.157238007 192.808715820 0.046228331 0.575709403 -0.024094388 0.815990865
74.252330 454.293121338 -40.198036194 192.956878662 0.045816533 0.576431751 -0.024074746 0.815504551
74.355660 454.670989990 -40.244773865 193.088653564 0.045786120 0.576880813 -0.023453863 0.815206766
74.459100 455.044036865 -40.285129547 193.219955444 0.045478139 0.577336907 -0.023531815 0.814898789
74.562490 455.399444580 -40.323055267 193.344177246 0.045145340 0.577739716 -0.023252068 0.814639866
74.665890 455.742431641 -40.356945038 193.466110229 0.045066424 0.578163207 -0.022814188 0.814356089
74.769280 456.077789307 -40.395969391 193.583694458 0.044970460 0.578599930 -0.022377856 0.814063251
74.872800 456.398651123 -40.429740906 193.697631836 0.044603743 0.579059958 -0.022483470 0.813753366
74.976100 456.725097656 -40.465316772 193.810485840 0.044046901 0.579468489 -0.022970274 0.813479304
75.079510 457.028198242 -40.498779297 193.923629761 0.043486081 0.580013454 -0.023412369 0.813108385
75.182880 457.320373535 -40.528045654 194.026062012 0.043639477 0.580527782 -0.023367178 0.812734365
75.286270 457.608306885 -40.554889679 194.121307373 0.044367891 0.580877125 -0.023195578 0.812450111
75.389540 457.888305664 -40.580734253 194.218978882 0.045245964 0.581142902 -0.023203127 0.812211394
75.492900 458.169555664 -40.610000610 194.317626953 0.045449488 0.581394374 -0.023370354 0.812015235
75.596260 458.451660156 -40.639354706 194.408279419 0.045119200 0.581386924 -0.023222202 0.812043250
75.699680 458.726440430 -40.666919708 194.504928589 0.044568248 0.581199169 -0.023510132 0.812199771
75.802980 458.993011475 -40.693420410 194.599395752 0.044284251 0.580735981 -0.023708982 0.812540770
75.906260 459.256256104 -40.719825745 194.701431274 0.043812770 0.580340743 -0.024080399 0.812837720
76.009520 459.522705078 -40.745399475 194.796020508 0.043415237 0.579524398 -0.024487900 0.813429117
76.112930 459.787017822 -40.769783020 194.896316528 0.043285482 0.578429639 -0.024832794 0.814204454
76.216170 460.053894043 -40.797500610 194.994995117 0.043501731 0.576671600 -0.024664298 0.815444171
76.319510 460.319183350 -40.818042755 195.088973999 0.043841075 0.574173987 -0.024539115 0.817190349
76.422600 460.582794189 -40.842250824 195.201004028 0.043969527 0.570965230 -0.025075365 0.819412351
76.526720 460.853729248 -40.869956970 195.316253662 0.043908339 0.566916704 -0.025746014 0.822201133
76.628920 461.125976562 -40.901767731 195.429763794 0.044047125 0.562143207 -0.026289331 0.825447619
76.732320 461.401855469 -40.932189941 195.556335449 0.044347622 0.556991339 -0.026323024 0.828915596
76.835380 461.674041748 -40.963230133 195.689498901 0.043949816 0.550686598 -0.026947221 0.833118558
76.938900 461.959045410 -40.986385345 195.829589844 0.043936208 0.543287635 -0.028273487 0.837919354
77.041770 462.238769531 -41.019504547 195.960327148 0.043301165 0.534955263 -0.029813142 0.843243182
77.144940 462.515045166 -41.051502228 196.115554810 0.044002768 0.526127338 -0.030708540 0.848711252
77.248120 462.789337158 -41.080875397 196.275009155 0.045166563 0.516998172 -0.031728629 0.854205012
77.351390 463.059631348 -41.115577698 196.439254761 0.045826674 0.507454276 -0.032261431 0.859854221
77.454530 463.314422607 -41.150253296 196.602188110 0.044901472 0.497587174 -0.034638055 0.865558267
77.557920 463.559448242 -41.175933838 196.775344849 0.044959433 0.490520954 -0.037446644 0.869462788
77.661290 463.814300537 -41.205043793 196.941177368 0.044331301 0.487178028 -0.040739216 0.871224821
77.764930 464.068389893 -41.232154846 197.105422974 0.044190213 0.487467140 -0.041907735 0.871014774
77.868560 464.310577393 -41.268699646 197.259613037 0.043688808 0.490063787 -0.042674284 0.869544506
77.972190 464.546325684 -41.299747467 197.387817383 0.043787070 0.494663954 -0.042723842 0.866928458
78.075790 464.778594971 -41.325672150 197.515289307 0.044796716 0.501449108 -0.041755028 0.863017142
78.179430 465.010742188 -41.356555939 197.622650146 0.045946483 0.508767426 -0.040464841 0.858724177
78.283030 465.247741699 -41.385807037 197.733917236 0.047246937 0.517609715 -0.038537554 0.853441715
78.386780 465.485260010 -41.416137695 197.840423584 0.047727853 0.527410507 -0.037760269 0.847428083
78.490350 465.728515625 -41.443958282 197.945404053 0.047889531 0.537388444 -0.037576687 0.841135085
78.593920 465.976348877 -41.479282379 198.035034180 0.047340188 0.547012627 -0.037496161 0.834943175
78.697630 466.234588623 -41.507949829 198.116668701 0.047244947 0.556018293 -0.036944728 0.829003394
78.800950 466.490264893 -41.548305511 198.189849854 0.047979377 0.564037144 -0.035071649 0.823607981
78.904330 466.760559082 -41.583164215 198.262786865 0.049389418 0.571241558 -0.033166386 0.818623126
79.007710 467.027923584 -41.614093781 198.350051880 0.050250515 0.578195393 -0.031842746 0.813726604
79.114220 467.292724609 -41.647129059 198.428314209 0.049794890 0.583951950 -0.031890273 0.809631705
79.214940 467.554687500 -41.676628113 198.511962891 0.049179610 0.588599980 -0.031133194 0.806326270
79.322290 467.813232422 -41.708068848 198.581863403 0.048436601 0.592350006 -0.029715631 0.803674281
79.422000 468.063140869 -41.737438202 198.658828735 0.048235126 0.595457077 -0.028961940 0.801414609
79.524510 468.303985596 -41.758850098 198.731430054 0.048920508 0.596374333 -0.028673813 0.800701082
79.631890 468.529937744 -41.782760620 198.800155640 0.049249474 0.595227242 -0.028822735 0.801528692
79.733660 468.748474121 -41.813812256 198.855545044 0.049146950 0.592219472 -0.028032903 0.803787827
79.833670 468.954223633 -41.843158722 198.918685913 0.049295295 0.587881863 -0.026874760 0.806996107
79.940110 469.159393311 -41.864292145 198.995178223 0.048701681 0.582699955 -0.027187284 0.810771108
80.044830 469.342041016 -41.883815765 199.081680298 0.047488458 0.576951504 -0.029540664 0.814861417
80.144160 469.513458252 -41.907928467 199.164154053 0.046448186 0.570889950 -0.031776115 0.819095552
80.245950 469.676940918 -41.929302216 199.239730835 0.045344349 0.564465821 -0.032916896 0.823552489
80.350710 469.831359863 -41.948974609 199.318237305 0.043775216 0.558001161 -0.032958474 0.828029096
80.453690 469.972900391 -41.965808868 199.389083862 0.043898128 0.551344097 -0.031845354 0.832513392
80.555530 470.102966309 -41.983375549 199.443023682 0.048075657 0.544324219 -0.028562900 0.837009013
80.658440 470.224487305 -41.997615814 199.508956909 0.051934641 0.537016928 -0.028132595 0.841501117
80.763430 470.328674316 -42.012512207 199.575332642 0.052306801 0.529749990 -0.029498024 0.846025348
80.864960 470.427734375 -42.026187897 199.653045654 0.049599387 0.523048401 -0.032441080 0.850239873
80.971640 470.523223877 -42.036499023 199.731246948 0.046974234 0.516580462 -0.034382775 0.854257464
81.071670 470.626708984 -42.044059753 199.803390503 0.045909617 0.510332644 -0.035024337 0.858036220
81.174860 470.715911865 -42.057540894 199.870666504 0.045439441 0.504572630 -0.034786113 0.861470640
81.278100 470.799896240 -42.063823700 199.926834106 0.045419589 0.498449266 -0.034798559 0.865028620
81.381470 470.877288818 -42.073360443 199.982635498 0.045228679 0.492687672 -0.034870055 0.868330181
81.484880 470.953063965 -42.080608368 200.044570923 0.045008812 0.487528622 -0.034413312 0.871266723
81.588120 471.025695801 -42.087482452 200.094802856 0.044468928 0.482548237 -0.033672951 0.874091446
81.691630 471.090728760 -42.097080231 200.149291992 0.043670122 0.478642911 -0.034476150 0.876244962
81.795010 471.136322021 -42.108505249 200.202301025 0.042489462 0.474682391 -0.037521906 0.878329873
81.900220 471.171325684 -42.116348267 200.255142212 0.041357607 0.469806463 -0.042124946 0.880793393
82.001790 471.206085205 -42.123275757 200.298049927 0.040667512 0.466317683 -0.045336388 0.882518291
82.106980 471.250823975 -42.123893738 200.335250854 0.040754858 0.463756204 -0.045024093 0.883879006
82.208520 471.298614502 -42.130569458 200.366363525 0.040531553 0.460462481 -0.042364702 0.885740757
82.312040 471.343994141 -42.133293152 200.395187378 0.040548921 0.457864076 -0.039572410 0.887214899
82.415420 471.381164551 -42.138557434 200.420455933 0.040029000 0.455642074 -0.038844876 0.888413787
82.518840 471.411254883 -42.145618439 200.459548950 0.038642880 0.452873170 -0.040456470 0.889817894
82.624270 471.435211182 -42.150459290 200.494644165 0.037450887 0.450338066 -0.042767849 0.891046584
82.726180 471.458892822 -42.150459290 200.528244019 0.036997709 0.448629707 -0.044654325 0.891834378
