1261229197.922715 0.001218 0.144087 1.121187 0.000060 0.004607 -0.001192 0.999989
1261229198.372703 0.067605 0.591045 4.685332 0.001079 0.015591 -0.002169 0.999876
1261229198.772720 0.190393 1.031282 8.117380 -0.002965 0.023709 -0.001757 0.999713
1261229199.222719 0.381424 1.524871 11.984449 -0.005551 0.031466 -0.004723 0.999478
1261229199.472740 0.510631 1.807139 14.156135 -0.002649 0.035518 -0.005829 0.999349
1261229199.672719 0.632508 2.037205 15.951996 0.000423 0.038862 -0.006470 0.999224
1261229200.072733 0.910580 2.509368 19.652855 -0.001518 0.043370 -0.006492 0.999037
1261229200.272728 1.076141 2.759492 21.628384 -0.002082 0.044684 -0.005916 0.998981
1261229200.722732 1.451928 3.343755 26.172611 -0.001667 0.045830 -0.004911 0.998936
1261229200.972744 1.663182 3.665444 28.699444 -0.001455 0.046401 -0.005196 0.998908
1261229201.172729 1.836353 3.932957 30.787647 -0.001125 0.046985 -0.005490 0.998880
1261229201.722758 2.361580 4.704515 36.845926 -0.002002 0.049031 -0.005541 0.998780
1261229201.922732 2.573667 5.008165 39.239108 -0.002379 0.049737 -0.005671 0.998743
1261229202.322751 2.998814 5.594033 43.857699 -0.001142 0.051035 -0.005006 0.998684
1261229202.522760 3.223044 5.898311 46.243830 -0.003578 0.051924 -0.004370 0.998635
1261229202.722743 3.460647 6.214090 48.728211 -0.003380 0.052643 -0.004291 0.998598
1261229202.875436 3.635785 6.452777 50.577893 -0.003841 0.053127 -0.004942 0.998568
1261229203.222783 4.051426 6.990655 54.789488 -0.003446 0.054567 -0.004254 0.998495
1261229203.472745 4.362448 7.384953 57.888699 -0.003087 0.055218 -0.003491 0.998463
1261229203.672760 4.612156 7.702351 60.401609 -0.003172 0.055550 -0.004178 0.998442
1261229203.872774 4.856269 8.015582 62.868457 -0.001998 0.055894 -0.004712 0.998424
1261229204.022783 5.034335 8.231184 64.638308 -0.001079 0.055914 -0.005367 0.998421
1261229204.172756 5.208726 8.449695 66.427991 0.000342 0.055925 -0.006579 0.998413
1261229204.372764 5.465095 8.754235 68.996812 0.000620 0.056019 -0.007638 0.998400
1261229204.785796 5.992917 9.363187 74.156516 -0.002407 0.056042 -0.008327 0.998391
1261229204.922762 6.184116 9.594229 76.008642 -0.003452 0.056021 -0.008371 0.998389
1261229205.072767 6.369747 9.824667 77.801434 -0.005443 0.056126 -0.007675 0.998379
1261229205.272793 6.620191 10.149288 80.280573 -0.006148 0.056010 -0.008336 0.998376
1261229205.422802 6.811163 10.393992 82.167031 -0.004773 0.055754 -0.008645 0.998396
1261229205.572810 7.018612 10.655210 84.215158 -0.004561 0.055843 -0.008113 0.998396
1261229205.722775 7.193659 10.869479 85.913766 -0.005413 0.055885 -0.007576 0.998394
1261229205.922777 7.458312 11.192297 88.464216 -0.005075 0.055663 -0.006756 0.998414
1261229206.322802 7.971430 11.839107 93.577045 -0.006027 0.055388 -0.006622 0.998425
1261229206.472776 8.162774 12.086714 95.514667 -0.006234 0.055313 -0.006164 0.998431
1261229206.622781 8.343869 12.325995 97.362305 -0.005196 0.055151 -0.006146 0.998446
1261229206.772809 8.509028 12.543057 99.057051 -0.005041 0.055052 -0.006390 0.998450
1261229206.972802 8.742738 12.839568 101.394846 -0.005738 0.054721 -0.006581 0.998463
1261229207.175078 8.975438 13.137122 103.748032 -0.004570 0.054609 -0.006706 0.998475
1261229207.322785 9.155456 13.374394 105.604629 -0.003193 0.054371 -0.006985 0.998491
1261229207.472794 9.322111 13.586067 107.288248 -0.001890 0.054056 -0.007934 0.998505
1261229207.672807 9.561358 13.890076 109.709891 -0.004447 0.054094 -0.006873 0.998502
1261229207.872786 9.810016 14.192630 112.145043 -0.004230 0.054668 -0.005747 0.998479
1261229208.122797 10.129740 14.587882 115.248028 -0.003960 0.055429 -0.004083 0.998446
1261229208.322810 10.383372 14.892874 117.654921 -0.005600 0.056042 -0.003172 0.998408
1261229208.772797 10.934561 15.594852 123.092186 -0.003883 0.056272 -0.003266 0.998403
1261229208.972807 11.179193 15.901871 125.496763 -0.003070 0.056327 -0.003706 0.998401
1261229209.122817 11.361446 16.125459 127.276352 -0.002480 0.056442 -0.003174 0.998398
1261229209.272826 11.542175 16.345263 129.040875 -0.002231 0.056546 -0.003148 0.998393
1261229209.672815 12.056384 16.957639 133.965762 -0.002000 0.057114 -0.001577 0.998364
1261229209.822824 12.258420 17.200518 135.926028 -0.001472 0.057239 -0.001180 0.998359
1261229209.972836 12.463755 17.448010 137.941072 -0.002230 0.057116 -0.002232 0.998363
1261229210.122820 12.650812 17.675508 139.784613 -0.003004 0.057047 -0.003702 0.998360
1261229210.322820 12.901803 17.980887 142.235511 -0.004590 0.056948 -0.004901 0.998355
1261229210.722838 13.419817 18.630273 147.247424 -0.006264 0.057142 -0.005254 0.998333
1261229210.872812 13.624224 18.886486 149.213960 -0.005343 0.057455 -0.004430 0.998324
1261229211.022816 13.824145 19.136593 151.119006 -0.005519 0.057764 -0.003472 0.998309
1261229211.222839 14.095993 19.465845 153.679080 -0.005256 0.057864 -0.003343 0.998305
1261229211.422854 14.366478 19.800574 156.274397 -0.004690 0.057928 -0.003617 0.998303
1261229211.622820 14.634021 20.138936 158.864988 -0.004790 0.058040 -0.003975 0.998295
1261229211.772833 14.838534 20.397248 160.833576 -0.004504 0.058267 -0.003668 0.998284
1261229212.122850 15.312267 20.963557 165.282442 -0.004874 0.058362 -0.003989 0.998276
1261229212.322919 15.588748 21.288198 167.853683 -0.003670 0.058378 -0.004108 0.998279
1261229212.472830 15.813380 21.557694 169.979703 -0.003015 0.058391 -0.004535 0.998279
1261229212.622835 16.017454 21.802448 171.915059 -0.002862 0.058448 -0.004760 0.998275
1261229212.772848 16.221005 22.043748 173.824453 -0.004193 0.058464 -0.005238 0.998267
1261229212.972872 16.485821 22.360136 176.305624 -0.004923 0.058501 -0.005642 0.998259
1261229213.122832 16.685152 22.595166 178.160031 -0.004429 0.058425 -0.005832 0.998265
1261229213.272837 16.906616 22.856314 180.233144 -0.003611 0.058576 -0.005376 0.998262
1261229213.422845 17.110393 23.093941 182.126720 -0.003685 0.058641 -0.005216 0.998259
1261229213.622859 17.399753 23.433080 184.804707 -0.003934 0.058796 -0.004798 0.998251
1261229213.773905 17.623011 23.705384 186.917688 -0.005451 0.058790 -0.005377 0.998241
1261229213.922840 17.844255 23.991835 189.037311 -0.007174 0.058751 -0.005722 0.998230
1261229214.072851 18.064871 24.268439 191.102524 -0.006705 0.058853 -0.006032 0.998226
1261229214.272860 18.362514 24.624585 193.793881 -0.006170 0.058940 -0.005601 0.998227
1261229214.472877 18.652238 24.982150 196.476279 -0.008124 0.059152 -0.004925 0.998204
1261229214.622845 18.879743 25.263682 198.547733 -0.009295 0.059165 -0.004056 0.998197
1261229214.772854 19.105494 25.544683 200.612430 -0.008424 0.059209 -0.003006 0.998206
1261229215.124808 19.628432 26.204638 205.515484 -0.008141 0.058669 -0.001257 0.998244
1261229215.322873 19.916820 26.572602 208.226677 -0.008738 0.058106 -0.001480 0.998271
1261229215.522861 20.201400 26.945950 210.963174 -0.008071 0.057421 -0.002626 0.998314
1261229215.672873 20.416401 27.231964 213.042587 -0.008930 0.057038 -0.003044 0.998327
1261229215.872878 20.699747 27.599971 215.757148 -0.008621 0.056848 -0.003089 0.998341
1261229216.072896 20.986364 27.971409 218.494144 -0.009425 0.056764 -0.003532 0.998337
1261229216.222924 21.197431 28.256738 220.568840 -0.009980 0.056596 -0.004006 0.998339
1261229216.372871 21.391187 28.529283 222.530204 -0.010297 0.056579 -0.005060 0.998332
1261229216.572886 21.652832 28.883090 225.073914 -0.009947 0.056537 -0.005621 0.998335
1261229216.772886 21.954883 29.267894 227.892605 -0.010430 0.056582 -0.005389 0.998329
1261229216.922876 22.170769 29.558971 229.952660 -0.011635 0.056676 -0.005259 0.998311
1261229217.272889 22.694468 30.258473 234.990916 -0.010097 0.056736 -0.004211 0.998329
1261229217.422891 22.927484 30.561936 237.192290 -0.011243 0.056897 -0.003559 0.998310
1261229217.572897 23.154135 30.861056 239.325869 -0.012239 0.056968 -0.003280 0.998296
1261229217.722883 23.373423 31.151385 241.383512 -0.011961 0.057018 -0.003271 0.998296
1261229217.872891 23.592194 31.460372 243.540394 -0.011929 0.057034 -0.003944 0.998293
1261229218.022905 23.816168 31.768197 245.697390 -0.012532 0.057189 -0.003467 0.998279
1261229218.222902 24.102357 32.154758 248.404916 -0.012923 0.057445 -0.003555 0.998259
1261229218.372880 24.323708 32.454534 250.479802 -0.013330 0.057857 -0.003821 0.998229
1261229218.522888 24.540913 32.748329 252.484881 -0.014003 0.058400 -0.004073 0.998187
1261229218.672896 24.772368 33.054818 254.597686 -0.014647 0.058898 -0.003688 0.998150
1261229218.822905 24.994784 33.347283 256.615261 -0.013978 0.059244 -0.004059 0.998137
1261229218.972911 25.214638 33.637389 258.607355 -0.013878 0.059527 -0.004361 0.998121
1261229219.122886 25.453193 33.959082 260.812147 -0.015193 0.059791 -0.004189 0.998087
1261229219.272893 25.695835 34.288804 263.055563 -0.016194 0.060057 -0.004219 0.998055
1261229219.472904 26.010907 34.708312 265.885118 -0.016016 0.060269 -0.004333 0.998044
1261229219.672918 26.321714 35.122944 268.666003 -0.016234 0.060531 -0.003881 0.998027
1261229219.822928 26.539006 35.416916 270.638828 -0.016671 0.060634 -0.004018 0.998013
1261229219.972898 26.773327 35.722764 272.696740 -0.016131 0.060735 -0.004338 0.998014
1261229220.122906 26.998774 36.023843 274.697643 -0.016102 0.060924 -0.003959 0.998005
1261229220.293377 27.230014 36.333796 276.774403 -0.016795 0.061138 -0.003670 0.997981
1261229220.672901 27.888106 37.197893 282.581390 -0.015460 0.061183 -0.003401 0.998001
1261229220.822922 28.133605 37.524063 284.803178 -0.015264 0.061090 -0.003103 0.998011
1261229221.022923 28.451788 37.946180 287.680349 -0.014950 0.060893 -0.003270 0.998027
1261229221.222935 28.769488 38.363761 290.526361 -0.015922 0.060363 -0.003889 0.998042
1261229221.372911 29.012384 38.681048 292.682689 -0.017360 0.060196 -0.003756 0.998029
1261229221.522920 29.253582 39.006780 294.882825 -0.016527 0.060108 -0.003686 0.998048
1261229221.822941 29.734011 39.647154 299.220294 -0.015619 0.059570 -0.003013 0.998097
1261229221.972940 29.986831 39.983870 301.527982 -0.015938 0.059526 -0.002792 0.998096
1261229222.172920 30.304465 40.418910 304.488478 -0.014673 0.059476 -0.003447 0.998116
1261229222.322922 30.517974 40.711760 306.486980 -0.014432 0.059812 -0.004536 0.998095
1261229222.522938 30.807604 41.095624 309.095411 -0.015156 0.061341 -0.005442 0.997987
1261229222.772951 31.198691 41.582700 312.406138 -0.015002 0.063432 -0.005793 0.997857
1261229222.922926 31.428570 41.861598 314.300249 -0.014785 0.064642 -0.006113 0.997780
1261229223.122934 31.758819 42.249612 316.949383 -0.015088 0.066580 -0.005370 0.997653
1261229223.372947 32.186376 42.732800 320.266932 -0.014064 0.068782 -0.005805 0.997516
1261229223.572958 32.550330 43.119745 322.949201 -0.013958 0.070777 -0.005600 0.997379
1261229223.722932 32.834907 43.412566 324.980223 -0.013602 0.072205 -0.005456 0.997282
1261229223.872941 33.110636 43.693364 326.904403 -0.013895 0.073751 -0.004747 0.997169
1261229224.072951 33.498022 44.082618 329.605722 -0.013555 0.075622 -0.004221 0.997035
1261229224.222961 33.809729 44.392097 331.785761 -0.013608 0.076854 -0.004730 0.996938
1261229224.522943 34.448753 45.013916 336.170739 -0.012242 0.078516 -0.003730 0.996831
1261229224.682994 34.767449 45.316772 338.326909 -0.011872 0.078674 -0.004231 0.996821
1261229224.822957 35.072932 45.614964 340.421404 -0.014323 0.078673 -0.004472 0.996788
1261229224.972966 35.383990 45.918653 342.517170 -0.014551 0.078658 -0.003564 0.996789
1261229225.122942 35.688961 46.219737 344.588182 -0.013535 0.078507 -0.003465 0.996816
1261229225.272957 35.992474 46.524630 346.652828 -0.015499 0.078094 -0.002750 0.996822
1261229225.433562 36.294808 46.821915 348.708626 -0.012859 0.077809 -0.003164 0.996880
1261229225.572964 36.596930 47.132697 350.830085 -0.014971 0.077318 -0.003184 0.996889
1261229225.722979 36.900746 47.449439 353.017150 -0.013715 0.076689 -0.005165 0.996947
1261229225.872948 37.208252 47.769496 355.212506 -0.011853 0.076091 -0.006270 0.997011
1261229225.972959 37.402709 47.977563 356.641381 -0.012503 0.076052 -0.006403 0.997005
1261229226.272972 38.026291 48.570776 360.916771 -0.008364 0.075555 -0.005514 0.997091
1261229226.622955 38.724705 49.195491 365.754374 -0.005244 0.074869 -0.003475 0.997174
1261229226.772967 38.999422 49.438254 367.666519 -0.006004 0.074304 -0.002159 0.997215
1261229227.072981 39.541496 49.936901 371.602830 -0.002924 0.071259 -0.000326 0.997453
1261229227.222998 39.828015 50.208602 373.816038 -0.004518 0.069375 0.000122 0.997580
1261229227.372968 40.096141 50.489314 375.985847 -0.006504 0.067566 0.000172 0.997694
1261229227.722977 40.676643 51.123366 380.830954 -0.005910 0.064459 0.000922 0.997902
1261229227.931479 40.991619 51.479354 383.562746 -0.005351 0.062949 0.002041 0.998000
1261229228.322991 41.627933 52.195925 389.062200 -0.005387 0.060796 0.004170 0.998127
1261229228.723009 42.210901 52.885935 394.390349 -0.005319 0.059655 0.002653 0.998201
1261229229.072991 42.736220 53.507386 399.229453 -0.005161 0.059140 0.002270 0.998234
1261229229.273001 43.033491 53.861167 402.044362 -0.003704 0.058873 0.002543 0.998255
1261229229.473010 43.336816 54.221672 404.904821 -0.004313 0.058582 0.003272 0.998268
1261229229.672990 43.615978 54.566966 407.615850 -0.006108 0.058453 0.004489 0.998261
1261229230.073008 44.131747 55.207249 412.564488 -0.005941 0.058037 0.004510 0.998287
1261229230.323021 44.522338 55.689305 416.239684 -0.006322 0.058202 0.003868 0.998277
1261229230.573006 44.901166 56.157413 419.827749 -0.006941 0.058552 0.002219 0.998258
1261229230.773166 45.193967 56.506165 422.523835 -0.005403 0.058600 0.001694 0.998265
1261229231.273002 45.911057 57.344418 429.197222 -0.004309 0.058935 0.002288 0.998250
1261229231.473015 46.205990 57.679326 431.881770 -0.004719 0.058733 0.002120 0.998260
1261229231.673024 46.482105 58.000228 434.477381 -0.003238 0.058496 0.002600 0.998279
1261229231.923014 46.819726 58.379992 437.634022 -0.002539 0.058107 0.003883 0.998300
1261229232.123024 47.098528 58.695655 440.242797 -0.004162 0.057634 0.004399 0.998319
1261229232.373038 47.432982 59.091229 443.447961 -0.004243 0.057187 0.004924 0.998342
1261229232.573225 47.674071 59.387098 445.849852 -0.003327 0.056704 0.005172 0.998372
1261229232.723024 47.859148 59.612642 447.688056 -0.002835 0.056430 0.004749 0.998391
1261229232.873029 48.043366 59.846633 449.555361 -0.002237 0.055998 0.004313 0.998419
1261229233.073037 48.305046 60.160700 452.127871 -0.002423 0.055959 0.003816 0.998423
1261229233.273045 48.537726 60.452750 454.522921 -0.003088 0.056322 0.003013 0.998403
1261229233.523035 48.814524 60.801235 457.349650 -0.003391 0.057236 0.002319 0.998352
1261229233.723041 49.012672 61.053604 459.388136 -0.002179 0.058292 0.002041 0.998295
1261229234.173032 49.578179 61.701345 464.621155 -0.003520 0.060310 0.003384 0.998168
1261229234.423040 49.911111 62.068904 467.559008 -0.002902 0.060929 0.003878 0.998130
1261229234.673049 50.275634 62.473828 470.736534 -0.003670 0.061036 0.003012 0.998124
1261229234.873034 50.562392 62.805565 473.225506 -0.005235 0.061022 0.002601 0.998119
1261229235.123046 50.902814 63.196130 476.223482 -0.003939 0.060713 0.004461 0.998138
1261229235.323060 51.151880 63.504992 478.543283 -0.005920 0.060145 0.003962 0.998164
1261229235.523078 51.399358 63.813358 480.813011 -0.007883 0.059467 0.003827 0.998192
1261229235.723051 51.653149 64.130841 483.066370 -0.009559 0.058967 0.004736 0.998203
1261229235.890825 51.848942 64.377675 484.758028 -0.012108 0.058744 0.006388 0.998179
1261229236.073059 52.102354 64.725758 487.036193 -0.014100 0.058133 0.008158 0.998176
1261229236.223112 52.295949 64.993255 488.830508 -0.012259 0.057676 0.008444 0.998224
1261229236.373053 52.488002 65.267080 490.718114 -0.011624 0.056895 0.006880 0.998289
1261229236.673062 52.840832 65.790186 494.437735 -0.011025 0.055616 0.002854 0.998387
1261229236.823065 53.012497 66.045840 496.268960 -0.010070 0.055507 0.003113 0.998403
1261229237.123063 53.373809 66.571600 500.006423 -0.012805 0.055143 0.003013 0.998392
1261229237.291329 53.550948 66.831632 501.805498 -0.012550 0.054904 0.003037 0.998408
1261229237.373071 53.658184 66.996456 502.880234 -0.012121 0.054797 0.002962 0.998420
1261229237.473075 53.749092 67.144446 503.843826 -0.011614 0.054519 0.001474 0.998444
1261229237.623079 53.911001 67.385776 505.528364 -0.012993 0.054344 0.001665 0.998436
1261229237.773072 54.091842 67.656140 507.373284 -0.015492 0.054796 0.002221 0.998375
1261229237.873065 54.254213 67.878917 508.915056 -0.014380 0.055004 0.003364 0.998377
1261229238.223085 54.745223 68.604747 513.718296 -0.016196 0.055503 0.004401 0.998317
1261229238.423099 55.032133 69.028368 516.524297 -0.016020 0.055530 0.003280 0.998323
1261229238.573105 55.242530 69.334388 518.535924 -0.016340 0.055549 0.003148 0.998317
1261229238.723078 55.437603 69.626526 520.448905 -0.015743 0.055621 0.002772 0.998324
1261229238.973087 55.775448 70.114603 523.678748 -0.014805 0.055561 0.002278 0.998343
1261229239.223094 56.106983 70.608977 527.028666 -0.016619 0.055252 0.000849 0.998334
1261229239.423079 56.351101 70.976732 529.447395 -0.016589 0.054948 -0.000195 0.998351
1261229239.773096 56.800282 71.654999 533.824694 -0.019392 0.054628 -0.000763 0.998318
1261229240.223099 57.419886 72.597945 539.866268 -0.019113 0.055041 0.001947 0.998299
1261229240.423103 57.694471 73.020670 542.564366 -0.020538 0.055632 0.001852 0.998238
1261229240.623110 57.942742 73.403254 544.982071 -0.019354 0.056504 0.001297 0.998214
1261229240.823118 58.172828 73.744217 547.169190 -0.020083 0.057579 0.002429 0.998136
1261229241.023099 58.430461 74.122162 549.584396 -0.021160 0.058143 0.003284 0.998079
1261229241.223107 58.673258 74.493338 551.889192 -0.019609 0.058146 0.003311 0.998110
1261229241.423116 58.917652 74.865219 554.217061 -0.021521 0.057945 0.003180 0.998083
1261229241.673101 59.275193 75.394608 557.571037 -0.021643 0.057325 0.001803 0.998119
1261229241.873103 59.585261 75.846698 560.407083 -0.020879 0.057004 0.001787 0.998154
1261229242.073120 59.858171 76.258381 562.986673 -0.020456 0.056711 0.002474 0.998178
1261229242.273130 60.094472 76.613626 565.241651 -0.020646 0.056154 0.002240 0.998206
1261229242.473106 60.351594 76.994737 567.656628 -0.019384 0.055930 0.003423 0.998241
1261229242.923133 60.892410 77.842482 572.999514 -0.020748 0.054903 0.003688 0.998269
1261229243.473131 61.570799 78.931345 580.024107 -0.021538 0.053700 0.003850 0.998317
1261229243.673138 61.794636 79.306859 582.381400 -0.020930 0.053232 0.003537 0.998357
1261229244.123128 62.260376 80.106745 587.494384 -0.020699 0.052103 0.002500 0.998424
1261229244.373146 62.532210 80.567362 590.472403 -0.019946 0.051211 0.002189 0.998486
1261229244.580116 62.751674 80.940134 592.885718 -0.019960 0.050789 0.002447 0.998507
1261229244.773134 62.959137 81.306693 595.216222 -0.021366 0.050547 0.001425 0.998492
1261229244.923139 63.095824 81.554158 596.737470 -0.020642 0.050645 0.000938 0.998503
1261229245.123152 63.293970 81.886094 598.826114 -0.019562 0.051276 0.001850 0.998491
1261229245.323172 63.497075 82.221162 600.958966 -0.020317 0.051608 0.002160 0.998458
1261229245.473134 63.642898 82.472205 602.572717 -0.021042 0.051968 0.001892 0.998425
1261229245.623142 63.820350 82.766856 604.506862 -0.019675 0.052370 0.000968 0.998433
1261229245.823158 64.035393 83.125724 606.787825 -0.019674 0.052974 0.000028 0.998402
1261229245.973165 64.205074 83.396553 608.529654 -0.019978 0.053554 0.000117 0.998365
1261229246.223148 64.502970 83.863909 611.560661 -0.019162 0.054357 -0.000364 0.998338
1261229246.423154 64.741748 84.234794 613.884974 -0.019942 0.054857 -0.000418 0.998295
1261229246.573163 64.924532 84.509352 615.616605 -0.019434 0.054984 -0.000102 0.998298
1261229246.773178 65.162341 84.878110 617.949693 -0.020147 0.054842 -0.001653 0.998290
1261229246.973153 65.420986 85.273695 620.475869 -0.019721 0.055255 -0.000089 0.998277
1261229247.223168 65.747040 85.772424 623.658691 -0.020018 0.055469 0.001515 0.998259
1261229247.473172 66.025277 86.212573 626.474568 -0.018086 0.055027 -0.000883 0.998321
1261229247.673157 66.231918 86.532357 628.545583 -0.018127 0.054736 -0.002181 0.998334
1261229247.923174 66.506834 86.962800 631.320456 -0.019955 0.054455 -0.002592 0.998313
1261229248.123175 66.729546 87.312865 633.595208 -0.019449 0.054058 -0.003685 0.998342
1261229248.273182 66.909574 87.595274 635.447985 -0.019422 0.053859 -0.002440 0.998357
1261229248.473165 67.155755 87.983443 637.902009 -0.021984 0.053783 -0.002140 0.998308
1261229248.673166 67.401422 88.377764 640.360918 -0.023838 0.054323 0.000514 0.998239
1261229248.873192 67.636481 88.749173 642.703919 -0.020117 0.054226 0.001986 0.998324
1261229249.073202 67.849495 89.088061 644.903616 -0.019082 0.054259 0.001249 0.998344
1261229249.273174 68.063282 89.417200 647.047729 -0.019925 0.054124 0.000604 0.998335
1261229249.473180 68.296336 89.760288 649.162934 -0.020479 0.054286 0.001383 0.998314
1261229249.691549 68.556647 90.147857 651.644346 -0.019956 0.054212 0.002128 0.998328
1261229250.123192 69.090741 90.968874 656.985647 -0.019875 0.054200 0.001277 0.998331
1261229250.323199 69.312020 91.327602 659.337328 -0.019814 0.054590 0.002948 0.998308
1261229250.573216 69.588601 91.767988 662.239015 -0.019725 0.054848 0.004466 0.998290
1261229250.973197 70.042832 92.470633 666.821772 -0.020651 0.055097 0.004310 0.998258
1261229251.373188 70.478748 93.173923 671.329529 -0.022027 0.055201 0.004112 0.998224
1261229251.823208 70.962597 93.953624 676.224126 -0.020894 0.055378 0.003352 0.998241
1261229252.073229 71.206398 94.360828 678.752988 -0.022096 0.055331 0.003044 0.998219
1261229252.423214 71.521543 94.878890 682.005029 -0.022434 0.054931 0.002729 0.998234
1261229252.773227 71.826910 95.386558 685.211295 -0.021507 0.054100 0.000790 0.998304
1261229253.173215 72.173362 95.956108 688.873530 -0.019902 0.053183 -0.000377 0.998386
1261229253.523242 72.464026 96.429766 691.934913 -0.019894 0.052268 0.000722 0.998435
1261229253.873220 72.730831 96.881670 694.853371 -0.020727 0.051009 0.000667 0.998483
1261229254.179914 72.950175 97.274267 697.347678 -0.021749 0.049941 -0.000043 0.998515
1261229254.423219 73.114427 97.579690 699.287819 -0.022429 0.049124 -0.000635 0.998541
1261229254.673236 73.294377 97.890534 701.335088 -0.021733 0.048633 -0.000390 0.998580
1261229254.923242 73.470075 98.196481 703.313609 -0.020445 0.048120 0.000484 0.998632
1261229255.173224 73.610210 98.468399 705.070938 -0.021360 0.048226 -0.000203 0.998608
1261229255.473241 73.809657 98.785714 707.192930 -0.017448 0.051844 0.000679 0.998503
1261229255.823252 74.063977 99.129187 709.507457 -0.017186 0.061501 -0.001688 0.997958
1261229256.173247 74.406629 99.476729 711.858726 -0.016274 0.079057 -0.003369 0.996732
1261229256.473265 74.798668 99.769347 713.847245 -0.016937 0.102516 -0.007259 0.994561
1261229256.773242 75.316012 100.060615 715.780686 -0.014932 0.135128 -0.013786 0.990620
1261229257.073257 76.015369 100.349581 717.718559 -0.017051 0.174809 -0.020463 0.984242
1261229257.673263 77.923698 100.869006 721.388781 -0.006869 0.254793 -0.035291 0.966327
1261229258.223254 80.245166 101.307091 724.614430 -0.009429 0.317081 -0.042898 0.947381
1261229258.523272 81.757335 101.537502 726.374991 -0.007117 0.342477 -0.046178 0.938364
1261229259.173276 85.325076 102.021831 730.097853 -0.007073 0.381373 -0.052957 0.922876
1261229259.903388 89.487709 102.567460 734.108061 -0.009145 0.396671 -0.045220 0.916801
1261229260.223299 91.628045 102.872213 736.192801 -0.009069 0.392490 -0.041175 0.918789
1261229260.573284 93.676529 103.184215 738.311366 -0.009278 0.379732 -0.039354 0.924213
1261229261.223291 97.270025 103.829226 742.483911 -0.014347 0.338148 -0.033303 0.940394
1261229261.473296 98.570217 104.104736 744.274628 -0.016068 0.318442 -0.031333 0.947288
1261229262.073292 101.103218 104.746037 748.375902 -0.018207 0.267037 -0.024462 0.963204
1261229262.373316 102.141700 105.073425 750.466924 -0.019213 0.238714 -0.020281 0.970688
1261229262.673294 102.993483 105.403146 752.532998 -0.020474 0.208037 -0.016126 0.977774
1261229262.973315 103.659863 105.725248 754.560191 -0.020278 0.174008 -0.010536 0.984479
1261229263.539141 104.533229 106.371798 758.475954 -0.025340 0.102816 -0.002277 0.994375
1261229263.773326 104.728806 106.676615 760.277655 -0.029111 0.070024 0.001741 0.997119
1261229263.979722 104.836622 106.926830 761.754925 -0.028466 0.044280 0.005049 0.998601
1261229264.473325 104.575432 107.502976 765.301312 -0.014899 -0.019248 0.012848 0.999621
1261229264.723331 104.299503 107.772594 767.084875 -0.015699 -0.050878 0.016038 0.998453
1261229265.223329 103.464106 108.309069 770.663202 -0.017947 -0.112011 0.019698 0.993350
1261229265.474646 102.870092 108.571124 772.394598 -0.021448 -0.140900 0.021159 0.989565
1261229265.723331 102.193953 108.841035 774.073136 -0.023537 -0.168439 0.024201 0.985134
1261229266.223354 100.580214 109.367048 777.280771 -0.024362 -0.223167 0.029563 0.974027
1261229266.423338 99.826411 109.563710 778.468564 -0.025685 -0.245279 0.032517 0.968566
1261229266.923356 97.713448 110.035776 781.295996 -0.020756 -0.299952 0.042427 0.952784
1261229267.201169 96.563823 110.244150 782.604628 -0.020859 -0.326831 0.045583 0.943753
1261229267.673360 94.033594 110.632977 785.046761 -0.018854 -0.381042 0.052420 0.922878
1261229268.173358 91.156202 110.967428 787.165882 -0.017810 -0.435685 0.057723 0.898070
1261229268.423373 89.601127 111.126230 788.149835 -0.021717 -0.463036 0.061138 0.883962
1261229268.973370 85.933320 111.433445 789.993507 -0.019974 -0.520743 0.069478 0.850647
1261229269.223383 84.164865 111.549148 790.672110 -0.017964 -0.544364 0.074264 0.835362
1261229269.723376 80.394321 111.744276 791.832762 -0.018648 -0.586891 0.083574 0.805125
1261229270.023387 78.130067 111.828862 792.323226 -0.018507 -0.613807 0.086592 0.784475
1261229270.273377 76.274836 111.886566 792.603850 -0.019983 -0.635967 0.089816 0.766211
1261229270.837899 72.025150 111.929252 792.834177 -0.019361 -0.684895 0.098890 0.721641
1261229271.073384 70.056837 111.904699 792.721104 -0.018933 -0.707452 0.101618 0.699162
1261229271.573407 66.079483 111.816243 792.152707 -0.020242 -0.751397 0.106808 0.650834
1261229272.073395 61.924386 111.647347 791.036540 -0.018588 -0.792954 0.113709 0.598288
1261229272.323419 60.045838 111.532401 790.307963 -0.015855 -0.811865 0.117972 0.571582
1261229272.823407 56.460114 111.224993 788.473638 -0.018242 -0.848147 0.123461 0.514851
1261229273.023424 55.327756 111.088199 787.648749 0.018728 0.861913 -0.124099 -0.491279
1261229273.273396 53.692459 110.887977 786.437824 0.019113 0.877624 -0.128081 -0.461527
1261229273.779527 50.635223 110.441039 783.655421 0.017068 0.907329 -0.129233 -0.399702
1261229274.023408 49.283492 110.189527 782.091421 0.016175 0.919977 -0.130370 -0.369301
1261229274.523419 46.766786 109.645916 778.725309 0.015370 0.940853 -0.135561 -0.310132
1261229274.773417 45.669601 109.339227 776.889907 0.016059 0.950077 -0.135258 -0.280715
1261229275.289414 43.792577 108.739731 773.127898 0.017127 0.965663 -0.134503 -0.221611
1261229275.523420 43.024431 108.443189 771.182684 0.017511 0.972369 -0.132663 -0.191291
1261229276.023447 41.880843 107.837165 767.173617 0.017718 0.981664 -0.137207 -0.131134
1261229276.273426 41.406293 107.503118 765.031964 0.018860 0.985251 -0.136842 -0.100994
1261229276.549308 41.194703 107.187939 762.922414 0.017176 0.988054 -0.135796 -0.070804
1261229277.123440 41.155045 106.440229 757.943925 0.019369 0.990787 -0.134037 0.000483
1261229277.473461 41.438236 105.992083 755.092766 0.023089 0.989284 -0.138011 0.041688
1261229278.073450 42.446810 105.208116 750.224622 0.022813 0.984402 -0.134106 0.111573
1261229278.373444 43.210749 104.824167 747.794446 0.021394 0.980760 -0.130207 0.143866
1261229279.073478 45.533552 103.982971 742.445141 0.020771 0.969623 -0.127999 0.207402
1261229279.873451 48.712354 103.106872 736.992024 0.009948 0.961728 -0.129033 0.241516
1261229280.573478 51.571493 102.417352 732.594148 0.009282 0.958576 -0.127569 0.254504
1261229280.973479 53.154184 102.054896 730.171023 0.007176 0.958115 -0.124941 0.257592
1261229281.373461 54.690673 101.710508 727.732369 0.003983 0.960162 -0.125443 0.249672
1261229281.673487 55.781406 101.422506 725.776117 0.006298 0.964621 -0.128473 0.230133
1261229282.023504 56.964046 101.039583 723.254416 0.009597 0.971524 -0.130205 0.197726
1261229282.323482 57.783699 100.690810 721.015950 0.008398 0.977059 -0.136075 0.163615
1261229282.573501 58.370086 100.368172 719.022011 0.005438 0.982200 -0.135150 0.130336
1261229283.073494 59.246938 99.635845 714.536210 0.004039 0.988961 -0.134805 0.061374
1261229283.473514 59.689292 98.927935 710.186361 0.003030 0.989808 -0.141858 0.012167
1261229283.623487 59.725694 98.662653 708.505710 0.003527 0.989956 -0.141275 -0.003992
1261229284.073514 59.531773 97.923150 703.885417 0.006665 0.989145 -0.141226 -0.040025
1261229284.323524 59.274934 97.524257 701.404767 0.010437 0.988258 -0.142699 -0.053609
1261229284.523502 59.059682 97.169212 699.274898 0.012531 0.987701 -0.143239 -0.061413
1261229284.773517 58.743757 96.739292 696.617860 0.013187 0.987646 -0.139622 -0.069912
1261229284.973529 58.448325 96.406529 694.494956 0.014385 0.987355 -0.139067 -0.074722
1261229285.223504 58.032705 96.012113 691.984708 0.016341 0.986909 -0.140797 -0.076935
1261229285.873514 57.092005 94.837441 684.739244 0.017077 0.987351 -0.139986 -0.072453
1261229286.073517 56.788256 94.471390 682.350832 0.016613 0.987572 -0.139522 -0.070417
1261229286.623514 55.989962 93.435391 675.713408 0.015825 0.987742 -0.141685 -0.063572
1261229286.823533 55.700935 93.065215 673.415783 0.015733 0.988055 -0.140445 -0.061446
1261229287.073542 55.361692 92.582328 670.414227 0.014548 0.988181 -0.140260 -0.060109
1261229287.573537 54.674765 91.575675 664.191008 0.014917 0.988306 -0.140133 -0.058236
1261229287.773541 54.407964 91.136453 661.454569 0.015998 0.988292 -0.140539 -0.057208
1261229287.973548 54.141178 90.703874 658.765647 0.017873 0.988113 -0.142156 -0.055721
1261229288.173538 53.879368 90.281907 656.122966 0.018222 0.988480 -0.140200 -0.054028
1261229288.423549 53.571112 89.732468 652.658881 0.018481 0.988973 -0.137314 -0.052300
1261229288.623559 53.313933 89.339946 650.119332 0.018901 0.988934 -0.137925 -0.051276
1261229289.173549 52.605818 88.173109 642.842978 0.020420 0.988550 -0.140536 -0.051006
1261229289.423573 52.293970 87.617528 639.387030 0.018825 0.988780 -0.139052 -0.051227
1261229289.723552 51.919919 86.987426 635.428112 0.018058 0.988866 -0.138371 -0.051690
1261229289.973563 51.610639 86.468215 632.235965 0.018682 0.988923 -0.137849 -0.051765
1261229290.223577 51.299670 85.917489 628.862292 0.018478 0.988759 -0.138878 -0.052213
1261229290.423554 51.052570 85.488162 626.183596 0.017804 0.988418 -0.141319 -0.052358
1261229290.623565 50.804415 85.079850 623.642106 0.016958 0.988684 -0.139474 -0.052562
1261229290.773577 50.613157 84.757341 621.663009 0.017810 0.988765 -0.138752 -0.052678
1261229291.023584 50.304846 84.190077 618.136624 0.018872 0.988840 -0.138021 -0.052814
1261229291.273564 50.001270 83.646652 614.709391 0.018498 0.988826 -0.138092 -0.053020
1261229291.473574 49.743169 83.225653 612.055172 0.018404 0.988619 -0.139419 -0.053450
1261229291.673588 49.478172 82.807611 609.435256 0.018497 0.988584 -0.139618 -0.053543
1261229291.923568 49.158629 82.268213 606.104146 0.019135 0.988607 -0.139313 -0.053675
1261229292.123584 48.913864 81.848543 603.507682 0.019637 0.988643 -0.138922 -0.053856
1261229292.373589 48.591003 81.311564 600.166390 0.019133 0.988876 -0.137316 -0.053882
1261229292.623576 48.258276 80.788245 596.848337 0.018289 0.988792 -0.138014 -0.053927
1261229292.823584 47.995896 80.345280 594.094934 0.016775 0.988829 -0.137958 -0.053884
1261229293.086686 47.654228 79.853061 590.905538 0.015413 0.988849 -0.138004 -0.053805
1261229293.273605 47.372268 79.413064 588.089540 0.016899 0.988781 -0.138357 -0.053706
1261229293.873609 46.535179 78.114116 579.932658 0.017857 0.988853 -0.137953 -0.053094
1261229294.173588 46.138509 77.440888 575.733518 0.015653 0.988926 -0.137983 -0.052365
1261229294.423604 45.802048 76.848751 572.047874 0.015405 0.988884 -0.138419 -0.052073
1261229294.673609 45.470718 76.268641 568.439532 0.016729 0.988852 -0.138649 -0.051662
1261229294.873594 45.238314 75.858777 565.857988 0.017380 0.988843 -0.138629 -0.051671
1261229295.123611 44.943340 75.314310 562.485292 0.017705 0.988914 -0.138122 -0.051560
1261229295.395862 44.627961 74.786121 559.175314 0.017727 0.989042 -0.137195 -0.051575
1261229295.723607 44.173766 74.019448 554.406334 0.018867 0.988957 -0.137575 -0.051779
1261229296.073631 43.754154 73.312902 549.964044 0.019377 0.988886 -0.137924 -0.052014
1261229296.323632 43.443611 72.770166 546.626174 0.019297 0.989028 -0.136890 -0.052072
1261229296.573617 43.152955 72.276826 543.474334 0.018919 0.989226 -0.135499 -0.052098
1261229296.873635 42.771743 71.629357 539.464760 0.017950 0.989108 -0.136407 -0.052316
1261229297.173621 42.406768 71.007108 535.576818 0.017316 0.989172 -0.135883 -0.052675
1261229297.473629 42.049917 70.436855 531.942139 0.017652 0.988938 -0.137308 -0.053265
1261229297.773652 41.705995 69.884809 528.413067 0.015935 0.989168 -0.135674 -0.053719
1261229298.185889 41.241566 69.152036 523.769629 0.015871 0.988958 -0.137018 -0.054191
1261229298.373651 41.011225 68.780187 521.469944 0.015454 0.988875 -0.137702 -0.054089
1261229298.523660 40.834307 68.509096 519.740198 0.015286 0.988953 -0.137163 -0.054084
1261229298.773634 40.533899 68.042947 516.792879 0.016179 0.989084 -0.136069 -0.054197
1261229299.023649 40.229647 67.590250 513.890187 0.019310 0.989090 -0.135553 -0.054348
1261229299.223663 39.993588 67.237891 511.578037 0.020454 0.989263 -0.134101 -0.054375
1261229299.423650 39.753891 66.855093 509.056066 0.021358 0.989464 -0.132487 -0.054339
1261229299.623651 39.521392 66.500027 506.610148 0.022152 0.989615 -0.131352 -0.054029
1261229299.823665 39.284729 66.147048 504.183697 0.022559 0.989507 -0.132179 -0.053813
1261229300.023660 39.063330 65.815338 501.904975 0.021464 0.989447 -0.132743 -0.053967
1261229300.223649 38.829158 65.460500 499.529822 0.022887 0.989515 -0.131936 -0.054129
1261229300.473665 38.508521 65.014002 496.577128 0.025700 0.989335 -0.132609 -0.054511
1261229300.723687 38.218196 64.551360 493.589964 0.022004 0.989251 -0.133858 -0.054598
1261229300.973656 37.955005 64.131074 490.744907 0.014978 0.989553 -0.132581 -0.054617
1261229301.223669 37.690101 63.720316 487.931426 0.013390 0.990152 -0.128245 -0.054526
1261229301.423681 37.468663 63.381912 485.638320 0.013714 0.990290 -0.127318 -0.054106
1261229301.623655 37.240574 63.032996 483.287235 0.014899 0.990218 -0.127771 -0.054042
1261229301.873668 36.953608 62.638363 480.448665 0.018311 0.990141 -0.128041 -0.053761
1261229302.123680 36.675263 62.242644 477.601432 0.019056 0.990118 -0.128218 -0.053518
1261229302.323690 36.442237 61.948415 475.379402 0.021424 0.990237 -0.126988 -0.053347
1261229302.523673 36.206109 61.643111 473.104766 0.023152 0.990277 -0.126410 -0.053248
1261229302.673679 36.027158 61.390628 471.251662 0.023755 0.990444 -0.125085 -0.053007
1261229302.873699 35.816042 61.110391 469.031942 0.022921 0.990783 -0.122578 -0.052894
1261229303.073697 35.602157 60.818561 466.758675 0.021449 0.990855 -0.122367 -0.052663
1261229303.473692 35.174569 60.215649 462.093957 0.018908 0.990798 -0.123172 -0.052833
1261229303.823707 34.759975 59.681082 457.902868 0.018667 0.990836 -0.122612 -0.053505
1261229304.137010 34.424916 59.234249 454.338804 0.018058 0.990940 -0.121648 -0.053975
1261229304.523708 33.935100 58.626063 449.547559 0.019189 0.990917 -0.121429 -0.054507
1261229305.323722 32.999219 57.475962 440.334914 0.020345 0.991114 -0.119225 -0.055357
1261229305.794992 32.462787 56.813733 434.948573 0.020273 0.990993 -0.120045 -0.055781
1261229306.023734 32.161506 56.427801 431.900667 0.020654 0.990924 -0.120395 -0.056116
1261229306.273709 31.862835 56.056846 428.949695 0.020485 0.990937 -0.120233 -0.056291
1261229306.523725 31.529794 55.612782 425.513218 0.020058 0.990771 -0.121649 -0.056327
1261229306.786170 31.202024 55.191327 422.163940 0.020218 0.990811 -0.121225 -0.056467
1261229306.973712 30.914375 54.868417 419.531210 0.021418 0.990787 -0.121246 -0.056400
1261229307.273729 30.523282 54.396978 415.786432 0.023309 0.990557 -0.122650 -0.056655
1261229307.573749 30.132806 53.913959 412.088919 0.024619 0.990606 -0.121921 -0.056829
1261229307.823728 29.807690 53.499269 408.967256 0.024260 0.990445 -0.123242 -0.056940
1261229308.073736 29.450751 53.037450 405.584656 0.023239 0.990553 -0.122581 -0.056909
1261229308.276655 29.163171 52.680358 402.843871 0.023316 0.990620 -0.122019 -0.056918
1261229308.473729 28.871459 52.331126 400.083172 0.024113 0.990624 -0.121747 -0.057105
1261229308.723737 28.526608 51.913536 396.802774 0.024595 0.990482 -0.122820 -0.057053
1261229308.923746 28.276387 51.600804 394.341654 0.024834 0.990413 -0.123264 -0.057197
1261229309.123727 28.025029 51.292228 391.934036 0.025539 0.990340 -0.123685 -0.057248
1261229309.323740 27.766790 50.967523 389.455876 0.026181 0.990376 -0.123329 -0.057093
1261229309.523746 27.521159 50.647872 387.004950 0.026267 0.990483 -0.122561 -0.056856
1261229309.723763 27.282849 50.358323 384.657157 0.026060 0.990517 -0.122379 -0.056757
1261229309.923733 27.030837 50.051657 382.235833 0.026382 0.990483 -0.122641 -0.056623
1261229310.173750 26.703675 49.657580 379.121558 0.025928 0.990752 -0.120670 -0.056368
1261229310.323751 26.499842 49.417808 377.214574 0.026593 0.990608 -0.121858 -0.056027
1261229310.523774 26.236326 49.099864 374.626765 0.027718 0.990655 -0.121297 -0.055876
1261229310.773744 25.904054 48.683636 371.336518 0.029112 0.990584 -0.121649 -0.055660
1261229311.023758 25.565934 48.263765 368.036429 0.029338 0.990533 -0.122173 -0.055289
1261229311.223774 25.303976 47.924314 365.384407 0.028632 0.990519 -0.122727 -0.054691
1261229311.423757 25.046412 47.584102 362.714522 0.027075 0.990596 -0.122639 -0.054270
1261229311.673764 24.722753 47.153778 359.359829 0.024817 0.990528 -0.123778 -0.054009
1261229311.873773 24.466141 46.808217 356.698600 0.023791 0.990473 -0.124507 -0.053803
1261229312.073768 24.217260 46.467920 354.055233 0.022537 0.990323 -0.126013 -0.053604
1261229312.236339 24.025633 46.212979 352.138793 0.022216 0.990122 -0.127576 -0.053743
1261229312.423775 23.769488 45.851435 349.534207 0.022646 0.989952 -0.128794 -0.053799
1261229312.623781 23.508324 45.468081 346.870385 0.022020 0.989795 -0.130068 -0.053889
1261229312.773787 23.328215 45.197361 344.974028 0.021324 0.989830 -0.129872 -0.053990
1261229312.973774 23.083395 44.835373 342.415021 0.021386 0.989867 -0.129541 -0.054083
1261229313.173783 22.827048 44.458642 339.797630 0.021950 0.989707 -0.130695 -0.054015
1261229313.323783 22.642219 44.175973 337.846854 0.021925 0.989641 -0.131169 -0.054085
1261229313.573808 22.312445 43.692239 334.521934 0.022535 0.989568 -0.131569 -0.054200
1261229313.823779 21.975056 43.197519 331.118848 0.022587 0.989849 -0.129405 -0.054252
1261229313.973784 21.762059 42.896370 328.962596 0.022148 0.989748 -0.130259 -0.054235
1261229314.123800 21.584219 42.624200 326.974524 0.021942 0.989626 -0.131237 -0.054190
1261229314.373779 21.259005 42.130605 323.540631 0.021753 0.989669 -0.130872 -0.054350
1261229314.573787 20.998547 41.749863 320.878196 0.021187 0.989544 -0.131922 -0.054322
1261229314.823795 20.638712 41.252424 317.451436 0.020248 0.989561 -0.131910 -0.054392
1261229315.023802 20.342581 40.837706 314.628480 0.019930 0.989668 -0.131172 -0.054346
1261229315.273790 19.991191 40.360232 311.302628 0.020456 0.989559 -0.131897 -0.054379
1261229315.473795 19.714047 39.955409 308.508446 0.020677 0.989646 -0.131162 -0.054500
1261229315.723816 19.380584 39.439364 304.995553 0.021787 0.989620 -0.131178 -0.054504
1261229316.023812 18.950440 38.834961 300.749057 0.022196 0.989555 -0.131668 -0.054335
1261229316.273807 18.586443 38.304236 297.055428 0.021674 0.989781 -0.130076 -0.054258
1261229316.673800 18.048386 37.509893 291.469920 0.021933 0.989550 -0.131771 -0.054285
1261229317.023817 17.567186 36.816224 286.623212 0.021994 0.989578 -0.131629 -0.054084
1261229317.373808 17.102401 36.099062 281.763791 0.021256 0.989472 -0.132618 -0.053898
1261229317.923820 16.308124 34.909249 273.895888 0.022866 0.989351 -0.133386 -0.053577
1261229318.223815 15.897011 34.295705 269.812425 0.023071 0.989402 -0.132923 -0.053694
1261229318.673838 15.260483 33.350926 263.526961 0.024245 0.989471 -0.132107 -0.053912
1261229318.973823 14.877922 32.730826 259.474091 0.023140 0.989503 -0.131975 -0.054132
1261229319.223838 14.561901 32.268017 256.272956 0.020886 0.989665 -0.131090 -0.054235
1261229319.423858 14.288591 31.876086 253.593874 0.020472 0.989687 -0.130925 -0.054391
1261229319.723833 13.878114 31.309579 249.560827 0.021580 0.989909 -0.129021 -0.054475
1261229320.023892 13.426300 30.727099 245.403209 0.029316 0.989489 -0.130494 -0.054980
1261229320.373827 12.944981 30.049255 240.639008 0.026302 0.989032 -0.134399 -0.055316
1261229320.623834 12.625178 29.560663 237.326804 0.023456 0.989136 -0.134261 -0.055072
1261229320.873860 12.301807 29.082556 234.031246 0.023856 0.989700 -0.130300 -0.054281
1261229321.123837 12.008235 28.647603 230.921331 0.023307 0.990065 -0.128013 -0.053302
1261229321.423854 11.685247 28.122928 227.217286 0.024906 0.990141 -0.127603 -0.052128
1261229321.725535 11.329226 27.561431 223.259194 0.025841 0.990324 -0.125992 -0.052124
1261229321.973851 11.036587 27.137667 220.029557 0.026783 0.990075 -0.127653 -0.052331
1261229322.323865 10.624990 26.496745 215.471380 0.025780 0.989899 -0.128984 -0.052902
1261229322.773864 10.104213 25.580852 209.379246 0.009031 0.990227 -0.128720 -0.052912
1261229323.173878 9.627554 24.870146 204.082629 0.008323 0.990768 -0.124738 -0.052443
1261229323.423865 9.336648 24.400377 200.737699 0.005127 0.990419 -0.127712 -0.052290
1261229323.673881 9.008747 23.966050 197.491927 0.007883 0.990783 -0.124990 -0.051623
1261229323.923883 8.682317 23.517267 194.165495 0.010478 0.990485 -0.127304 -0.051219
1261229324.173873 8.345441 23.084751 190.813368 0.020185 0.991388 -0.118718 -0.051469
1261229324.373884 8.094414 22.767561 188.232724 0.023107 0.990901 -0.121854 -0.052276
1261229324.623887 7.804528 22.326806 184.956295 0.020693 0.990767 -0.122868 -0.053443
1261229324.873878 7.475238 21.906568 181.724094 0.020273 0.990857 -0.121812 -0.054343
1261229325.273891 6.886742 21.182956 176.245520 0.019962 0.990748 -0.122021 -0.055957
1261229325.573917 6.460734 20.705281 172.327143 0.019532 0.990723 -0.121909 -0.056780
1261229326.573901 5.041941 19.020298 159.144380 0.025839 0.990873 -0.119196 -0.057412
1261229327.173902 4.174668 17.959601 150.733966 0.022110 0.991013 -0.119388 -0.056141
1261229327.523913 3.678836 17.365092 145.940006 0.022317 0.990764 -0.121456 -0.056003
1261229327.823925 3.259958 16.862107 141.949380 0.023586 0.990733 -0.121473 -0.055993
1261229328.023913 2.962256 16.509580 139.181226 0.025013 0.990589 -0.122523 -0.055635
1261229328.223926 2.670766 16.159190 136.360632 0.026130 0.990395 -0.123831 -0.055691
1261229328.423925 2.386303 15.804548 133.535422 0.024943 0.990613 -0.122218 -0.055914
1261229328.673916 2.011933 15.358505 129.929832 0.024290 0.990678 -0.121865 -0.055828
1261229328.933059 1.683192 14.995744 126.816362 0.024769 0.990898 -0.119971 -0.055806
1261229329.123948 1.445028 14.728502 124.505276 0.026528 0.990851 -0.120165 -0.055422
1261229329.423926 1.092045 14.255685 120.792834 0.025782 0.990802 -0.120895 -0.055060
1261229329.723940 0.739649 13.796123 117.159819 0.024388 0.991090 -0.118892 -0.054863
1261229330.023952 0.363215 13.301562 113.315620 0.024212 0.991107 -0.118982 -0.054434
1261229330.273937 0.034941 12.907747 110.093504 0.023765 0.991320 -0.117578 -0.053803
1261229330.473940 -0.204331 12.606798 107.631688 0.023852 0.991274 -0.118192 -0.053265
1261229330.773964 -0.568158 12.127107 103.803010 0.025190 0.991098 -0.119643 -0.052679
1261229331.023931 -0.886896 11.697856 100.447227 0.025186 0.991310 -0.118310 -0.051698
1261229331.273954 -1.201621 11.281894 97.128776 0.024935 0.991228 -0.119260 -0.051211
1261229331.523955 -1.515083 10.867061 93.795885 0.024744 0.991412 -0.118099 -0.050428
1261229331.973955 -2.030006 10.175640 88.133750 0.024114 0.991280 -0.119800 -0.049291
1261229332.223966 -2.324289 9.772005 84.933005 0.022674 0.991339 -0.119807 -0.048778
1261229332.544643 -2.689652 9.253733 81.070475 0.021780 0.991149 -0.121093 -0.049848
1261229332.773972 -3.010224 8.808028 77.851357 0.020602 0.991473 -0.118037 -0.051222
1261229333.023982 -3.318780 8.395694 74.711152 0.019545 0.991453 -0.117762 -0.052637
1261229333.273960 -3.637148 8.039530 71.727027 0.020003 0.991406 -0.117562 -0.053794
1261229333.473976 -3.859764 7.779854 69.437791 0.020154 0.991392 -0.117445 -0.054252
1261229333.673977 -4.086508 7.520323 67.131056 0.020320 0.991317 -0.118034 -0.054268
1261229333.873952 -4.306914 7.248144 64.810115 0.021945 0.991200 -0.118641 -0.054451
1261229334.173976 -4.658942 6.827257 61.267231 0.022706 0.991496 -0.115927 -0.054591
1261229334.473987 -5.034138 6.389297 57.678992 0.021733 0.991080 -0.119475 -0.054893
1261229334.842564 -5.470216 5.868198 53.555845 0.023107 0.991089 -0.119051 -0.055095
1261229335.123980 -5.839555 5.447338 50.086946 0.023015 0.991108 -0.118754 -0.055439
1261229335.323982 -6.085949 5.165857 47.746211 0.021406 0.991326 -0.117196 -0.055495
1261229335.623982 -6.418740 4.757601 44.330122 0.019371 0.991262 -0.118215 -0.055220
1261229335.923995 -6.771714 4.350350 40.943339 0.020855 0.991029 -0.120105 -0.054783
1261229336.173979 -7.069835 4.009689 38.199368 0.021020 0.991168 -0.119160 -0.054267
1261229336.824014 -7.844309 3.086573 30.763910 0.021724 0.991137 -0.119704 -0.053351
1261229337.073997 -8.124697 2.737296 27.966152 0.020891 0.991282 -0.118855 -0.052888
1261229337.424018 -8.498705 2.256450 24.076709 0.020606 0.991468 -0.117622 -0.052255
1261229337.673992 -8.716756 1.942340 21.427779 0.020398 0.991671 -0.116123 -0.051848
1261229337.974008 -8.993519 1.556506 18.219864 0.021259 0.991472 -0.117886 -0.051322
1261229338.374003 -9.343129 1.048407 14.184952 0.021134 0.991647 -0.116769 -0.050549
1261229338.724015 -9.610136 0.661236 10.910390 0.020240 0.991498 -0.117965 -0.051051
1261229339.224009 -10.063068 0.084386 6.236432 0.019954 0.991348 -0.117777 -0.054405
1261229339.742785 -10.556219 -0.480418 1.637825 0.020365 0.991184 -0.117507 -0.057726
1261229340.124024 -10.951562 -0.898447 -1.832821 0.020090 0.991022 -0.117559 -0.060427
1261229340.624023 -11.438034 -1.395690 -5.882067 0.024495 0.990615 -0.118295 -0.063939
1261229341.042794 -11.832723 -1.773192 -8.960358 0.025856 0.990500 -0.117525 -0.066556
1261229341.374027 -12.173844 -2.089525 -11.585610 0.026557 0.990486 -0.116103 -0.068937
1261229341.874051 -12.647827 -2.500227 -15.041880 0.026889 0.990061 -0.116716 -0.073709
1261229342.224042 -13.053238 -2.782893 -17.488670 0.023442 0.989181 -0.117461 -0.084700
1261229342.524053 -13.470923 -3.039186 -19.553494 0.020729 0.987490 -0.116771 -0.103916
1261229342.874250 -14.098043 -3.316230 -21.889459 0.019587 0.983907 -0.115351 -0.135045
1261229343.224062 -14.851336 -3.569803 -24.141464 0.013514 0.978644 -0.116301 -0.168962
1261229343.946528 -16.875114 -4.093230 -28.586242 0.012782 0.962662 -0.121641 -0.241499
1261229344.524207 -19.020325 -4.501312 -31.989550 0.010281 0.950467 -0.114414 -0.288818
1261229344.893616 -20.378031 -4.725787 -33.866527 0.014871 0.943575 -0.121886 -0.307553
1261229345.774108 -23.810275 -5.307874 -38.660628 0.022727 0.947152 -0.118503 -0.297227
1261229346.474105 -26.140489 -5.822151 -42.839132 0.018898 0.963988 -0.117874 -0.237645
1261229346.774081 -26.974205 -6.081032 -44.859957 0.018050 0.971812 -0.116577 -0.204121
1261229347.092169 -27.578775 -6.328641 -46.842745 0.017565 0.979036 -0.117003 -0.165803
1261229347.383394 -28.005010 -6.582868 -48.885682 0.017108 0.985369 -0.116309 -0.123402
1261229347.674104 -28.285518 -6.836682 -50.950808 0.016570 0.989887 -0.116385 -0.079391
1261229348.224099 -28.377627 -7.300179 -54.768027 0.017999 0.993083 -0.116019 0.001251
1261229348.524110 -28.184126 -7.562706 -56.863317 0.018738 0.991973 -0.116387 0.045749
1261229348.774130 -27.861048 -7.774690 -58.615772 0.018797 0.989443 -0.116914 0.083554
1261229349.224114 -26.897450 -8.115878 -61.509908 0.016535 0.981246 -0.115880 0.153150
1261229349.724110 -25.387656 -8.480059 -64.389937 0.016319 0.966466 -0.111342 0.230823
1261229350.282533 -23.256188 -8.835084 -67.144029 0.015938 0.943346 -0.106516 0.313844
1261229350.824134 -20.633836 -9.190490 -69.597684 0.016515 0.913751 -0.106892 0.391613
1261229351.074149 -19.432699 -9.326941 -70.492226 0.015557 0.898617 -0.107401 0.425100
1261229351.641812 -16.573140 -9.578011 -72.129186 0.014207 0.862116 -0.104949 0.495520
1261229352.124144 -13.918571 -9.745878 -73.133455 0.008440 0.825515 -0.099588 0.555460
1261229352.374149 -12.569032 -9.817604 -73.470359 0.004991 0.805651 -0.097936 0.584218
1261229353.024152 -9.243744 -9.947889 -73.856550 0.001244 0.750387 -0.094399 0.654222
1261229353.674163 -8.178479 -10.207659 -74.565306 0.004843 0.690884 -0.090228 0.717297
1261229353.874172 -7.539037 -10.323714 -74.734494 0.007925 0.673675 -0.085512 0.734021
1261229354.074187 -6.813932 -10.442496 -74.881049 0.007618 0.654118 -0.084025 0.751673
1261229354.524163 -5.081589 -10.583820 -74.854287 -0.002519 0.605571 -0.073884 0.792350
1261229355.024161 -2.107868 -10.421880 -73.600949 -0.001522 0.551311 -0.062127 0.831982
1261229355.624163 1.177953 -10.158812 -71.572550 -0.002492 0.483114 -0.054930 0.873829
1261229356.224194 3.963608 -9.845324 -69.138114 -0.001314 0.413153 -0.049055 0.909338
1261229356.524177 5.136699 -9.674845 -67.827967 -0.002389 0.378419 -0.045277 0.924523
1261229356.874190 6.298253 -9.467902 -66.269534 -0.003685 0.338053 -0.039859 0.940275
1261229357.524197 7.549164 -9.059932 -63.612472 -0.007085 0.263003 -0.030195 0.964296
1261229358.174195 8.646588 -8.634356 -60.478463 -0.004851 0.186892 -0.022150 0.982119
1261229358.474211 8.870740 -8.441997 -59.031224 -0.005861 0.151354 -0.019460 0.988271
1261229359.174217 9.268209 -7.963998 -55.424651 -0.007636 0.071289 -0.009445 0.997382
1261229359.824220 9.176112 -7.506035 -51.991376 -0.008071 0.005647 -0.003117 0.999947
1261229360.190470 8.965514 -7.262128 -50.114386 -0.007109 -0.026585 0.000984 0.999621
1261229360.824235 8.327925 -6.820221 -46.662569 -0.004444 -0.081102 0.011293 0.996632
1261229361.424240 7.502514 -6.391179 -43.471164 -0.013942 -0.112614 0.019959 0.993340
1261229361.724221 7.029503 -6.157231 -41.871005 -0.013336 -0.125301 0.018913 0.991849
1261229362.024235 6.536639 -5.925338 -40.243405 -0.013236 -0.135838 0.022781 0.990381
1261229362.674237 5.366920 -5.425236 -36.718127 -0.013321 -0.152073 0.024339 0.987980
1261229363.024263 4.703860 -5.131191 -34.744991 -0.017584 -0.155236 0.029554 0.987279
1261229363.674258 3.401968 -4.622209 -30.977249 -0.005362 -0.153878 0.022294 0.987824
1261229363.774266 3.187278 -4.548687 -30.382625 -0.005098 -0.153970 0.019306 0.987874
1261229364.074252 2.596340 -4.316790 -28.559984 -0.003903 -0.149933 0.021758 0.988449
1261229364.674245 1.476296 -3.828250 -24.836221 -0.008135 -0.133864 0.019504 0.990774
1261229364.924269 1.077772 -3.628836 -23.335736 -0.005476 -0.120566 0.015726 0.992566
1261229365.224282 0.677911 -3.382827 -21.479479 -0.005682 -0.102279 0.014381 0.994636
1261229365.824275 0.089109 -2.891146 -17.643504 -0.004044 -0.063488 0.007346 0.997947
1261229366.124259 -0.089488 -2.641333 -15.704729 -0.004556 -0.044583 0.005072 0.998982
1261229366.674297 -0.239631 -2.162381 -12.001434 -0.005159 -0.010905 -0.000888 0.999927
1261229366.924276 -0.255810 -1.929213 -10.157516 -0.003399 0.002928 -0.003433 0.999984
1261229367.174280 -0.256398 -1.683002 -8.255571 -0.004203 0.015805 -0.004340 0.999857
1261229367.824758 0.066938 -1.012212 -3.086329 -0.006564 0.044191 -0.008044 0.998969
1261229368.124302 0.288469 -0.684301 -0.630910 -0.004072 0.054940 -0.008295 0.998447
1261229368.474287 0.637096 -0.300545 2.361973 -0.004778 0.063226 -0.006482 0.997967
1261229369.174293 1.377606 0.479499 8.381488 -0.005715 0.066977 -0.004085 0.997730
1261229369.474312 1.689638 0.807090 10.898641 -0.006022 0.066643 -0.005216 0.997745
1261229370.024303 2.269662 1.422142 15.567481 -0.006883 0.066050 -0.005334 0.997778
1261229370.224318 2.476350 1.646782 17.250447 -0.005885 0.065558 -0.004922 0.997819
1261229370.474327 2.737826 1.931307 19.396989 -0.006285 0.064681 -0.004026 0.997878
1261229370.924316 3.186568 2.439052 23.256928 -0.006572 0.062511 -0.003194 0.998018
1261229371.124336 3.379174 2.661927 24.961149 -0.005454 0.061687 -0.002934 0.998076
1261229371.379520 3.613804 2.944482 27.107090 -0.005309 0.060583 -0.003248 0.998144
1261229371.924337 4.142470 3.574652 31.880599 -0.005507 0.058750 -0.004217 0.998249
1261229372.224340 4.434676 3.919213 34.490533 -0.004983 0.058272 -0.004003 0.998280
1261229372.474336 4.671599 4.203509 36.654929 -0.006047 0.057836 -0.004249 0.998299
1261229372.679414 4.857058 4.432471 38.380406 -0.006485 0.057583 -0.004034 0.998312
1261229372.924329 5.091016 4.724923 40.583116 -0.006944 0.057212 -0.004634 0.998327
1261229373.124349 5.282671 4.954836 42.342798 -0.004801 0.057235 -0.003560 0.998343
1261229373.624329 5.747416 5.533211 46.808385 -0.004465 0.057375 -0.002433 0.998340
1261229373.929933 6.025063 5.887512 49.509115 -0.006485 0.056911 -0.004771 0.998347
1261229374.174362 6.256153 6.181822 51.760984 -0.004776 0.056789 -0.005503 0.998360
1261229374.424344 6.500322 6.475046 54.057434 -0.002973 0.056866 -0.005189 0.998364
1261229374.624340 6.698529 6.704526 55.895717 -0.002710 0.056692 -0.005311 0.998374
1261229374.824346 6.896790 6.927336 57.733426 -0.000661 0.056816 -0.004475 0.998374
1261229375.074376 7.142676 7.203360 60.055721 0.000506 0.056666 -0.004551 0.998383
1261229375.224356 7.290541 7.371415 61.486440 0.000123 0.056688 -0.004889 0.998380
1261229375.424357 7.491863 7.600589 63.438550 -0.001765 0.056584 -0.004987 0.998384
1261229375.624376 7.694166 7.839098 65.404359 -0.003385 0.056480 -0.005925 0.998380
1261229375.824383 7.892925 8.076181 67.351360 -0.003709 0.056267 -0.005681 0.998393
1261229376.124366 8.199531 8.453946 70.281299 -0.009257 0.055908 -0.006080 0.998374
1261229376.274376 8.342135 8.640475 71.720495 -0.007866 0.055796 -0.005986 0.998393
1261229376.574389 8.637039 9.020108 74.602992 -0.006653 0.055805 -0.005003 0.998407
1261229376.874369 8.933600 9.392704 77.472923 -0.006016 0.055417 -0.005320 0.998431
1261229377.124389 9.182940 9.708369 79.874922 -0.006810 0.055346 -0.005961 0.998426
1261229377.324396 9.388186 9.955301 81.777577 -0.006685 0.055130 -0.006445 0.998436
1261229377.824384 9.894738 10.571040 86.518274 -0.005709 0.054848 -0.005451 0.998464
1261229378.124372 10.197076 10.941313 89.432326 -0.005859 0.054698 -0.004746 0.998474
1261229378.324384 10.391134 11.192266 91.402234 -0.004865 0.054943 -0.004365 0.998468
1261229378.624395 10.690984 11.566013 94.319227 -0.005765 0.055640 -0.003659 0.998428
1261229378.824404 10.885699 11.817682 96.268260 -0.006039 0.055901 -0.003155 0.998413
1261229378.974385 11.028590 12.000192 97.701939 -0.005379 0.056322 -0.002852 0.998394
1261229379.224402 11.274749 12.302074 100.105119 -0.002244 0.056690 -0.002954 0.998385
1261229379.474412 11.527805 12.615145 102.525414 -0.006294 0.057329 -0.002939 0.998331
1261229379.674388 11.734684 12.868394 104.459289 -0.005723 0.057829 -0.002588 0.998307
1261229379.874404 11.937944 13.121947 106.394236 -0.006126 0.058210 -0.002657 0.998282
1261229380.124414 12.191309 13.442981 108.834023 -0.007598 0.058766 -0.002680 0.998239
1261229380.674413 12.766980 14.139997 114.175977 -0.005113 0.059235 -0.005473 0.998216
1261229380.924426 13.043209 14.453387 116.633026 -0.005204 0.059442 -0.006154 0.998199
1261229381.174405 13.321068 14.767731 119.094087 -0.005271 0.059659 -0.005809 0.998188
1261229381.474419 13.648513 15.142738 122.012051 -0.005722 0.059534 -0.005490 0.998195
1261229381.674421 13.862197 15.384366 123.935423 -0.004406 0.059361 -0.005306 0.998213
1261229381.824429 14.021499 15.568275 125.368513 -0.004552 0.059048 -0.005476 0.998230
1261229382.024416 14.228236 15.806284 127.258043 -0.004656 0.058977 -0.005053 0.998236
1261229382.230493 14.435880 16.053231 129.165397 -0.004822 0.058838 -0.005160 0.998243
1261229382.424432 14.658431 16.299816 131.077712 -0.004440 0.059070 -0.002768 0.998240
1261229382.574434 14.824380 16.479364 132.511852 -0.003888 0.059348 -0.001410 0.998229
1261229382.774422 15.047963 16.721429 134.431124 -0.004141 0.059348 -0.000031 0.998229
1261229382.974430 15.267586 16.969282 136.310459 -0.005195 0.059032 -0.002540 0.998239
1261229383.124446 15.427307 17.152620 137.670375 -0.006779 0.058801 -0.002700 0.998243
1261229383.274452 15.575041 17.338130 139.042092 -0.008252 0.059163 -0.003573 0.998208
1261229383.424424 15.727700 17.526406 140.444876 -0.008741 0.059208 -0.001998 0.998205
1261229383.674438 15.985594 17.847258 142.830191 -0.007821 0.059413 -0.002437 0.998200
1261229383.874449 16.192676 18.104845 144.760117 -0.006874 0.059453 -0.002852 0.998203
1261229384.074448 16.405288 18.358338 146.685026 -0.007397 0.059290 -0.003608 0.998207
1261229384.274436 16.624232 18.603551 148.614661 -0.007132 0.059273 -0.003853 0.998209
1261229384.424444 16.782196 18.785469 150.051380 -0.006990 0.058971 -0.003600 0.998229
1261229384.624464 16.993894 19.033405 151.980696 -0.008804 0.058837 -0.002722 0.998225
1261229384.829654 17.200867 19.282059 153.903017 -0.008816 0.058417 -0.002401 0.998250
1261229385.029639 17.404070 19.524276 155.794433 -0.008451 0.057922 -0.002527 0.998282
1261229385.229733 17.595064 19.762459 157.633836 -0.007875 0.057502 -0.002009 0.998312
1261229385.474477 17.830724 20.060671 159.923021 -0.008408 0.056909 -0.001833 0.998342
1261229386.024462 18.328174 20.716038 164.960788 -0.007007 0.055475 -0.002048 0.998433
1261229386.274481 18.552282 20.991437 167.128120 -0.006677 0.055066 -0.001610 0.998459
1261229386.874473 19.037109 21.632213 172.094522 -0.008641 0.053052 -0.003444 0.998548
1261229387.224464 19.299943 21.990515 174.884281 -0.005980 0.052015 -0.003673 0.998622
1261229387.524465 19.515120 22.286186 177.190093 -0.006677 0.051111 -0.004005 0.998663
1261229387.924465 19.794477 22.679022 180.216082 -0.008199 0.049932 -0.003470 0.998713
1261229388.324488 20.069186 23.081069 183.199497 -0.009719 0.048807 -0.003083 0.998756
1261229388.674472 20.298505 23.432319 185.786622 -0.009802 0.048168 -0.002703 0.998788
1261229388.974486 20.489837 23.721725 187.948005 -0.009950 0.048662 -0.003864 0.998758
1261229389.224507 20.661217 23.961574 189.738360 -0.010697 0.050546 -0.003738 0.998657
1261229389.474484 20.832277 24.202417 191.505355 -0.010093 0.053011 -0.003974 0.998535
1261229389.774494 21.055385 24.501916 193.673890 -0.011353 0.056085 -0.004527 0.998351
1261229390.424507 21.589942 25.148478 198.369797 -0.010416 0.062555 -0.005891 0.997970
1261229390.724515 21.850689 25.447869 200.530782 -0.010559 0.064203 -0.007021 0.997856
1261229391.074498 22.160495 25.795344 203.068064 -0.009968 0.064636 -0.006189 0.997840
1261229391.338649 22.378011 26.047075 204.892384 -0.009510 0.064079 -0.006086 0.997881
1261229391.624501 22.641422 26.349957 207.101494 -0.009241 0.062878 -0.005027 0.997966
1261229391.824505 22.810845 26.557330 208.621618 -0.010100 0.062015 -0.004630 0.998013
1261229392.024516 22.972546 26.763773 210.126182 -0.010499 0.061118 -0.004852 0.998064
1261229392.274519 23.176359 27.022899 211.996621 -0.010768 0.059806 -0.004489 0.998142
1261229392.524511 23.382328 27.288518 213.902097 -0.010770 0.058682 -0.003815 0.998211
1261229392.824528 23.626195 27.605641 216.212954 -0.010922 0.057599 -0.002767 0.998276
1261229393.124510 23.858840 27.920935 218.493758 -0.011620 0.056909 -0.002505 0.998309
1261229393.374521 24.055785 28.185097 220.391533 -0.011200 0.056895 -0.002885 0.998313
1261229393.674545 24.290050 28.500870 222.652810 -0.012218 0.056794 -0.003143 0.998306
1261229394.024529 24.569768 28.871030 225.268288 -0.013313 0.057030 -0.002922 0.998279
1261229394.424554 24.897144 29.299993 228.228021 -0.014154 0.057750 -0.002687 0.998227
1261229394.774539 25.174166 29.670432 230.750544 -0.012438 0.056844 -0.002397 0.998303
1261229395.124549 25.442279 30.021253 233.201953 -0.012044 0.055707 -0.002777 0.998371
1261229395.474543 25.700107 30.378801 235.724261 -0.014712 0.054667 -0.002561 0.998393
1261229395.824545 25.950681 30.748209 238.316723 -0.014260 0.053816 -0.001442 0.998448
1261229396.074569 26.123906 31.014687 240.194996 -0.013773 0.053444 -0.000521 0.998476
1261229396.424553 26.371421 31.383619 242.740749 -0.015502 0.054046 -0.001574 0.998417
1261229396.774578 26.633382 31.749940 245.268373 -0.014514 0.055585 -0.001138 0.998348
1261229397.124559 26.893756 32.111216 247.736649 -0.015029 0.056387 -0.000123 0.998296
1261229397.474575 27.147785 32.475095 250.231138 -0.015788 0.055706 0.000519 0.998322
1261229397.724562 27.321336 32.735569 252.029318 -0.014884 0.055003 0.000280 0.998375
1261229397.924579 27.468884 32.949778 253.522826 -0.015430 0.054462 0.000701 0.998396
1261229398.174575 27.643505 33.204132 255.291623 -0.015678 0.054039 -0.000043 0.998416
1261229398.574578 27.938142 33.617396 258.121061 -0.016092 0.056031 0.000121 0.998299
1261229398.974595 28.242918 34.038134 260.940466 -0.017638 0.057620 -0.000283 0.998183
1261229399.274573 28.470678 34.351641 263.057725 -0.016362 0.058064 -0.001083 0.998178
1261229399.588440 28.692279 34.665758 265.161719 -0.016203 0.058278 -0.002064 0.998167
1261229399.888400 28.914924 34.977488 267.259743 -0.018208 0.058495 -0.001881 0.998120
1261229400.174591 29.139143 35.290796 269.339716 -0.018024 0.058462 -0.001704 0.998125
1261229400.474611 29.375895 35.607284 271.444682 -0.016930 0.058754 -0.000854 0.998129
1261229400.774589 29.611798 35.925629 273.555023 -0.017221 0.059035 -0.000244 0.998107
1261229400.974598 29.765411 36.135053 274.976366 -0.017678 0.059266 0.000377 0.998086
1261229401.274621 30.000587 36.450786 277.070226 -0.017378 0.059455 0.000275 0.998080
1261229401.574597 30.233544 36.763485 279.137755 -0.016441 0.059698 0.000300 0.998081
1261229401.824617 30.433597 37.024857 280.871930 -0.015428 0.060074 0.001328 0.998074
1261229402.024617 30.591411 37.233831 282.247971 -0.015218 0.060484 0.001754 0.998052
1261229402.324607 30.841205 37.552869 284.358613 -0.015934 0.060634 0.001481 0.998032
1261229402.574621 31.048411 37.821554 286.130808 -0.014720 0.060840 0.001886 0.998037
1261229402.774635 31.215802 38.035913 287.568477 -0.014003 0.061181 0.002412 0.998026
1261229403.124616 31.510732 38.419206 290.155264 -0.015399 0.061756 0.002983 0.997968
1261229403.474636 31.805447 38.818944 292.802265 -0.016666 0.062014 0.002440 0.997933
1261229403.774623 32.055502 39.155021 295.052306 -0.014476 0.062644 0.001800 0.997929
1261229404.074639 32.316043 39.484105 297.300531 -0.014610 0.063537 0.002652 0.997869
1261229404.324646 32.539822 39.761244 299.186171 -0.015445 0.064234 0.002323 0.997813
1261229404.624631 32.807082 40.098971 301.484985 -0.015465 0.064958 0.002408 0.997765
1261229404.924647 33.083172 40.440782 303.814185 -0.013759 0.064876 0.002831 0.997794
1261229405.224630 33.348145 40.782710 306.173152 -0.013889 0.063738 0.002977 0.997866
1261229405.524645 33.612243 41.129819 308.537722 -0.013265 0.062992 0.002723 0.997922
1261229405.824664 33.875916 41.479195 310.913375 -0.014666 0.062030 0.003014 0.997962
1261229406.574676 34.518548 42.342582 316.829973 -0.014806 0.060089 0.002320 0.998081
1261229406.924656 34.806645 42.731344 319.514896 -0.013023 0.059458 0.002187 0.998143
1261229407.224665 35.048937 43.059409 321.776778 -0.012774 0.059221 0.002114 0.998161
1261229407.474655 35.250225 43.326601 323.647325 -0.012740 0.059241 0.002224 0.998160
1261229407.724664 35.447993 43.601919 325.520923 -0.012818 0.058927 0.001812 0.998178
1261229408.024667 35.686198 43.930065 327.776216 -0.012577 0.058760 0.001293 0.998192
1261229408.274664 35.892263 44.215723 329.739533 -0.012003 0.058573 0.000487 0.998211
1261229408.474675 36.062480 44.444974 331.331257 -0.012060 0.058607 0.000721 0.998208
1261229408.724690 36.278068 44.739215 333.372461 -0.012766 0.058479 0.000876 0.998207
1261229408.974666 36.504767 45.040141 335.449105 -0.011562 0.058462 0.001807 0.998221
1261229409.224683 36.742968 45.344472 337.569441 -0.011077 0.058743 0.004084 0.998203
1261229409.474697 36.979168 45.654858 339.750443 -0.011776 0.057996 0.004348 0.998238
1261229409.724673 37.208162 45.979692 341.978400 -0.011932 0.057483 0.002769 0.998271
1261229409.924683 37.397511 46.241877 343.786394 -0.011462 0.057100 0.002590 0.998299
1261229410.124697 37.583475 46.509889 345.609876 -0.014276 0.056884 0.002144 0.998276
1261229410.374674 37.820710 46.839040 347.897222 -0.010189 0.056489 0.002629 0.998348
1261229410.574688 38.010824 47.113264 349.768243 -0.012263 0.055967 0.001074 0.998357
1261229410.774698 38.210890 47.379473 351.622682 -0.010982 0.055284 0.000560 0.998410
1261229410.974705 38.397120 47.642091 353.478245 -0.009425 0.054889 -0.000205 0.998448
1261229411.174683 38.591638 47.903990 355.389856 -0.012168 0.054550 -0.000304 0.998437
1261229411.324689 38.737419 48.109566 356.855646 -0.011785 0.054468 0.000492 0.998446
1261229411.474702 38.889171 48.313569 358.351574 -0.009994 0.054529 0.000413 0.998462
1261229411.724711 39.131488 48.639055 360.792309 -0.006320 0.054499 0.001439 0.998493
1261229411.924687 39.326088 48.891174 362.758807 -0.004594 0.054525 0.002198 0.998499
1261229412.074704 39.474427 49.076208 364.230739 -0.005498 0.054889 0.003506 0.998471
1261229412.224711 39.619072 49.261249 365.691610 -0.006553 0.055057 0.002588 0.998458
1261229412.374722 39.770276 49.450809 367.153643 -0.006161 0.054878 0.001729 0.998473
1261229412.574724 39.976089 49.697957 369.084915 -0.004210 0.055146 0.001974 0.998467
1261229412.824703 40.241923 50.007006 371.472483 -0.003679 0.055563 0.001145 0.998448
1261229413.024717 40.457139 50.250133 373.318658 -0.005596 0.056115 0.001953 0.998407
1261229413.224726 40.652797 50.492491 375.150384 -0.005801 0.056439 0.000506 0.998389
1261229413.424703 40.852928 50.741462 376.999151 -0.005672 0.056836 0.000125 0.998367
1261229413.574716 40.999956 50.929658 378.416926 -0.006057 0.057008 -0.000049 0.998355
1261229413.824727 41.251504 51.243541 380.850212 -0.005139 0.057707 0.000928 0.998320
1261229414.324721 41.785995 51.889626 385.776502 -0.005694 0.058542 0.002275 0.998266
1261229414.574739 42.052066 52.210626 388.230954 -0.005363 0.058932 0.003075 0.998243
1261229414.824740 42.312720 52.529847 390.689177 -0.005493 0.059005 0.002653 0.998239
1261229415.085888 42.575663 52.843133 393.134345 -0.005034 0.059313 0.002739 0.998223
1261229415.274737 42.779847 53.092199 395.086810 -0.005811 0.059249 0.002073 0.998224
1261229415.524751 43.040159 53.403882 397.511659 -0.005509 0.059310 0.001890 0.998223
1261229416.374752 43.911843 54.436473 405.710840 -0.005579 0.058936 0.003788 0.998239
1261229416.574740 44.112314 54.678203 407.608328 -0.007079 0.058759 0.003974 0.998239
1261229417.024762 44.550847 55.219264 411.771569 -0.006607 0.058329 0.004484 0.998265
1261229417.424752 44.927723 55.670904 415.257100 -0.006388 0.057460 0.004328 0.998318
1261229418.024753 45.461561 56.344400 420.526192 -0.005601 0.054547 0.002252 0.998493
1261229418.274768 45.667793 56.618990 422.731281 -0.004807 0.053559 0.002661 0.998550
1261229418.524828 45.864746 56.893230 424.919656 -0.005117 0.052527 0.002263 0.998604
1261229419.274788 46.468861 57.684916 431.265076 -0.004190 0.052069 0.002473 0.998632
1261229419.624770 46.739939 58.040466 434.174879 -0.002254 0.052539 0.003125 0.998611
1261229419.874783 46.934195 58.286942 436.233406 -0.002010 0.052858 0.003241 0.998595
1261229420.174772 47.168438 58.577693 438.658461 -0.003776 0.052983 0.003573 0.998582
1261229420.524788 47.441116 58.926183 441.468859 -0.003479 0.053463 0.003972 0.998556
1261229421.177245 47.933766 59.559692 446.631830 -0.002901 0.053852 0.003903 0.998537
1261229421.474795 48.161111 59.844737 448.947426 -0.002762 0.054050 0.003876 0.998527
1261229421.824786 48.418086 60.171504 451.602279 -0.002639 0.054135 0.003208 0.998525
1261229422.174812 48.673938 60.501027 454.233012 -0.003564 0.054219 0.002193 0.998520
1261229422.474793 48.895020 60.781654 456.464519 -0.003590 0.054369 0.002356 0.998512
1261229422.835234 49.169823 61.109423 459.042852 -0.002369 0.053865 0.001282 0.998545
1261229423.174797 49.441537 61.429882 461.556775 -0.003297 0.053705 0.002164 0.998549
1261229423.525368 49.705106 61.745713 464.018945 -0.003568 0.053471 0.001826 0.998561
1261229423.924804 50.003764 62.103636 466.840000 -0.002244 0.053594 0.002492 0.998557
1261229424.285128 50.243159 62.403803 469.289015 -0.002099 0.054832 0.001766 0.998492
1261229424.624807 50.492985 62.706212 471.701073 -0.002229 0.056444 0.001129 0.998403
1261229424.924827 50.712574 62.966908 473.799389 -0.002928 0.057852 0.001084 0.998320
1261229425.274835 50.998631 63.286680 476.379526 -0.001779 0.059332 0.003336 0.998231
1261229425.974852 51.566787 63.974609 481.781605 -0.005875 0.057339 0.003298 0.998332
1261229426.324830 51.858435 64.351320 484.559284 -0.008485 0.056445 0.005825 0.998353
1261229426.574842 52.065746 64.637464 486.567767 -0.011883 0.055992 0.007778 0.998330
1261229426.824864 52.256940 64.919709 488.471561 -0.011922 0.055214 0.008638 0.998366
1261229427.074842 52.447619 65.202508 490.400819 -0.010398 0.054647 0.009091 0.998410
1261229427.274849 52.584913 65.429363 491.916218 -0.011964 0.054264 0.006275 0.998435
1261229427.524869 52.771007 65.713037 493.866708 -0.011148 0.054857 0.004923 0.998420
1261229427.724843 52.942825 65.949485 495.527063 -0.010000 0.055066 0.003423 0.998427
1261229427.936694 53.122630 66.190174 497.236328 -0.010280 0.055614 0.003340 0.998394
1261229428.124867 53.300474 66.433341 498.919349 -0.012201 0.055696 0.003360 0.998368
1261229428.324882 53.474296 66.686100 500.684030 -0.012340 0.056129 0.002384 0.998344
1261229428.524852 53.654700 66.947309 502.494989 -0.012007 0.056113 0.002379 0.998349
1261229428.674863 53.788994 67.138877 503.832095 -0.011525 0.055911 0.001601 0.998368
1261229428.874862 53.952151 67.384993 505.555227 -0.011847 0.055191 0.001541 0.998404
1261229429.074884 54.121821 67.633324 507.273872 -0.015462 0.055260 0.002059 0.998350
1261229429.224853 54.251683 67.814650 508.536251 -0.014371 0.055316 0.003239 0.998360
1261229429.374867 54.382615 68.004473 509.808914 -0.014869 0.055489 0.004176 0.998340
1261229429.524875 54.524255 68.198105 511.105937 -0.017296 0.055409 0.004286 0.998305
1261229429.724879 54.705862 68.468998 512.880193 -0.016697 0.055484 0.004568 0.998310
1261229429.926521 54.878790 68.741284 514.653586 -0.016031 0.055520 0.003655 0.998322
1261229430.124877 55.055357 69.023662 516.493560 -0.016995 0.055421 0.002892 0.998314
1261229430.824877 55.726405 70.061747 523.281373 -0.016422 0.055701 0.002010 0.998310
1261229431.224901 56.123654 70.680296 527.346708 -0.016799 0.055467 -0.000342 0.998319
1261229431.524879 56.421459 71.151853 530.392858 -0.018710 0.055611 -0.000343 0.998277
1261229431.824899 56.718439 71.638432 533.470821 -0.020625 0.055406 -0.001397 0.998250
1261229432.174888 57.088315 72.209228 537.072797 -0.020301 0.055864 0.000400 0.998232
1261229432.424900 57.353687 72.612226 539.650511 -0.021103 0.055988 0.000625 0.998208
1261229432.674900 57.617346 73.020764 542.216362 -0.021668 0.056173 0.000216 0.998186
1261229433.224905 58.192971 73.903222 547.809741 -0.021969 0.056765 0.001711 0.998144
1261229433.474924 58.447299 74.294892 550.304938 -0.020042 0.056739 0.001706 0.998186
1261229433.724899 58.702210 74.685123 552.760691 -0.021506 0.056703 0.001228 0.998159
1261229433.974913 58.946285 75.075653 555.189023 -0.022643 0.056698 0.000512 0.998134
1261229434.274922 59.253618 75.542163 558.150849 -0.021431 0.056547 -0.000491 0.998170
1261229434.524919 59.510710 75.935419 560.671019 -0.021176 0.056805 0.000033 0.998161
1261229434.774924 59.769343 76.325412 563.220415 -0.020928 0.057081 0.000310 0.998150
1261229435.024940 60.029202 76.708834 565.736595 -0.020927 0.057477 0.000469 0.998127
1261229435.274917 60.291661 77.090198 568.229214 -0.020558 0.058413 0.001122 0.998080
1261229435.524930 60.554674 77.474172 570.716923 -0.021426 0.059001 0.001747 0.998026
1261229435.744161 60.765479 77.780421 572.665353 -0.021589 0.059328 0.001806 0.998003
1261229435.974920 61.026247 78.155958 575.070827 -0.021780 0.059448 0.001107 0.997993
1261229436.274942 61.335749 78.606624 577.919095 -0.021833 0.059653 0.001739 0.997979
1261229436.574955 61.638608 79.059011 580.737417 -0.023107 0.059478 0.001188 0.997961
1261229436.824931 61.894387 79.430306 583.069115 -0.021486 0.059062 0.001525 0.998022
1261229437.024962 62.086590 79.722233 584.915562 -0.021352 0.058421 0.001234 0.998063
1261229437.274954 62.321912 80.080455 587.180254 -0.022310 0.057704 0.000989 0.998084
1261229437.524937 62.545132 80.430068 589.374595 -0.022083 0.057043 0.000686 0.998127
