1.70513e+09 -0.0057891 -0.0128873 0.0327697 0.00628172 0.00108811 -0.000333574 0.99998
1.70513e+09 0.00922494 -0.0427352 0.463271 0.0106047 0.00682682 -4.10527e-05 0.99992
1.70513e+09 0.0040009 -0.0790583 1.27357 0.00608493 0.000382702 0.000836194 0.999981
1.70513e+09 -0.0655203 -0.193741 3.38316 0.00682253 -0.0246542 -0.00165697 0.999671
1.70513e+09 -0.194304 -0.37222 6.74241 0.000739556 -0.0279476 -0.00517527 0.999596
1.70513e+09 -0.291399 -0.527122 9.69 0.00085193 -0.0236899 -0.00375528 0.999712
1.70513e+09 -0.316876 -0.751165 13.9051 0.00109391 -0.00380491 -0.00482472 0.999981
1.70513e+09 -0.189018 -1.05803 19.7938 0.00210819 -0.0042224 -0.00126379 0.999988
1.70513e+09 -0.099883 -1.38187 25.7711 0.00300401 0.00789369 -0.000876444 0.999964
1.70513e+09 0.0756368 -1.52562 28.6353 -0.00169114 0.0246485 -8.6262e-05 0.999695
1.70513e+09 0.251761 -1.66092 31.1848 0.00190602 0.0205504 -0.000776449 0.999787
1.70513e+09 0.254093 -1.9517 36.8068 0.00215456 -0.0167256 -0.000443376 0.999858
1.70513e+09 0.223303 -2.02651 38.2929 0.00163063 -0.0173139 7.18677e-05 0.999849
1.70513e+09 0.246709 -2.07252 39.2096 3.10045e-05 -0.00539225 0.000896001 0.999985
1.70513e+09 0.279452 -2.23109 42.3313 0.0019465 -0.00632755 -0.00130099 0.999977
1.70513e+09 0.26586 -2.28809 43.5744 -0.000443266 -0.0145225 -0.000350035 0.999894
1.70513e+09 0.23874 -2.34064 44.5832 0.00269398 -0.0203012 -0.000739259 0.99979
1.70513e+09 0.178754 -2.40858 46.0159 -0.000177903 -0.0282495 -0.00261844 0.999597
1.70513e+09 0.114149 -2.48088 47.3886 0.00204822 -0.0342863 -0.00101408 0.999409
1.70513e+09 0.0437041 -2.56805 49.1187 0.00124921 -0.0265228 -0.00335137 0.999642
1.70513e+09 0.0899714 -2.67928 51.3082 0.00456834 0.00359991 -0.00111736 0.999982
1.70513e+09 0.533694 -2.91283 55.4267 0.00142224 0.0576371 -0.00124302 0.998336
1.70513e+09 0.949514 -3.03747 57.5306 0.00474225 0.084003 0.00313626 0.996449
1.70513e+09 1.05723 -3.10074 58.5849 0.00370113 0.0614442 0.000782244 0.998103
1.70513e+09 1.06477 -3.15551 59.6262 0.00315026 0.0197208 0.00077856 0.9998
1.70513e+09 0.973369 -3.22661 61.1178 -7.69117e-05 -0.0287864 0.000200005 0.999586
1.70513e+09 0.809753 -3.36314 63.9076 0.00169745 -0.032256 -0.00121495 0.999477
1.70513e+09 0.656711 -3.47305 65.9275 0.00609713 -0.0464582 -0.00127752 0.998901
1.70513e+09 0.350464 -3.64013 69.1309 0.00116219 -0.0500431 -0.00375844 0.998739
1.70513e+09 0.341168 -3.74996 71.1294 0.00513697 -0.0123394 0.000329061 0.999911
1.70513e+09 0.478386 -3.84612 73.051 0.00105412 0.0250304 0.000779876 0.999686
1.70513e+09 0.827751 -3.98314 75.3665 0.00440713 0.0694319 -0.00215647 0.997575
1.70513e+09 1.26617 -4.10684 77.2352 0.00581689 0.102228 0.00646233 0.994723
1.70513e+09 2.32493 -4.37515 81.4653 0.00565199 0.106611 0.00511515 0.994272
1.70513e+09 2.92753 -4.52316 84.0013 0.00408578 0.10927 0.00500105 0.993991
1.70513e+09 3.12889 -4.58614 85.4464 0.00534726 0.080848 0.00110972 0.996711
1.70513e+09 3.27365 -4.64778 86.8945 0.00535283 0.0427435 0.00084951 0.999071
1.70513e+09 3.68685 -4.82683 90.0473 0.00497852 0.0709388 0.00259658 0.997465
1.70513e+09 4.44905 -5.00308 92.7173 0.00428473 0.149635 0.00549073 0.988717
1.70513e+09 5.14152 -5.10295 94.2503 0.00774525 0.195846 0.00947385 0.980558
1.70513e+09 6.23652 -5.22506 96.1813 0.00383868 0.236817 0.015221 0.971427
1.70513e+09 6.80532 -5.30544 97.3903 0.00632611 0.21014 0.0125794 0.97757
1.70513e+09 7.22067 -5.37243 98.5254 0.00534561 0.171546 0.0120832 0.985088
1.70513e+09 7.66447 -5.45075 99.9319 0.00392377 0.145265 0.0109298 0.989325
1.70513e+09 9.05576 -5.70444 103.576 0.00727181 0.198513 0.0113092 0.980006
1.70513e+09 10.0191 -5.87014 105.731 0.00663926 0.19658 0.0128039 0.980382
1.70513e+09 11.122 -6.05744 108.205 0.00795242 0.211513 0.00867106 0.977304
1.70513e+09 11.8675 -6.15667 109.453 0.00492815 0.241754 0.0150677 0.970208
1.70513e+09 12.8615 -6.27051 110.481 0.0110361 0.328087 0.0164203 0.94444
1.70513e+09 13.3539 -6.30588 110.81 0.0114158 0.376233 0.00906757 0.92641
1.70513e+09 13.9445 -6.33895 111.135 0.0105439 0.423504 0.0126949 0.905744
1.70513e+09 14.4702 -6.33896 111.365 0.0100735 0.462428 0.0189068 0.886398
1.70513e+09 15.6848 -6.28991 111.696 0.0167821 0.545969 0.0237985 0.837299
1.70513e+09 16.2505 -6.2534 111.754 0.0190063 0.58271 0.0203965 0.812202
1.70513e+09 16.7369 -6.24544 111.762 0.0202433 0.610626 0.0251876 0.791259
1.70513e+09 17.3111 -6.28398 111.796 0.0203306 0.638495 0.0284345 0.768831
1.70513e+09 18.0561 -6.3089 111.71 0.0216606 0.660384 0.0285248 0.750074
1.70513e+09 20.5932 -6.42498 112.012 0.0223217 0.687392 0.0312841 0.725269
1.70513e+09 23.7763 -6.57706 112.555 0.0196019 0.647795 0.0232994 0.761206
1.70513e+09 27.4642 -6.75554 113.334 0.0211365 0.629835 0.0306345 0.775837
1.70513e+09 29.5907 -6.84862 113.683 0.016419 0.640873 0.0280321 0.766959
1.70513e+09 34.2752 -7.01313 113.952 0.0188204 0.686207 0.0304274 0.726525
1.70513e+09 36.3204 -7.07662 114.03 0.0162361 0.694192 0.0300729 0.718978
1.70513e+09 39.9973 -7.17635 114.248 0.0135928 0.671689 0.0351902 0.739872
1.70513e+09 41.8412 -7.20948 114.433 0.0161738 0.658606 0.03399 0.751546
1.70513e+09 43.7627 -7.25745 114.704 0.011796 0.648619 0.0317841 0.760358
1.70513e+09 47.5159 -7.36912 115.237 0.0129306 0.650148 0.0307211 0.759076
1.70513e+09 48.8385 -7.40667 115.354 0.0172059 0.655815 0.0306484 0.754103
1.70513e+09 50.9034 -7.45336 115.55 0.0109435 0.664797 0.0330047 0.746215
1.70513e+09 54.5428 -7.54984 115.784 0.0132681 0.679365 0.0354584 0.732823
1.70513e+09 56.0724 -7.57774 115.831 0.0100013 0.687041 0.034747 0.725719
1.70513e+09 57.5285 -7.60932 115.803 0.0159724 0.694162 0.0342622 0.718825
1.70513e+09 58.3081 -7.61892 115.734 0.0131957 0.698849 0.0353186 0.714275
1.70513e+09 61.2518 -7.66944 115.472 0.0116783 0.713004 0.0359361 0.700141
1.70513e+09 63.474 -7.70136 115.314 0.0110282 0.721299 0.0350887 0.691646
1.70513e+09 65.4168 -7.7426 115.157 0.0151608 0.728675 0.0344423 0.683825
1.70513e+09 67.2106 -7.77947 114.998 0.0158362 0.725065 0.0359906 0.687557
1.70513e+09 68.662 -7.81461 114.894 0.0162391 0.717019 0.0321594 0.696122
1.70513e+09 69.9172 -7.83549 114.812 0.013827 0.711366 0.0337871 0.701873
1.70513e+09 73.2214 -7.9043 114.747 0.015045 0.700488 0.0339501 0.712698
1.70513e+09 74.8682 -7.93978 114.694 0.0170295 0.698949 0.0326768 0.714222
1.70513e+09 76.8503 -7.97571 114.623 0.0154572 0.700092 0.0352607 0.713014
1.70513e+09 78.2993 -8.00667 114.549 0.0125929 0.702875 0.0336603 0.710405
1.70513e+09 79.8947 -8.03748 114.488 0.0167008 0.705164 0.0331669 0.708072
1.70513e+09 82.2179 -8.08622 114.522 0.0168901 0.708743 0.0333849 0.704474
1.70513e+09 85.614 -8.15618 114.475 0.0143659 0.717093 0.0343959 0.69598
1.70513e+09 87.3775 -8.19326 114.392 0.0169772 0.721205 0.031052 0.691818
1.70513e+09 89.3192 -8.23704 114.286 0.0167955 0.724851 0.031961 0.687959
1.70513e+09 92.296 -8.33062 114.122 0.0163952 0.71734 0.0328236 0.695757
1.70513e+09 94.7157 -8.42 114.079 0.0182121 0.704128 0.0295231 0.709226
1.70513e+09 97.048 -8.43207 114.014 0.00877093 0.705336 0.0423925 0.70755
1.70513e+09 99.719 -8.46003 113.691 0.0097017 0.743191 0.0421067 0.667682
1.70513e+09 101.646 -8.45194 113.108 0.0137878 0.782987 0.0442137 0.620311
1.70513e+09 102.307 -8.44763 112.77 0.0146289 0.799923 0.0445693 0.598266
1.70513e+09 103.426 -8.42549 112.03 0.0153521 0.828059 0.0443574 0.558673
1.70513e+09 103.868 -8.41496 111.688 0.0143528 0.837905 0.0454772 0.543728
1.70513e+09 104.914 -8.38886 110.812 0.0151141 0.865642 0.0420838 0.498662
1.70513e+09 105.173 -8.36719 110.473 0.0147203 0.875809 0.0481163 0.480028
1.70513e+09 105.732 -8.32682 109.66 0.0184185 0.898044 0.0477535 0.436918
1.70513e+09 106.041 -8.29447 109.196 0.0157063 0.907903 0.0532811 0.415483
1.70513e+09 106.687 -8.24815 108.153 0.0170287 0.927507 0.0489945 0.37019
1.70513e+09 107.053 -8.21974 107.551 0.0183911 0.936406 0.0476548 0.34718
1.70513e+09 107.486 -8.18648 106.822 0.0177459 0.946057 0.0485455 0.319849
1.70513e+09 108.212 -8.13482 105.479 0.0188065 0.961388 0.0440067 0.271004
1.70513e+09 108.587 -8.10484 104.796 0.021462 0.966021 0.0471434 0.25322
1.70513e+09 109.041 -8.07758 104.095 0.0224604 0.969681 0.0464968 0.238856
1.70513e+09 109.712 -8.01425 102.595 0.0182897 0.977233 0.0483134 0.205783
1.70513e+09 110.1 -7.97786 101.824 0.0207107 0.978384 0.0524018 0.198971
1.70513e+09 110.474 -7.94286 101.022 0.018511 0.977422 0.05134 0.204129
1.70513e+09 110.872 -7.90782 100.17 0.0187142 0.975604 0.0504591 0.212837
1.70513e+09 111.999 -7.81404 97.8927 0.0182355 0.972565 0.0498123 0.226504
1.70513e+09 112.431 -7.77743 97.0554 0.0177086 0.969894 0.0540023 0.236804
1.70513e+09 113.384 -7.72991 95.5308 0.0210815 0.95598 0.0503716 0.288305
1.70513e+09 113.91 -7.72144 94.8924 0.0193618 0.946165 0.0479352 0.319529
1.70513e+09 115.037 -7.6906 93.7974 0.0195137 0.921333 0.0496428 0.385097
1.70513e+09 115.652 -7.68353 93.3016 0.0164238 0.910393 0.0473324 0.410701
1.70513e+09 116.195 -7.69355 92.8508 0.0187142 0.902254 0.0466282 0.428268
1.70513e+09 117.662 -7.68873 91.743 0.0188236 0.892284 0.0441967 0.448911
1.70513e+09 118.458 -7.69402 91.1783 0.0185734 0.886426 0.0444788 0.460353
1.70513e+09 119.463 -7.70605 90.514 0.0186146 0.876303 0.0447419 0.479316
1.70513e+09 120.173 -7.71053 90.0877 0.0187059 0.867605 0.0470543 0.49467
1.70513e+09 121.57 -7.73042 89.4043 0.0195175 0.84011 0.0413483 0.540485
1.70513e+09 122.412 -7.73868 89.113 0.018697 0.817938 0.044054 0.573312
1.70513e+09 123.963 -7.76053 88.815 0.0179878 0.771141 0.0391891 0.635203
1.70513e+09 124.727 -7.78095 88.7196 0.0194841 0.750067 0.0386753 0.659942
1.70513e+09 126.359 -7.81059 88.5279 0.0185588 0.739783 0.0387973 0.671469
1.70513e+09 127.297 -7.83249 88.3032 0.0218217 0.749891 0.0386512 0.660071
1.70513e+09 128.292 -7.84731 88.1115 0.0195592 0.762056 0.0382093 0.646087
1.70513e+09 130.578 -7.86698 87.7498 0.0170262 0.755418 0.0391043 0.653854
1.70513e+09 132.381 -7.8817 87.5668 0.0157421 0.738322 0.038158 0.673184
1.70513e+09 133.002 -7.88793 87.5315 0.0127312 0.733762 0.0386686 0.678186
1.70513e+09 134.535 -7.89642 87.4012 0.00955517 0.725795 0.0401266 0.686673
1.70513e+09 135.054 -7.82659 87.3603 0.0154612 0.723817 0.0337822 0.688991
1.70513e+09 138.188 -7.8682 87.1413 0.0145397 0.72373 0.034811 0.689051
1.70513e+09 139.954 -7.89196 87.0298 0.0157259 0.726134 0.0325941 0.6866
1.70513e+09 144.911 -7.97379 86.6629 0.0163609 0.727831 0.0321978 0.684804
1.70513e+09 148.369 -8.08858 86.5013 0.0171558 0.720288 0.0372475 0.692462
1.70513e+09 149.335 -8.09683 86.5119 0.0184558 0.723745 0.0361619 0.688872
1.70513e+09 150.221 -8.10417 86.4655 0.0188293 0.725832 0.038185 0.686553
1.70513e+09 151.267 -8.10644 86.3327 0.0180025 0.728583 0.0341323 0.68387
1.70513e+09 152.024 -8.11357 86.2452 0.0136812 0.729025 0.0324661 0.68358
1.70513e+09 152.772 -8.10641 86.1887 0.0110298 0.729176 0.0340547 0.683389
1.70513e+09 153.533 -8.11542 86.137 0.011077 0.724781 0.0342826 0.688037
1.70513e+09 154.172 -8.12937 86.1204 0.0125149 0.720607 0.0301542 0.692575
1.70513e+09 154.832 -8.1405 86.0956 0.00985757 0.717487 0.0317882 0.695776
1.70513e+09 155.704 -8.16125 86.0782 0.0118122 0.712185 0.0306915 0.701221
1.70513e+09 156.42 -8.15618 86.0523 0.00846826 0.707788 0.0315156 0.705671
1.70513e+09 157.846 -8.19218 86.0192 0.0106769 0.704498 0.0284213 0.709057
1.70513e+09 158.54 -8.21816 86.0084 0.0106742 0.706536 0.0311663 0.70691
1.70513e+09 159.286 -8.23104 85.9814 0.0109547 0.711847 0.0335755 0.701446
1.70513e+09 159.921 -8.25117 85.9196 0.0100689 0.718066 0.0326821 0.695134
1.70513e+09 160.492 -8.27144 85.862 0.0095627 0.723849 0.0308556 0.689202
1.70513e+09 160.972 -8.294 85.8074 0.00929778 0.726824 0.0303166 0.686092
1.70513e+09 161.649 -8.32742 85.7398 0.0109659 0.728229 0.0273031 0.684702
1.70513e+09 162.268 -8.35542 85.6919 0.00940583 0.724487 0.0284012 0.688639
1.70513e+09 162.903 -8.39067 85.6691 0.00807725 0.71697 0.027042 0.696533
1.70513e+09 163.605 -8.41764 85.6602 0.00983907 0.709762 0.0250819 0.703926
1.70513e+09 164.712 -8.4726 85.703 0.00797019 0.700792 0.0242638 0.712908
1.70513e+09 165.291 -8.50086 85.7093 0.00582948 0.696326 0.0241704 0.717295
1.70513e+09 167.449 -8.48114 85.7371 0.0104011 0.705537 0.0291924 0.707995
1.70513e+09 168.435 -8.48194 85.7223 0.011721 0.711713 0.0272107 0.701845
1.70513e+09 170.76 -8.49419 85.577 0.00690838 0.722489 0.0304857 0.690675
1.70513e+09 171.977 -8.49862 85.4634 0.0120952 0.727826 0.0295388 0.685019
1.70513e+09 174.38 -8.54558 85.2248 0.011262 0.732507 0.0288137 0.680057
1.70513e+09 175.262 -8.57066 85.1443 0.0100211 0.731374 0.0279614 0.681329
1.70513e+09 176.077 -8.58447 85.0823 0.0103955 0.730325 0.0288865 0.68241
1.70513e+09 181.466 -8.69164 84.4755 0.00666436 0.747543 0.0330335 0.663357
1.70513e+09 184.2 -8.70901 83.9344 0.0115127 0.764311 0.0316953 0.643966
1.70513e+09 185.27 -8.71541 83.675 0.012045 0.770857 0.0316716 0.636106
1.70513e+09 186.484 -8.72459 83.3664 0.0125581 0.77708 0.0306177 0.628531
1.70513e+09 187.581 -8.72739 83.0819 0.0114746 0.778361 0.0329273 0.626848
1.70513e+09 188.911 -8.72786 82.7452 0.0121396 0.778623 0.036346 0.626321
1.70513e+09 192.511 -8.75682 81.7178 0.0126017 0.798267 0.0354256 0.601129
1.70513e+09 193.949 -8.76239 81.0808 0.0128792 0.822323 0.0383128 0.567584
1.70513e+09 196.561 -8.74666 79.5576 0.0119525 0.864669 0.0425175 0.500397
1.70513e+09 197.46 -8.73165 78.8369 0.0113275 0.882289 0.0425501 0.468645
1.70513e+09 198.192 -8.70364 78.1435 0.0119525 0.896416 0.0449042 0.440771
1.70513e+09 198.811 -8.66987 77.4765 0.0131271 0.908673 0.0474467 0.414597
1.70513e+09 199.466 -8.63785 76.6881 0.0153756 0.921469 0.0464048 0.385363
1.70513e+09 200.577 -8.56423 75.1759 0.0182338 0.942601 0.0487747 0.329835
1.70513e+09 201.049 -8.53324 74.3995 0.0164103 0.951767 0.048125 0.302578
1.70513e+09 201.839 -8.46802 72.8194 0.0147599 0.967178 0.0466959 0.249337
1.70513e+09 202.144 -8.42853 71.9878 0.014039 0.973781 0.0491428 0.22167
1.70513e+09 202.428 -8.39345 71.1378 0.0143168 0.978123 0.0470275 0.202137
1.70513e+09 202.703 -8.36206 70.4426 0.0167463 0.97626 0.0478983 0.210576
1.70513e+09 203.332 -8.29854 69.1076 0.0149492 0.971038 0.0491336 0.23334
1.70513e+09 203.669 -8.27279 68.4296 0.0167875 0.968732 0.0473734 0.242964
1.70513e+09 204.054 -8.24614 67.6708 0.0182576 0.966764 0.0478042 0.250498
1.70513e+09 204.625 -8.2051 66.4481 0.0163855 0.969958 0.0452475 0.238466
1.70513e+09 204.819 -8.19541 65.869 0.0163314 0.974734 0.0429558 0.218589
1.70513e+09 205.224 -8.14721 64.5139 0.0139696 0.983705 0.0463926 0.173141
1.70513e+09 205.36 -8.13015 63.8964 0.0162933 0.98719 0.0447538 0.152275
1.70513e+09 205.549 -8.09237 62.8119 0.016921 0.992099 0.0431285 0.116589
1.70513e+09 205.599 -8.08109 62.3746 0.0156793 0.993636 0.0431721 0.102845
1.70513e+09 205.647 -8.05393 61.4069 0.0162274 0.996565 0.0439995 0.0682545
1.70513e+09 205.644 -8.04317 61.0471 0.0162164 0.997239 0.0460437 0.05595
1.70513e+09 205.588 -8.0158 60.1214 0.0167717 0.998623 0.0438235 0.0234533
1.70513e+09 205.518 -7.99866 59.6856 0.0170242 0.998696 0.0477222 0.0062988
1.70513e+09 205.396 -7.95985 58.6772 0.0180041 0.998626 0.0453109 -0.0192077
1.70513e+09 205.293 -7.94547 58.2476 0.019262 0.998479 0.044825 -0.0256624
1.70513e+09 205.183 -7.92737 57.805 0.0180186 0.99851 0.0430609 -0.0282738
1.70513e+09 204.961 -7.88155 56.892 0.0205146 0.998428 0.0448894 -0.0265508
1.70513e+09 204.886 -7.86314 56.4087 0.0193485 0.99878 0.0422218 -0.0167781
1.70513e+09 204.8 -7.81649 55.4396 0.01865 0.998844 0.0429466 0.0108734
1.70513e+09 204.72 -7.78084 54.8798 0.0190982 0.998546 0.0436189 0.0252569
1.70513e+09 204.711 -7.75144 54.3458 0.0184149 0.997973 0.048478 0.0368767
1.70513e+09 204.784 -7.71743 53.161 0.0180598 0.997421 0.0391201 0.0574086
1.70513e+09 204.709 -7.64882 51.7511 0.0192338 0.997098 0.044099 0.0590074
1.70513e+09 204.663 -7.61246 50.9668 0.0161088 0.997368 0.0454336 0.0541588
1.70513e+09 204.6 -7.57105 50.0494 0.0167424 0.997667 0.0451266 0.0484124
1.70513e+09 204.698 -7.39636 45.7277 0.0170505 0.998724 0.0437384 0.0186031
1.70513e+09 204.475 -7.17079 40.4991 0.016912 0.998569 0.0467116 -0.0197874
1.70513e+09 204.276 -7.07395 38.2683 0.0163253 0.99822 0.0464935 -0.0336084
1.70513e+09 204.063 -6.95397 35.7133 0.0173875 0.998233 0.0481628 -0.0301502
1.70513e+09 203.693 -6.70851 30.891 0.0165538 0.998385 0.0492419 -0.0229772
1.70513e+09 203.532 -6.62686 28.8848 0.0186001 0.998317 0.0488722 -0.0250899
1.70513e+09 203.298 -6.4936 26.1571 0.0189009 0.998225 0.0479638 -0.029821
1.70513e+09 203.077 -6.33933 22.8773 0.018016 0.998521 0.0489434 -0.0153378
1.70513e+09 202.559 -5.72373 9.639 0.0176651 0.99795 0.0458916 -0.0409538
1.70513e+09 202.32 -5.66409 8.49225 0.0147519 0.995308 0.0507828 -0.0810234
1.70513e+09 202.021 -5.60134 7.60939 0.0162186 0.991328 0.0570985 -0.117239
1.70513e+09 201.731 -5.54191 7.05765 0.0123753 0.985322 0.067226 -0.156425
1.70513e+09 201.399 -5.49863 6.58599 0.00969296 0.977774 0.064326 -0.199314
1.70513e+09 201.176 -5.45357 6.09517 0.00932541 0.965305 0.0705197 -0.251249
1.70513e+09 200.887 -5.40412 5.72987 0.0067208 0.955182 0.0707431 -0.287363
1.70513e+09 200.784 -5.35533 5.3734 0.00683336 0.94554 0.0742442 -0.316853
1.70513e+09 200.714 -5.31866 5.10585 0.00838377 0.9358 0.0729639 -0.344795
1.70513e+09 200.563 -5.2872 4.76194 0.00721665 0.923558 0.0687377 -0.377178
1.70513e+09 200.11 -5.24032 4.23986 0.0084567 0.905068 0.062358 -0.420586
1.70513e+09 199.34 -5.19155 3.7743 0.00906828 0.880517 0.0589666 -0.470245
1.70513e+09 198.531 -5.14349 3.36676 -0.00832066 -0.861226 -0.0577458 0.504863
1.70513e+09 197.548 -5.09362 2.98027 -0.00936991 -0.838818 -0.0509741 0.541939
1.70513e+09 197.038 -5.07176 2.81959 -0.0116161 -0.827766 -0.0469306 0.558987
1.70513e+09 195.95 -5.03958 2.56369 -0.0155532 -0.801853 -0.0398796 0.595986
1.70513e+09 195.472 -5.02223 2.4698 -0.0147348 -0.789669 -0.0412981 0.611964
1.70513e+09 194.535 -4.99983 2.36576 -0.0167606 -0.765518 -0.036329 0.64217
1.70513e+09 194.068 -4.99875 2.34125 -0.0135535 -0.753175 -0.030413 0.656977
1.70513e+09 193.566 -4.994 2.32674 -0.0125784 -0.739918 -0.0303747 0.671893
1.70513e+09 192.496 -4.97224 2.32929 -0.0148623 -0.719275 -0.037337 0.693562
1.70513e+09 191.93 -4.96742 2.34036 -0.0127305 -0.712089 -0.0350375 0.701099
1.70513e+09 191.092 -4.96527 2.33725 -0.00867456 -0.712504 -0.0322942 0.70087
1.70513e+09 189.386 -4.93002 2.21546 -0.0129734 -0.734952 -0.032727 0.677205
1.70513e+09 188.646 -4.91274 2.11131 -0.0126056 -0.744194 -0.0358323 0.666882
1.70513e+09 187.895 -4.90155 2.01334 -0.0123896 -0.74874 -0.0328392 0.661934
1.70513e+09 187.027 -4.88718 1.90988 -0.0109238 -0.748181 -0.0325695 0.662605
1.70513e+09 184.744 -4.84417 1.68266 -0.0129345 -0.745206 -0.0330234 0.66589
1.70513e+09 183.948 -4.83289 1.57962 -0.0120612 -0.747286 -0.0328308 0.663581
1.70513e+09 182.721 -4.80849 1.4017 -0.00863546 -0.75006 -0.0354873 0.660361
1.70513e+09 179.929 -4.75473 0.987189 -0.0121618 -0.760583 -0.0355074 0.648155
1.70513e+09 178.476 -4.72516 0.744236 -0.0119356 -0.762966 -0.0356082 0.645347
1.70513e+09 175.624 -4.67128 0.374739 -0.0141652 -0.753299 -0.0341545 0.656638
1.70513e+09 174.307 -4.6572 0.241867 -0.0119 -0.747476 -0.0291073 0.663544
1.70513e+09 173.154 -4.64138 0.159902 -0.0135996 -0.738224 -0.0331629 0.673602
1.70513e+09 170.441 -4.61087 0.0128952 -0.011794 -0.731655 -0.0316901 0.680836
1.70513e+09 169.252 -4.5947 -0.0599802 -0.0111024 -0.731506 -0.0318761 0.680999
1.70513e+09 167.984 -4.57979 -0.115665 -0.0122805 -0.727329 -0.0314712 0.685457
1.70513e+09 165.361 -4.54848 -0.181931 -0.0127523 -0.720485 -0.032262 0.692603
1.70513e+09 164.492 -4.53533 -0.223601 -0.0123236 -0.724143 -0.031843 0.688804
1.70513e+09 163.508 -4.52472 -0.284462 -0.0117013 -0.729083 -0.0302572 0.683656
1.70513e+09 162.424 -4.51118 -0.357569 -0.0124955 -0.731409 -0.0328876 0.681031
1.70513e+09 161.18 -4.49454 -0.423576 -0.0119235 -0.729364 -0.0326148 0.683244
1.70513e+09 159.909 -4.48048 -0.481991 -0.0101089 -0.727193 -0.0297266 0.685715
1.70513e+09 158.738 -4.46311 -0.535987 -0.0127284 -0.726968 -0.0311893 0.685845
1.70513e+09 156.148 -4.42868 -0.675748 -0.0147425 -0.729418 -0.0301519 0.683245
1.70513e+09 155.218 -4.42275 -0.726896 -0.0123334 -0.729803 -0.0262202 0.683043
1.70513e+09 152.968 -4.39254 -0.835378 -0.0129851 -0.726342 -0.03219 0.686457
1.70513e+09 152.109 -4.38118 -0.891869 -0.0130989 -0.732165 -0.0307049 0.680308
1.70513e+09 151.462 -4.37377 -0.961278 -0.0124604 -0.739437 -0.0306235 0.672414
1.70513e+09 149.625 -4.34403 -1.22837 -0.0119977 -0.757611 -0.0308173 0.651868
1.70513e+09 148.52 -4.32298 -1.378 -0.013927 -0.756692 -0.0343229 0.652721
1.70513e+09 146.092 -4.28668 -1.65332 -0.0127802 -0.750264 -0.0325801 0.660211
1.70513e+09 144.96 -4.2666 -1.76395 -0.0128151 -0.746474 -0.0336374 0.66444
1.70513e+09 142.429 -4.23365 -1.9324 -0.0139183 -0.731663 -0.0338281 0.680684
1.70513e+09 140.789 -4.22083 -1.94562 -0.0131346 -0.717199 -0.0321867 0.696001
1.70513e+09 138.925 -4.22149 -1.87512 -0.0103479 -0.700505 -0.0292779 0.712971
1.70513e+09 138.08 -4.22064 -1.81482 -0.00966664 -0.693339 -0.0286054 0.719979
1.70513e+09 137.067 -4.21325 -1.74646 -0.0119965 -0.691494 -0.0310741 0.721613
1.70513e+09 136.07 -4.20334 -1.71239 -0.012509 -0.697459 -0.0317104 0.715813
1.70513e+09 133.578 -4.18662 -1.64248 -0.0114219 -0.701097 -0.0334954 0.712187
1.70513e+09 132.528 -4.18378 -1.5954 -0.0100902 -0.698834 -0.0303392 0.714569
1.70513e+09 130.026 -4.16736 -1.44357 -0.0119644 -0.691583 -0.0309242 0.721535
1.70513e+09 128.746 -4.16032 -1.35502 -0.0108143 -0.689345 -0.0291569 0.723765
1.70513e+09 126.421 -4.1489 -1.16811 -0.0116482 -0.684372 -0.0291603 0.728457
1.70513e+09 125.217 -4.14767 -1.08089 -0.00843928 -0.686901 -0.026383 0.726223
1.70513e+09 123.818 -4.1293 -0.997449 -0.0129011 -0.690175 -0.0300347 0.722904
1.70513e+09 121.144 -4.1075 -0.897527 -0.0133302 -0.698086 -0.0307623 0.715228
1.70513e+09 120.02 -4.09382 -0.887553 -0.0138688 -0.704368 -0.0305334 0.709043
1.70513e+09 118.822 -4.07868 -0.905595 -0.0140085 -0.712877 -0.030675 0.700478
1.70513e+09 116.445 -4.0492 -0.97936 -0.014086 -0.722192 -0.0321353 0.690802
1.70513e+09 115.399 -4.04337 -1.02208 -0.010579 -0.725684 -0.0281556 0.68737
1.70513e+09 114.03 -4.02709 -1.03738 -0.0135681 -0.716986 -0.0329628 0.696175
1.70513e+09 111.933 -4.0192 -0.846976 -0.0125012 -0.683242 -0.033015 0.729338
1.70513e+09 110.904 -4.0226 -0.723015 -0.0106592 -0.674113 -0.0301089 0.737938
1.70513e+09 109.476 -4.02291 -0.56404 -0.0116172 -0.674837 -0.0258867 0.737421
1.70513e+09 108.452 -4.00382 -0.512974 -0.0155483 -0.686927 -0.0313572 0.725883
1.70513e+09 107.441 -3.99181 -0.494599 -0.0130186 -0.698335 -0.0277865 0.715113
1.70513e+09 104.671 -3.96285 -0.490465 -0.0125146 -0.708041 -0.0303833 0.705406
1.70513e+09 103.778 -3.95491 -0.476194 -0.010695 -0.705262 -0.0309464 0.708191
1.70513e+09 102.427 -3.94564 -0.42629 -0.0122182 -0.701009 -0.0287168 0.712469
1.70513e+09 101.349 -3.93705 -0.383416 -0.0116349 -0.697739 -0.0294376 0.715653
1.70513e+09 99.9861 -3.92598 -0.322236 -0.0113242 -0.69517 -0.0295917 0.718146
1.70513e+09 98.4608 -3.91475 -0.240696 -0.0127107 -0.691546 -0.0300483 0.721595
1.70513e+09 97.3371 -3.9118 -0.176942 -0.010754 -0.689255 -0.0285727 0.723875
1.70513e+09 95.827 -3.89677 -0.117169 -0.0114173 -0.696089 -0.0286 0.717295
1.70513e+09 94.3035 -3.87741 -0.093443 -0.0128311 -0.704471 -0.0301391 0.708976
1.70513e+09 93.027 -3.86437 -0.0807454 -0.0123709 -0.70701 -0.0324527 0.70635
1.70513e+09 91.5475 -3.85082 -0.0465956 -0.0107793 -0.705719 -0.0310098 0.707731
1.70513e+09 90.3199 -3.84235 -0.00971251 -0.0112994 -0.705042 -0.0304565 0.708422
1.70513e+09 87.1942 -3.82059 0.0472094 -0.00950923 -0.706069 -0.0321421 0.707349
1.70513e+09 86.2324 -3.80436 0.0633753 -0.00966253 -0.705961 -0.0344454 0.707347
1.70513e+09 85.2973 -3.79351 0.0752994 -0.010072 -0.708558 -0.031517 0.704876
1.70513e+09 84.2337 -3.77452 0.0715986 -0.0123199 -0.711233 -0.0345383 0.701999
1.70513e+09 83.3064 -3.76281 0.0649021 -0.0104968 -0.713834 -0.0340202 0.699409
1.70513e+09 82.2814 -3.74371 0.0479106 -0.0097245 -0.716539 -0.0340641 0.696647
1.70513e+09 81.2616 -3.71352 0.0333343 -0.0150682 -0.718124 -0.0368638 0.694775
1.70513e+09 80.3606 -3.69704 0.0191584 -0.0133145 -0.719596 -0.0321981 0.693518
1.70513e+09 79.3167 -3.67453 -0.00662834 -0.0122393 -0.720766 -0.0322938 0.692318
1.70513e+09 77.4925 -3.63676 -0.0167497 -0.013357 -0.71418 -0.0348196 0.698967
1.70513e+09 76.54 -3.62374 0.00838683 -0.0136491 -0.708006 -0.0342367 0.705244
1.70513e+09 75.5911 -3.60946 0.0444456 -0.0135274 -0.701739 -0.0357496 0.711408
1.70513e+09 74.6802 -3.60054 0.0889779 -0.0111916 -0.698266 -0.0324846 0.715013
1.70513e+09 73.6724 -3.5851 0.14468 -0.014129 -0.695527 -0.0316651 0.717663
1.70513e+09 72.8219 -3.57157 0.183558 -0.0151276 -0.695653 -0.0331236 0.717455
1.70513e+09 72.0464 -3.56563 0.21017 -0.0127171 -0.697263 -0.0307419 0.716043
1.70513e+09 70.9592 -3.54921 0.238509 -0.0141191 -0.699991 -0.0351083 0.713148
1.70513e+09 69.8908 -3.53307 0.26585 -0.013821 -0.701307 -0.0328778 0.711967
1.70513e+09 69.0146 -3.51574 0.291327 -0.0139534 -0.700145 -0.0338107 0.713064
1.70513e+09 68.2074 -3.49866 0.319216 -0.0136547 -0.69844 -0.0351137 0.714676
1.70513e+09 67.0739 -3.48383 0.372156 -0.0144629 -0.695651 -0.0349253 0.717385
1.70513e+09 65.8729 -3.47826 0.439218 -0.0131558 -0.693267 -0.0296059 0.719952
1.70513e+09 64.7868 -3.46321 0.490555 -0.0139702 -0.694182 -0.0310114 0.718995
1.70513e+09 63.5115 -3.44228 0.530238 -0.0132296 -0.697483 -0.0361004 0.715569
1.70513e+09 62.1359 -3.42513 0.564717 -0.0122291 -0.701489 -0.034212 0.711754
1.70513e+09 60.9358 -3.40427 0.575571 -0.0117228 -0.705217 -0.0340909 0.708075
1.70513e+09 59.5314 -3.37986 0.578867 -0.0124223 -0.708918 -0.0356122 0.704281
1.70513e+09 58.3398 -3.36014 0.575782 -0.0135264 -0.712597 -0.0345626 0.700591
1.70513e+09 54.9922 -3.30697 0.515216 -0.0136965 -0.717692 -0.0360454 0.695292
1.70513e+09 53.6629 -3.28601 0.520635 -0.0138842 -0.713833 -0.033619 0.699371
1.70513e+09 52.4575 -3.26935 0.538972 -0.0125822 -0.708941 -0.0333684 0.704366
1.70513e+09 51.2232 -3.25598 0.586658 -0.0132003 -0.702465 -0.0346275 0.710753
1.70513e+09 49.8744 -3.24269 0.667167 -0.0132085 -0.695305 -0.0341858 0.71778
1.70513e+09 48.2802 -3.22517 0.774689 -0.0127358 -0.692321 -0.0332218 0.720712
1.70513e+09 47.1557 -3.21067 0.804107 -0.0126018 -0.702033 -0.0335444 0.711242
1.70513e+09 45.9769 -3.18976 0.807589 -0.0129601 -0.709758 -0.0332316 0.703542
1.70513e+09 44.8529 -3.17412 0.813034 -0.0147446 -0.712226 -0.0336602 0.700988
1.70513e+09 42.1006 -3.11447 0.768426 -0.0137532 -0.715848 -0.034615 0.697262
1.70513e+09 40.6302 -3.09414 0.74618 -0.0125927 -0.717022 -0.0325483 0.696177
1.70513e+09 35.7191 -3.0078 0.624996 -0.0131375 -0.723167 -0.0346299 0.689679
1.70513e+09 30.8198 -2.91829 0.397413 -0.0135032 -0.722336 -0.0341747 0.690566
1.70513e+09 26.4602 -2.86144 0.511798 -0.0132935 -0.702107 -0.0350513 0.711084
1.70513e+09 24.7693 -2.84706 0.561462 -0.0118824 -0.702811 -0.0306984 0.710614
1.70513e+09 22.6286 -2.81403 0.611467 -0.0118591 -0.70354 -0.033502 0.709767
1.70513e+09 16.7476 -2.73508 0.778547 -0.0120278 -0.701042 -0.0315047 0.712322
1.70513e+09 15.1566 -2.72002 0.873541 -0.0141548 -0.693023 -0.0303012 0.720139
1.70513e+09 13.5952 -2.71298 1.0597 -0.00529299 -0.665692 -0.0308461 0.74557
1.70513e+09 12.6673 -2.71186 1.37078 -0.0105906 -0.618626 -0.0291862 0.785072
1.70513e+09 12.05 -2.7162 1.67822 -0.00898592 -0.579729 -0.0267158 0.814322
1.70513e+09 10.8543 -2.73028 2.45878 -0.00999705 -0.503573 -0.0224317 0.863603
1.70513e+09 10.4047 -2.74545 2.83736 -0.00620925 -0.472394 -0.0207003 0.881123
1.70513e+09 9.97663 -2.75817 3.25803 -0.0056447 -0.438943 -0.0220896 0.898226
1.70513e+09 9.20299 -2.78236 4.16043 -0.00741459 -0.391019 -0.017429 0.920188
1.70513e+09 8.82565 -2.80005 4.66004 -0.00945762 -0.368791 -0.0139957 0.929359
1.70513e+09 8.40531 -2.82267 5.27635 -0.00971785 -0.341612 -0.0122455 0.939711
1.70513e+09 8.01462 -2.84792 5.91933 -0.00719695 -0.314721 -0.010522 0.949099
1.70513e+09 7.64959 -2.87261 6.59086 -0.0059082 -0.287246 -0.0120511 0.957763
1.70513e+09 6.50663 -2.9398 8.66424 -0.00505159 -0.253575 -0.0100826 0.96725
1.70513e+09 5.88041 -2.97903 9.6592 -0.00797117 -0.255855 -0.0117763 0.966611
1.70513e+09 4.68005 -3.08982 12.0012 -0.00263704 -0.237632 -0.00258609 0.971348
1.70513e+09 4.25071 -3.13061 12.9776 -0.00476933 -0.20965 -0.00775837 0.977734
1.70513e+09 3.72099 -3.22393 15.1743 -0.00597692 -0.110193 -0.00181316 0.993891
1.70513e+09 3.45186 -3.27134 16.2741 -0.00471058 -0.0720997 -0.00143268 0.997385
1.70513e+09 3.3772 -3.31869 17.4155 -0.00552296 -0.0363989 1.08751e-05 0.999322
1.70513e+09 3.53977 -3.46745 20.6216 -0.00291348 0.0300597 0.00470605 0.999533
1.70513e+09 3.76462 -3.58943 23.4532 -0.00438168 0.0282726 0.00523527 0.999577
1.70513e+09 3.80416 -3.9029 30.5869 -0.00491973 -0.00914673 0.00398709 0.999938
1.70513e+09 3.811 -4.06687 34.2923 -0.00201612 -0.00511276 0.00589696 0.999968
1.70513e+09 3.87514 -4.2532 38.8232 -0.00390813 -9.44627e-05 0.0044957 0.999982
1.70513e+09 3.89538 -4.33584 40.636 -0.00403878 -0.00910448 0.00446436 0.99994
1.70513e+09 3.6403 -4.57656 46.0818 -0.0046601 -0.0415692 0.00402656 0.999117
1.70513e+09 3.46882 -4.66507 48.3811 -0.00657568 -0.0434368 0.00397103 0.999027
1.70513e+09 3.29766 -4.81824 52.2996 -0.0043808 -0.0225582 0.00180139 0.999734
1.70513e+09 3.27648 -4.90397 54.3194 -0.0022357 -0.0118948 0.00350821 0.999921
1.70513e+09 3.46595 -5.11017 58.759 -0.00291963 0.0248337 0.0041642 0.999679
1.70513e+09 4.01972 -5.32046 63.0482 -0.00282322 0.0576971 0.00580486 0.998313
1.70513e+09 4.27367 -5.41135 64.9097 -0.0015097 0.0534943 0.00657967 0.998545
1.70513e+09 4.42403 -5.45859 65.9985 -0.00245504 0.0512481 0.00607218 0.998664
1.70513e+09 4.62332 -5.51791 67.5243 -0.00247598 0.047789 0.00882269 0.998815
1.70513e+09 4.82415 -5.59363 69.3858 -0.00493183 0.0405713 0.00633521 0.999144
1.70513e+09 4.95289 -5.66243 71.2995 -0.00640638 0.0213073 0.00527261 0.999739
1.70513e+09 4.90311 -5.7276 73.2078 -0.000379479 -0.0122218 0.00284643 0.999921
1.70513e+09 4.81996 -5.79939 75.091 -0.0048942 -0.0189905 0.00130811 0.999807
1.70513e+09 4.76689 -6.07453 80.0937 -0.0018832 0.00804843 0.00576501 0.999949
1.70513e+09 5.00546 -6.1777 81.7482 -0.00502719 0.0555399 0.00674861 0.998421
1.70513e+09 5.28492 -6.24474 82.7981 -0.00276367 0.0885839 0.0110558 0.996004
1.70513e+09 6.69375 -6.48064 87.4254 -0.00280685 0.124824 0.0109322 0.992115
1.70513e+09 7.13336 -6.54927 88.7401 0.000909017 0.12806 0.00923842 0.991723
1.70513e+09 8.36916 -6.70489 91.5894 -0.00134775 0.168113 0.0129218 0.985682
1.70513e+09 8.85525 -6.75873 92.5802 0.00119598 0.181251 0.0124205 0.983358
1.70513e+09 9.2691 -6.79269 93.4612 -0.00240349 0.191527 0.01182 0.981413
1.70513e+09 9.71877 -6.82381 94.5329 -0.00261176 0.195247 0.0142036 0.980648
1.70513e+09 10.7646 -6.96318 97.7519 -0.0011425 0.163905 0.016272 0.986341
1.70513e+09 11.0663 -7.00845 99.1243 -0.00137045 0.136434 0.0132203 0.99056
1.70513e+09 11.2023 -6.9764 100.027 -0.00479051 0.1027 0.0130507 0.994615
1.70513e+09 11.2712 -6.94518 101.028 -0.00473501 0.0669841 0.00863235 0.997705
1.70513e+09 11.4659 -7.05779 102.946 -0.00425011 0.0461538 0.0090291 0.998884
1.70513e+09 11.7971 -7.29893 107.877 -0.00375516 0.016736 0.00784385 0.999822
1.70513e+09 11.8625 -7.4169 110.414 -0.00436621 0.00207335 0.00652121 0.999967
1.70513e+09 11.9352 -7.56673 113.369 -0.00327277 0.00732228 0.00565101 0.999952
1.70513e+09 12.3604 -7.74741 116.87 0.000900026 0.0713209 0.00921067 0.99741
1.70513e+09 13.1675 -7.86943 119.442 -0.00221349 0.157154 0.011711 0.987502
1.70513e+09 13.4755 -7.89693 119.933 -8.04379e-05 0.196005 0.011698 0.980533
1.70513e+09 13.7903 -7.91444 120.322 0.00333378 0.234744 0.0155398 0.971927
1.70513e+09 14.6159 -7.97443 121.169 0.00756421 0.335065 0.013867 0.942063
1.70513e+09 15.045 -8.01158 121.515 0.0071874 0.385246 0.0127452 0.922698
1.70513e+09 15.5205 -8.04728 121.901 0.00776993 0.431863 0.0159449 0.901765
1.70513e+09 16.5843 -8.099 122.627 0.00795926 0.518385 0.0239444 0.854775
1.70513e+09 17.0429 -8.12824 122.883 0.0117282 0.554117 0.0213588 0.832082
1.70513e+09 18.1744 -8.23533 123.578 0.0166065 0.621819 0.0241335 0.782613
1.70513e+09 19.2676 -8.30852 123.982 0.0160904 0.663549 0.0274602 0.747455
1.70513e+09 19.9433 -8.34943 124.149 0.0194795 0.687263 0.0273626 0.725632
1.70513e+09 21.0368 -8.3878 124.348 0.0180442 0.707442 0.0312789 0.705849
1.70513e+09 21.7965 -8.39047 124.486 0.0218075 0.705748 0.0305308 0.707469
1.70513e+09 23.1493 -8.30708 124.899 0.0168619 0.710374 0.0352751 0.702738
1.70513e+09 23.9643 -8.27049 125.122 0.0204001 0.709002 0.0345254 0.704066
1.70513e+09 24.7308 -8.26313 125.37 0.0222032 0.700857 0.0345265 0.71212
1.70513e+09 26.8569 -8.28697 125.768 0.0196856 0.69551 0.0390341 0.717186
1.70513e+09 28.0008 -8.32512 125.823 0.0213397 0.700812 0.0359072 0.712122
1.70513e+09 29.1509 -8.36958 125.864 0.0221302 0.703415 0.0357253 0.709536
1.70513e+09 33.0374 -8.49724 125.935 0.0207945 0.701395 0.0354242 0.711589
1.70513e+09 35.9615 -8.57755 126.023 0.0151629 0.697676 0.0359589 0.71535
1.70513e+09 42.0782 -8.67348 125.992 0.0131052 0.714046 0.0410314 0.698772
1.70513e+09 42.0504 -8.67811 125.974 0.0124808 0.714368 0.0409192 0.698461
1.70513e+09 42.2649 -8.6815 125.945 0.0129366 0.713931 0.0403322 0.698934
1.70513e+09 42.7864 -8.69214 125.919 0.0143405 0.710486 0.0376006 0.702559
1.70513e+09 43.525 -8.70216 125.922 0.0137218 0.697979 0.038993 0.714924
1.70513e+09 44.3268 -8.71974 125.985 0.0124663 0.677302 0.0386626 0.734583
1.70513e+09 46.1566 -8.76859 126.134 0.0136645 0.669009 0.033927 0.742354
1.70513e+09 47.2741 -8.78491 126.118 0.0129597 0.686176 0.0360411 0.726426
1.70513e+09 48.3209 -8.79965 126.123 0.0129311 0.685564 0.0387653 0.726865
1.70513e+09 49.4696 -8.82961 126.178 0.0160095 0.678561 0.0368315 0.733446
1.70513e+09 52.1997 -8.89406 126.435 0.0137602 0.667236 0.0338792 0.743949
1.70513e+09 55.7235 -8.94871 126.603 0.0151873 0.687971 0.0382797 0.724569
1.70513e+09 56.954 -8.95799 126.579 0.0115695 0.701653 0.0380262 0.711409
1.70513e+09 59.5539 -9.0035 126.534 0.010325 0.70589 0.0353829 0.707362
1.70513e+09 60.9827 -9.02547 126.459 0.0162599 0.711499 0.0377055 0.701487
1.70513e+09 62.9731 -9.04393 126.342 0.010117 0.718546 0.0389867 0.694312
1.70513e+09 64.7194 -9.06316 126.204 0.0136595 0.723998 0.0368806 0.68868
1.70513e+09 68.5096 -9.10533 125.906 0.0157215 0.725565 0.0356721 0.687049
1.70513e+09 70.1836 -9.12254 125.747 0.0136693 0.72852 0.0391387 0.683769
1.70513e+09 71.9107 -9.15115 125.537 0.0145698 0.738507 0.0356495 0.673145
1.70513e+09 73.6186 -9.16363 125.189 0.0158977 0.75404 0.0386912 0.655495
