1.70503e+09 143.535 -5.08964 -0.81502 -0.00437344 -0.754234 -0.0284714 0.655973
1.70503e+09 143.295 -5.09243 -0.838626 -0.000627783 -0.751354 -0.0250853 0.659422
1.70503e+09 142.812 -5.07441 -0.86212 -0.00067619 -0.740702 -0.0287477 0.671218
1.70503e+09 142.319 -5.06104 -0.861475 -0.000698916 -0.729775 -0.0282588 0.683103
1.70503e+09 140.501 -5.02091 -0.842366 -0.000961028 -0.710969 -0.0282546 0.702655
1.70503e+09 138.621 -4.98995 -0.751657 0.00317259 -0.69575 -0.0255858 0.717821
1.70503e+09 137.724 -4.96906 -0.680986 0.00196273 -0.688348 -0.0276496 0.72485
1.70503e+09 135.968 -4.94556 -0.487415 0.00329713 -0.672346 -0.0252701 0.739799
1.70503e+09 134.956 -4.93193 -0.343716 0.00480159 -0.662954 -0.0256841 0.748204
1.70503e+09 132.913 -4.87738 -0.163783 0.000351909 -0.68514 -0.0269343 0.727913
1.70503e+09 131.817 -4.84667 -0.138841 0.000618017 -0.697204 -0.0256039 0.716416
1.70503e+09 130.797 -4.82195 -0.123431 0.00306354 -0.7024 -0.0241974 0.711365
1.70503e+09 129.783 -4.79513 -0.11076 0.00171135 -0.70599 -0.0243648 0.7078
1.70503e+09 127.422 -4.73408 -0.13491 0.00337387 -0.714734 -0.0259054 0.698908
1.70503e+09 126.4 -4.69939 -0.159507 -0.000365467 -0.71825 -0.0268622 0.695266
1.70503e+09 124.002 -4.6441 -0.0534572 -0.00142094 -0.694589 -0.0281946 0.718853
1.70503e+09 122.988 -4.62667 0.00591626 0.0013695 -0.692101 -0.0252348 0.721358
1.70503e+09 121.891 -4.60081 0.066484 0.000306197 -0.69323 -0.0251482 0.720277
1.70503e+09 119.734 -4.54301 0.101218 0.000574499 -0.704974 -0.0256586 0.708769
1.70503e+09 118.959 -4.51753 0.098967 -0.00101489 -0.70866 -0.026298 0.70506
1.70503e+09 117.894 -4.49154 0.0926356 -0.000920144 -0.712114 -0.025373 0.701605
1.70503e+09 117.085 -4.46943 0.0775319 -7.70086e-06 -0.714541 -0.0237402 0.69919
1.70503e+09 115.72 -4.43171 0.0291564 0.00214711 -0.720079 -0.0246465 0.693451
1.70503e+09 113.022 -4.34681 -0.0943538 -0.000963454 -0.7263 -0.0257946 0.686893
1.70503e+09 111.783 -4.30739 -0.155218 -0.000367245 -0.726528 -0.0249112 0.686685
1.70503e+09 110.53 -4.27071 -0.225014 0.00126762 -0.727484 -0.0265554 0.685609
1.70503e+09 109.461 -4.24154 -0.275287 -0.00119153 -0.728402 -0.0244193 0.684714
1.70503e+09 108.393 -4.19963 -0.342364 -0.00397956 -0.730196 -0.0296418 0.682583
1.70503e+09 107.325 -4.16945 -0.407015 -0.00188109 -0.731139 -0.02626 0.681721
1.70503e+09 106.004 -4.13096 -0.487153 0.00032528 -0.730273 -0.0265375 0.682639
1.70503e+09 104.93 -4.09937 -0.518443 0.00224404 -0.723377 -0.0265296 0.68994
1.70503e+09 103.84 -4.06712 -0.531173 0.00326675 -0.716485 -0.0268521 0.697078
1.70503e+09 101.719 -4.00672 -0.486974 0.002668 -0.70343 -0.0272555 0.710237
1.70503e+09 100.637 -3.98291 -0.434398 0.00226817 -0.696966 -0.0276291 0.716568
1.70503e+09 99.5567 -3.96209 -0.36836 0.0031528 -0.690588 -0.0281742 0.722693
1.70503e+09 98.6846 -3.94989 -0.304209 0.00419275 -0.685684 -0.0250978 0.727454
1.70503e+09 97.5656 -3.9302 -0.215269 0.00284696 -0.679877 -0.0247739 0.732902
1.70503e+09 95.215 -3.88185 0.0250796 0.000622277 -0.673989 -0.0233404 0.738373
1.70503e+09 93.8954 -3.8517 0.110797 0.000674739 -0.685374 -0.0233774 0.727816
1.70503e+09 92.8166 -3.81941 0.127827 -0.00014364 -0.69794 -0.0232549 0.715779
1.70503e+09 91.9123 -3.79849 0.119881 0.000802684 -0.705851 -0.0233742 0.707974
1.70503e+09 90.9875 -3.77875 0.0987424 0.000774949 -0.71301 -0.022172 0.700802
1.70503e+09 90.1709 -3.76151 0.0729643 -0.00129125 -0.71757 -0.0219754 0.696138
1.70503e+09 89.0554 -3.74332 0.0277485 0.00192195 -0.721521 -0.0205706 0.692084
1.70503e+09 87.9378 -3.7167 -0.0328852 0.000290155 -0.724971 -0.0232907 0.688386
1.70503e+09 86.9593 -3.70096 -0.0946206 0.00118656 -0.727857 -0.0224714 0.68536
1.70503e+09 85.9615 -3.68308 -0.157804 0.000599498 -0.730467 -0.020966 0.682626
1.70503e+09 84.976 -3.66168 -0.229358 -0.000346382 -0.732771 -0.023104 0.680083
1.70503e+09 84.0288 -3.64704 -0.304426 0.00320112 -0.734697 -0.0212335 0.678056
1.70503e+09 83.2693 -3.6306 -0.346221 0.00251933 -0.731698 -0.0224375 0.681254
1.70503e+09 82.5607 -3.62 -0.360997 0.000245578 -0.724819 -0.0212892 0.68861
1.70503e+09 81.7252 -3.60892 -0.354906 0.000546353 -0.714508 -0.0230284 0.699248
1.70503e+09 80.8135 -3.59574 -0.311103 0.0013144 -0.702628 -0.0210437 0.711245
1.70503e+09 79.9738 -3.58333 -0.261456 0.00126521 -0.693113 -0.0183194 0.720595
1.70503e+09 79.0357 -3.57396 -0.173073 0.003686 -0.681548 -0.0203103 0.731482
1.70503e+09 78.0628 -3.56575 -0.0349871 0.00344525 -0.668166 -0.0210342 0.743707
1.70503e+09 77.2552 -3.56169 0.118439 0.00344954 -0.656585 -0.0195784 0.75399
1.70503e+09 75.2694 -3.54336 0.498739 0.00256009 -0.638843 -0.0192988 0.769091
1.70503e+09 74.4213 -3.5414 0.65217 0.00322759 -0.643626 -0.0148002 0.76519
1.70503e+09 73.4694 -3.52117 0.736279 -0.001734 -0.664672 -0.0182739 0.74691
1.70503e+09 72.1529 -3.49889 0.76036 0.00120146 -0.693233 -0.0188051 0.720467
1.70503e+09 71.3094 -3.48578 0.774522 0.00123029 -0.698518 -0.0203251 0.715303
1.70503e+09 70.2979 -3.46667 0.843067 -0.0019785 -0.691203 -0.0207426 0.72236
1.70503e+09 69.3183 -3.45044 0.920906 -0.000785205 -0.684934 -0.0192623 0.72835
1.70503e+09 68.3483 -3.43673 1.00379 -0.000558444 -0.682709 -0.0199974 0.730416
1.70503e+09 67.2562 -3.42061 1.07295 0.000630501 -0.686639 -0.0225773 0.726647
1.70503e+09 66.3146 -3.40547 1.09071 0.00148227 -0.698583 -0.0212409 0.715213
1.70503e+09 65.428 -3.39039 1.08394 -0.000640299 -0.709084 -0.0184445 0.704882
1.70503e+09 64.5117 -3.36656 1.04488 -0.00199063 -0.717638 -0.0195064 0.69614
1.70503e+09 63.683 -3.34256 0.995258 -0.00339124 -0.723444 -0.0221947 0.690018
1.70503e+09 62.7352 -3.32455 0.92732 -0.000331935 -0.728529 -0.0196352 0.684733
1.70503e+09 60.6044 -3.27527 0.798857 -0.000378342 -0.729542 -0.0216699 0.683593
1.70503e+09 59.3757 -3.25104 0.754946 -0.00220283 -0.726172 -0.0212929 0.68718
1.70503e+09 58.4834 -3.23381 0.735481 -0.0027304 -0.722812 -0.0195822 0.690762
1.70503e+09 55.8328 -3.19572 0.715098 0.000251317 -0.712479 -0.0216234 0.70136
1.70503e+09 54.4882 -3.17602 0.742151 -0.000162385 -0.706727 -0.019435 0.70722
1.70503e+09 53.185 -3.15753 0.785632 0.000233369 -0.700708 -0.0192827 0.713188
1.70503e+09 50.3968 -3.1142 0.948187 -0.00303051 -0.691968 -0.0203751 0.721634
1.70503e+09 49.3755 -3.09334 0.953698 -0.000670636 -0.700362 -0.0195216 0.71352
1.70503e+09 47.9663 -3.07214 0.94625 -0.000285956 -0.70985 -0.0172482 0.704141
1.70503e+09 45.2279 -3.03115 0.965221 -0.000950025 -0.707663 -0.018691 0.706302
1.70503e+09 44.2707 -3.01948 0.98329 -0.00178587 -0.705671 -0.0189005 0.708285
1.70503e+09 42.8541 -3.00106 1.00667 -0.00120747 -0.706601 -0.0181842 0.707378
1.70503e+09 39.8452 -2.947 0.977523 -0.00180982 -0.715707 -0.0197743 0.698118
1.70503e+09 36.4549 -2.8953 0.92352 0.000683033 -0.715267 -0.0180173 0.698619
1.70503e+09 35.0135 -2.86919 0.924597 -0.000869218 -0.712418 -0.0194884 0.701485
1.70503e+09 31.0371 -2.80122 0.987868 -0.000848758 -0.705526 -0.0195566 0.708414
1.70503e+09 28.7912 -2.76927 1.01976 -0.00102737 -0.706559 -0.0169803 0.70745
1.70503e+09 26.5636 -2.73652 1.03735 -0.000470039 -0.707749 -0.0184195 0.706224
1.70503e+09 22.5397 -2.67518 1.04323 -0.000761019 -0.709179 -0.0205266 0.704729
1.70503e+09 20.1733 -2.64167 1.08155 -0.00142422 -0.705581 -0.0210061 0.708316
1.70503e+09 15.5209 -2.583 1.29987 0.00114695 -0.687856 -0.0186406 0.725607
1.70503e+09 13.5962 -2.55816 1.49197 0.000258902 -0.675198 -0.0187879 0.737397
1.70503e+09 10.064 -2.5543 2.0801 0.00374381 -0.655484 -0.0130188 0.755087
1.70503e+09 6.44155 -2.52507 2.51762 -0.00069099 -0.678489 -0.0160537 0.734435
1.70503e+09 5.53074 -2.51556 2.5721 0.00166148 -0.689574 -0.0168631 0.724017
1.70503e+09 4.54468 -2.49091 2.56883 -0.00253441 -0.704656 -0.0182746 0.709309
1.70503e+09 3.8219 -2.47104 2.53619 -0.00465395 -0.716228 -0.017301 0.697636
1.70503e+09 2.95635 -2.46046 2.45079 0.00607422 -0.726063 -0.0234047 0.687203
1.70503e+09 1.56958 -2.48377 2.37721 0.00824004 -0.733117 -0.00667286 0.68002
1.70503e+09 0.330919 -2.50821 2.29799 0.0115898 -0.730289 -0.00552836 0.683017
1.70503e+09 -0.70606 -2.53836 2.28716 0.0150728 -0.719304 -0.00607828 0.694505
1.70503e+09 -1.69983 -2.53978 2.29522 0.0153001 -0.705746 -0.0216165 0.70797
1.70503e+09 -2.60649 -2.54741 2.34669 0.015122 -0.695525 -0.0185403 0.718104
1.70503e+09 -3.60831 -2.55927 2.40922 0.0134366 -0.691878 -0.00778031 0.721847
1.70503e+09 -4.54815 -2.53973 2.44365 0.00125658 -0.693156 -0.0194865 0.720523
1.70503e+09 -5.22148 -2.52367 2.45344 0.00232357 -0.697922 -0.0244355 0.715753
1.70503e+09 -6.91582 -2.50059 2.49221 -0.00491863 -0.704034 -0.0216038 0.709821
1.70503e+09 -7.58846 -2.49997 2.44192 0.00174514 -0.716519 -0.0207166 0.697258
1.70503e+09 -8.57097 -2.47448 2.3633 0.00234928 -0.726855 -0.0267621 0.686266
1.70503e+09 -8.60445 -2.47364 2.36208 0.00241903 -0.726813 -0.0267969 0.686308
1.70503e+09 -8.92096 -2.47317 2.36037 0.0042721 -0.723179 -0.0267035 0.690131
1.70503e+09 -10.17 -2.44818 2.34933 0.0027526 -0.71862 -0.0263167 0.6949
1.70503e+09 -10.8863 -2.42486 2.30951 0.000417406 -0.723981 -0.0302486 0.689156
1.70503e+09 -12.1898 -2.37942 2.16565 0.00119239 -0.742208 -0.0322083 0.669395
1.70503e+09 -12.8267 -2.35798 2.06281 0.00182967 -0.751957 -0.0319152 0.658436
1.70503e+09 -14.3795 -2.26991 1.83252 -0.0210079 -0.763755 -0.0304132 0.644447
1.70503e+09 -15.0034 -2.23992 1.77332 -0.0221699 -0.757083 -0.0234105 0.652522
1.70503e+09 -15.7539 -2.20984 1.70095 -0.0180919 -0.747272 -0.0262836 0.663751
1.70503e+09 -16.5126 -2.19526 1.66562 -0.00637149 -0.73327 -0.0231716 0.679512
1.70503e+09 -17.2296 -2.15247 1.66838 -0.0164635 -0.722812 -0.0238351 0.690437
1.70503e+09 -17.9521 -2.10684 1.66081 -0.0161719 -0.713592 -0.0389591 0.69929
1.70503e+09 -19.5491 -2.09228 1.65222 -0.00365549 -0.718035 -0.0126471 0.695882
1.70503e+09 -20.3444 -2.10966 1.58115 0.00507679 -0.730995 -0.00386345 0.682352
1.70503e+09 -21.1554 -2.09032 1.49551 -0.00615425 -0.739057 -0.0157447 0.673431
1.70503e+09 -21.9694 -2.04109 1.42983 -0.0208006 -0.740537 -0.0239097 0.671268
1.70503e+09 -23.4459 -2.00586 1.2989 -0.0102796 -0.739171 -0.0189392 0.673174
1.70503e+09 -24.3056 -1.98335 1.23659 -0.0120874 -0.739052 -0.0156378 0.673359
1.70503e+09 -25.0643 -1.96252 1.16889 -0.00979774 -0.739672 -0.0165775 0.672692
1.70503e+09 -25.8544 -1.94159 1.07904 -0.0132267 -0.748082 -0.0113084 0.663378
1.70503e+09 -27.0181 -1.90792 0.786395 -0.0144435 -0.778983 -0.0165618 0.626659
1.70503e+09 -27.556 -1.90261 0.610367 -0.00912806 -0.791022 -0.0107093 0.611626
1.70503e+09 -28.1277 -1.87346 0.421705 -0.00807898 -0.796626 -0.0169209 0.604182
1.70503e+09 -28.7686 -1.83407 0.214836 -0.0126914 -0.800164 -0.0265443 0.599059
1.70503e+09 -29.3538 -1.79821 0.00656321 -0.0147847 -0.8056 -0.0305533 0.591487
1.70503e+09 -29.8973 -1.77807 -0.191179 -0.0175651 -0.814248 -0.0181055 0.579968
1.70503e+09 -30.8861 -1.71099 -0.635968 -0.0206477 -0.828557 -0.0284925 0.558798
1.70503e+09 -31.2766 -1.70203 -0.822433 -0.012759 -0.833529 -0.0225071 0.55187
1.70503e+09 -32.1731 -1.65151 -1.24928 -0.0140335 -0.842287 -0.0269582 0.538172
1.70503e+09 -32.6331 -1.61022 -1.47903 -0.0194082 -0.844811 -0.0346404 0.533589
1.70503e+09 -33.0286 -1.57195 -1.68103 -0.025208 -0.845841 -0.0427306 0.531123
1.70503e+09 -33.7667 -1.52402 -1.9943 -0.020163 -0.839635 -0.0359515 0.541585
1.70503e+09 -34.1448 -1.49016 -2.17206 -0.0102903 -0.835057 -0.0495356 0.547833
1.70503e+09 -34.5069 -1.50568 -2.26611 -0.00959406 -0.830812 -0.0156683 0.556249
1.70503e+09 -34.9608 -1.48585 -2.45099 0.00715614 -0.824963 -0.0199552 0.56479
1.70503e+09 -35.8657 -1.45522 -2.72174 -0.00342659 -0.81584 -0.0186869 0.577966
1.70503e+09 -37.9472 -1.39138 -3.43935 -0.00444543 -0.818816 -0.0229985 0.573578
1.70503e+09 -38.7922 -1.36071 -3.70616 -0.00445596 -0.813085 -0.0247487 0.581601
1.70503e+09 -40.2125 -1.31937 -4.11796 0.0044374 -0.805736 -0.0254659 0.59171
1.70503e+09 -41.0283 -1.28028 -4.3599 0.00269431 -0.803745 -0.0353449 0.593918
1.70503e+09 -41.9108 -1.25243 -4.57051 0.00150697 -0.794797 -0.032503 0.606002
1.70503e+09 -43.9822 -1.20063 -4.93274 -0.010001 -0.773326 -0.0169242 0.633704
1.70503e+09 -44.9458 -1.18362 -5.04723 -0.0112625 -0.762388 -0.0113538 0.646923
1.70503e+09 -46.937 -1.14525 -5.19119 -0.0105953 -0.736762 -0.0170206 0.675855
1.70503e+09 -48.4786 -1.11713 -5.1929 -0.00740081 -0.716613 -0.0151559 0.697267
1.70503e+09 -49.9486 -1.09795 -5.19453 -0.0032136 -0.714196 -0.0159497 0.699756
1.70503e+09 -50.8077 -1.08187 -5.20866 -0.00468086 -0.717428 -0.0162904 0.696426
1.70503e+09 -51.5027 -1.06835 -5.24883 -0.00493201 -0.724089 -0.0168772 0.689482
1.70503e+09 -52.8206 -1.04536 -5.33543 -0.0049384 -0.728773 -0.0149873 0.684574
1.70503e+09 -53.5362 -1.03809 -5.33675 -0.00550697 -0.720853 -0.0105179 0.692986
1.70503e+09 -54.5502 -1.02373 -5.33211 -0.00392915 -0.712789 -0.0140449 0.701227
1.70503e+09 -56.2073 -0.997082 -5.33075 -0.00464062 -0.713089 -0.0155501 0.700886
1.70503e+09 -57.2869 -0.98759 -5.33424 -0.00309567 -0.713944 -0.012838 0.700078
1.70503e+09 -58.2988 -0.977031 -5.34247 -0.00313099 -0.714762 -0.0117187 0.699263
1.70503e+09 -58.9861 -0.965442 -5.35115 -0.00398617 -0.714492 -0.0135615 0.699501
1.70503e+09 -59.5829 -0.955189 -5.3557 -0.00527883 -0.714149 -0.0137695 0.699839
1.70503e+09 -60.2896 -0.947202 -5.36461 -0.00331323 -0.714283 -0.0120978 0.699745
1.70503e+09 -62.6536 -0.917882 -5.35919 -0.00352644 -0.709522 -0.0110012 0.704588
1.70503e+09 -64.6086 -0.894439 -5.3379 -0.00835497 -0.70984 -0.0135485 0.704183
1.70503e+09 -67.0864 -0.868429 -5.35502 -0.00662587 -0.713656 -0.0130291 0.700344
1.70503e+09 -71.5673 -0.815391 -5.37078 -0.00110035 -0.705725 -0.0102964 0.708411
1.70503e+09 -73.0161 -0.807329 -5.35195 0.000326759 -0.706341 -0.0122744 0.707765
1.70503e+09 -76.3243 -0.779209 -5.32299 -0.0011283 -0.708236 -0.0143743 0.705829
1.70503e+09 -77.9459 -0.758941 -5.29989 -0.00137166 -0.706445 -0.0157812 0.707591
1.70503e+09 -79.0536 -0.751718 -5.27016 -0.00165051 -0.703308 -0.0132868 0.710759
1.70503e+09 -80.5234 -0.740505 -5.18814 0.000727574 -0.690777 -0.0162043 0.722886
1.70503e+09 -86.3422 -0.714935 -4.60487 0.00383858 -0.626404 -0.0148736 0.779347
1.70503e+09 -87.0117 -0.721872 -4.29618 0.00501226 -0.575506 -0.0113735 0.817703
1.70503e+09 -87.4296 -0.725962 -4.00152 0.00527413 -0.527027 -0.0119275 0.849748
1.70503e+09 -87.7033 -0.743045 -3.78777 0.0112196 -0.476263 -0.0106414 0.879167
1.70503e+09 -87.9872 -0.758498 -3.40981 0.011439 -0.426018 -0.00418186 0.904632
1.70503e+09 -88.2661 -0.78579 -2.98367 0.0133771 -0.372112 -0.00505559 0.928078
1.70503e+09 -88.4891 -0.809892 -2.50645 0.0190917 -0.315403 -0.00119167 0.948765
1.70503e+09 -88.8286 -0.855412 -1.41404 0.0149428 -0.202806 0.00159726 0.979104
1.70503e+09 -89.03 -0.905706 -0.390075 0.0147378 -0.138528 0.0038843 0.990241
1.70503e+09 -89.3019 -0.973597 1.10654 0.0165589 -0.101706 0.00845966 0.994641
1.70503e+09 -89.4738 -1.02095 2.36361 0.0134302 -0.0801691 0.00532084 0.996677
1.70503e+09 -89.5963 -1.15834 4.85073 0.0324438 -0.0316172 0.00991233 0.998924
1.70503e+09 -89.5686 -1.23094 6.29633 0.022586 -0.00258612 0.00813483 0.999708
1.70503e+09 -89.5063 -1.27685 7.27693 0.0198872 0.0155911 0.00777953 0.99965
1.70503e+09 -89.4225 -1.40932 9.96662 0.0181529 0.00562486 0.0123661 0.999743
1.70503e+09 -89.3098 -1.51148 12.2056 0.0176595 0.0187421 0.0121355 0.999595
1.70503e+09 -89.35 -1.61149 14.0929 0.0198966 -0.0169373 0.0131358 0.999572
1.70503e+09 -89.3302 -1.77921 17.8141 0.0176593 0.00433973 0.0157625 0.99971
1.70503e+09 -89.355 -1.87412 19.6844 0.0183157 -0.0130574 0.0158141 0.999622
1.70503e+09 -89.389 -1.96534 21.5833 0.0195211 -0.0134917 0.0150966 0.999604
1.70503e+09 -89.4247 -2.18697 26.0497 0.0256653 -0.0115466 0.0125837 0.999525
1.70503e+09 -89.4929 -2.26649 27.8227 0.0175624 -0.0269465 0.0131274 0.999396
1.70503e+09 -89.5965 -2.49448 33.2248 0.0145606 -0.000340025 0.0138128 0.999799
1.70503e+09 -89.5312 -2.58423 35.2803 0.0170625 -0.000898452 0.0191385 0.999671
1.70503e+09 -89.6849 -2.77232 39.4838 0.013324 -0.0117346 0.0134054 0.999753
1.70503e+09 -89.5997 -2.88205 41.8533 0.017665 0.00188882 0.0195274 0.999651
1.70503e+09 -89.4686 -2.95727 43.6184 0.0175081 0.024997 0.0167099 0.999395
1.70503e+09 -89.4002 -2.99273 45.1312 0.00165709 0.0209216 0.0108711 0.999721
1.70503e+09 -89.4084 -3.08369 46.1926 0.0328928 0.00911855 0.00207007 0.999415
1.70503e+09 -89.3931 -3.15062 47.683 0.0183313 -0.00615806 0.0119298 0.999742
1.70503e+09 -89.4374 -3.23652 49.3336 0.0161048 -0.0206611 0.0143829 0.999553
1.70503e+09 -89.4616 -3.31377 50.9235 0.0179188 -0.0109764 0.015859 0.999653
1.70503e+09 -89.3712 -3.35566 52.3879 0.0144026 0.0149265 0.0166341 0.999646
1.70503e+09 -89.2007 -3.45156 54.5452 0.0182379 0.0373006 0.0180558 0.998974
1.70503e+09 -89.1124 -3.51559 55.8156 0.018359 0.0344126 0.0172721 0.99909
1.70503e+09 -89.0873 -3.68882 58.8878 0.0191953 -0.00737122 0.0153656 0.99967
1.70503e+09 -89.1729 -3.74693 60.2423 0.0130334 -0.0357248 0.0167816 0.999136
1.70503e+09 -89.2539 -3.80788 61.568 0.0132043 -0.0399401 0.016293 0.998982
1.70503e+09 -89.2735 -3.88162 63.0407 0.0165908 -0.0168498 0.01347 0.99963
1.70503e+09 -89.1932 -3.9676 64.92 0.0186612 0.00549834 0.0207911 0.999595
1.70503e+09 -89.1646 -4.06324 67.0497 0.0148984 0.00559083 0.016323 0.99974
1.70503e+09 -89.349 -4.21597 69.9621 0.0125155 -0.0477198 0.00823031 0.998748
1.70503e+09 -89.502 -4.31199 71.5532 0.0221867 -0.0489787 0.0119902 0.998481
1.70503e+09 -89.5163 -4.37654 73.1148 0.0153839 -0.0164657 0.0142577 0.999644
1.70503e+09 -89.3881 -4.45855 75.1408 0.0180573 0.0188767 0.019389 0.999471
1.70503e+09 -89.2034 -4.51859 76.6388 0.0190687 0.0465433 0.0195292 0.998543
1.70503e+09 -89.0551 -4.564 77.9045 0.0132488 0.0487351 0.0186182 0.99855
1.70503e+09 -88.9491 -4.59951 79.011 0.0123219 0.0413464 0.0193217 0.998882
1.70503e+09 -88.92 -4.63059 79.9716 0.0144165 0.0272696 0.0204661 0.999315
1.70503e+09 -88.9068 -4.66617 80.9372 0.0114972 0.015959 0.0164364 0.999671
1.70503e+09 -88.8984 -4.73317 82.0742 0.0228406 0.00474822 0.0170713 0.999582
1.70503e+09 -88.9459 -4.78283 83.0949 0.0163131 -0.0191561 0.0201385 0.999481
1.70503e+09 -89.0286 -4.84759 84.3219 0.0174543 -0.0330124 0.0212 0.999078
1.70503e+09 -89.0752 -4.9034 85.3783 0.019895 -0.0290606 0.0203297 0.999173
1.70503e+09 -89.0997 -4.95963 86.8935 0.0154119 -0.0169139 0.0221322 0.999493
1.70503e+09 -89.0807 -5.01293 88.4531 0.0126866 -0.00152514 0.0209242 0.999699
1.70503e+09 -89.1512 -5.05642 89.5815 0.0137872 -0.0212976 0.0201153 0.999476
1.70503e+09 -89.2456 -5.11288 90.6461 0.0161142 -0.0478558 0.0224253 0.998472
1.70503e+09 -89.4261 -5.18074 91.883 0.0142218 -0.0692 0.0200319 0.9973
1.70503e+09 -89.6361 -5.26324 93.2001 0.0252923 -0.0791991 0.0256982 0.996207
1.70503e+09 -89.7879 -5.32393 94.547 0.0163447 -0.0586932 0.0162536 0.99801
1.70503e+09 -89.8528 -5.38585 95.8671 0.0197095 -0.0366073 0.0143494 0.999032
1.70503e+09 -89.8563 -5.43365 96.9847 0.0185108 -0.0172765 0.0136525 0.999586
1.70503e+09 -89.8138 -5.48211 98.0525 0.0199297 0.0016105 0.0135955 0.999708
1.70503e+09 -89.7242 -5.52943 99.1159 0.0156765 0.0230951 0.0129403 0.999527
1.70503e+09 -89.5627 -5.58193 100.323 0.0164069 0.0463248 0.0165497 0.998655
1.70503e+09 -89.4168 -5.61625 101.207 0.0152728 0.0632217 0.0166012 0.997745
1.70503e+09 -89.2836 -5.64582 101.92 0.0157467 0.0775357 0.0120374 0.996793
1.70503e+09 -89.0669 -5.68523 102.952 0.0196023 0.0934246 0.0108791 0.995374
1.70503e+09 -88.9043 -5.71588 103.815 0.0177219 0.0862132 0.018083 0.995955
1.70503e+09 -88.7856 -5.74227 104.596 0.0156141 0.0750123 0.0200702 0.996858
1.70503e+09 -88.6782 -5.77753 105.438 0.0190717 0.063579 0.0197372 0.997599
1.70503e+09 -88.6059 -5.81449 106.335 0.0180181 0.0461239 0.0191064 0.99859
1.70503e+09 -88.58 -5.83592 106.994 0.0123466 0.030975 0.01763 0.999288
1.70503e+09 -88.5309 -5.8771 107.966 0.0166693 0.0233576 0.0192116 0.999404
1.70503e+09 -88.4498 -5.92817 108.986 0.0209203 0.0269096 0.0234959 0.999143
1.70503e+09 -88.4132 -5.96751 109.958 0.0181199 0.0192258 0.0205738 0.999439
1.70503e+09 -88.415 -5.99073 110.715 0.0116734 0.00256606 0.026072 0.999589
1.70503e+09 -88.4595 -6.0358 111.503 0.019395 -0.017074 0.0243649 0.999369
1.70503e+09 -88.5168 -6.09899 112.62 0.019701 -0.0236131 0.0158985 0.999401
1.70503e+09 -88.5555 -6.15216 113.825 0.0153517 -0.0225568 0.0144668 0.999523
1.70503e+09 -88.5707 -6.19957 114.921 0.0138275 -0.016931 0.0108322 0.999702
1.70503e+09 -88.5145 -6.40047 118.888 0.0176064 -0.00544297 0.0144562 0.999726
1.70503e+09 -88.516 -6.4868 120.957 0.0128042 -0.00470129 0.0149314 0.999795
1.70503e+09 -88.3579 -6.69193 125.818 0.0174464 0.0217326 0.0138569 0.999516
1.70503e+09 -88.1261 -6.80324 128.276 0.0188824 0.0380449 0.0138108 0.999002
1.70503e+09 -88.0696 -6.88918 130.138 0.0136125 0.00722786 0.0120888 0.999808
1.70503e+09 -88.2072 -7.04209 133.675 0.0155344 -0.0240311 0.0115476 0.999524
1.70503e+09 -88.1992 -7.08328 135.233 0.00457911 -0.0110947 0.0142456 0.999826
1.70503e+09 -88.1988 -7.13109 136.168 0.0150795 -0.0100034 0.0142991 0.999734
1.70503e+09 -88.1995 -7.18152 137.338 0.0140909 -0.00676268 0.0103805 0.999824
1.70503e+09 -88.2329 -7.25571 138.954 0.0122595 -0.0163457 0.0106484 0.999735
1.70503e+09 -88.2757 -7.32295 140.511 0.0142974 -0.0192303 0.0115481 0.999646
1.70503e+09 -88.2422 -7.36441 141.577 0.0145579 0.000146307 0.0140133 0.999796
1.70503e+09 -88.1785 -7.39837 142.45 0.0133965 0.0183567 0.0125981 0.999662
1.70503e+09 -87.981 -7.46765 144.105 0.0160653 0.0492533 0.0085166 0.998621
1.70503e+09 -87.8603 -7.50758 144.811 0.0184335 0.063644 0.00887808 0.997763
1.70503e+09 -87.6827 -7.54676 145.635 0.0190342 0.0802128 0.0112744 0.996532
1.70503e+09 -87.191 -7.61654 147.549 0.0157588 0.117425 0.00966596 0.99291
1.70503e+09 -86.9504 -7.65917 148.271 0.0236665 0.130676 0.0131665 0.991055
1.70503e+09 -86.6797 -7.7407 149.017 0.049567 0.14381 0.0164749 0.988226
1.70503e+09 -86.3855 -7.81273 149.879 0.0397545 0.16152 0.00963555 0.986021
1.70503e+09 -86.055 -7.89429 150.712 0.0428213 0.182343 0.00903738 0.982261
1.70503e+09 -85.3583 -8.00798 151.938 0.0395107 0.246681 0.0130921 0.968203
1.70503e+09 -84.9677 -8.05413 152.465 0.0378977 0.280841 0.0141648 0.958901
1.70503e+09 -84.1866 -8.13054 153.284 0.038912 0.341001 0.0173609 0.939097
1.70503e+09 -83.7909 -8.15946 153.618 0.0406463 0.367717 0.0263653 0.928675
1.70503e+09 -83.3904 -8.19062 153.947 0.0384868 0.395098 0.0248659 0.917495
1.70503e+09 -82.9921 -8.21995 154.222 0.0416137 0.421204 0.0249572 0.905667
1.70503e+09 -82.5672 -8.24612 154.49 0.03933 0.446482 0.0252084 0.893573
1.70503e+09 -82.0954 -8.28376 154.716 0.047336 0.477878 0.0255298 0.876778
1.70503e+09 -81.7221 -8.30664 154.868 0.0464004 0.506426 0.0201609 0.860798
1.70503e+09 -81.3276 -8.32546 154.98 0.0436752 0.533752 0.0238613 0.844176
1.70503e+09 -80.5731 -8.34981 155.09 0.0344589 0.586526 0.0260795 0.808777
1.70503e+09 -79.6109 -8.36512 155.21 0.0329498 0.626984 0.0335928 0.777609
1.70503e+09 -78.9765 -8.37319 155.283 0.0321202 0.641912 0.0349768 0.765306
1.70503e+09 -77.6127 -8.40427 155.367 0.0388762 0.670475 0.0310199 0.740263
1.70503e+09 -76.2725 -8.441 155.401 0.037865 0.688128 0.0295996 0.723996
1.70503e+09 -74.4957 -8.48476 155.389 0.0377407 0.708412 0.0218187 0.704451
1.70503e+09 -73.5923 -8.48986 155.32 0.0334602 0.720006 0.0328725 0.692381
1.70503e+09 -72.7063 -8.50566 155.23 0.033544 0.732857 0.0288361 0.678943
1.70503e+09 -71.7787 -8.51489 155.127 0.0308249 0.738967 0.0291961 0.672402
1.70503e+09 -68.9294 -8.55506 154.931 0.0331437 0.726652 0.0272038 0.685666
1.70503e+09 -63.551 -8.6006 154.723 0.0286047 0.70661 0.0271494 0.706504
1.70503e+09 -57.5565 -8.68592 154.86 0.0272736 0.694664 0.0243145 0.718406
1.70503e+09 -55.2543 -8.71721 154.862 0.0270905 0.702532 0.0249236 0.710699
1.70503e+09 -52.9559 -8.7362 154.747 0.027181 0.717283 0.0277384 0.695699
1.70503e+09 -48.8375 -8.77395 154.646 0.0302015 0.703122 0.0352898 0.709551
1.70503e+09 -47.0444 -8.78268 154.82 0.0267855 0.668749 0.0377472 0.742046
1.70503e+09 -43.103 -8.84061 155.431 0.0250039 0.644663 0.0314587 0.76341
1.70503e+09 -41.694 -8.8801 155.629 0.0358794 0.645894 0.0285268 0.76205
1.70503e+09 -40.0977 -8.92339 155.867 0.0314424 0.648081 0.0261724 0.760472
1.70503e+09 -38.1099 -8.95808 156.143 0.030984 0.648824 0.0322453 0.759623
1.70503e+09 -36.1486 -9.01231 156.417 0.0332381 0.650405 0.0250602 0.758446
1.70503e+09 -29.6461 -9.11752 157.241 0.0322417 0.659122 0.0296447 0.750759
1.70503e+09 -24.7656 -9.20608 158.121 0.0253726 0.616439 0.0337512 0.78627
1.70503e+09 -22.9835 -9.25796 158.578 0.0316274 0.604399 0.0272207 0.795588
1.70503e+09 -21.5064 -9.29855 158.973 0.0330551 0.599762 0.0291587 0.798964
1.70503e+09 -19.8331 -9.33293 159.45 0.0310577 0.594115 0.0311825 0.803175
1.70503e+09 -18.4704 -9.36192 159.855 0.0295601 0.590199 0.0320108 0.806081
1.70503e+09 -17.1202 -9.38761 160.225 0.0279467 0.597713 0.0292992 0.800687
1.70503e+09 -16.2694 -9.41449 160.423 0.0283515 0.610851 0.0259475 0.790812
1.70503e+09 -14.9387 -9.4417 160.676 0.0251346 0.628315 0.0331273 0.776847
1.70503e+09 -13.4477 -9.46038 160.893 0.026404 0.646492 0.0318563 0.761798
1.70503e+09 -11.9861 -9.47721 161.047 0.0305341 0.659857 0.0319848 0.750089
1.70503e+09 -10.741 -9.47765 161.251 0.0270953 0.648465 0.0359302 0.759913
1.70503e+09 -9.73789 -9.49124 161.487 0.0297451 0.628288 0.0348572 0.77663
1.70503e+09 -8.95014 -9.50601 161.702 0.029188 0.613403 0.0309706 0.788623
1.70503e+09 -7.80913 -9.52688 162.038 0.0288658 0.596688 0.0305394 0.801372
1.70503e+09 -6.99201 -9.54168 162.302 0.0287246 0.586124 0.0300609 0.809154
1.70503e+09 -6.08036 -9.54835 162.626 0.0243211 0.574113 0.030619 0.817842
1.70503e+09 -5.13004 -9.55699 162.966 0.0240719 0.566884 0.0293049 0.822924
1.70503e+09 -4.15347 -9.56832 163.304 0.0254715 0.562504 0.0305469 0.825837
1.70503e+09 -3.25179 -9.58836 163.625 0.0252137 0.561655 0.0265067 0.826563
1.70503e+09 -2.29694 -9.6013 163.963 0.0230387 0.56491 0.0288324 0.824327
1.70503e+09 -1.43953 -9.6226 164.247 0.0270694 0.573233 0.0237088 0.818602
1.70503e+09 -0.596787 -9.63001 164.506 0.0224781 0.581584 0.0251533 0.812786
1.70503e+09 0.340605 -9.6464 164.775 0.0255866 0.590225 0.0239862 0.806476
1.70503e+09 1.29565 -9.65684 165.031 0.0252452 0.59794 0.02597 0.800722
1.70503e+09 2.11375 -9.66547 165.227 0.0242241 0.607718 0.0285562 0.793269
1.70503e+09 3.82203 -9.70413 165.598 0.0253442 0.620564 0.0259692 0.783315
1.70503e+09 4.43501 -9.71644 165.746 0.0238349 0.616127 0.0288118 0.786759
1.70503e+09 5.04355 -9.72952 165.907 0.0270766 0.609494 0.0307051 0.791733
1.70503e+09 5.73779 -9.7434 166.108 0.0292396 0.602708 0.0293568 0.796885
1.70503e+09 6.45156 -9.74608 166.322 0.0258197 0.595894 0.0339516 0.801929
1.70503e+09 7.11042 -9.75903 166.537 0.0277163 0.589997 0.0316718 0.806308
1.70503e+09 7.79034 -9.76752 166.772 0.0251275 0.584289 0.0311537 0.810558
1.70503e+09 8.65942 -9.78131 167.071 0.0277218 0.578985 0.0294408 0.814334
1.70503e+09 9.39463 -9.79292 167.313 0.027345 0.579593 0.0305629 0.813874
1.70503e+09 10.0181 -9.80145 167.511 0.0279909 0.58211 0.0314053 0.812021
1.70503e+09 10.7214 -9.81011 167.73 0.0262319 0.585735 0.0325508 0.809424
1.70503e+09 11.5165 -9.82592 167.97 0.0254505 0.590615 0.0308093 0.805963
1.70503e+09 12.4209 -9.84621 168.22 0.0313856 0.594998 0.0309877 0.802516
1.70503e+09 13.5581 -9.86022 168.523 0.0305964 0.599593 0.0340388 0.798995
1.70503e+09 14.6485 -9.87938 168.818 0.0256596 0.603257 0.0319663 0.796493
1.70503e+09 15.7962 -9.90657 169.154 0.0271924 0.595722 0.0294588 0.80219
1.70503e+09 16.8307 -9.92484 169.509 0.0256578 0.579822 0.0319299 0.813713
1.70503e+09 18.0053 -9.95285 169.956 0.0265282 0.564201 0.0315909 0.824607
1.70503e+09 19.3228 -9.9824 170.452 0.0316415 0.558224 0.0316252 0.828484
1.70503e+09 20.899 -10.0072 171.019 0.0312699 0.56021 0.0369772 0.826934
1.70503e+09 21.9328 -10.0321 171.385 0.0328722 0.564784 0.0349365 0.823843
1.70503e+09 23.3336 -10.0454 171.855 0.0255472 0.572692 0.0310341 0.818785
1.70503e+09 24.917 -10.0707 172.351 0.0258843 0.578328 0.0292247 0.81487
1.70503e+09 26.4934 -10.094 172.847 0.0232639 0.580511 0.0323847 0.813275
1.70503e+09 27.8022 -10.1154 173.251 0.0237602 0.582284 0.0363129 0.811826
1.70503e+09 29.4605 -10.1366 173.769 0.0247555 0.584227 0.0343868 0.810483
1.70503e+09 30.6837 -10.1521 174.153 0.0254126 0.58403 0.0322129 0.810695
1.70503e+09 31.646 -10.1688 174.467 0.0232743 0.58384 0.0305039 0.810962
1.70503e+09 33.3658 -10.1949 175.046 0.0214363 0.581318 0.0285858 0.812892
1.70503e+09 38.6258 -10.2806 176.732 0.0205499 0.591198 0.0319968 0.80563
1.70503e+09 41.3781 -10.3356 177.452 0.0245847 0.608715 0.0277339 0.792523
1.70503e+09 44.0708 -10.3823 178.108 0.0243827 0.610862 0.0310437 0.790753
1.70503e+09 45.8097 -10.4137 178.566 0.0225488 0.606389 0.0260808 0.79442
1.70503e+09 47.437 -10.4394 179.054 0.021964 0.591941 0.0262159 0.805255
1.70503e+09 50.8673 -10.5014 180.269 0.0259479 0.560443 0.0277324 0.827322
1.70503e+09 52.5922 -10.5392 180.989 0.0284375 0.544745 0.0282227 0.837644
1.70503e+09 54.3366 -10.5753 181.697 0.0246317 0.551312 0.0305156 0.833377
1.70503e+09 56.5024 -10.6248 182.47 0.028314 0.5673 0.0287069 0.822524
1.70503e+09 58.1788 -10.6519 183.008 0.0265982 0.579272 0.0306859 0.814122
1.70503e+09 60.0573 -10.6891 183.567 0.0263525 0.590774 0.029826 0.805855
1.70503e+09 62.646 -10.7228 184.262 0.0248359 0.602974 0.032247 0.796722
1.70503e+09 64.8949 -10.753 184.895 0.025153 0.597718 0.0321102 0.800668
1.70503e+09 67.3299 -10.7928 185.635 0.0223834 0.590029 0.0293778 0.806537
1.70503e+09 69.2202 -10.8317 186.267 0.0235761 0.578569 0.0254177 0.814896
1.70503e+09 71.6218 -10.8785 187.089 0.0213591 0.57469 0.0266735 0.817658
1.70503e+09 73.4437 -10.9065 187.668 0.024064 0.579134 0.0301609 0.814319
1.70503e+09 75.683 -10.9501 188.383 0.0243646 0.58492 0.025513 0.810323
1.70503e+09 78.916 -11.006 189.397 0.0225488 0.584598 0.0274425 0.810545
1.70503e+09 80.5329 -11.0347 190.015 0.0226089 0.561071 0.0272628 0.82701
1.70503e+09 82.2455 -11.0785 190.76 0.0220215 0.546362 0.0262072 0.836849
1.70503e+09 83.4592 -11.1053 191.268 0.0232735 0.547991 0.0255266 0.835771
1.70503e+09 84.9274 -11.1394 191.871 0.0234343 0.547015 0.0299524 0.836258
1.70503e+09 86.2372 -11.1695 192.421 0.0239003 0.545252 0.0293272 0.837418
1.70503e+09 87.476 -11.2028 192.931 0.0221345 0.550706 0.0273773 0.833956
1.70503e+09 89.1197 -11.2425 193.471 0.0274146 0.574994 0.0283621 0.817206
1.70503e+09 90.8006 -11.2623 193.931 0.0218881 0.598141 0.032771 0.800421
1.70503e+09 93.3897 -11.3145 194.615 0.0255309 0.602783 0.0316003 0.79687
1.70503e+09 95.3081 -11.3382 195.18 0.0250317 0.590927 0.0322382 0.805692
1.70503e+09 97.3053 -11.3724 195.904 0.0265045 0.569644 0.0288215 0.820958
1.70503e+09 99.1192 -11.4113 196.488 0.0236125 0.582625 0.0277243 0.811924
1.70503e+09 100.878 -11.451 197.002 0.0220328 0.594377 0.0265156 0.803447
1.70503e+09 103.096 -11.4917 197.57 0.0271144 0.607332 0.0295829 0.793434
1.70503e+09 106.308 -11.5139 198.503 0.0248741 0.593659 0.0305216 0.803753
1.70503e+09 107.701 -11.5267 198.902 0.0232519 0.59633 0.031326 0.801791
1.70503e+09 110.418 -11.5657 199.653 0.0224969 0.60217 0.0293923 0.797509
1.70503e+09 112.192 -11.5983 200.115 0.0251503 0.607663 0.0267748 0.793345
1.70503e+09 115.697 -11.6495 200.902 0.0223977 0.622372 0.0289435 0.781866
1.70503e+09 117.649 -11.6668 201.336 0.0230999 0.62478 0.0314504 0.779825
1.70503e+09 118.958 -11.6734 201.542 0.0256064 0.643263 0.0346899 0.76443
1.70503e+09 120.197 -11.6742 201.65 0.0223688 0.676057 0.0337166 0.735737
1.70503e+09 121.088 -11.6797 201.623 0.0235354 0.713147 0.0341348 0.699788
1.70503e+09 122.636 -11.6995 201.376 0.0182199 0.77817 0.0272505 0.627198
1.70503e+09 123.362 -11.6661 201.116 0.0173754 0.809224 0.0261844 0.586659
1.70503e+09 124.001 -11.628 200.8 0.0249793 0.835001 0.0296535 0.548881
1.70503e+09 125.533 -11.4652 199.7 0.0199369 0.892758 0.0311162 0.449019
1.70503e+09 126.212 -11.3338 198.965 0.0135067 0.918352 0.038882 0.393618
1.70503e+09 127.162 -11.0165 197.61 0.0134652 0.950447 0.0724746 0.30202
1.70503e+09 127.663 -10.7522 196.399 0.0138431 0.969297 0.0907804 0.228102
1.70503e+09 127.747 -10.6652 195.897 0.00934193 0.976418 0.0914335 0.195348
1.70503e+09 127.952 -10.4294 194.586 -0.00369482 0.987792 0.0975658 0.121384
1.70503e+09 127.994 -10.3269 193.992 -0.0138461 0.99113 0.094491 0.0924156
1.70503e+09 128.038 -10.1007 192.615 -0.0161021 0.994174 0.0918763 0.054005
1.70503e+09 128.002 -10.0545 191.933 0.00115469 0.997432 0.0596445 0.0396196
1.70503e+09 127.961 -10.0683 191.284 0.0110183 0.999453 0.0146793 0.0274943
1.70503e+09 127.841 -10.0402 189.43 0.0185569 0.999666 0.0166402 -0.00686171
1.70503e+09 127.83 -10.0155 188.004 0.0149981 0.999576 0.0173418 0.0179476
1.70503e+09 127.836 -10.0073 187.336 0.0132271 0.999284 0.0157259 0.0317708
1.70503e+09 127.84 -9.99396 186.521 0.012795 0.999479 0.0154901 0.0252503
1.70503e+09 127.769 -9.96483 185.013 0.0151202 0.999749 0.0164064 -0.00204242
1.70503e+09 127.648 -9.93722 183.76 0.0170321 0.999524 0.0175419 -0.0187895
1.70503e+09 127.513 -9.92005 182.673 0.0161755 0.99921 0.018024 -0.0315149
1.70503e+09 127.426 -9.91371 182.09 0.0154268 0.999022 0.0147228 -0.0387426
1.70503e+09 127.324 -9.90923 181.495 0.0168082 0.998753 0.0129331 -0.0452001
1.70503e+09 127.043 -9.87749 179.953 0.0174238 0.99781 0.0189179 -0.0609432
1.70503e+09 126.884 -9.87147 179.115 0.0166448 0.997641 0.0131474 -0.0652821
1.70503e+09 126.565 -9.84352 177.516 0.0210382 0.997094 0.0135532 -0.071956
1.70503e+09 126.4 -9.8265 176.673 0.0176591 0.996841 0.0155973 -0.075848
1.70503e+09 125.938 -9.77845 174.574 0.0174454 0.995436 0.0154556 -0.0925376
1.70503e+09 125.371 -9.73484 172.732 0.0175156 0.990849 0.0196415 -0.132386
1.70503e+09 125.062 -9.72812 172.097 0.0131065 0.985007 0.0139177 -0.171449
1.70503e+09 124.734 -9.73985 171.542 -0.00114848 0.977142 0.00472115 -0.212533
1.70503e+09 124.402 -9.73038 170.977 -0.0146524 0.971093 0.018039 -0.237569
1.70503e+09 124.043 -9.73001 170.459 -0.00340797 0.967657 0.013304 -0.251894
1.70503e+09 123.716 -9.71918 169.9 0.0108315 0.97057 0.00921073 -0.240401
1.70503e+09 123.512 -9.71238 169.408 0.0136277 0.976561 0.0112219 -0.214516
1.70503e+09 123.246 -9.69724 168.552 0.015207 0.986193 0.0157826 -0.164141
1.70503e+09 123.119 -9.68959 168.117 0.0186138 0.989059 0.0145667 -0.145614
1.70503e+09 122.991 -9.68216 167.691 0.019049 0.990392 0.0158318 -0.136054
1.70503e+09 122.847 -9.67702 167.222 0.0211969 0.991484 0.0135253 -0.127777
1.70503e+09 122.704 -9.66732 166.723 0.0209286 0.992607 0.0151875 -0.11859
1.70503e+09 122.561 -9.66234 166.185 0.0225296 0.994062 0.0112358 -0.105866
1.70503e+09 122.377 -9.64095 165.441 0.0226129 0.994616 0.0184609 -0.0994333
1.70503e+09 121.967 -9.59063 163.903 0.0236862 0.993786 0.02435 -0.105998
1.70503e+09 121.771 -9.57554 163.213 0.0191109 0.993368 0.0186026 -0.111841
1.70503e+09 121.508 -9.53643 162.324 0.0173359 0.992489 0.0261892 -0.118233
1.70503e+09 121.248 -9.51044 161.474 0.0135647 0.991879 0.0221728 -0.124504
1.70503e+09 121.004 -9.48477 160.625 0.01167 0.992495 0.0222345 -0.11968
1.70503e+09 120.84 -9.47337 159.985 0.0102155 0.993937 0.0180367 -0.107979
1.70503e+09 120.663 -9.44642 159.174 0.0116355 0.995451 0.0223065 -0.0918893
1.70503e+09 120.488 -9.42682 158.337 0.0102175 0.99629 0.0185133 -0.0834168
1.70503e+09 120.303 -9.40486 157.493 0.0133802 0.996726 0.0175185 -0.0777955
1.70503e+09 119.878 -9.34739 155.534 0.0123194 0.996242 0.0171607 -0.0840024
1.70503e+09 119.632 -9.31914 154.502 0.0130797 0.995583 0.0186559 -0.091075
1.70503e+09 119.357 -9.28519 153.368 0.0146339 0.995256 0.0194446 -0.0941949
1.70503e+09 118.982 -9.25041 151.574 0.0165338 0.995621 0.0165586 -0.0905093
1.70503e+09 118.649 -9.21322 150.158 0.0156815 0.994639 0.0182683 -0.100566
1.70503e+09 118.306 -9.18024 148.875 0.016998 0.993305 0.0191217 -0.112653
1.70503e+09 117.926 -9.14889 147.6 0.0167194 0.99145 0.0187787 -0.128043
1.70503e+09 117.513 -9.11391 146.35 0.0145468 0.989138 0.0186755 -0.145069
1.70503e+09 117.101 -9.08509 145.178 0.015035 0.987858 0.0166034 -0.153737
1.70503e+09 116.814 -9.04932 144.048 0.0165405 0.992309 0.0182853 -0.121302
1.70503e+09 116.65 -9.01993 143.045 0.0173766 0.995937 0.0183684 -0.0864253
1.70503e+09 116.558 -8.99142 142.217 0.016096 0.997687 0.0210398 -0.0625947
1.70503e+09 116.453 -8.96826 141.306 0.0164408 0.998317 0.017541 -0.0527663
1.70503e+09 116.319 -8.94693 140.396 0.0192804 0.998014 0.0153861 -0.0579655
1.70503e+09 116.125 -8.91235 139.235 0.0158626 0.997159 0.0214092 -0.0704604
1.70503e+09 115.646 -8.84249 136.698 0.0162419 0.996615 0.0187441 -0.0783822
1.70503e+09 115.287 -8.78479 133.678 0.0158343 0.998622 0.0127474 -0.0483913
1.70503e+09 115.049 -8.6863 130.449 0.0187861 0.999192 0.0211712 -0.0285439
1.70503e+09 114.997 -8.66236 129.659 0.0149611 0.999203 0.0237148 -0.0284261
1.70503e+09 114.935 -8.64699 128.92 0.015958 0.999214 0.0205437 -0.029897
1.70503e+09 114.838 -8.62457 127.686 0.0136419 0.999266 0.0166588 -0.0316815
1.70503e+09 114.706 -8.59652 126.227 0.015298 0.99913 0.0180407 -0.0343567
1.70503e+09 114.092 -8.43346 119.693 0.0130127 0.99878 0.0183361 -0.0439725
1.70503e+09 113.953 -8.36173 117.12 0.0126496 0.999567 0.022234 -0.0145451
1.70503e+09 113.991 -8.32885 115.757 0.0124388 0.9997 0.0179403 0.0111014
1.70503e+09 113.958 -8.29096 114.623 0.0109565 0.999702 0.0214982 -0.00365362
1.70503e+09 113.855 -8.26264 113.44 0.013054 0.999396 0.0197899 -0.0254257
1.70503e+09 113.79 -8.23766 112.463 0.0122363 0.999424 0.0193494 -0.0250496
1.70503e+09 113.733 -8.17619 110.241 0.0161807 0.999651 0.0198925 -0.00641387
1.70503e+09 113.732 -8.14988 109.099 0.0167638 0.999691 0.0181838 0.00264355
1.70503e+09 113.759 -8.12352 107.885 0.0133978 0.999715 0.016935 0.0101682
1.70503e+09 113.785 -8.10618 107.118 0.0120559 0.999655 0.0172237 0.0157488
1.70503e+09 113.818 -8.08109 105.899 0.0146101 0.99964 0.0128943 0.0184565
1.70503e+09 113.8 -8.05286 104.939 0.0147689 0.9997 0.0186669 0.0058567
1.70503e+09 113.759 -8.02966 104.089 0.0141378 0.999672 0.0201599 -0.00707475
1.70503e+09 113.691 -8.00917 103.208 0.011555 0.999505 0.0192732 -0.0220313
1.70503e+09 113.62 -7.99625 102.391 0.0115164 0.999387 0.0182179 -0.0275999
1.70503e+09 113.613 -7.97703 101.637 0.0132653 0.999637 0.0215251 -0.00926951
1.70503e+09 113.683 -7.96458 100.979 0.0140206 0.999326 0.0218174 0.0259914
1.70503e+09 113.808 -7.96239 100.42 0.0129595 0.997945 0.0159789 0.0606884
1.70503e+09 113.986 -7.9467 99.7956 0.0132895 0.995033 0.0194146 0.096722
1.70503e+09 114.203 -7.92405 99.1546 0.0133869 0.991308 0.02179 0.129053
1.70503e+09 114.423 -7.90235 98.5467 0.0118093 0.987583 0.0219141 0.155113
1.70503e+09 114.607 -7.88644 98.07 0.0119116 0.984393 0.018006 0.174654
1.70503e+09 115.048 -7.84072 96.5953 0.0111018 0.987187 0.0191864 0.158022
1.70503e+09 115.599 -7.80945 95.0141 0.0122152 0.981939 0.0145875 0.188239
1.70503e+09 116.177 -7.78155 94.0562 0.0116356 0.968259 0.0205583 0.248831
1.70503e+09 116.586 -7.77425 93.5294 0.0119984 0.957713 0.0198528 0.286789
1.70503e+09 117.032 -7.77035 93.0545 0.0122815 0.945783 0.0179869 0.324068
1.70503e+09 117.934 -7.76715 92.3008 0.0140372 0.919256 0.0180017 0.392998
1.70503e+09 118.44 -7.75868 91.9642 0.012679 0.904545 0.0189387 0.425768
1.70503e+09 118.881 -7.7517 91.6937 0.0101821 0.894331 0.018696 0.446898
1.70503e+09 119.981 -7.74679 91.0722 0.0113923 0.872808 0.0155539 0.487683
1.70503e+09 120.44 -7.74812 90.8521 0.0129239 0.863314 0.0164454 0.504234
1.70503e+09 120.917 -7.74728 90.6489 0.0108794 0.854291 0.0187153 0.519343
1.70503e+09 121.297 -7.75233 90.4963 0.0133194 0.847402 0.0189155 0.530448
1.70503e+09 122.356 -7.76489 90.1248 0.0130105 0.828687 0.0163975 0.559321
1.70503e+09 122.842 -7.76811 89.9778 0.0127325 0.820242 0.0165168 0.571636
1.70503e+09 123.941 -7.77432 89.7094 0.00785191 0.801222 0.0171652 0.598069
1.70503e+09 124.631 -7.77948 89.5642 0.00921496 0.788905 0.0156482 0.614247
1.70503e+09 125.287 -7.79191 89.4596 0.0104839 0.777456 0.00981503 0.628773
1.70503e+09 126.663 -7.79805 89.2154 0.00958961 0.768303 0.0152481 0.639832
1.70503e+09 127.245 -7.80893 89.1344 0.0159235 0.765262 0.0141736 0.643366
1.70503e+09 127.589 -7.7895 89.085 0.0200909 0.763982 0.0169501 0.644702
1.70503e+09 128.675 -7.77491 88.7942 0.0190601 0.780073 0.01752 0.625153
1.70503e+09 130.738 -7.74065 88.1959 0.0151748 0.793525 0.0203847 0.608007
1.70503e+09 133.15 -7.73038 87.829 0.0190845 0.752504 0.017492 0.658079
1.70503e+09 134.571 -7.73982 87.7265 0.0202283 0.740916 0.0192245 0.671017
1.70503e+09 139.316 -7.79969 86.9425 0.0208943 0.760055 0.01714 0.649296
1.70503e+09 143.382 -7.86074 86.4713 0.0250329 0.725801 0.0146075 0.687294
1.70503e+09 144.832 -7.87579 86.4139 0.0221753 0.720358 0.0194833 0.692974
1.70503e+09 147.789 -7.88703 86.2038 0.0209087 0.724202 0.0188481 0.689013
1.70503e+09 148.832 -7.88826 86.0926 0.0187398 0.726216 0.0159114 0.687027
1.70503e+09 150.242 -7.91902 85.9578 0.0205057 0.729053 0.0142202 0.684003
1.70503e+09 151.335 -7.94328 85.8426 0.0195156 0.731508 0.012349 0.681442
1.70503e+09 152.165 -7.97068 85.7703 0.0195092 0.735273 0.00922067 0.677428
1.70503e+09 153.125 -8.00208 85.7112 0.0192301 0.737156 0.0166956 0.675242
1.70503e+09 153.957 -8.006 85.6423 0.0211555 0.737541 0.0110866 0.67488
1.70503e+09 154.97 -8.06815 85.5854 0.0224053 0.7366 0.0155016 0.67578
1.70503e+09 155.966 -8.10671 85.4951 0.0241118 0.738087 0.0128602 0.674152
1.70503e+09 156.856 -8.11488 85.4228 0.0239574 0.739552 0.0190391 0.672403
1.70503e+09 157.853 -8.12892 85.349 0.0241554 0.740278 0.0154884 0.671688
1.70503e+09 159.673 -8.18004 85.2172 0.0254202 0.730944 0.0145844 0.681808
1.70503e+09 160.622 -8.2138 85.1414 0.0237651 0.725573 0.0176918 0.687507
1.70503e+09 161.459 -8.25413 85.1006 0.0276134 0.718333 0.0145433 0.694999
1.70503e+09 162.259 -8.26563 85.0784 0.0240728 0.711066 0.0153453 0.702545
1.70503e+09 162.948 -8.28153 85.0657 0.0227458 0.707211 0.0132122 0.706513
1.70503e+09 163.728 -8.29549 85.0622 0.0192292 0.70777 0.015209 0.706017
1.70503e+09 164.485 -8.31341 85.047 0.0205013 0.709813 0.0163377 0.703902
