1.70513e+09 84.1448 -7.95244 111.084 0.0103702 0.72323 0.0302384 0.689866
1.70513e+09 84.1562 -7.95429 111.084 0.0107082 0.723129 0.0295279 0.689998
1.70513e+09 84.4494 -7.96235 111.097 0.0104254 0.712201 0.0312098 0.701204
1.70513e+09 85.3498 -7.99273 111.149 0.0140325 0.692137 0.0273315 0.721111
1.70513e+09 85.9253 -8.00255 111.191 0.0104927 0.683231 0.0321027 0.72942
1.70513e+09 87.2918 -8.04891 111.302 0.0137948 0.672601 0.0265348 0.739401
1.70513e+09 88.4136 -8.08775 111.388 0.0136614 0.672265 0.0255255 0.739744
1.70513e+09 91.243 -8.14904 111.267 0.0127934 0.720732 0.0296548 0.692461
1.70513e+09 92.4389 -8.18179 111.137 0.0136005 0.732815 0.0292913 0.679661
1.70513e+09 94.4743 -8.22631 110.835 0.0119403 0.748643 0.0305015 0.662163
1.70513e+09 95.8251 -8.208 110.615 0.00104103 0.755431 0.0415617 0.653908
1.70513e+09 96.5136 -8.21271 110.501 0.00448766 0.758583 0.0367386 0.650525
1.70513e+09 97.3677 -8.20558 110.339 0.00291035 0.760496 0.0411931 0.648029
1.70513e+09 98.829 -8.2057 110.073 0.00790052 0.760431 0.0417633 0.648026
1.70513e+09 100.056 -8.20842 109.856 0.00810809 0.760532 0.039302 0.648059
1.70513e+09 101.376 -8.21059 109.571 0.00654428 0.7696 0.0423213 0.637089
1.70513e+09 102.142 -8.21967 109.367 0.011106 0.779191 0.0376913 0.625554
1.70513e+09 103.77 -8.21863 108.856 0.0107876 0.797808 0.0428269 0.601291
1.70513e+09 104.48 -8.21959 108.59 0.0143316 0.806758 0.042384 0.589186
1.70513e+09 105.146 -8.21688 108.32 0.0161923 0.814915 0.0443583 0.577654
1.70513e+09 105.675 -8.21644 108.071 0.015673 0.826222 0.0434215 0.56145
1.70513e+09 106.183 -8.20604 107.787 0.0133096 0.840684 0.0454099 0.539455
1.70513e+09 106.569 -8.19601 107.514 0.0109463 0.855568 0.0482889 0.515318
1.70513e+09 107.047 -8.18705 107.145 0.011712 0.874385 0.0441068 0.483082
1.70513e+09 107.758 -8.16107 106.443 0.0139222 0.902897 0.0463587 0.427122
1.70513e+09 108.063 -8.15309 106.069 0.0151841 0.91625 0.0439613 0.397897
1.70513e+09 108.35 -8.14048 105.714 0.0163764 0.926735 0.0471468 0.372387
1.70513e+09 108.881 -8.11715 104.872 0.0190422 0.948689 0.0481759 0.31194
1.70513e+09 109.125 -8.10348 104.343 0.0207052 0.959863 0.0485505 0.275458
1.70513e+09 109.319 -8.08742 103.874 0.0206382 0.968096 0.0474769 0.245173
1.70513e+09 109.556 -8.06777 103.311 0.0171821 0.974856 0.0494941 0.216587
1.70513e+09 109.761 -8.0478 102.741 0.0180425 0.97945 0.0476979 0.195134
1.70513e+09 110.115 -7.98499 101.502 0.0194333 0.984822 0.0513254 0.164664
1.70513e+09 110.207 -7.94583 100.887 0.0197005 0.986236 0.0514625 0.155891
1.70513e+09 111.285 -7.79062 97.5347 0.0188227 0.979465 0.051111 0.194116
1.70513e+09 111.467 -7.76751 97.1793 0.0178992 0.971711 0.0510677 0.229889
1.70513e+09 112.13 -7.71145 96.3925 0.0152111 0.94785 0.0503098 0.314354
1.70513e+09 112.566 -7.68479 95.8919 0.0180787 0.93725 0.0475249 0.344931
1.70513e+09 113.475 -7.64151 94.7991 0.0192319 0.935229 0.0451706 0.350622
1.70513e+09 113.827 -7.62602 94.3269 0.0207656 0.936803 0.0399878 0.346944
1.70513e+09 114.197 -7.6004 93.8352 0.0182381 0.937533 0.0471116 0.344209
1.70513e+09 115.12 -7.55633 92.8609 0.0169016 0.925096 0.0431577 0.376893
1.70513e+09 115.661 -7.53062 92.3744 0.017558 0.914832 0.0430001 0.401156
1.70513e+09 116.149 -7.51823 91.9828 0.0191582 0.905293 0.0408957 0.422381
1.70513e+09 116.581 -7.51388 91.6719 0.0195666 0.896577 0.0403673 0.44061
1.70513e+09 117.457 -7.50516 91.1854 0.0177002 0.879667 0.0392264 0.47364
1.70513e+09 117.927 -7.49414 90.9459 0.0172394 0.869592 0.0412335 0.491744
1.70513e+09 118.269 -7.49187 90.7905 0.0178057 0.862564 0.0374297 0.504247
1.70513e+09 118.841 -7.49381 90.5752 0.0182651 0.850522 0.0389539 0.524176
1.70513e+09 120.36 -7.49976 89.9688 0.016102 0.830121 0.0377643 0.55607
1.70513e+09 121.009 -7.50638 89.7562 0.0174879 0.82182 0.0346611 0.568424
1.70513e+09 122.761 -7.5173 89.202 0.0160956 0.801651 0.0348212 0.59656
1.70513e+09 123.588 -7.52571 88.9708 0.0150258 0.792555 0.0334349 0.608698
1.70513e+09 125.157 -7.55697 88.5866 0.0167481 0.776605 0.0343241 0.62883
1.70513e+09 125.906 -7.57239 88.4404 0.0205054 0.77085 0.03259 0.635852
1.70513e+09 126.601 -7.58577 88.3542 0.0176731 0.766139 0.0320889 0.64163
1.70513e+09 128.908 -7.63122 88.0828 0.0160029 0.748744 0.0317346 0.661906
1.70513e+09 130.275 -7.67141 87.9743 0.0129444 0.736852 0.0356676 0.674989
1.70513e+09 131.313 -7.69796 87.8498 0.0155996 0.727317 0.0306705 0.685439
1.70513e+09 132.927 -7.73565 87.7168 0.0130986 0.722676 0.0335226 0.69025
1.70513e+09 133.925 -7.75588 87.6426 0.0116018 0.720312 0.0331486 0.69276
1.70513e+09 135.672 -7.79866 87.5284 0.0106954 0.719574 0.0351056 0.693445
1.70513e+09 138.496 -7.87911 87.3355 0.0111584 0.722235 0.0322666 0.690804
1.70513e+09 139.501 -7.90248 87.2843 0.0109546 0.730476 0.0349176 0.681957
1.70513e+09 143.03 -7.98615 86.8579 0.0131305 0.736394 0.0354639 0.675496
1.70513e+09 144.204 -7.99358 86.7418 0.0100349 0.734654 0.0370654 0.677355
1.70513e+09 146.449 -8.02489 86.4828 0.0142256 0.736201 0.0347044 0.675723
1.70513e+09 147.506 -8.01699 86.3538 0.012244 0.736358 0.0342209 0.675615
1.70513e+09 148.787 -8.04448 86.1973 0.0114206 0.732272 0.0328935 0.680122
1.70513e+09 149.839 -8.07323 86.1015 0.014364 0.731686 0.0334751 0.680668
1.70513e+09 150.897 -8.1056 86.0008 0.0144081 0.731335 0.0343462 0.681001
1.70513e+09 151.64 -8.10861 85.944 0.0187114 0.730048 0.0275933 0.682582
1.70513e+09 152.256 -8.0917 85.9112 0.0101822 0.726793 0.0321511 0.686028
1.70513e+09 152.89 -8.09555 85.9017 0.0082545 0.722705 0.036268 0.690155
1.70513e+09 153.529 -8.10639 85.8963 0.0124646 0.718795 0.0353622 0.69421
1.70513e+09 154.105 -8.1099 85.8951 0.0142262 0.71559 0.0348875 0.697504
1.70513e+09 154.71 -8.12351 85.8915 0.0108949 0.71127 0.0365359 0.701884
1.70513e+09 155.394 -8.13695 85.8691 0.0129198 0.706411 0.034438 0.706845
1.70513e+09 156.043 -8.13928 85.9056 0.00928868 0.70179 0.0369728 0.711363
1.70513e+09 156.787 -8.1464 85.9301 0.01017 0.695659 0.0363106 0.717382
1.70513e+09 157.57 -8.17495 85.966 0.0132794 0.692562 0.0350663 0.720383
1.70513e+09 158.2 -8.19198 85.9732 0.0126702 0.694062 0.0351743 0.718943
1.70513e+09 158.919 -8.17402 85.9791 0.0125747 0.698732 0.0386323 0.714229
1.70513e+09 160.534 -8.22438 85.9185 0.0108362 0.707348 0.0356898 0.705881
1.70513e+09 161.244 -8.25992 85.8624 0.0139325 0.713311 0.0347842 0.699845
1.70513e+09 162.544 -8.28883 85.7867 0.0106174 0.723891 0.0374316 0.688817
1.70513e+09 163.352 -8.32327 85.7546 0.00965873 0.720765 0.0346417 0.692246
1.70513e+09 163.962 -8.33206 85.7539 0.0120937 0.716136 0.0343174 0.697012
1.70513e+09 165.498 -8.35252 85.7809 0.0110323 0.706923 0.0399607 0.706074
1.70513e+09 167.997 -8.38239 85.792 0.011353 0.700294 0.0423763 0.712505
1.70513e+09 168.555 -8.38481 85.8434 0.0129396 0.700889 0.041424 0.711949
1.70513e+09 169.407 -8.39204 85.8347 0.0172171 0.702808 0.0426189 0.709893
1.70513e+09 171.894 -8.41238 85.6866 0.0166809 0.721962 0.0415875 0.69048
1.70513e+09 173.042 -8.41296 85.5509 0.0167459 0.730552 0.0469707 0.681034
1.70513e+09 175.002 -8.44028 85.2635 0.0182694 0.743941 0.0448307 0.66649
1.70513e+09 178.264 -8.47973 84.7334 0.0189941 0.755742 0.044975 0.653047
1.70513e+09 181.629 -8.50885 84.3525 0.0130208 0.738903 0.043247 0.672296
1.70513e+09 183.424 -8.51141 84.1369 0.0155901 0.738179 0.0439777 0.672989
1.70513e+09 185.783 -8.54216 83.8472 0.0156405 0.74714 0.0410373 0.663215
1.70513e+09 188.659 -8.56695 83.2637 0.0166942 0.773976 0.042421 0.631572
1.70513e+09 189.713 -8.57289 82.9834 0.016594 0.785737 0.0430701 0.616837
1.70513e+09 191.289 -8.58232 82.4564 0.0180002 0.806983 0.0397163 0.588963
1.70513e+09 192.086 -8.58384 82.1479 0.0194374 0.820028 0.0419081 0.570455
1.70513e+09 192.99 -8.58521 81.726 0.0161386 0.836627 0.0440238 0.545762
1.70513e+09 194.852 -8.58081 80.5552 0.0162781 0.871422 0.0451124 0.488184
1.70513e+09 195.555 -8.57836 80.0795 0.0167553 0.882562 0.0462955 0.467612
1.70513e+09 196.966 -8.55385 78.8652 0.0195967 0.906399 0.0463614 0.419414
1.70513e+09 197.581 -8.53807 78.3084 0.0175097 0.915757 0.0468864 0.398603
1.70513e+09 198.149 -8.5303 77.7893 0.0169337 0.92385 0.0481133 0.379342
1.70513e+09 198.646 -8.52064 77.268 0.0178961 0.930814 0.0496374 0.361666
1.70513e+09 199.071 -8.50117 76.6807 0.0175185 0.938498 0.0479071 0.341495
1.70513e+09 199.503 -8.46907 76.0878 0.0199598 0.943053 0.0500495 0.32825
1.70513e+09 199.93 -8.43816 75.4861 0.0222402 0.945762 0.0503477 0.320162
1.70513e+09 201.107 -8.40746 74.2626 0.0210047 0.925046 0.0460078 0.376474
1.70513e+09 202.511 -8.37105 73.2275 0.0171172 0.892366 0.0434853 0.448886
1.70513e+09 203.78 -8.35972 72.5566 0.0153734 0.855661 0.0437461 0.515455
1.70513e+09 204.441 -8.35528 72.3025 0.0164679 0.837185 0.0422949 0.545033
1.70513e+09 205.178 -8.35227 72.0821 0.0132887 0.818071 0.0406482 0.573525
1.70513e+09 206.685 -8.36761 71.798 0.0141658 0.775131 0.0380154 0.630496
1.70513e+09 207.469 -8.36722 71.6922 0.0136681 0.758991 0.0387583 0.649803
1.70513e+09 209.582 -8.41162 71.3522 0.0142022 0.75548 0.0353405 0.654064
1.70513e+09 210.347 -8.42237 71.2605 0.014402 0.748736 0.0346762 0.661804
1.70513e+09 213.167 -8.48197 71.074 0.0140472 0.724086 0.0326749 0.688792
1.70513e+09 214.624 -8.51653 70.9817 0.0128257 0.726261 0.0315322 0.686576
1.70513e+09 216.192 -8.53673 70.7974 0.0127318 0.740622 0.037735 0.67074
1.70513e+09 220.504 -8.61025 70.133 0.0149523 0.745502 0.0359582 0.665365
1.70513e+09 223.109 -8.66117 69.8347 0.014692 0.734994 0.035709 0.676973
1.70513e+09 226.055 -8.72907 69.6265 0.0152862 0.721171 0.0334244 0.691782
1.70513e+09 235.03 -8.94798 69.0717 0.0115395 0.736692 0.0341453 0.675268
1.70513e+09 242.913 -9.13298 68.2278 0.0135471 0.732047 0.0322006 0.680358
1.70513e+09 244.972 -9.19045 68.0537 0.0154259 0.731355 0.032978 0.681025
1.70513e+09 246.337 -9.22855 67.9228 0.0145355 0.737716 0.033098 0.674142
1.70513e+09 247.698 -9.26553 67.755 0.0159055 0.744065 0.0346964 0.667017
1.70513e+09 248.569 -9.29083 67.6631 0.0143872 0.744451 0.0364821 0.666524
1.70513e+09 249.755 -9.33808 67.5929 0.0165932 0.733672 0.0318396 0.678554
1.70513e+09 250.793 -9.3647 67.5561 0.018355 0.723859 0.0320742 0.688957
1.70513e+09 251.268 -9.36357 67.5535 0.014393 0.720595 0.0342812 0.692358
1.70513e+09 251.816 -9.36968 67.5489 0.013056 0.718744 0.0356334 0.694238
1.70513e+09 253.326 -9.39779 67.4549 0.0167133 0.731724 0.03418 0.680538
1.70513e+09 253.857 -9.41111 67.3992 0.0151219 0.738799 0.0340292 0.672896
1.70513e+09 254.491 -9.42622 67.3076 0.0157194 0.746919 0.0343953 0.663839
1.70513e+09 255.072 -9.43241 67.2128 0.0153255 0.751234 0.0379651 0.658765
1.70513e+09 255.683 -9.44538 67.1252 0.0172613 0.752922 0.0359103 0.656902
1.70513e+09 256.688 -9.4518 66.9815 0.0160937 0.752237 0.0387829 0.657553
1.70513e+09 257.533 -9.46429 66.8724 0.0154398 0.75153 0.0364781 0.658509
1.70513e+09 258.605 -9.47726 66.7562 0.0134128 0.746903 0.0343703 0.663909
1.70513e+09 260.187 -9.50917 66.6134 0.0131385 0.732153 0.0361466 0.680054
1.70513e+09 260.845 -9.52784 66.5675 0.0162639 0.72784 0.0365018 0.684581
1.70513e+09 261.603 -9.52742 66.5729 0.0139825 0.721966 0.0383688 0.690722
1.70513e+09 262.773 -9.39161 66.755 0.0161477 0.708661 0.0342921 0.704531
1.70513e+09 262.891 -9.40547 66.818 0.0178646 0.70294 0.0319927 0.710305
1.70513e+09 263.428 -9.42093 66.813 0.0135068 0.700101 0.0322433 0.713187
1.70513e+09 264.196 -9.48565 66.6914 0.012315 0.690806 0.0326217 0.722199
1.70513e+09 264.131 -9.59128 66.7252 0.0123022 0.689465 0.0302662 0.723582
1.70513e+09 264.186 -9.70147 66.8157 0.0101318 0.696635 0.0283154 0.716795
1.70513e+09 264.157 -9.7751 66.8312 0.0084046 0.701759 0.0287696 0.711784
1.70513e+09 264.09 -9.76692 67.0557 0.00696847 0.718543 0.0323536 0.694695
1.70513e+09 264.02 -9.81325 67.2341 0.0140362 0.737545 0.0289754 0.674531
1.70513e+09 264.34 -9.81037 67.2552 0.0118496 0.752292 0.0332488 0.657884
1.70513e+09 264.26 -9.83297 67.4716 0.012383 0.765968 0.0354034 0.641784
1.70513e+09 264.247 -9.89298 67.7768 0.0156854 0.784496 0.0376441 0.618792
1.70513e+09 264.862 -9.89269 67.8596 0.0164857 0.795511 0.0396118 0.604418
1.70513e+09 265.213 -9.89669 67.7854 0.0166013 0.795095 0.0405495 0.6049
1.70513e+09 265.945 -9.9002 67.6315 0.0156207 0.79198 0.0403379 0.609013
1.70513e+09 268.115 -9.90458 67.1723 0.018942 0.774241 0.0388315 0.631414
1.70513e+09 269.299 -9.91763 66.9422 0.017456 0.76752 0.0384272 0.639634
1.70513e+09 270.908 -9.94587 66.6562 0.0170219 0.759802 0.0383744 0.648797
1.70513e+09 273.702 -10.0052 66.22 0.0168382 0.749253 0.0380361 0.660976
1.70513e+09 281.367 -10.1721 65.4524 0.0179908 0.726359 0.0352198 0.686176
1.70513e+09 284.934 -10.2474 65.1802 0.0188974 0.72784 0.0352565 0.684579
1.70513e+09 293.283 -10.3894 64.1512 0.0158171 0.744996 0.036061 0.665906
1.70513e+09 301.537 -10.549 63.4918 0.0150322 0.719075 0.0333864 0.693967
1.70513e+09 304.81 -10.5968 63.2535 0.0126128 0.723409 0.0366815 0.689329
1.70513e+09 313.899 -10.7716 62.398 0.0148258 0.738849 0.0375732 0.672659
1.70513e+09 326.617 -11.044 61.6703 0.0130372 0.71819 0.0346679 0.694861
1.70513e+09 335.185 -11.2001 60.7596 0.0172616 0.746491 0.0360627 0.664193
1.70513e+09 338.652 -11.243 60.1572 0.0180263 0.764309 0.0353419 0.643629
1.70513e+09 341.069 -11.2541 59.4659 0.0172733 0.796142 0.0420761 0.603398
1.70513e+09 344.375 -11.259 58.0683 0.0183495 0.84312 0.0419109 0.535776
1.70513e+09 345.505 -11.2637 57.434 0.0181695 0.859086 0.043707 0.509637
1.70513e+09 346.719 -11.2619 56.6262 0.0188725 0.876639 0.0431885 0.478834
1.70513e+09 347.525 -11.2636 55.8994 0.0225244 0.890691 0.0461688 0.451698
1.70513e+09 348.428 -11.2503 54.9122 0.023025 0.907696 0.04734 0.416314
1.70513e+09 349.383 -11.206 53.3927 0.0229374 0.929654 0.0506804 0.364209
1.70513e+09 349.853 -11.1758 52.5472 0.0232459 0.939492 0.0471238 0.338517
1.70513e+09 350.299 -11.1374 51.5848 0.0224132 0.949481 0.0482795 0.309279
1.70513e+09 350.67 -11.0817 50.4913 0.0228548 0.95936 0.0499261 0.276793
1.70513e+09 350.946 -11.0245 49.411 0.0250053 0.967924 0.0495761 0.24503
1.70513e+09 351.159 -10.954 48.3068 0.0242582 0.975338 0.0506098 0.21346
1.70513e+09 351.411 -10.8583 46.9633 0.0268261 0.982892 0.0483645 0.175682
1.70513e+09 351.383 -10.6342 44.8788 0.0214864 0.992023 0.0539891 0.111868
1.70513e+09 351.641 -10.4681 42.5637 0.0201675 0.996302 0.0494409 0.067311
1.70513e+09 351.865 -10.331 40.0356 0.0213324 0.996787 0.0492507 0.0594604
1.70513e+09 351.832 -10.2884 38.8026 0.0213758 0.996095 0.0462718 0.0720882
1.70513e+09 352.395 -10.151 35.6458 0.0167362 0.992135 0.047911 0.114423
1.70513e+09 352.585 -10.1119 34.6822 0.0168855 0.988514 0.0473931 0.142509
1.70513e+09 353.209 -10.0555 33.0054 0.0179836 0.976903 0.0473088 0.207605
1.70513e+09 353.564 -10.0391 32.2063 0.0172456 0.967614 0.0434391 0.248069
1.70513e+09 353.879 -10.018 31.5874 0.01722 0.957191 0.0435269 0.285648
1.70513e+09 354.72 -9.97502 30.4691 0.014259 0.927367 0.0447203 0.371196
1.70513e+09 354.912 -9.9749 30.1427 0.0184864 0.911384 0.0419544 0.408995
1.70513e+09 356.045 -9.95989 29.3992 0.0166792 0.876747 0.0419294 0.478829
1.70513e+09 356.547 -9.95443 29.11 0.0156239 0.857747 0.041723 0.512138
1.70513e+09 356.886 -9.94847 28.8513 0.0148522 0.839341 0.0365536 0.542172
1.70513e+09 358.218 -9.93345 28.3974 0.0143141 0.795978 0.0377843 0.603975
1.70513e+09 359.088 -9.95226 28.2162 0.0157115 0.774132 0.030811 0.632078
1.70513e+09 359.994 -9.95193 27.9817 0.0115248 0.768539 0.0333228 0.638831
1.70513e+09 363.091 -10.0052 27.329 0.0145642 0.765247 0.0331605 0.642717
1.70513e+09 365.432 -10.0393 26.9808 0.00983356 0.745564 0.0331214 0.665538
1.70513e+09 366.278 -10.0608 26.8951 0.0118367 0.737805 0.0290593 0.674284
1.70513e+09 367.77 -10.0838 26.7966 0.00908508 0.72593 0.0303977 0.687036
1.70513e+09 371.263 -10.152 26.637 0.00929803 0.71839 0.031814 0.69485
1.70513e+09 372.643 -10.1787 26.4977 0.0116009 0.72298 0.0304614 0.6901
1.70513e+09 374.183 -10.2096 26.3558 0.00986948 0.728623 0.0310009 0.684142
1.70513e+09 377.646 -10.279 25.9391 0.0096263 0.742635 0.0334823 0.66879
1.70513e+09 379.429 -10.3076 25.6602 0.0123899 0.748949 0.0344907 0.661613
1.70513e+09 381.381 -10.3515 25.3092 0.0136532 0.755848 0.0306408 0.653888
1.70513e+09 383.211 -10.3838 24.9756 0.0122876 0.759604 0.0327708 0.649443
1.70513e+09 388.371 -10.4685 24.0191 0.0118372 0.759099 0.0354476 0.649902
1.70513e+09 393.622 -10.5635 23.3678 0.0129706 0.737006 0.0303046 0.675082
1.70513e+09 397.995 -10.6413 22.7629 0.0126156 0.75562 0.032794 0.654067
1.70513e+09 399.833 -10.6809 22.4298 0.0132049 0.759119 0.032231 0.650019
1.70513e+09 402.069 -10.7202 22.0293 0.0139637 0.760056 0.0337904 0.648828
1.70513e+09 407.454 -10.8071 20.9207 0.0128283 0.772141 0.0360081 0.634301
1.70513e+09 409.624 -10.8433 20.4251 0.0118569 0.775147 0.0335685 0.630777
1.70513e+09 411.26 -10.8705 20.1005 0.0132676 0.767853 0.0342877 0.63957
1.70513e+09 412.992 -10.8969 19.8041 0.0111248 0.760924 0.0347836 0.647813
1.70513e+09 414.869 -10.9308 19.5161 0.0109709 0.753563 0.0315052 0.656528
1.70513e+09 419.795 -11.0281 18.9105 0.0127106 0.737978 0.0297511 0.674048
1.70513e+09 422 -11.0577 18.644 0.00810169 0.740659 0.0343142 0.670955
1.70513e+09 424.243 -11.1142 18.3695 0.0125073 0.741038 0.0288428 0.670727
1.70513e+09 426.463 -11.1647 18.1015 0.0132441 0.741062 0.0264962 0.670783
1.70513e+09 433.421 -11.2926 17.2563 0.0100305 0.741619 0.0328751 0.66994
1.70513e+09 436.717 -11.3486 16.8406 0.0097423 0.744139 0.0306304 0.667252
1.70513e+09 439.693 -11.3851 16.418 0.00748229 0.749276 0.0348515 0.661298
1.70513e+09 441.943 -11.4247 16.0404 0.00982739 0.757272 0.0338615 0.652147
1.70513e+09 447.048 -11.4999 14.9132 0.0125737 0.778708 0.0338271 0.626348
1.70513e+09 449.022 -11.5193 14.4145 0.0108105 0.781624 0.0338039 0.622739
1.70513e+09 451.027 -11.5427 13.9147 0.0100427 0.780779 0.0356472 0.623709
1.70513e+09 452.786 -11.5734 13.5048 0.0129909 0.777535 0.032423 0.627869
1.70513e+09 455.031 -11.6073 13.0428 0.0140054 0.768108 0.0304139 0.639444
1.70513e+09 456.901 -11.6337 12.7246 0.0113136 0.757856 0.0326271 0.651507
1.70513e+09 458.373 -11.6509 12.5625 0.00780865 0.747987 0.0326582 0.662864
1.70513e+09 459.774 -11.67 12.4382 0.0106098 0.738871 0.0322961 0.672989
1.70513e+09 461.104 -11.6967 12.3439 0.0127219 0.731197 0.0296326 0.681404
1.70513e+09 462.504 -11.7177 12.2707 0.00784337 0.725262 0.0332786 0.687623
1.70513e+09 463.991 -11.7575 12.1857 0.0104789 0.722169 0.0283766 0.691054
1.70513e+09 465.936 -11.7929 11.9702 0.0106048 0.73586 0.0294951 0.676408
1.70513e+09 466.98 -11.8091 11.8154 0.0118009 0.743478 0.0318497 0.667898
1.70513e+09 467.942 -11.8269 11.6557 0.0128536 0.749766 0.0322023 0.660794
1.70513e+09 468.772 -11.841 11.5002 0.0117794 0.755668 0.0327581 0.654029
1.70513e+09 469.705 -11.8604 11.3068 0.0135029 0.761361 0.0309658 0.647447
1.70513e+09 470.745 -11.873 11.0728 0.0117901 0.767448 0.0329048 0.640158
1.70513e+09 472.265 -11.8982 10.7317 0.0141945 0.770782 0.0331714 0.636077
1.70513e+09 473.364 -11.9128 10.5306 0.0134896 0.762821 0.0333329 0.645609
1.70513e+09 474.447 -11.9359 10.3658 0.0143694 0.755597 0.0315805 0.654117
1.70513e+09 475.741 -11.9626 10.2074 0.0122994 0.74617 0.0307434 0.664932
1.70513e+09 477.178 -11.9824 10.0726 0.0071101 0.736433 0.0328777 0.675673
1.70513e+09 478.423 -12.0198 9.97264 0.0144359 0.729789 0.0272835 0.682975
1.70513e+09 481.559 -12.0822 9.70008 0.0116618 0.731874 0.0316304 0.680606
1.70513e+09 482.883 -12.1092 9.49811 0.0124727 0.743335 0.0322116 0.668027
1.70513e+09 484.405 -12.1372 9.20733 0.0125657 0.756613 0.0325962 0.652929
1.70513e+09 485.912 -12.1522 8.89106 0.0123127 0.765741 0.0336692 0.64215
1.70513e+09 489.196 -12.2114 8.11364 0.0109891 0.776735 0.0316413 0.628936
1.70513e+09 490.788 -12.2446 7.75201 0.0144017 0.775055 0.0316453 0.630937
1.70513e+09 492.941 -12.2813 7.31137 0.0136637 0.769136 0.0306844 0.638202
1.70513e+09 496.662 -12.3484 6.37397 0.0152284 0.791184 0.0318333 0.61056
1.70513e+09 499.101 -12.3763 5.31862 0.0152507 0.828395 0.0350683 0.558837
1.70513e+09 500.989 -12.3756 4.18884 0.0161283 0.857848 0.0420841 0.511923
1.70513e+09 501.901 -12.3643 3.54269 0.0137199 0.871573 0.043886 0.488104
1.70513e+09 502.73 -12.3605 2.88977 0.0150589 0.884086 0.0410888 0.465271
1.70513e+09 503.637 -12.353 2.05145 0.0183976 0.897826 0.0440072 0.437759
1.70513e+09 504.407 -12.3428 1.25128 0.0186029 0.910237 0.043793 0.411345
1.70513e+09 505.169 -12.3334 0.33846 0.017105 0.923007 0.0411846 0.38219
1.70513e+09 505.87 -12.3135 -0.632695 0.0161491 0.934681 0.0450052 0.352256
1.70513e+09 507.184 -12.2531 -2.67364 0.0201312 0.949284 0.047468 0.310165
1.70513e+09 507.806 -12.231 -3.59729 0.0213038 0.950171 0.0461575 0.307555
1.70513e+09 509.504 -12.1537 -6.43117 0.0188647 0.959936 0.044856 0.275962
1.70513e+09 510.906 -12.0571 -9.33599 0.0192969 0.971709 0.047892 0.23047
1.70513e+09 511.446 -11.9944 -11.2074 0.0205324 0.984462 0.049487 0.167225
1.70513e+09 511.641 -11.913 -13.0276 0.0189204 0.993538 0.0511145 0.0995574
1.70513e+09 511.647 -11.8732 -13.968 0.020257 0.996306 0.048699 0.0677657
1.70513e+09 511.529 -11.788 -15.7229 0.0201422 0.998617 0.0476384 0.00946403
1.70513e+09 511.398 -11.7438 -16.5889 0.0188365 0.998412 0.0493314 -0.0196113
1.70513e+09 511.054 -11.6653 -18.2065 0.0196468 0.99592 0.0504996 -0.072166
1.70513e+09 510.934 -11.6313 -18.5283 0.0191055 0.994989 0.0457762 -0.0868105
1.70513e+09 510.867 -11.6118 -18.695 0.0195579 0.994491 0.047919 -0.091149
1.70513e+09 510.774 -11.6257 -18.8977 0.0187649 0.9942 0.0501764 -0.0932568
1.70513e+09 510.625 -11.6737 -18.8564 0.0198783 0.993799 0.050614 -0.0969902
1.70513e+09 510.534 -11.6716 -18.9807 0.0218205 0.99405 0.0521826 -0.0930906
1.70513e+09 510.443 -11.6789 -18.9492 0.0198661 0.994485 0.0502416 -0.0898896
1.70513e+09 510.38 -11.7061 -18.9678 0.0210785 0.994362 0.0508932 -0.0906101
1.70513e+09 510.304 -11.7224 -19.0508 0.019305 0.995072 0.0531354 -0.0814617
1.70513e+09 510.333 -11.7076 -19.0978 0.0205249 0.9953 0.050676 -0.0799259
1.70513e+09 510.359 -11.7197 -19.2017 0.0216229 0.99499 0.052934 -0.0820077
1.70513e+09 510.565 -11.7159 -19.2989 0.021793 0.993644 0.0528584 -0.0969657
1.70513e+09 511.092 -11.7643 -19.5459 0.0213045 0.98417 0.0546524 -0.167237
1.70513e+09 511.438 -11.7109 -19.512 0.0221602 0.978395 0.0550965 -0.198032
1.70513e+09 511.648 -11.6636 -19.5754 0.020409 0.970787 0.0623229 -0.230808
1.70513e+09 512.517 -11.6415 -19.6657 0.0231377 0.940879 0.0553349 -0.333392
1.70513e+09 512.972 -11.7023 -19.7651 0.022272 0.912995 0.0610058 -0.402769
1.70513e+09 513.048 -11.7306 -19.8296 0.0222953 0.904632 0.0585285 -0.421566
1.70513e+09 513.449 -11.7704 -20.1338 0.0245567 0.878814 0.0602882 -0.472703
1.70513e+09 513.385 -11.7767 -20.2548 0.0235933 0.871017 0.0607452 -0.486911
1.70513e+09 513.23 -11.7613 -20.5271 -0.02451 -0.853738 -0.0572337 0.516968
1.70513e+09 513.067 -11.7652 -20.6765 -0.0236586 -0.844556 -0.0568033 0.53192
1.70513e+09 512.758 -11.7632 -20.8703 -0.0201577 -0.834648 -0.0564187 0.547516
1.70513e+09 511.89 -11.737 -21.1686 -0.019694 -0.804475 -0.0546041 0.591143
1.70513e+09 511.11 -11.7018 -21.2981 -0.0169784 -0.786502 -0.0521647 0.615146
1.70513e+09 509.706 -11.6318 -21.4264 -0.0183428 -0.757487 -0.052591 0.650469
1.70513e+09 508.881 -11.5986 -21.4452 -0.016612 -0.740201 -0.0509017 0.67025
1.70513e+09 507.331 -11.5513 -21.3646 -0.0137181 -0.705714 -0.048809 0.70668
1.70513e+09 506.572 -11.5316 -21.2891 -0.0129771 -0.691973 -0.0473169 0.720254
1.70513e+09 504.869 -11.4822 -21.0722 -0.0144533 -0.673957 -0.048773 0.737017
1.70513e+09 504.254 -11.4717 -21.0165 -0.0111946 -0.674796 -0.0470201 0.73642
1.70513e+09 503.608 -11.4632 -20.963 -0.00708163 -0.674907 -0.0460351 0.736431
1.70513e+09 501.795 -11.4317 -20.8124 -0.00464409 -0.68146 -0.0453723 0.730433
1.70513e+09 501.046 -11.4116 -20.7787 -0.00648258 -0.686984 -0.0474874 0.72509
1.70513e+09 500.206 -11.3956 -20.7573 -0.00562063 -0.693957 -0.0471884 0.718446
1.70513e+09 498.244 -11.3459 -20.7608 -0.00420656 -0.707828 -0.0496367 0.704626
1.70513e+09 497.19 -11.3173 -20.7879 -0.0026493 -0.713553 -0.051031 0.698735
1.70513e+09 494.856 -11.2756 -20.6782 0.00349619 -0.691822 -0.0494272 0.720366
1.70513e+09 493.903 -11.2647 -20.5636 0.00131959 -0.679045 -0.0511454 0.732311
1.70513e+09 492.667 -11.2425 -20.4341 -0.000355069 -0.675479 -0.0539844 0.7354
1.70513e+09 490.126 -11.1745 -20.3157 -0.00231732 -0.691194 -0.0563141 0.720468
1.70513e+09 488.692 -11.1418 -20.2523 0.00196134 -0.691594 -0.0554456 0.720153
1.70513e+09 487.342 -11.0854 -20.1649 -0.00613466 -0.689227 -0.0604922 0.72199
1.70513e+09 486.225 -11.0462 -20.0844 -0.00539355 -0.686566 -0.0586464 0.724678
1.70513e+09 484.86 -11.0061 -19.9757 -0.00344889 -0.683828 -0.057234 0.727387
1.70513e+09 483.747 -10.9675 -19.9029 -0.00520806 -0.685504 -0.0587513 0.725676
1.70513e+09 481.075 -10.8899 -19.7598 -0.00314401 -0.689966 -0.0556668 0.721691
1.70513e+09 479.909 -10.8581 -19.7018 -0.00382114 -0.692205 -0.0538362 0.71968
1.70513e+09 478.436 -10.8158 -19.6422 -0.00362032 -0.694802 -0.0537261 0.717183
1.70513e+09 477.094 -10.7622 -19.5938 -0.00804027 -0.696853 -0.0564187 0.714946
1.70513e+09 475.884 -10.7294 -19.5529 -0.00625009 -0.698579 -0.0532415 0.713522
1.70513e+09 474.511 -10.6823 -19.5139 -0.00734962 -0.699763 -0.0534877 0.712332
1.70513e+09 473.499 -10.6526 -19.4823 -0.00465054 -0.699859 -0.0522034 0.712355
1.70513e+09 471.227 -10.583 -19.3766 -0.00609628 -0.694829 -0.0515019 0.717303
1.70513e+09 469.986 -10.548 -19.2979 -0.00697625 -0.692027 -0.0501458 0.720094
1.70513e+09 467.443 -10.4814 -19.0966 -0.0075878 -0.68444 -0.0517876 0.727188
1.70513e+09 464.84 -10.421 -18.8333 -0.00804795 -0.678224 -0.0458628 0.733379
1.70513e+09 464.053 -10.4119 -18.738 -0.00485317 -0.672355 -0.0472533 0.738703
1.70513e+09 463.374 -10.4042 -18.6123 -0.00365152 -0.661776 -0.0463786 0.748256
1.70513e+09 462.515 -10.396 -18.4191 -0.00629819 -0.646863 -0.0470516 0.761127
1.70513e+09 461.547 -10.3859 -18.1835 -0.00626919 -0.63325 -0.0485467 0.772398
1.70513e+09 460.738 -10.3795 -17.9825 -0.00775022 -0.629316 -0.045339 0.775787
1.70513e+09 459.827 -10.3653 -17.7883 -0.00765106 -0.631206 -0.0472684 0.774135
1.70513e+09 458.913 -10.3599 -17.6103 -0.00347372 -0.635482 -0.0454914 0.770766
1.70513e+09 457.971 -10.3528 -17.4611 0.000292289 -0.644136 -0.042996 0.763701
1.70513e+09 456.992 -10.3204 -17.3275 -0.00892596 -0.653541 -0.04866 0.755273
1.70513e+09 455.965 -10.3154 -17.1703 -0.00633804 -0.65471 -0.0439796 0.754573
1.70513e+09 453.749 -10.2911 -16.7983 -0.00587944 -0.651131 -0.0447929 0.757619
1.70513e+09 452.814 -10.2712 -16.6594 -0.00788981 -0.654484 -0.0462802 0.754617
1.70513e+09 451.854 -10.2578 -16.5259 -0.00662292 -0.658231 -0.045406 0.751416
1.70513e+09 449.525 -10.2131 -16.2611 -0.00717321 -0.668456 -0.0469085 0.742236
1.70513e+09 448.37 -10.1898 -16.1444 -0.00829783 -0.672749 -0.0459279 0.738397
1.70513e+09 447.173 -10.1702 -16.049 -0.00640695 -0.678289 -0.0440392 0.733446
1.70513e+09 446.047 -10.144 -15.9616 -0.00685182 -0.680374 -0.0460462 0.731385
1.70513e+09 443.56 -10.0957 -15.7453 -0.00777994 -0.680734 -0.0461782 0.731032
1.70513e+09 441.899 -10.0606 -15.6052 -0.00735829 -0.681652 -0.0459965 0.730193
1.70513e+09 438.902 -10.0025 -15.3418 -0.00533074 -0.680598 -0.0462412 0.731177
1.70513e+09 437.536 -9.97811 -15.218 -0.0062195 -0.679015 -0.0480724 0.732522
1.70513e+09 434.642 -9.92151 -14.9268 -0.00740402 -0.676711 -0.0456477 0.734795
1.70513e+09 433.531 -9.89927 -14.8159 -0.00647895 -0.675396 -0.0478637 0.735872
1.70513e+09 432.461 -9.88491 -14.6886 -0.00677604 -0.673659 -0.046616 0.73754
1.70513e+09 429.669 -9.83841 -14.3385 -0.00681237 -0.666969 -0.0459502 0.743636
1.70513e+09 428.366 -9.81297 -14.18 -0.00679295 -0.668427 -0.0468023 0.742273
1.70513e+09 427.087 -9.7998 -14.0701 -0.00301382 -0.676154 -0.0440698 0.735435
1.70513e+09 426.055 -9.77198 -13.999 -0.00671065 -0.682452 -0.0466507 0.729409
1.70513e+09 424.996 -9.74819 -13.9457 -0.00641892 -0.688475 -0.0474505 0.723678
1.70513e+09 423.903 -9.72412 -13.897 -0.00728359 -0.692443 -0.0475548 0.719867
1.70513e+09 422.867 -9.70179 -13.8519 -0.0072759 -0.694761 -0.0478069 0.717613
1.70513e+09 422.078 -9.6839 -13.82 -0.00714438 -0.695997 -0.0478796 0.716411
1.70513e+09 419.86 -9.63253 -13.7504 -0.00716634 -0.6996 -0.0481154 0.712877
1.70513e+09 418.745 -9.60283 -13.7231 -0.00792519 -0.700882 -0.0493332 0.711525
1.70513e+09 417.489 -9.573 -13.6932 -0.00628275 -0.701332 -0.0491716 0.711109
1.70513e+09 414.929 -9.51655 -13.6232 -0.00413895 -0.700386 -0.0479641 0.712138
1.70513e+09 413.59 -9.48329 -13.5666 -0.00506511 -0.697641 -0.0495759 0.714712
1.70513e+09 412.402 -9.45663 -13.4944 -0.00625017 -0.695238 -0.0469812 0.717215
1.70513e+09 411.149 -9.4286 -13.4257 -0.00547497 -0.692565 -0.0474599 0.719771
1.70513e+09 409.969 -9.39333 -13.3539 -0.00687523 -0.690379 -0.0481674 0.72181
1.70513e+09 408.745 -9.36624 -13.2683 -0.00641808 -0.687239 -0.0481299 0.724807
1.70513e+09 407.359 -9.33821 -13.1494 -0.00669256 -0.683732 -0.0467006 0.728207
1.70513e+09 405.979 -9.3148 -13.0163 -0.00576776 -0.679429 -0.0461762 0.732264
1.70513e+09 404.768 -9.29022 -12.8788 -0.00798079 -0.674667 -0.048094 0.73651
1.70513e+09 402.449 -9.25329 -12.5809 -0.00682765 -0.667028 -0.0458402 0.743589
1.70513e+09 401.195 -9.23239 -12.4165 -0.00624757 -0.665395 -0.0450351 0.745106
1.70513e+09 399.922 -9.21116 -12.2498 -0.00767389 -0.664265 -0.0458278 0.746052
1.70513e+09 398.674 -9.18397 -12.1158 -0.00713216 -0.668318 -0.0463671 0.742395
1.70513e+09 397.45 -9.15794 -12.0044 -0.00690218 -0.673722 -0.046245 0.737505
1.70513e+09 396.147 -9.13305 -11.8949 -0.00792992 -0.678913 -0.0450039 0.732796
1.70513e+09 394.92 -9.10711 -11.8122 -0.00806107 -0.682955 -0.0461267 0.728958
1.70513e+09 393.749 -9.08807 -11.7359 -0.0065509 -0.686005 -0.0436274 0.726258
1.70513e+09 392.68 -9.0603 -11.66 -0.00984774 -0.685546 -0.046229 0.726493
1.70513e+09 391.618 -9.03866 -11.5871 -0.00962485 -0.685768 -0.046094 0.726296
1.70513e+09 390.566 -9.01625 -11.5157 -0.00852847 -0.685678 -0.0449151 0.726468
1.70513e+09 389.589 -8.99531 -11.4417 -0.00880348 -0.685104 -0.044949 0.727004
1.70513e+09 388.346 -8.96555 -11.3417 -0.00951022 -0.682181 -0.0472754 0.729592
1.70513e+09 387.05 -8.94615 -11.2161 -0.00667905 -0.67908 -0.0440856 0.732709
1.70513e+09 385.594 -8.91744 -11.0629 -0.00783502 -0.674955 -0.046327 0.736362
1.70513e+09 384.623 -8.90415 -10.9497 -0.00671285 -0.672648 -0.0435289 0.738651
1.70513e+09 383.593 -8.8888 -10.8284 -0.00529349 -0.669539 -0.0437468 0.741468
1.70513e+09 382.45 -8.86107 -10.6813 -0.00684307 -0.666554 -0.0447306 0.744082
1.70513e+09 381.304 -8.84619 -10.5284 -0.00482672 -0.66354 -0.0431714 0.746879
1.70513e+09 379.954 -8.82922 -10.3359 -0.00284893 -0.660282 -0.0432326 0.749767
1.70513e+09 378.746 -8.81315 -10.1413 -0.00515548 -0.656896 -0.0432673 0.752721
1.70513e+09 377.405 -8.79486 -9.91879 -0.00634131 -0.65307 -0.0443992 0.755968
1.70513e+09 376.034 -8.78531 -9.68212 -0.00339036 -0.649228 -0.0437295 0.759328
1.70513e+09 374.797 -8.76595 -9.45744 -0.00572042 -0.645734 -0.0454052 0.76219
1.70513e+09 373.71 -8.75634 -9.25582 -0.00262707 -0.643257 -0.0429444 0.764441
1.70513e+09 372.61 -8.74032 -9.04215 -0.00402675 -0.639737 -0.0460656 0.767202
1.70513e+09 371.615 -8.72498 -8.84404 -0.00426012 -0.637994 -0.0445139 0.768741
1.70513e+09 369.301 -8.6943 -8.38768 -0.0051307 -0.634549 -0.0456425 0.771517
1.70513e+09 366.977 -8.65474 -8.00214 -0.00593328 -0.647856 -0.0483732 0.760202
1.70513e+09 365.944 -8.63708 -7.8545 -0.00725397 -0.654333 -0.0470248 0.754708
1.70513e+09 364.04 -8.60491 -7.65476 -0.00331355 -0.666174 -0.0456379 0.744391
1.70513e+09 362.952 -8.58337 -7.52023 -0.00505663 -0.665507 -0.0468912 0.7449
1.70513e+09 360.39 -8.53108 -7.23211 -0.00692297 -0.669217 -0.0461252 0.741601
1.70513e+09 357.468 -8.483 -6.8422 -0.00652798 -0.662261 -0.0453479 0.747871
1.70513e+09 355.687 -8.45785 -6.52983 -0.00645393 -0.651969 -0.0449144 0.756887
1.70513e+09 353.847 -8.44177 -6.1307 -0.0069443 -0.638195 -0.0441333 0.768577
1.70513e+09 350.937 -8.43071 -5.34992 -0.00396417 -0.615259 -0.0436618 0.787105
1.70513e+09 349.721 -8.42772 -5.00475 -0.00288953 -0.610684 -0.0418281 0.790764
1.70513e+09 348.336 -8.41931 -4.61249 -0.00569043 -0.609067 -0.0418448 0.791994
1.70513e+09 347.003 -8.40896 -4.27528 -0.00539702 -0.614281 -0.0427373 0.78791
1.70513e+09 345.504 -8.38974 -3.93325 -0.00653776 -0.622079 -0.0445503 0.781659
1.70513e+09 343.868 -8.36619 -3.59273 -0.00697995 -0.631088 -0.0442328 0.774418
1.70513e+09 342.681 -8.34697 -3.38852 -0.00631661 -0.639917 -0.044225 0.767144
1.70513e+09 341.385 -8.33307 -3.20119 -0.00302243 -0.649884 -0.0432285 0.758797
1.70513e+09 339.96 -8.31041 -2.98011 -0.00506086 -0.652761 -0.0439676 0.75627
1.70513e+09 338.352 -8.27735 -2.71592 -0.00829388 -0.653014 -0.0446027 0.755986
1.70513e+09 335.072 -8.23322 -2.1807 -0.00719808 -0.652363 -0.0450057 0.756535
1.70513e+09 333.446 -8.2074 -1.91122 -0.00622986 -0.650894 -0.046676 0.757706
1.70513e+09 331.996 -8.19296 -1.64856 -0.00652058 -0.648793 -0.0439091 0.759669
1.70513e+09 329.103 -8.15193 -1.0818 -0.00685608 -0.641247 -0.0449457 0.765986
1.70513e+09 327.514 -8.13899 -0.748026 -0.00540858 -0.637921 -0.0443905 0.768803
1.70513e+09 326.153 -8.12907 -0.456403 -0.00487103 -0.636368 -0.042584 0.770194
1.70513e+09 324.963 -8.11701 -0.239106 -0.00300864 -0.640463 -0.0436921 0.766739
1.70513e+09 323.737 -8.10081 -0.0537877 -0.0028591 -0.649376 -0.0438427 0.759197
1.70513e+09 322.447 -8.0771 0.120018 -0.00517162 -0.658759 -0.0421307 0.751155
1.70513e+09 319.726 -8.02405 0.350108 -0.00497098 -0.67995 -0.043439 0.731954
1.70513e+09 318.539 -7.99581 0.397177 -0.00753111 -0.690156 -0.0444181 0.722257
1.70513e+09 317.039 -7.95563 0.399817 -0.00639551 -0.703047 -0.0467408 0.709577
1.70513e+09 315.889 -7.92464 0.377484 -0.00719423 -0.711675 -0.046666 0.700921
1.70513e+09 314.666 -7.89314 0.3717 -0.00924598 -0.713541 -0.047215 0.69896
1.70513e+09 311.981 -7.84222 0.61695 -0.00470112 -0.680759 -0.0446264 0.731131
1.70513e+09 310.689 -7.81286 0.858662 -0.00988883 -0.660863 -0.0466102 0.748993
1.70513e+09 309.298 -7.80437 1.13816 -0.00499587 -0.647492 -0.0450723 0.760722
1.70513e+09 307.813 -7.79071 1.48385 -0.00576759 -0.635548 -0.044911 0.770732
1.70513e+09 305.215 -7.76185 2.09852 -0.00756444 -0.631664 -0.0429267 0.774016
1.70513e+09 303.735 -7.74328 2.35149 -0.00491385 -0.641541 -0.045604 0.765716
1.70513e+09 302.538 -7.72434 2.53788 -0.0076988 -0.650027 -0.0448208 0.758549
1.70513e+09 301.385 -7.70402 2.68013 -0.00402552 -0.658358 -0.0441895 0.751396
1.70513e+09 300.025 -7.67301 2.82329 -0.00730175 -0.667755 -0.0463661 0.7429
1.70513e+09 298.644 -7.63876 2.93801 -0.00865728 -0.677278 -0.0461537 0.734227
1.70513e+09 297.223 -7.60561 3.04166 -0.00824774 -0.683452 -0.0450648 0.728556
1.70513e+09 294.1 -7.5255 3.21894 -0.0101923 -0.691888 -0.0478719 0.720344
1.70513e+09 292.644 -7.49266 3.27825 -0.00725398 -0.696182 -0.0454672 0.716387
1.70513e+09 290.823 -7.44313 3.33133 -0.00842909 -0.701057 -0.0481096 0.711431
1.70513e+09 289.354 -7.40146 3.35608 -0.00926717 -0.705048 -0.0474314 0.707511
1.70513e+09 287.737 -7.3581 3.3542 -0.00891688 -0.710078 -0.0458947 0.702569
1.70513e+09 286.081 -7.30547 3.33136 -0.0101894 -0.714544 -0.0453943 0.698042
1.70513e+09 284.323 -7.25153 3.26975 -0.00890022 -0.718845 -0.0495471 0.693346
1.70513e+09 282.573 -7.20199 3.2111 -0.00950351 -0.72279 -0.0486284 0.689289
1.70513e+09 280.968 -7.16017 3.13755 -0.0087036 -0.726978 -0.0459914 0.685063
1.70513e+09 279.271 -7.1019 3.03729 -0.00998135 -0.729886 -0.0494811 0.681703
1.70513e+09 277.605 -7.05166 2.92865 -0.0097827 -0.733394 -0.0480244 0.678035
1.70513e+09 276.014 -7.00142 2.82391 -0.0113141 -0.734174 -0.0491007 0.677089
1.70513e+09 274.646 -6.96758 2.78042 -0.00868319 -0.727755 -0.0480827 0.684094
1.70513e+09 272.813 -6.91849 2.77365 -0.00912423 -0.718206 -0.0482215 0.694097
1.70513e+09 268.62 -6.8257 3.03379 -0.00773433 -0.683066 -0.0461759 0.728854
1.70513e+09 267.075 -6.82023 3.30113 -0.00367841 -0.662003 -0.0401255 0.748417
1.70513e+09 265.517 -6.7787 3.6592 -0.0136599 -0.638733 -0.0494448 0.767717
1.70513e+09 263.549 -6.77024 4.15599 -0.00463854 -0.621983 -0.0418143 0.781899
1.70513e+09 262.194 -6.76352 4.52331 -0.00516172 -0.611381 -0.041794 0.790215
1.70513e+09 261.073 -6.75991 4.84329 -0.0052585 -0.603525 -0.0431897 0.796156
1.70513e+09 259.563 -6.7488 5.29582 -0.00572776 -0.599901 -0.043068 0.798893
1.70513e+09 254.77 -6.74495 6.62023 -0.00352327 -0.611167 -0.0392564 0.79052
1.70513e+09 252.323 -6.74022 7.14601 -0.00178266 -0.628847 -0.041235 0.776433
1.70513e+09 250.629 -6.72979 7.43617 -0.00195055 -0.640983 -0.0449597 0.766235
1.70513e+09 248.318 -6.71283 7.7338 0.000399247 -0.658024 -0.046016 0.751589
1.70513e+09 246.056 -6.68367 7.97408 0.000445489 -0.667505 -0.0471978 0.743108
1.70513e+09 243.58 -6.64878 8.28469 -0.00158285 -0.666798 -0.0476113 0.743714
1.70513e+09 241.211 -6.6105 8.59337 -0.00335987 -0.664606 -0.0470935 0.7457
1.70513e+09 239.358 -6.58188 8.84857 -0.00426413 -0.662826 -0.0470474 0.747281
1.70513e+09 236.704 -6.542 9.23359 -0.00479414 -0.659239 -0.0499673 0.750257
1.70513e+09 233.744 -6.47062 9.71558 -0.00825039 -0.653849 -0.0523495 0.754767
1.70513e+09 231.024 -6.41778 10.202 -0.00796935 -0.648888 -0.048791 0.759276
1.70513e+09 228.149 -6.35694 10.7631 -0.0075966 -0.64058 -0.0496631 0.766246
1.70513e+09 223.488 -6.25403 11.69 -0.0108642 -0.643998 -0.0508621 0.763257
1.70513e+09 221.873 -6.20485 11.8888 -0.0110741 -0.658546 -0.0497829 0.75081
1.70513e+09 220.309 -6.14978 12.0436 -0.0119899 -0.669726 -0.049138 0.740884
1.70513e+09 219.086 -6.11705 12.1597 -0.0125941 -0.67506 -0.0466928 0.736176
1.70513e+09 217.698 -6.09486 12.2718 -0.00821434 -0.679448 -0.0443267 0.732337
1.70513e+09 215.984 -6.06775 12.3946 -0.00664822 -0.684062 -0.0447789 0.728017
1.70513e+09 214.103 -6.0347 12.5402 -0.00935102 -0.683823 -0.0474594 0.728042
1.70513e+09 212.19 -6.01708 12.7322 -0.00684991 -0.677123 -0.0455455 0.734427
1.70513e+09 210.459 -5.98783 12.9887 -0.0105398 -0.665494 -0.0461339 0.744901
1.70513e+09 209.127 -5.97528 13.2064 -0.0089747 -0.657343 -0.043972 0.752254
1.70513e+09 207.307 -5.94648 13.4905 -0.00797625 -0.654317 -0.0449626 0.754841
1.70513e+09 205.16 -5.90685 13.7502 -0.0055439 -0.663177 -0.0426506 0.747226
1.70513e+09 202.743 -5.84864 13.9579 -0.00915404 -0.674963 -0.0453007 0.736403
1.70513e+09 200.976 -5.79477 14.0675 -0.0106348 -0.683123 -0.0467792 0.728726
1.70513e+09 199.133 -5.74932 14.136 -0.0100964 -0.69165 -0.046336 0.720674
1.70513e+09 197.499 -5.70743 14.1726 -0.00998245 -0.697809 -0.0459068 0.714741
1.70513e+09 196.029 -5.66502 14.2205 -0.010705 -0.697998 -0.0456667 0.714562
1.70513e+09 194.734 -5.62735 14.2772 -0.0119653 -0.697365 -0.0458546 0.715148
1.70513e+09 193.19 -5.58342 14.3336 -0.0107111 -0.696002 -0.0477597 0.71637
1.70513e+09 191.96 -5.54676 14.384 -0.0114698 -0.694965 -0.0467566 0.71743
1.70513e+09 187.37 -5.45188 14.6553 -0.00781685 -0.688333 -0.0462954 0.723874
1.70513e+09 184.776 -5.3922 14.8648 -0.0115357 -0.684272 -0.0465538 0.727648
1.70513e+09 182.316 -5.33858 15.088 -0.0110586 -0.68093 -0.0449417 0.730885
1.70513e+09 180.787 -5.30634 15.2358 -0.00895935 -0.678329 -0.0444931 0.733356
1.70513e+09 179.239 -5.2724 15.4054 -0.0103408 -0.676033 -0.0437606 0.735498
1.70513e+09 177.427 -5.24169 15.6145 -0.00874228 -0.672336 -0.0420893 0.738997
1.70513e+09 175.582 -5.21034 15.8466 -0.0107169 -0.668026 -0.0424024 0.742851
1.70513e+09 173.03 -5.16887 16.1782 -0.0101798 -0.663417 -0.0449468 0.746829
1.70513e+09 164.803 -4.99844 16.9587 -0.0112128 -0.686511 -0.0444498 0.725673
1.70513e+09 162.197 -4.93994 17.1081 -0.0130442 -0.690225 -0.0464766 0.721983
1.70513e+09 160.037 -4.88877 17.1881 -0.0116887 -0.697168 -0.0459661 0.715337
1.70513e+09 157.606 -4.81727 17.1856 -0.0119783 -0.708132 -0.0467992 0.704425
1.70513e+09 155.776 -4.75716 17.1547 -0.013405 -0.714523 -0.0484895 0.697801
1.70513e+09 151.172 -4.62151 17.0593 -0.0115416 -0.716161 -0.0454997 0.696354
1.70513e+09 149.346 -4.58232 17.2123 -0.0099267 -0.693909 -0.0473509 0.718435
1.70513e+09 147.499 -4.55347 17.4836 -0.00970643 -0.674624 -0.0438143 0.736796
1.70513e+09 145.552 -4.52169 17.8198 -0.00904007 -0.659711 -0.0437435 0.750191
1.70513e+09 142.979 -4.47861 18.2312 -0.0108941 -0.660297 -0.0442168 0.749623
1.70513e+09 140.681 -4.42488 18.4223 -0.0100961 -0.679063 -0.0445789 0.732656
1.70513e+09 139.063 -4.37726 18.5139 -0.0114016 -0.687418 -0.0464026 0.724688
