100.1513000000000062073013 38.59132223511793569059591 -6.079986355542235543225615 235.5198821385060341526696 -0.5011198261815378307559854 0.5079212206261494166881221 -0.4923624857749950844976183 0.4984718006536535406247879
99.94308999899999435001519 36.95513979477744470614198 -6.032304396691421821685708 235.5757347597347290957259 -0.4988897777487682483332776 0.508751479441692633365335 -0.4937917493102700339235867 0.4984482221221951947498496
99.52634000000000469299266 33.6580442176573555457253 -5.924064874399337377042229 235.6656481191986642897973 -0.4930874882988166563180243 0.509928923795653799011518 -0.4958030316582267005287576 0.5010155440286084838064085
99.31798999900000524121424 31.99424100421235550584242 -5.863867397175805962206141 235.6993282577636250607611 -0.4907860068733340686009115 0.5107012969886126629859291 -0.4955695309816613991493739 0.5027167399978773598689941
98.90137000000000000454747 28.65819481319190487056403 -5.745691583248648370840783 235.7724344958562596730189 -0.4899176271387725711825567 0.5104855627153253028183144 -0.4967209102848382240580349 0.5026465419792861544223683
98.69307000000000584805093 26.99417264923417292266095 -5.682986332168090015670714 235.8039152405699780956638 -0.4891927584431710607226762 0.5112852085447370242832221 -0.4968442640673652044291941 0.5024178120583350226624475
98.27666000000000678937795 23.68667270745540776033522 -5.566712008694030267008657 235.8599442852232641598675 -0.4889334029489758037811953 0.5138830228026547430886239 -0.4930065423045215666775221 0.5037984870966571993022853
98.06856999900000460002047 22.02784367575506863090595 -5.508063362532650941716383 235.894768665358299131185 -0.4871967605791248101532176 0.5175542118335539898410502 -0.4916278188352553035755932 0.5030696194781044683352889
97.96451999900000373600051 21.21510189158803427744715 -5.48180627767703132491306 235.9153122896308900635631 -0.4879273477573481399005573 0.5180226026788079529694642 -0.4899398190609529080141726 0.5035260272546741022736683
97.54846000000000572072167 17.97341132809248875901176 -5.368335644322977273645847 236.0299152610676003405388 -0.4909726173316402153545823 0.5212706527935838662912715 -0.4863118538511154720360707 0.5007230535641054025575158
97.13272999900000570505654 14.74578757095467551607726 -5.257121182126129887990373 236.1899963461342792925279 -0.4948273674719704806612697 0.5233442829019027131565167 -0.4844751163018275463834073 0.4965284479654550886529307
96.71707999900000629622809 11.5726026522418177222562 -5.149414501106831743015846 236.3689751422496101440629 -0.4932938955391826252316889 0.5226057144906716134258318 -0.48745686251387293497217 0.4959135075732498676437388
96.5092099990000065190543 10.05359967137926702207551 -5.092788866418032078797751 236.4462036437152505641279 -0.490168686487712668142791 0.5228355115335034941637105 -0.4897124381969470974240721 0.4965474947491040902392001
96.30147999899999433637277 8.603718695084920042859267 -5.049193227048722754091159 236.533027938488402242001 -0.4910752986347407533784803 0.5163495430350627524163087 -0.4942735395340235315941868 0.4979175319214923511879078
95.88590999900000610978168 5.857184386221527816474008 -4.935839586666449285701219 236.5992463151356162143202 -0.473575806668165011359406 0.5042427306158003830205416 -0.5113743810657570554312201 0.509864164605958292142418
95.67789000000000498857844 4.590324108751397069738687 -4.887328394712167956015492 236.5911834746812871799193 -0.4664503286091151723624648 0.4902779136829944484077259 -0.5227722806471386540749791 0.5184214510242500795200726
95.15809000000000139607437 1.69500375992244833867062 -4.753348712891146909953477 236.3194060507643428081792 -0.4268610997766394410390944 0.4586492034079884261288385 -0.5533515846781432712120363 0.5488465481761579667363549
94.7416099990000049047012 -0.3119064640736500804152342 -4.661028608816822682570091 235.913186862274869781686 -0.3863059897912758389182386 0.408044473373774418956117 -0.5889678893421154137755025 0.5808478418005839083448905
94.53307999899999458648381 -1.205322100726979872575839 -4.598440484470803113481452 235.5890946884263144056604 -0.3513950332663555164991465 0.3826416420164445719720447 -0.6065765483676892610986897 0.6018071081011229228607817
94.11581999899999573244713 -2.751438979331731093935787 -4.536916563777962707604274 234.7980450672253311950044 -0.2892004647105992365396787 0.3134526003301899566011457 -0.6386115823870195384870385 0.640535561384816820584831
93.698449999000004595473 -3.993150712188308748551435 -4.446771263193850742823088 233.7267197955866322445218 -0.2186609090470561511665437 0.2506813002043652982564481 -0.6564668368320504265867044 0.6770506515189881335814448
93.28082999900000515935972 -5.008833802908923438224065 -4.399617833995882243414144 232.5432584729588540994882 -0.1616283987399087518355145 0.178302113843433390760751 -0.6784992979386444966749536 0.6940629075354067811787218
92.86294999899999424997077 -5.737318158219576247347504 -4.329440292477898744039067 231.211192500901489665921 -0.102458387752910731749445 0.114645060639691584447597 -0.6890985769027154761445786 0.7081680169004019864686938
92.65403000000000588443072 -6.041043902418844702140177 -4.29892913202567061858872 230.4921865957801685453887 -0.07453823342999171819300841 0.08664976476728243615088587 -0.6980178742927249935235068 0.706899509966428030161012
92.44485000000000241016096 -6.289750540991839500293281 -4.272903122037676304501019 229.7373867547329382432508 -0.04843143589698190726311466 0.0597319906576985054647011 -0.7051349886807836142565975 0.7048908660545804005792547
92.02688000000000556610757 -6.57787451358775587806349 -4.216113280580376709849588 228.1073615028180654462631 -0.008935085009786588802760399 0.01229387629751803670541399 -0.7069494553904006606259713 0.7071007653684625582357626
91.40035000000000309228199 -6.6543491280613551452916 -4.141757317380372782622544 225.4579837743807786409889 0.02300157688682370055177628 -0.02462316438632404166919621 -0.7058199214890675809996878 0.7075894753778422252565861
91.08750999900000522302435 -6.581074364801739129404723 -4.106196370735328393664076 224.0436947895659614005126 0.02706660679741746539095359 -0.02872751138442703952580182 -0.70486310271865371124278 0.7082444036573564138947745
90.56632000000000459749572 -6.422403772750854500372952 -4.036738568841147234422806 221.2964586994710032286093 0.02197751959841246285898286 -0.02515647138310274019690205 -0.70510188032259391022194 0.7083187693019259434379364
90.3579699990000051457173 -6.36209601941891378373839 -4.00334189354912695080202 220.0355455767085288698581 0.02038470446514211581456877 -0.02250696316246985489994969 -0.7051655123433270277999441 0.7083921940808252104559983
90.14960000000000661657396 -6.308218509852435929019521 -3.970215199496850200233666 218.6851329950693525461247 0.02039191643413011331698037 -0.01994145065447008868808609 -0.7054497271233128863343609 0.7081858448116443716102708
89.94118000000000279214873 -6.249125814427125114036699 -3.933864401484074235781918 217.257135122177970742996 0.01862718244127731931358838 -0.02006582054409652288162746 -0.704729176058741635380045 0.7089479383789464295162475
89.73269000000000517047738 -6.194442358351534672067373 -3.898789281956206220769445 215.7637053330475396251131 0.01805384245305075366361258 -0.02075694987753002804242719 -0.7043090686850946857688882 0.7093602354039848512101685
89.31571999899999525496241 -6.073457565612010000677401 -3.822984064808023774162393 212.6164532674098381903605 0.02016325245388600820306557 -0.01930572139139384579831216 -0.7031997310154820546301835 0.710444136207620924317041
89.10742999900000427260238 -6.014472484905613924865975 -3.786964759953324044516876 211.0060115731384371429158 0.01726519171449135414686538 -0.02002279768958712888315965 -0.7035763797469417601959663 0.7101276495038979508223065
88.69044999899999481840496 -5.912820349342104542245124 -3.721802462000665112640263 207.7443479812007183227252 0.01495184209948862558148264 -0.01687631984403301782515783 -0.7036216432062176728834402 0.7102170199721605792220203
88.48206000000000415184331 -5.87453953722113819679862 -3.68024673397161983245951 206.1179005149121223894326 0.01537131665411202267879087 -0.01427540461579919484069734 -0.7038789499722830633743342 0.7100101120641103547015405
88.06568000000000040472514 -5.813638519408915072972377 -3.592645218451082200772362 202.7815290096704359257274 0.0147849939863971425318967 -0.01065888232016708007943162 -0.7050964021288400607190283 0.7088771796901579547167671
87.85717999899999597346323 -5.7814344101981296475401 -3.5462734965105302542554 201.0968804918925343372393 0.01525746772116172780831 -0.009339834557964190459022902 -0.7047610346742617659643315 0.7092191912053928959380755
87.44089999899999554600072 -5.723604249566970558760204 -3.45433905765968329859561 197.8016797627861365072022 0.0135002996950073003018522 -0.008728543278862748930335691 -0.7020032735929188083545682 0.7119922459586199847692001
87.23286000000000228737917 -5.704746679823726296376663 -3.401623754384026643293737 196.1533675838727788232063 0.01572133359144247885530454 -0.004646713280370128387741779 -0.7018836083651577295583479 0.7121029757233869883492616
86.81672000000000366526365 -5.689134063763244597566882 -3.307650323921049739794853 192.947145227726082339359 0.009544776453714149191953631 -0.003024042939424110773560805 -0.7025382383004160624651036 0.7115755589763446131712499
86.60896999899999570970976 -5.690595921370235288350159 -3.266671991226445026512692 191.4047855545568950219604 0.008416803385660890854391702 -0.0005262803756322123561670057 -0.7020553524086590169162037 0.7120724419636578206294075
86.40144999899999334047607 -5.711213649780308543313367 -3.228500942909364290756002 189.9177799270502475792455 0.008160094975226480848440325 -0.0004523422804377957612449734 -0.7038952995049457816989502 0.7102567251151509220008506
85.9858300000000070895112 -5.744345980332609791219056 -3.150056328964257801317217 187.0948724783400223259378 0.0193482700896392481593189 -0.01000674664246160167069277 -0.7073355382640160726737122 0.7065422462775504675036586
85.77809000000000594354788 -5.734194912949189593120991 -3.111839742615275294923549 185.7684864732356970762339 0.02972625102532964677659599 -0.02136592300329474489184456 -0.7097227958510523571078465 0.7035292462887111630820414
85.57007000000000118689059 -5.688364962742416430785397 -3.080387344911914127010277 184.5032083816219028449268 0.04778422663872874953661096 -0.04040080190469726162394437 -0.7105817101610671926437135 0.7008267090191190318293479
85.15425000000000466116035 -5.41203449540673808826341 -3.041795970713532248907995 182.2122477643833349247871 0.09709274031027247120473334 -0.09717882679068225171281625 -0.7052966948050516382551223 0.6954752674967662473548558
84.73726000000000624368113 -4.872641868678890375576884 -3.015777061433739358875528 180.2885849623398542007635 0.1555388052456952718838323 -0.1573905417247947191583535 -0.6918667690374041834289187 0.6872817990752121408704056
84.31931000000000153704605 -4.134226886977817372326172 -2.998217485833623463520325 178.6811741862384792511875 0.2108431595481353448828798 -0.2209903313992505891061313 -0.6756329998434477124291675 0.6709906743184682609282277
84.11077000000000225554686 -3.740036920420305666112881 -2.994140077630261576047133 178.0092347823467093803629 0.2405596689881296934565569 -0.2513917329422728497156925 -0.6653467156696727391462787 0.6604899622342358389559536
83.90194999899999572789966 -3.315038003037970248954025 -2.992745642012269335907604 177.4016240968376507680659 0.2708735958194116166808385 -0.2788399738608886568869139 -0.6560408963012636096578944 0.6469050211934942451463826
83.48474000000000216914486 -2.39394004995054521245379 -3.019261694161341491593475 176.4275219116857158496714 0.3171294551661102967266004 -0.3387066944698080561693132 -0.6335289314336458588172718 0.6191508514279258079682222
83.2757200000000068484951 -1.901725217456766481305408 -3.027475733554179537776463 176.022829623843051649601 0.3377829032988794444314351 -0.3650765487916881602004082 -0.6221337500816837007278082 0.6046250249291966749609628
82.64906000000000574345904 -0.1924855543719072026309647 -3.059222367024343469665837 175.0131719750928027679038 0.3978894903009395633830536 -0.4193857095449780580942445 -0.5867200354849581023231053 0.56706188383459832369482
82.33601000000000169620762 0.7486211919343709331187142 -3.078642622900153558163083 174.6241019613658806974854 0.4171976011328986100323846 -0.4408401552786687660479004 -0.5749196572731134491363036 0.5487016555322206112776939
81.70981999900000403158629 2.973943894918412045313971 -3.127798429684610859169425 173.9936696556004562808084 0.4471200633864381157600576 -0.4696393562568422774816668 -0.5549379853974634180246994 0.5211202896980416943151226
81.396839998999993781581 4.274839832892073587800041 -3.169876132528429035772888 173.7433541662184381948464 0.456528641549407976363284 -0.4802051893803276905181576 -0.5480178875014517503316824 0.5105496748757192282397455
81.08396000000000469754013 5.679346016750186798560662 -3.216715421178958589365493 173.5384448968207493635418 0.463003837117581584781334 -0.4883871011324867339453704 -0.5431918210350678011266723 0.5020439540741520323408054
80.45824000000000353338692 8.908639541703381681259089 -3.333959538642383257922575 173.1982411686889236079878 -0.4722788621323089630621439 0.4940790620964480295285171 0.5370186924325016653014586 -0.4944183256706733420315913
80.14530999900000551861012 10.74943240218299145283254 -3.398611049037313591725251 173.0465487934093857802509 -0.4746998848004181370541232 0.4961958925665733155518922 0.534973417436734766106099 -0.4921921354578845941851739
79.52132000000000289219315 14.80300134149378443737533 -3.538380779795122332842539 172.7538553194852113392699 -0.4786609801927072527227836 0.4972379003559559973446369 0.5325014181660252532424238 -0.4899799752456512336173944
79.31128999899999598710565 16.22865519813423418327147 -3.584454839526422631479363 172.6590072988560677913483 -0.4799511293634924902207217 0.4973389413880170417670001 0.531730472090478745172959 -0.4894523427793466829882618
79.10273999899999353146995 17.6860592909114409110316 -3.632010337372780561793206 172.5654218034173368323536 -0.4817931175498907370169377 0.4977440125669624904070076 0.5307474385874506594973354 -0.4882964737412681666128833
78.89417000000000257387001 19.16661761858924606372057 -3.679946588605329527155163 172.4778710764845754965791 -0.4829579048818952169419561 0.4992806825069606158074009 0.5301695632079641562484085 -0.4862002637137811111855967
78.47714999900000520938192 22.2164498961395295850707 -3.784021848581118341314777 172.3271717559007925046899 -0.4850741804773888721236119 0.5027594005972348956134965 0.5284894879856858462829905 -0.4823223876557322653546578
78.26858000000000004092726 23.8184886123307641980773 -3.844313173833651120503418 172.2656500327241531067557 -0.4851199662215655572516937 0.5046325231854342785453582 0.5273186061125100243529573 -0.4816012069796425376644322
77.85169999900000448178616 27.18923792119510807197003 -3.967439814183625568233538 172.1442268691654078338615 -0.4839590949791369167698463 0.5041118132494971648682736 0.5266336601388723615002618 -0.4840577053802712637065042
77.64333000000000595264282 28.92962375749416992221086 -4.0311174234787809922409 172.0726304811684315154707 -0.4831986151375907145855138 0.5033332688881176908424209 0.5273756111921310552048681 -0.4848192276294767677491393
77.22668000000000176896719 32.50186563082510105004985 -4.162635588816288034763602 171.9115675033396541948605 -0.4802748674569415343604817 0.5019372894446073596341762 0.5294809633438312124198433 -0.4868725897097782584488357
77.01832000000000277850631 34.33328999212238130667174 -4.228337270380514212320122 171.8183684748685493559606 -0.479677970290219912730123 0.5009282742257635812066496 0.5294602296119217399450463 -0.4885199833770817456901625
76.60190000000000054569682 38.12241923135648846709955 -4.36655346789450682365441 171.6030654666911914318916 -0.4780177391199293412960003 0.5004680002226913337892711 0.5300543435211358955783112 -0.4899726673541587862459323
76.39329999900000700563396 40.04642483494234994623184 -4.432867482802911318628958 171.4923845261648125415377 -0.4784033319486225011019087 0.5001508762045814293628609 0.5286270832717810952416926 -0.4914598252592121130355451
76.18500000000000227373675 41.9942376689055905103487 -4.498376791707770827599688 171.3780326803940283753036 -0.4782585157663989394727366 0.5004387340270221029570052 0.5277663722972839588365446 -0.4922321828715764957529188
75.76833999900000549132528 45.92668910662296610780686 -4.617218673922073080007067 171.13729495896393473231 -0.4787372810390094768351332 0.4970522204150270018097046 0.527596450054438226295872 -0.4953702572963203931699638
75.35170999899999344506796 49.83358092813963224898544 -4.735274494893526586736243 170.86865294327964193144 -0.4747675938399171791104436 0.4962006182638029061493512 0.5330071709226205101117557 -0.4942509828206109734338725
75.14342999900000563684443 51.81356395850594509511211 -4.806671603759142819001227 170.7159334353312942766934 -0.4740131961898987333903221 0.4951582327457899057598922 0.5344870277022444327030826 -0.4944223210979890592575714
74.93507999899999560966535 53.81158529698519288331227 -4.880908415985809156723008 170.5563245335291071569372 -0.4731781493659130699569459 0.4944963045225395648074596 0.5358768610944013577324085 -0.4943802519516865556781227
74.72670999899999344506796 55.8310960659862018928834 -4.956304986715387883577932 170.388998083662386306969 -0.4730445649880308245371907 0.4932045166509445577318616 0.5364343475071661204722773 -0.4951932300677722720294582
74.30980999899999517310789 59.90124898171217182607506 -5.108888837111053682349393 170.0344008164200602095661 -0.4725359583716913225437395 0.4923473938456732756918655 0.5375457242439228844332888 -0.4953265651731159624482359
74.1013300000000043610271 61.93754949390226727246045 -5.189322608205323206220783 169.858766039104210676669 -0.4715110012683871865135643 0.4927976566695991822442124 0.5374352297685474066923916 -0.495975018592129668348889
73.68460000000000320596882 65.96918137094068868009344 -5.339905309103705199902379 169.5031806458968048900715 -0.4697621978516252072566317 0.4911705315235306290588824 0.537665906510433999621057 -0.4989893379710794718562283
73.47628000000000270119926 67.97101976227772013317008 -5.415332463101229620860977 169.311231633661577689054 0.4682066916758885199989493 -0.4899271231763804856917943 -0.5392031206093650386179661 0.5000139023778820135390788
73.0595600000000047202775 71.98060116707394229251804 -5.564278169465569412466266 168.8859457355071072015562 0.4666782503595501285786895 -0.4850728169573443882001129 -0.5436052244583373660447023 0.5014071527531454020021329
72.85133999900000389970955 73.96629500948691315898031 -5.637942335102057000995046 168.664824619183946197154 0.4659667225901407139332377 -0.4843406574991037105704095 -0.5441731264203384377253769 0.5021600834533277435411946
72.64297999900000490924867 75.95141648483858887175302 -5.70349657006688559590657 168.4345760938144280771667 0.4677124836558697595911838 -0.4820109565969848963717936 -0.5434102537123258747087107 0.5036027864430691058927891
72.22605000000000075033313 79.8829948418847095581441 -5.842449681195550859058585 167.9778804473635887006822 -0.4660778383226531484950783 0.4845446993897025711461879 0.5470547824422354876716668 -0.4987173026123157271172204
72.01779999900000461821037 81.84407766586976151756971 -5.916504755326988274077848 167.7597200110555490937259 0.4673791100777149321032766 -0.4833599740061148564151949 -0.545372625633353202978526 0.5004883637024482023747396
71.80946000000000140062184 83.8058531987762904691408 -5.983968027581573423390182 167.5341138029455692048941 0.4687284230834883880234543 -0.4809215254102562342453098 -0.5456112961916247394711377 0.5013147367261745479538604
71.6015100000000046520654 85.77870261396493845040823 -6.048103924960722466153129 167.3031513279835280627594 0.4689147281422512136828118 -0.4802328711184913889731263 -0.5466456150280564196819455 0.5006734852168300831110059
71.18447000000000457475835 89.69518396932114967512462 -6.170513029498396306848917 166.840345009485957916695 -0.4706496281660159097803842 0.4794851720180243748181681 0.5470747695224156270654703 -0.4992915920321838174622542
70.97625999900000692832691 91.6337701628898173566995 -6.238702320616397400954156 166.618542225808340617732 -0.4697434899196042956681652 0.4820583323695012967213813 0.5475896468254070059700211 -0.4970979748107128282086364
70.55916999900000519119203 95.5069887599843667658206 -6.382270355310608600518663 166.1960488322488060930482 -0.4722806328673583298183303 0.4842434195610489378047703 0.5447740848025676152488472 -0.4956616900243094314681969
70.35078000000000031377567 97.45343950926496745523764 -6.448403818863825520679711 165.9922441422510246411548 -0.4749804104053417241892987 0.4839095373370706498761251 0.543548909791680801006919 -0.4947522127991655360723655
69.93392000000000052750693 101.3685919913030772931961 -6.578887245679736039960517 165.637868405588676523621 -0.4746756799036914720169023 0.4880219362599926280488205 0.5405178417409408631044698 -0.4943258554807056226465534
69.72560000000000002273737 103.3370205651974913507729 -6.653121358316064437588011 165.4673030789511756211141 -0.4722836397795110441322208 0.4898962738002800021419603 0.5403277764837038921186263 -0.4949704016134648942859542
69.51724000000000103227649 105.3128058833216869061289 -6.72807017259052386748408 165.2891382431761542193271 -0.4719279334434445805079861 0.4898370320546673872819099 0.5395757636244639110500998 -0.4961871652640273966383688
69.10044999900000561865454 109.2332902352871286666414 -6.871823928770931289022883 164.9248939380523211184482 -0.4722575729015937584520657 0.4891076963496435725531342 0.5389029262946004594780902 -0.4973229154581128019785297
68.89224000000000103227649 111.1748580651044022715723 -6.93987500975534388203414 164.7419181460427353158593 -0.4720770051722161797513877 0.489400782043520776731782 0.5386669309141135508767206 -0.4974616701439331656331433
68.47544999900000561865454 115.1112762441440082739064 -7.073361233946207526912531 164.3745928121656731946132 -0.4721444091788108421425818 0.4895579817264236188734117 0.5379839751615889120728298 -0.4979818087826875516732628
68.26697000000000059571903 117.0691075288943778787143 -7.140667792267882063583784 164.1939147582588418572414 -0.4722266844279245368021236 0.4898915068725664956339472 0.5379523126858515302828323 -0.497609866546353141192327
68.05859999899999479566759 119.0290119392913226192832 -7.207454387655988448102562 164.0162613439692904648837 -0.4719948970940832655429631 0.4901482144406225649468922 0.5376968354314329845422549 -0.4978530487652332303660785
67.85004000000000701220415 120.980811208497883058044 -7.274876374644411392011989 163.8387212476891079404595 -0.4716107308941133724466965 0.4902599541131863469800578 0.5380051958580573945312153 -0.4977739498288251684954275
67.43318999900000676461786 124.9016366312499144441972 -7.420966636220880374708031 163.4789411979131159569079 -0.4692630160621392709785482 0.491602827655028107312063 0.53836288839834500752346 -0.4982813281603439281575163
67.22468999900000596881 126.8732697380514622409464 -7.493911625804337894862783 163.2957168235149651991378 -0.4690503058931329571912272 0.4915551538959201383072184 0.5375416487645782170901043 -0.4994139736364765491671847
66.91192999899999449553434 129.8615580955954271757946 -7.593142044456826056375576 163.004886152798775356132 0.4711828030272934286770692 -0.4884645121014244417700922 -0.5366982857714219790068455 0.5013423347363333837378718
66.80768000000000483851181 130.8499661797905275761877 -7.622661201762242377810708 162.9050816739616323047812 0.4721733148119364176231727 -0.4871481329144706218237104 -0.5368693078245927452485375 0.5015081292395926482186042
66.59937999900000704656122 132.8281930467094866799016 -7.679985110873037257306351 162.7015247586185466843745 0.4732865138964416629185905 -0.4851368192012630586873456 -0.5387506753944911741527335 0.500389700314679775061677
66.39083999899999355420732 134.7852851205746276264108 -7.745070974182211465119963 162.5096727739654056676954 -0.4705816372818226178686984 0.4864681855693404610718744 0.5404438642614109999939842 -0.4998220249891222599636365
65.97396000000000526597432 138.6672947833076534607244 -7.879669841355311454833554 162.1049088798945945200103 0.4651535299671006873367674 -0.4825624957187092944899121 -0.5436856058105098421506796 0.5051451210487296616946651
65.76555000000000461568561 140.5629841527867540662555 -7.943098453339666242811745 161.8763649534919295547297 0.4627005269275065724166041 -0.4801404786646509270653382 -0.5456055938821701145613474 0.5076296672311150226519771
65.34901000000000692580215 144.2886533138798768050037 -8.062262847645177643585157 161.3773740261913758331502 0.4612846883117640017779593 -0.476622284723423383923091 -0.5479327527329967972846703 0.509722799682909788465679
65.14016999899999404988193 146.125573001747909529513 -8.126844959119029709881943 161.1208003704526277033438 0.4602382499056170694906598 -0.4779953742618660017527077 -0.5488165708147125787519371 0.5084304742118168629616548
64.72337000000000273303158 149.7657898141367809330404 -8.259022590834316446262164 160.6136437327455723789171 0.4626560943769758016408389 -0.4777487787304227073725826 -0.5489610346696706111302433 0.5063074413553864117076841
64.51514000000000237378117 151.5695078730709894898609 -8.321137798465215951182472 160.3721861566757809214323 0.4633279931887019364999958 -0.478199655694905190195243 -0.5484541211698975571309234 0.50581650525932730921852
64.30630999900000688285218 153.3427269976710931587149 -8.379452793271735089319918 160.1364159089955876424938 0.4644852157706488293698044 -0.478173228039413478196451 -0.5481181238126231480833894 0.5051439108461971416730307
63.8895699990000025536574 156.8566444445444290067826 -8.502606050309378105112046 159.6831450081566856624704 0.4636796185727472541238114 -0.4800626416516442507287366 -0.5489064174860610600958921 0.5032323680500839779838884
63.47229999900000052548421 160.3839985562383390060859 -8.628046403776869155421991 159.2329291444002592470497 0.4651453315772346996936903 -0.4799802019224247984219289 -0.5483087972316977865006038 0.5026094797680823456076382
63.26393999900000153502333 162.1590709698364776158996 -8.690085776235013881318991 159.0130033127719286767388 0.4654482683791483221824592 -0.4804054001720459710078615 -0.5477977309169161923563252 0.5024800562715573404304337
62.84955000000000069348971 165.7141885917080799117684 -8.818929167692372672604506 158.5752696141444744171167 0.4657556370272697421341945 -0.4820955042206387930470157 -0.5475768408712619050859871 0.500814551235304050713637
62.63844999900000232173625 167.5071241929572636308876 -8.884669042045960196674059 158.3614952339872559150535 0.466868178807541112096402 -0.4828796447636880539988624 -0.5462772671568348892279232 0.5004423040446158710281566
62.2215899990000025354675 171.1145326959763224294875 -9.021009430257947769860039 157.9485974006423987248127 0.4662177527121121878295185 -0.4837940277517826515030208 -0.5460471821063733743883972 0.50041664708666977467999
62.01323000000000007503331 172.9166945314408110334625 -9.083963454932982628520222 157.7410018554977284566121 0.4675941242183186963288222 -0.4817693530911956178997002 -0.5452004456322124825717879 0.5020064735648647191723626
61.59656999900000329262184 176.4996135234430880700529 -9.205458610835094646063226 157.3262148463603296022484 0.4660782807507719560646819 -0.4820702316476381810161911 -0.5457854381039893842952893 0.5024913765680304456040517
61.38817999900000188517879 178.2915237132571064648801 -9.266332448859312620470519 157.1146003898604703863384 0.4657731539899917505564986 -0.4823429590568447666854013 -0.5454767957851340831609832 0.5028475953313142898792876
61.17981999900000289471791 180.0886233094662429721211 -9.327262169346507647560429 156.9015222676199527995777 0.4661526679528588124057364 -0.4827335926745049965447265 -0.5448766542763355813505655 0.5027717178686796906106338
60.76324000000000324916982 183.6596730040170086795115 -9.457902175422617574440665 156.4888938773669906368013 0.4667300070825196600665663 -0.4850471563457710577615956 -0.5435811626225347525931397 0.5014098884660789234857248
60.55478999900000047773574 185.438215696958906164582 -9.52514678829322924968892 156.2836421586760593527288 -0.4688125813177522194230562 0.4864479199791167940425396 0.5430082202212427322507438 -0.4987236283938580316821287
60.13781999900000130310218 188.9898925161322722487967 -9.66176132833364142982191 155.9356185146748146053142 -0.4777904856343880846125671 0.4936600041682028816580896 0.535073190740270265841616 -0.4916428914089291390965286
59.92931000000000096861186 190.7389239614676625933498 -9.727687922424035349422411 155.8095015059995489536959 -0.4835717160634639411043167 0.4983536117796131814650096 0.5288696797344825117903611 -0.4879538245645761440627552
59.72072000000000002728484 192.4357836742111089733953 -9.794259569537622667212418 155.7223901196135784630314 -0.4885753031313060934515136 0.5042206912785911487873136 0.5224050521162535432040386 -0.4838890670185745923603804
59.40751000000000203726813 194.8718272119015182397561 -9.89284305982399381207415 155.6621094411295871395851 -0.4940576145624119286381415 0.5139391032662580238721262 0.5133847411310399344586131 -0.4777130720428204857519461
58.98942000000000263071342 197.8660415205042397701618 -10.01520374085080611337162 155.6985046852810796735866 -0.4989745404812046536413561 0.5255976283571193174992686 0.5011296634672233185625601 -0.472906546169715835681302
58.5715599990000015395708 200.5787208091842046542297 -10.12641604318613097746038 155.8072604000809633362223 -0.4938947310931269818468081 0.5281303749921252288501705 0.4986183114763855228623868 -0.4780440158286297647194374
58.36258000000000123463906 201.822102651142159857045 -10.17972855114975594403859 155.8477899784166140761954 -0.4903814930633053625896878 0.5254986607687290867119145 0.5009955366872979043435521 -0.4820587319100049783493489
58.15382000000000317641025 202.9887086514292775518697 -10.22144953252075616489947 155.8829693354399807958544 -0.4829460971198353269606685 0.5205522666570263634611138 0.5041555852356244260548124 -0.4915440477013995335120455
57.73657000000000039108272 205.0668529410333462692506 -10.30637131199271472326018 155.8378789443816572202195 0.4671992579618687857490045 -0.5036051143800863716393224 -0.5221525501700545746075477 0.5054339288977418576109812
57.21370999900000242632814 207.2619599036703732508613 -10.39122823484136759475405 155.6811200716184373504802 0.4435158845464288179805123 -0.4820307217713797331981596 -0.5402807448489479469344587 0.5282393019920303967040809
56.79569000000000045247361 208.7947159901804923265445 -10.46002370821834581704479 155.4390016334102995188005 0.4109970298220521067733557 -0.4436852910717358211556416 -0.5725453430950117050812764 0.553549125249291118500139
56.58711999900000222396557 209.540953949017961122081 -10.48733875630936474010468 155.2725483213997961229325 0.3823718478037526624646603 -0.4191926347952417697406702 -0.5904385557300116937895496 0.5739787599275992802105861
56.27430999900000330171679 210.6070322585273117965698 -10.5323858998161234978852 154.9136636402120927868964 0.3307306421920809813563835 -0.3731125725316840613388081 -0.6190122187415592058812308 0.6068180316887878955611768
55.96186000000000149157131 211.5884002672426902336156 -10.57192207319366339390854 154.3832565535314529370226 0.2775029325075770714192913 -0.3177035879070453927575102 -0.6448104424817279189952046 0.6373978709936234388067078
55.85775999900000243769682 211.8907471474953183587786 -10.58297325703991020873218 154.1602545088455542554584 0.2596819238160261722470068 -0.2973486820503238869939366 -0.6533708082753434398526338 0.6459532851683373877449412
55.44133000000000066620487 212.9537419446396597777493 -10.62659557027501833204042 153.0831808670287159657164 0.1838070968578590369535419 -0.2133888050367238053972585 -0.6830317781635096840986421 0.6739048590479806977171506
55.02532999900000021398228 213.7498247162629638751241 -10.63286042380274132312934 151.7625473183862823134405 0.1077554689338944965415479 -0.1300728852812950420148042 -0.6971558658986967138559976 0.6967377570309176704199672
54.60943999900000278557854 214.2452385276971824623615 -10.62670795051138128428647 150.2593764140174243948422 0.04093181086060981160867911 -0.05159543120091484441624985 -0.7041329865691000611249706 0.7070072386928882846035549
54.19380999900000261959576 214.4604683449948083762138 -10.59773650690855717471095 148.6515936497520726788935 -0.01652744015955177891985528 0.01112109044020277368036709 -0.6990485280615823526773056 0.714796698708191180493543
53.98599000000000103227649 214.4503327016694811391062 -10.5816740241846467540654 147.804008609937937990253 -0.03939474490292349528886007 0.03746429431401952087066221 -0.6973170561489199226201663 0.7146981208380153161030535
53.77792999900000125990118 214.3743231709595988832007 -10.566455413734171742135 146.9512707017583750257472 -0.05814894286634973707972307 0.05795554393277728422173567 -0.6952884001598514940312157 0.7140265373038570118069401
53.57009999899999996841871 214.2340804249354846433562 -10.54759833153224235502421 146.0787955277758953798184 -0.07294405547527178790279123 0.07164992135231929015759533 -0.693240196403234310018604 0.7134167671367364071954853
53.25757000000000118689059 213.914679911166956571833 -10.51689841826303073446525 144.7168138758174791291822 -0.0842237348459579232562433 0.08253161007412099237079417 -0.6941599021293196614124099 0.7100964202859949558899189
52.94489999900000043453474 213.5434011655446226995991 -10.48445093508957803862813 143.3175343155153314000927 -0.08718016380882666338525411 0.08571163293110141412345371 -0.6942254049445482078084524 0.70929840134327715173157
52.73649000000000341970008 213.2776468414080000002286 -10.46319102909631659770184 142.3393188027222606706346 -0.08791071799547184317802362 0.0855615422798645525181982 -0.6938576429462296468742011 0.7095861466159792962926645
52.21524000000000143018042 212.5244243044110419305071 -10.41230296586683401471873 139.5469450048551323106949 -0.09361705536005235361862731 0.08519970432372955815303328 -0.691299928172391942027275 0.7113938899356024858633418
52.00652999900000139632539 212.1662381274624635807413 -10.39169707610104254058569 138.2562897738484082310606 -0.09660838172899094411505416 0.08733034411145301767476212 -0.6901747084021732092651291 0.7118280013170710240899552
51.48545000000000015916157 211.0957407671194800968806 -10.32548367397423838554005 134.6337091491716364544118 -0.09929656731290448234972246 0.09664547957597428851084231 -0.6893545782924543896541536 0.7110485977657480249902733
51.27703999900000297884617 210.6148741732622511335649 -10.30524732951933408742207 133.0687120203887729985581 -0.1036048441985112367191846 0.09549305904828860047661721 -0.6880749201104815471197185 0.71182864247454724626607
50.8603200000000015279511 209.5576205129061406751134 -10.26357384626590096843302 129.7442264329936847389035 -0.1047082938942537483351103 0.1007345660700344897042768 -0.6886919495967824822457715 0.7103464780999616534629126
50.65203000000000344016371 209.0048107431122446087102 -10.23794499053092366125384 128.0378946711795151713886 -0.1062556640701535631832186 0.1015490303433223967521926 -0.6884965362684472012233527 0.7101901490697350993741566
50.23532999900000106663356 207.851595560761097658542 -10.18701807675398640640196 124.5573922007563965053123 -0.1081554269745996221807616 0.1043759222647192286270723 -0.6896902648902029087096821 0.7083328377133260023157391
50.02694999900000283332702 207.2606331515849262814299 -10.15979689865097412848627 122.7964045612507675286906 -0.1087223899106102842360144 0.1057137659278750557723114 -0.6899709216899000407963172 0.7077740945018134999244808
49.81855999900000142588397 206.6652221931247765951412 -10.13188188377289833397299 121.0345295085371617460623 -0.1096752597907102999563733 0.1065493864230321746644492 -0.6895416405974755802432696 0.7079201166267685696453782
49.61017999900000319257742 206.0673808369784865135443 -10.10242898086641893939941 119.2722812651700934338805 -0.109824197487105840176369 0.1078399196562306455726699 -0.6890289819085294586997748 0.7082007197574331502920586
49.19328000000000145064405 204.859201139851791140245 -10.0470869879930155832426 115.773946895122847422499 -0.1120510505671273443484282 0.1075742135834713009145958 -0.6893470485570206696124274 0.7075825021044725993135671
48.98499999900000290153912 204.2442541278734893239744 -10.02414512501881205253085 114.015845249410915585031 -0.1126345284974815535994352 0.1070551682507221158413557 -0.690682142042609914511786 0.706265412295116967733577
48.56792000000000086856744 203.0230631274432937516394 -9.965063433953240235041449 110.5038997802440405848756 -0.110681207725186164791964 0.1079286195740580961421884 -0.6930603356703863848764513 0.7041082689855188148086995
48.35938999900000112575071 202.4137131641645623858494 -9.93341476881693452583022 108.7470249204316274926896 -0.1097380287053462688540151 0.1076767754881394617560986 -0.6941149243377429112200616 0.7032551093934198416235404
47.94218000000000046156856 201.2379169816846058438387 -9.875355359745450201103267 105.3094600813726913202117 -0.107658382766381094386432 0.1079562616710119937746271 -0.6950117882585896689207061 0.7026476587648640137473421
47.73328000000000059799277 200.6707050920199151278212 -9.847589676789771928611117 103.6605516239867483818671 -0.1086286122715242469238817 0.1069698934552492375349431 -0.6966280851722220779365102 0.7010467726474595151486824
47.52429999900000012758028 200.1338651673498816307983 -9.823108623563962638058911 102.0640233088565622665556 -0.1088701709302311582128198 0.1080591810351313603044687 -0.6965379700228070403156266 0.700931776703087039415152
47.10652999900000281741086 199.090093832843194832094 -9.770735254621083498705048 99.01490569972072819382447 -0.1226378285342876184316196 0.1248184302933313810646254 -0.6915368140901765325878614 0.7008260534751203918446549
46.89782000000000294903657 198.532018515032831373901 -9.747356058631314823514913 97.59928730667542140508885 -0.1352498815655864272677888 0.1367214194908657753924075 -0.6903323619394202692589602 0.6974639439053740286311722
46.47993999900000261504829 197.3391763488533001691394 -9.697528891705440301507224 94.99618430227897647455393 -0.1607977456624995471479167 0.164546056776753241157607 -0.6892546188148744867874029 0.6870201966692406347902988
46.27111000000000018417268 196.7315699358299241339409 -9.666152572475597892776022 93.82435723842313279874361 -0.1777459151110396262662761 0.1863060113634898429246789 -0.6847958586784286261206489 0.6817265520192388184028687
45.85390000000000298996383 195.4405678832207513551111 -9.599309113157154627060663 91.77641420776926395319606 -0.2283082924355708531738429 0.2407330983958831382985011 -0.6687348645539760161327081 0.6653695062683949723592036
45.64567999900000216939588 194.7473478077100423888623 -9.56645567741436764208629 90.91474902148736703111354 -0.2592396078718932073137182 0.2716785552277010684640857 -0.6576116491071436476190115 0.6530945622943121753323226
45.22930999900000159641422 193.3107902752647646593687 -9.495879736058952858002158 89.5081871834621551897726 -0.3178548754521360875102687 0.338827851678592084638808 -0.6256552446592661409496827 0.6266733438630774921662692
45.12534000000000133923095 192.9501355431320916977711 -9.484763685535606114740403 89.2450801619077509485578 -0.3348868321347768794993272 0.3532659962233853923052607 -0.6182579464017520232133052 0.6170989039741692216978208
44.70944999900000027537317 191.4758069505630260209728 -9.434755423330512869029008 88.37621080789699590241071 -0.39566675670475748294308 0.4075449149976292373409592 -0.579667863960217744079273 0.5842432091091112056346901
44.293149999000000605065 190.0019540902887626998563 -9.405719162126922938682583 87.84675452014359109398356 -0.4435994887857087065619055 0.4533913964064751889182503 -0.5406573393782961867159997 0.5525806516609376162207923
44.08516999900000143952639 189.2597375773819408095733 -9.389270031068294386500384 87.68444319657506014209503 -0.4623756282550386953467125 0.4727494650830180167311312 -0.5239368779666349063006692 0.5368490193397524867791049
43.56508000000000180307325 187.3585503807357497407793 -9.329913781272150430368129 87.50162820576797173544037 -0.4962339007736518703417516 0.5209019792659054237660143 -0.4850866742684392107776148 0.4970955261989519202714405
43.25289999900000026400448 186.1788519936155523737398 -9.289807808920723886103588 87.53657390949557282056048 -0.513797370184107760060499 0.5472834019250392145750084 -0.4593118144165441174564535 0.4748955648420324360259315
42.94091999900000189427374 185.006648051668577181772 -9.250186177247421426272922 87.70801604175524346374004 -0.5315864476524483350772243 0.560858505263840179111412 -0.4390447719432180595511284 0.4583593284474415385787438
42.52458000000000026830094 183.3703898341081242051587 -9.192563780693912889319108 88.07683692536217279211996 -0.5417755872089445867700874 0.5729700425844994615687256 -0.424243018324887422032532 0.4451992866208454024956609
41.69127000000000293766789 179.4340415478075669852842 -9.042156630110088855190043 89.24449300147308861141937 -0.549620492690595097151629 0.58109703658714007001862 -0.4173206477347194409688313 0.4313780535197239140998704
40.64932000000000300587999 173.9286358327499897313828 -8.847894436851293065160462 91.04915064391381918085244 -0.5506594158413823381081897 0.5805708568328766805421992 -0.4207080940739559848928764 0.4274533746763811148383638
40.33655000000000256932253 172.2870556455779365023773 -8.782143511238718502909251 91.57029051686379261809634 -0.5477895570568194205662849 0.5777897945039603966321806 -0.4258291107799478947271155 0.4298315053121671835967277
40.02369999900000152592838 170.6944795323043422285991 -8.721848396482064558199454 92.05644210109765879224142 -0.546299429093111688082729 0.5721320051126387307149912 -0.4309814117320895920926205 0.434139292439358892572443
39.71079000000000291947799 169.1653775011459970301075 -8.662697919110442512646841 92.49843295266288123457343 -0.5441344247277546397612014 0.5667216163975600240476638 -0.4362918490662703874249928 0.4386271306842147721383185
39.08529999900000007073686 166.2922182236082448980596 -8.557383249569950223190062 93.22695423554132787558046 -0.5395152253861478230945181 0.561475901925719611540444 -0.4409750116641664718919458 0.4463285473964470617680433
38.56439999900000259458466 163.8923823679606925907137 -8.461452238966364447492197 93.8072789636368185028914 -0.5357046474101868627215595 0.5571748628569814787425685 -0.4475356100170985729214124 0.449765028331521932170034
38.35585999900000331308547 162.9123685990481646967964 -8.422241426769771166505052 94.0432141860225243590321 -0.5340475953950025722605233 0.5492887403997394057952874 -0.4544833738985828430756442 0.454444615297226683914289
38.14793999900000187608384 161.9096814425685124660959 -8.381692823950563919765955 94.24599726292295542862121 -0.527266983685193757480647 0.543877381177240826204411 -0.4615877476638976517619994 0.4616531959879341395769359
37.72964999900000293564517 159.8506576417169640080829 -8.291184616584935440641857 94.58802794654839374288713 -0.512906867705702151916114 0.5293240585177060308907926 -0.480137687305768223744451 0.4756157980590401956888513
37.52067000000000263071342 158.788903690605252450041 -8.244230799905444939668087 94.69522109637549078797747 -0.5033284301267132443413743 0.5240808322425148935153061 -0.4867737521678001111347101 0.4848206749950463301246373
37.10291999900000092793562 156.6071792648558869132103 -8.131989428486553705965889 94.84363517892595041303139 -0.4892765528827471843698049 0.5130339060942351592231603 -0.5015483585676080435789004 0.4958365759148933848976526
36.89363999900000123943755 155.4934798077948983063834 -8.067550763120033607833648 94.84432810584205242321332 -0.483132117190473053813804 0.517101619644498966543722 -0.500246321043210206980234 0.4989417707336404328444246
36.47688999900000084153362 153.24431853607839570941 -7.939479205751652557410125 94.85787333749507865832129 -0.4922487353359221717852279 0.539698682612013369563897 -0.4766582070043185459518043 0.4890945391664792696317932
36.26877000000000350610208 152.1077671759796032802114 -7.874398278411728568926264 94.93208834438446785952692 -0.5008164529746368387463917 0.5520874962295038157478189 -0.4624018205196480102436851 0.4801737532571481170684535
35.85238999900000322895721 149.8344505558361561270431 -7.754247449134120451219587 95.2620153283281467793131 -0.5156053269076367184808873 0.5690570152272467208121043 -0.4440155698926279148608387 0.4617092526450504719193191
35.64415000000000333102435 148.6907784997622172795673 -7.692196879290882804980356 95.49283821869579469421296 -0.52033423204797668581989 0.5748225456227535890008085 -0.4385943036630201574688215 0.4543857004761157059036236
35.22751000000000232148523 146.36070304801680208584 -7.576754555145553737816044 96.04010139142960156277695 -0.5273244827975098747430138 0.579305851358981493959277 -0.4293911844292772062026131 0.4493960738124073706067918
35.01953999900000269462907 145.1636269085652486410254 -7.512373126579707793837315 96.33923173228814107460494 -0.5276120254390074260086863 0.581979030239152317349749 -0.4262487783729590473669191 0.4485955170413587489441909
34.60229999900000308343806 142.708952007658893990083 -7.389767407156339729112915 97.00665671878333284894325 -0.5314436841053885585139938 0.5852233442780526706528121 -0.4250874026206613587319794 0.4408876819210577613361579
34.39401999900000106435982 141.4524174487955292534025 -7.318369976198535020728286 97.36225013212617795943515 -0.5332597413216648707390277 0.5879561470367746789378316 -0.4235729706090104462745671 0.4364946231245928065511919
33.97778000000000275804268 138.8994303657812565688801 -7.178769906345894291632703 98.12760858773478389593947 -0.5381582065059413721996862 0.5890369426412751518995492 -0.4199860987906741116582054 0.4324730070151406868816935
33.76924999900000301522596 137.5872734789485036799306 -7.103044540636742176786811 98.53904589062913998986915 -0.5387836333656086384991113 0.5900053068586048610200123 -0.421189744161034274050337 0.4291912553974034927328773
33.35251000000000232148523 134.9305236263290339593368 -6.958442637051681423088212 99.37930032442517358504119 -0.5421083707185313516063729 0.5873671006113299064566036 -0.4206541469227685348108992 0.4291485665745803923520896
33.14417999900000211255247 133.5720834644924934764276 -6.883529546758654582561121 99.82754310037894640572631 -0.5433882984480539191096682 0.5847471313106031853834565 -0.4264784240965176498328049 0.4253423366112289438767391
32.72713999900000203524542 130.8177376160992650966364 -6.711433612103406609605827 100.6811274829723714674401 -0.5401998710160444971961624 0.5755995845587490444827949 -0.4390158357331689353841853 0.4291087433105412740630413
32.30993000000000137106326 128.0007181089892185354984 -6.524097167669926200517239 101.4397062213913613959448 -0.5325876495965221613104745 0.562607713567215950156708 -0.454637262027369648542674 0.4394632136006133560357512
31.89258999899999835747622 125.1016173970083684707788 -6.334084061226518791443141 102.0480922688775251572224 -0.5233116167027362930497247 0.5547106883300075841347621 -0.46385205378744409632219 0.4508683580310198224516682
31.68390000000000128466127 123.628362205006084195702 -6.233162569162971955449848 102.3303411449409736633243 -0.5213343275614281679963824 0.5520260452248306748401774 -0.4696028909262889849962619 0.450500709359240081308684
31.26689000000000007162271 120.661348900227295644072 -6.035672147103018581049128 102.8409313650731178313436 -0.5221065816351047050858369 0.5470691939010284832178854 -0.470901302633964069510597 0.4542818262658328554159937
31.05838999899999919307447 119.1633728143150108280679 -5.948979005239424466822129 103.0786902220510938832376 -0.5214483128835919467647386 0.5452677352225412388264658 -0.469828134887415760356788 0.4582971498758728889910685
30.64140000000000085833562 116.1079219087258422860032 -5.76861057864249726634398 103.5578367114741666910049 -0.5167403235300312980271542 0.545050571923443083477423 -0.4746686671412072011655425 0.4588997368907460905340656
30.43291999899999922263305 114.5741141128003732774232 -5.680999378591727655418708 103.7854459199730001728312 -0.5184732681903583273452796 0.5413152239321087355605755 -0.4737286144273454291386827 0.4623251003180414708815249
30.01591000000000164504854 111.4520234900630413221734 -5.51398013224363303663722 104.2230676257261592354553 -0.5164205634920165932655323 0.5383217090758711798059721 -0.4750970976452943972390131 0.4666929257544393250256576
29.80726999899999896115332 109.8747568290105789401423 -5.436073991641526603757484 104.4280132876949664932908 -0.5152811916892495736064461 0.536355077807633362496631 -0.4752297536257631960232573 0.4700693621903800356598424
29.39027000000000100499165 106.6576074045283775149073 -5.281222482657142336393008 104.8136633688444163681197 -0.5129068447299429678309934 0.5352424146224991075015964 -0.4756548775046289256884791 0.4734918834830303402405605
29.1817999989999989907119 105.0144985873733105563588 -5.206156277577940194589701 105.0108645054696978604625 -0.5141383938042148882274773 0.5334704586355620836712887 -0.4756300395847107287394806 0.474180395233956997191882
28.76480000000000103455022 101.6618333680757473302947 -5.068879452569797550154362 105.3965475640280686775441 -0.5145579381376090832844739 0.5315971515777344613695732 -0.4741031410445648019980069 0.4773476808215258437861905
28.55613999899999910780934 99.96045133528511428266938 -5.000452805589130633734385 105.5773390713013810682241 -0.5117991853870357266131919 0.5335819952442891755950427 -0.4728153736927996897421167 0.4793719543194283061460226
28.34762999899999869057865 98.24603947158789196691941 -4.937229419913754746573886 105.7637314205624221585822 -0.5095193623728255793992048 0.5364020131998397111772192 -0.4711422420330594329485052 0.4802997890634664313047608
27.9306400000000003558398 94.79158867427003087868798 -4.810975313229314487273314 106.1786535382088487722285 -0.5123473625247265683668729 0.5351369855104958217495437 -0.4721509734750823361615346 0.4777049770509284587483023
27.72240999999999999658939 93.04782355826772288764914 -4.744486527792806107584056 106.3810175857367283924759 -0.5121831275417524365067834 0.5358227319040497205193674 -0.4715703555890137788075833 0.4776859256520760710351681
27.30518999899999954550367 89.58603297333425530268869 -4.613741856661037310516349 106.7919238945647180116794 -0.5120267740086832386481319 0.5381139298808969018139692 -0.4706844323726224188497724 0.4761492899169967873973519
27.09668999899999874969581 87.88192419588844472855271 -4.557128575904571654575648 107.0070872616601462823382 -0.5157500705224196124731861 0.5360502517038997494225328 -0.4674573438257064172951516 0.4776354510583570855963842
26.67976000000000169620762 84.48068781886546219084266 -4.443213033896375563358561 107.4459402792682283234171 -0.5147775922859811892351445 0.5401701573145162305067402 -0.4677062053754406645289521 0.4737838505905038744003832
26.47127000000000052182259 82.79111500238123255712708 -4.379360556605663035156795 107.6695160212429698276537 -0.514063888867810514504697 0.5412196021627595499126073 -0.4684247261422249675177909 0.4726499088495304534696118
26.05424999899999960462083 79.51587244850468039203406 -4.260255948420603289150677 108.1301273930359201358442 -0.5180280330828028745315805 0.5370045296061234374462856 -0.4687897587916998176638117 0.4727676534777821570898482
25.84577000000000168711267 77.91808870085007754369144 -4.213686088712937483080623 108.3447500375630738744803 -0.5185134949504929258168318 0.5347654828169462470910389 -0.468729593041006586950914 0.474828603339558785734198
25.42874000000000123122845 74.77767908323014012239582 -4.117183992319746188570662 108.7415678434476831171196 -0.5152231409450594989962724 0.5348572512625526798046849 -0.4709324677104781420311497 0.4761254526516027207883042
25.22015000000000028990144 73.22256538136619496981439 -4.066385134258408307061927 108.9304453137098391835025 -0.5144070726035813168053323 0.534533387698182371750022 -0.4720217935526745400842685 0.4762928169756865948158975
25.01201999899999961485264 71.69801194876048100468324 -4.015148282980696592403547 109.1114066788811811647975 -0.5141244010042157475126601 0.5338608430794549164488672 -0.4717763791835836717503128 0.4775937065780676560322604
24.59462999899999857689181 68.71478343556434253969201 -3.916195302982277137715528 109.4587583410102666903185 -0.5121666615784129517052747 0.5321762715533980836468686 -0.473481266343045492650532 0.4798845873596410127603917
24.38616999899999981948895 67.22559380944247209299647 -3.866028037625952151756792 109.616955749034829636912 -0.5110739020760338702231707 0.5313792571789361929290862 -0.4735344695615055221615819 0.4818761851283397956713372
24.17765999899999940225825 65.72210079040577568321169 -3.812641541392769894969206 109.780694141875201808034 -0.5107895474657243584104549 0.5311388031543066157169619 -0.4750557485646985100835593 0.4809445349925555168724145
23.96925999899999837339237 64.21060218692231558179628 -3.758035292423168804987199 109.9372036244373589397583 -0.5086188648969246495212815 0.5331302756532521058829843 -0.4765915258038150303931957 0.4795200485744499641072025
23.76076000000000121303856 62.72210942541405387373743 -3.70844308771378061706514 110.1087242477354521952293 -0.5117121947950992177922558 0.5294819648613449114549212 -0.477450804797159011894081 0.4794165282748364398379692
23.34393999899999982972076 59.81212045573185065450161 -3.621588439894770861116058 110.4163858678507779131905 -0.5134775763515458946173453 0.5260583895202958215620015 -0.4787925206553686474642006 0.479959447832765839780933
23.13571999899999909189319 58.38993479292233246269461 -3.575857326608253838884366 110.5622225102595166390529 -0.5115571666202840539483532 0.5258524509882832598250957 -0.4822417234263629559620767 0.478781145468170521439788
22.50976999899999952958751 54.3093798923273780587806 -3.428757982579272667322812 110.9069053154183990272941 -0.5020174259181028331155972 0.5187836357643313967002996 -0.4884216516175159950030604 0.4901900994195228511429718
22.30121000000000108798304 52.98117509779078204701364 -3.380382252907894624627261 110.983968044885486392559 -0.5000129343039916296476122 0.5153370737187117356370436 -0.4902778038721782860598353 0.4940065191978961212093679
22.09253000000000000113687 51.62750295175207781994686 -3.332893815292672812233832 111.0469957190250909206952 -0.4979074145718324628795415 0.5151881640203548329282057 -0.4909675628357800802881172 0.4956008619956423499886
21.67550999899999908393511 48.86638811277359195628378 -3.231423418036889927407174 111.1657163978954230287854 -0.4966147508202227722762245 0.5163303388406316196679313 -0.4905450813175673552279932 0.4961272958179463454797542
21.46685000000000087538865 47.46551684758841815892083 -3.17974553130488857277669 111.2315226671406804825892 -0.4972717832466934662072333 0.515698655271761507989936 -0.4908797588027774549956916 0.4957950513420613658510661
21.04974999899999943409057 44.63409211731458725580524 -3.082195839294773254124493 111.3549080805687054862574 -0.49832392475418657573627 0.5141066790230750527257442 -0.489124485893447980000559 0.4981212963736029730732469
20.84131000000000000227374 43.13921430148688784811384 -3.034835815088612775980437 111.4150421595954583153798 -0.4966542428333354797231891 0.5147143525265973629245764 -0.4895401456806659501452827 0.4987525881092991775211942
20.42461000000000126419764 40.04848986450471670650586 -2.928936965233790878926357 111.5442317675113343966586 -0.4952452870857150801775504 0.5137118022072777456799031 -0.4916673699947952114186478 0.4990946675478906136014245
20.21565999899999965805364 38.47529692649792565362077 -2.874755064125770420702111 111.6008382464581245585578 -0.4944884415588317594369983 0.5126264291289519547945019 -0.4922286466217591915928153 0.5004061198348092043275415
19.79864999899999844501508 35.24300580265371252153273 -2.761841161999094129697596 111.6940316638383450253968 -0.4910808797722025498266873 0.5118673422131552186442605 -0.4936929669123822916887434 0.5030891053472037466320899
19.5903400000000011971224 33.60088607641301905459841 -2.704643535812823351704992 111.7307761136164003801241 -0.4894634319944151101822172 0.5114800561832048009236473 -0.4940685685407429916793376 0.5046879733530170719646435
19.17326999899999862009281 30.250979928939532470622 -2.583940974182324712415948 111.8006975861092939794617 -0.4873360439595620374753082 0.51369652755323524928599 -0.4964403731720715140518507 0.502161740599945671803539
18.96490000000000009094947 28.5726348586332541401589 -2.523908460353704530376717 111.8421038768809694374795 -0.4886951769282241730962824 0.5133363688146987957594547 -0.4969685705270219799878362 0.5006845677745224154620018
18.54824999899999937724715 25.19395880918169083884095 -2.414933220284599002525283 111.9205048424277464391707 -0.4915711374233246999665425 0.5113297287302672744502274 -0.4934883694840405121695426 0.5033576805343825677496739
18.33987000000000122668098 23.48491650294645793906056 -2.35161750625919729884572 111.9566725442635117815371 -0.4877930876104700774753553 0.5144260112450870225941912 -0.4951075510462730755456562 0.5022870648651787117699996
17.81912000000000162458491 19.29707713330228457948579 -2.208041207973968855782232 112.0378122407611272137729 -0.4862514675561856458685384 0.5129880502168718825473093 -0.4925804092630124975116246 0.5077078993323136391069283
17.61086999899999838703479 17.68479302089647831053298 -2.160099875079600995064766 112.077300178787666595781 -0.4857099627261088903296127 0.5124867867690177103412452 -0.4951701273484913623512682 0.5062110928036325230294779
17.09048999899999898843816 13.74052779287634251659256 -2.018746676617034108147664 112.1364861655522986438882 -0.482628128798383626563151 0.5146960879153158474608176 -0.4967265704958983008054929 0.5053916704305920770678995
16.77863999899999924991789 11.52838098013455336854349 -1.940327070918703489255108 112.1715074838994894435018 -0.483399614881515837794268 0.5155123418785322320090359 -0.4951313459584460452411747 0.5053877599949290200243013
16.2595300000000015927526 8.175192221481104581926047 -1.820414431053845039087946 112.2601832682185403200492 -0.4822455959670660652349738 0.5142891362006352107272278 -0.4990357147684284511157671 0.5038940612290817577800794
15.73989000000000082479801 5.303913978460416345228623 -1.735435238804034607795757 112.2910273751579239842613 -0.4668107929959420254739655 0.4860931505117506157276352 -0.5208340741582189181713147 0.5239589676337370605097021
15.22024000000000043542059 2.902518872549797901427837 -1.649132941142515074162134 112.0819177803522279646131 -0.4251426590007501560286585 0.4499068374406540726795356 -0.5550295606796934455573478 0.5556795334485763460108387
15.01199000000000083332452 2.05572005191960860415179 -1.617476816498478742190059 111.939534252241045919618 -0.402287359188695292644411 0.4215620649901429817241194 -0.5756936314240902463623684 0.5736088813259228036400827
14.59473999899999974161346 0.5476550188269433405707787 -1.55397738245381411559265 111.4534398628433535805016 -0.3356699209055837296311608 0.3548894017972463177379439 -0.615314009860048249933584 0.6186823788998525586180222
14.17749000000000059173999 -0.767189536233547797472454 -1.502280424799764091403631 110.6949565965427950686717 -0.2626336251655438935870279 0.2849027659900917885948957 -0.6531716239368643428520045 0.650554242586488196131711
13.76000999899999932551964 -1.798672407866235944950972 -1.454825136203722779626446 109.7055357945087195048472 -0.1938969151942542823441329 0.2082532442106749537291677 -0.675013224207317463765321 0.6807288150938837212322596
13.34237000000000072930106 -2.583103020398254123790593 -1.398992384481694273290486 108.5689550534033713802273 -0.1269758754098035125057464 0.1363097043997022750350112 -0.6928987896039878746634599 0.6965544192062156358957736
13.13335999899999961826325 -2.891520101684088128735084 -1.371671370669903744499152 107.9211376051960229460747 -0.09369882734724412076676714 0.1032855075266238403797203 -0.6977457629259874449800805 0.7026403660533253603404091
12.9243699989999996091683 -3.150242973176736960283506 -1.341741113626567560856984 107.2361986511977960390141 -0.06505351389357884317465874 0.07264940805030579984435946 -0.7020666714580585665572698 0.7054023622499722145917644
12.40164000000000044110493 -3.561820421651973767041 -1.284134645908687533122361 105.3883466116518832222937 -0.0102322993034610169871268 0.01113068592221120103880061 -0.7104078258472864559891491 0.703627834054905143545966
11.77510999899999966089581 -3.643557937283890435509193 -1.221875711574245793045179 102.8206886059467706218129 0.02214844082414813355996763 -0.02949238609053873166887527 -0.7119393745748757718061484 0.7012716824895186551458437
11.4621099990000008261859 -3.552105764346260130537303 -1.186938887041196322158498 101.2631968971966784920369 0.03213943083116313492730853 -0.03530705031446175479192817 -0.7105493530043199834622669 0.7020257019006378440550975
11.14924000000000070542683 -3.396315564267132547371375 -1.141211536345415833437755 99.48756455340517845797876 0.03347118688091372390447376 -0.03597070766414947606826047 -0.7076391193855846584170877 0.7048635786832212479779969
10.94086000000000069576345 -3.278725434493704238292366 -1.113292050452628245693631 98.16188582533229123328056 0.02955801177083934236367035 -0.0365340210316486904695843 -0.7061514637749165546054542 0.7064996103721195019886636
10.7324900000000003075229 -3.160789682752185747460771 -1.082945138491230530064513 96.69439185115219004273968 0.02591064122561464663774267 -0.03630398192073913676836128 -0.7050592707058854768931155 0.707744363707448420619528
10.31573999899999982687859 -2.936495009897774011164984 -1.02380176014462365152724 93.41907730925154851320258 0.02331493501743323384922668 -0.03087346268655549730297594 -0.7033442262460685157066109 0.7097958456578862262986718
10.1074900000000003075229 -2.834222228206622951063309 -0.9894780306434185490616073 91.64192136203217842194135 0.02157188791161542343322033 -0.02808098416076107439742771 -0.703105644987080280472469 0.7102031849884887781954035
9.690863000000000226918928 -2.658859581245462067045082 -0.9163092001491801585899566 87.80202918196076211643231 0.01794368582400683240218875 -0.02475165911053461495483496 -0.7041873141185711615364085 0.7093557683876250408161468
9.482609998999999234570168 -2.578482694294103261256623 -0.8764780733530803669140141 85.77896971875847498267831 0.01883752806255353448583456 -0.02281602800368911707074027 -0.7046685219512618392201375 0.7089194951287852708432524
9.065986998999999713078068 -2.419784233984225707558835 -0.7956213184004978788976814 81.55138926842010960172047 0.01712269792355970016162203 -0.02272483762183799896328118 -0.7053837769659869749716563 0.7082542779003023758477298
8.857734998999999831426067 -2.337026060164216101355805 -0.7513229096511990778850532 79.39556462003970693785959 0.01847081750719589687825817 -0.02061275472870947172987499 -0.7045471334724929812765026 0.7091172540270070934198543
8.441112000000000392674337 -2.180878718980878261390899 -0.6479710221611991727286295 75.02920189144992946239654 0.01774770999161181736503146 -0.01965841750331282639097097 -0.7032120767071989853036484 0.7104866927567803358556375
8.23286200000000079057827 -2.114190953216193769037545 -0.5980951414370864194225419 72.81875299385357891424064 0.01749151188158594438792903 -0.01900835166395774267211749 -0.7038866574287206967497355 0.7098424494723731825729374
8.024606998999999518673576 -2.049452773844954833748488 -0.5464961452938147390412382 70.61497893191186392414238 0.01852232175162542987534309 -0.01749566315226654816816776 -0.7048654498870642326480151 0.7088832928792286880437246
7.607858000000000231466402 -1.904189887648218171278813 -0.431112012253280330043026 66.20361892125279723586573 0.02147222014781590554433066 -0.01521905808364350590200509 -0.7037682216645300137258801 0.7099419794660092319915634
7.399506998999999751731593 -1.830293328884766701492026 -0.3754556778732733302028635 64.0198582260223787443465 0.0199848487381316351763072 -0.01725922936836098153801089 -0.7026012434702983977530266 0.7110936770190795508383985
6.982859000000000371244369 -1.69600173284132060835816 -0.2876438379653100674282484 59.6309629252457256143316 0.01670652241860230355352535 -0.02070542816875129907283615 -0.7040419500586437839828591 0.7096598550789297021879065
6.77448500000000031207037 -1.629691683798197177068801 -0.2351104530102940126656819 57.42136899889526802098771 0.02111096461436624480145774 -0.01673084187877217632323124 -0.7050425357679518389986129 0.7086532500884863416956705
6.357731000000000243232989 -1.49185297383137815963039 -0.11664132143790853501919 53.06820327548678761786505 0.01943624253731593073957207 -0.01885193615311712284077217 -0.7070793389339450341068982 0.7066156277864541479516447
6.253480998999999762588686 -1.455279126484883667203007 -0.09212232904300213243153905 51.98959243568430110826739 0.01869071404652320952943789 -0.01988362800138370953262346 -0.7070178153854890235052721 0.7066690224379897911077819
6.149353998999999681984718 -1.417169812996683431194356 -0.0732195661133818315180477 50.89858506525408898824026 0.01824081373062114846961279 -0.0204384723646627124160613 -0.7072918367521863203251087 0.7063906845546326085383271
5.732479998999999715181275 -1.261842470500018409396148 0.01828381138707345712757224 46.49081024803042083703986 0.02035949711201669523608082 -0.01878394326467494601651254 -0.7074269587830896988123186 0.7062434087053020004276505
5.628235000000000098907549 -1.21970149281776740757266 0.0422647043999904922784161 45.3888654349854618885729 0.02029877494668163445679099 -0.01883540316769473019209435 -0.7072985230415556046068559 0.7063724135513845814315914
5.211513000000000062073013 -1.059161281581401325979641 0.1273946512408029863028247 41.06257969858341283497793 0.01785805306964952793302714 -0.02011514013499043559973778 -0.705973000651005544447969 0.7077277678809322791764203
5.003109000000000250452104 -0.9877197011555108874247821 0.1702210385387013524827182 38.8932593596759090814885 0.0184814807794665275642032 -0.01836129880911249734332102 -0.7061334178395290983587529 0.707599387919821465331438
4.586356999000000378430286 -0.8522951529788266311626899 0.2515768729402043657472632 34.59214013458667835720917 0.01795363787226640292504776 -0.01721742813622984674681859 -0.7061190664832261987271522 0.7076560541706562457164864
4.377982000000000262218691 -0.7900142852350438005260003 0.3018979034258621463315819 32.47421466246725429982689 0.01984843932360297671935179 -0.01455171754360008555539974 -0.7062694092820412938849017 0.7075152355146460125823182
3.961233000000000004092726 -0.6712807292560767358224894 0.4105663502830598221571279 28.35281060600692981665816 0.0195299968480660765535184 -0.01407623219493214089537148 -0.7057719682521593762558609 0.7080299200879736076785775
3.752728999999999981440624 -0.6140150425045202142726453 0.4670962157129167624525223 26.33177009342114160972415 0.02036470628343557340289571 -0.01268723465372807723827719 -0.705236735571198258831771 0.7085657764919998102826071
3.335979000000000027625902 -0.4988367021375589294152064 0.5761534224253351821332103 22.41043355100816114600093 0.0199296234041485761934176 -0.01262420206534468729298037 -0.7030895035854899388638728 0.7107099194334433045483479
3.12748099899999987272281 -0.4431259811206220144974566 0.6215287075434718921940203 20.51139709705737601552755 0.01878590272369129107743468 -0.01394098047269708151585377 -0.7015044222601936052541305 0.7122810431786795737352236
2.91910399899999983830412 -0.3937357385873125337205636 0.6595976358316113508095668 18.66070663142602725770303 0.01869656276041683010125105 -0.01397196991018293324438027 -0.7009723951137267761168914 0.7128063719456357860693174
2.502107000000000081030294 -0.3028815807662518788667683 0.6871092454305459673591372 15.18364761418122377278905 0.01243363423205117411496357 -0.02239164718925956698569735 -0.7016013284600747246244623 0.7121092576136007767928504
2.293607000000000173400849 -0.2574938500227653692675744 0.6846939781238038369437504 13.55348019146365068365867 0.01128704026894147144366443 -0.02376090809845371465414132 -0.702406790718543727614076 0.711289478567467714498207
1.876603000000000021074698 -0.1730120393412686863321426 0.7067354851399061388406153 10.4894608839098228969533 0.01782289389508178584220488 -0.01555589196440479611560637 -0.7041592630741841940533732 0.7096478640179356700556923
1.668106000000000088689944 -0.1296621904921582968395199 0.7126010665437950697409519 9.102108524164044922599714 0.01242481635417399220278067 -0.01958357224033854468436822 -0.7033871115749469327127485 0.7104285178025483427077802
1.042605000000000003979039 -0.02361622725993237428832039 0.7943546852012651759977757 5.183604252590483518758901 0.01714531001382001845767533 -0.01044207808636068469942959 -0.7000710039264398387715005 0.7137909993907144423630484
0.4169786000000000325549365 0.03045507344694490386993735 0.8776927668995329057111121 1.673925167805464075954092 0.01112107389683729581630889 -0.01069143090658358080657919 -0.7007040931651885573572258 0.7132852086242231770540911
