200.2649999989999969329801 -252.9155910653255432407605 5.400706095016776231432232 86.96457279611084345560812 -0.6873619919528517474560658 0.7258352878849665401617131 0.0248560115938677300695403 0.008877249757514187045170928
200.0568000000000097315933 -252.8197996635012430033385 5.34044880342237249237769 89.17743800766696438131476 -0.6899136368118787832059979 0.7234613386690174063886616 0.02239805845779522380789572 0.01100873142729642296944181
199.8481999990000019806757 -252.7490236527344222849933 5.28206147332610775890771 91.42049028091608420254488 -0.690652434399428027944623 0.7227689413569537979498136 0.01985178448359705555281707 0.01449754876711350018436697
199.6399000000000114596332 -252.700631162643816196578 5.22264070635647481566366 93.68690591148515522945672 -0.6893378186148405584177112 0.7240307587498986396923328 0.01779957362095821102321302 0.01661347017784744681256903
199.2232999990000053003314 -252.6135651923300144972018 5.086550088797440416499285 98.24996470464407138933893 -0.6891992021578852156693529 0.7241090441411668354732001 0.01853037809234010097059198 0.01808803542828640517625693
199.0149999989999969329801 -252.5677079858837146275619 5.022366870867509547338159 100.5485905820384857634053 -0.6886307917350290574987071 0.7246992795857319924479611 0.01794708401516209236858934 0.01662795891445929472030052
198.5987000000000080035534 -252.4624352315937585444772 4.883246270404525191111134 105.1479669443442332976701 -0.6878041676701992512832362 0.7253859519083143414519554 0.02202214806270810093513646 0.01598976873745694762818381
198.3903999990000102116028 -252.4019122780672432782012 4.810219360951476730292597 107.4589889053321201117797 -0.6868252377349339798939809 0.7262947016437503178210022 0.02340987463928308892624486 0.01480124805346575041220536
198.1821999990000051639072 -252.3264729558714236645756 4.737701789935058194203066 109.8085766177506030771838 -0.6863662184858493331418572 0.7267225046986087733102977 0.0242031255379822167472792 0.01378491930366127632412443
197.7656000000000062755134 -252.1516977184770951225801 4.595352588296561791025852 114.5314420229841232412582 -0.687327558213542411102992 0.725799172788127999744745 0.0253561729730346942235375 0.01238761447739132257050976
197.5571999990000051639072 -252.0645600730227897656732 4.523071722510515257908992 116.8932752915605988164316 -0.6864734841419001254436694 0.7266049041730439084219029 0.02572168054871352624313197 0.01174154808838484380373313
197.1405000000000029558578 -251.8737286864151769805176 4.377219275016716260040539 121.636968682614295289568 -0.6844227999776457682656883 0.7285124011797742271667744 0.02751112450737397061018008 0.008845915802178520859211375
196.9319999989999985245959 -251.755022609031414049241 4.304788327189514873793996 124.0063287011587505048738 -0.6856716521888434057174777 0.7272855273686694710377765 0.02933908077959852464533519 0.007026051786498340584463662
196.5153999990000102116028 -251.5030908425928259930515 4.161394864777763658025833 128.7593912545710850281466 -0.6836407745833230631404831 0.7291260465786170152924228 0.03168034436010273152684036 0.002618264496903985761450118
196.3069999989999985245959 -251.3583909811424348390574 4.094729484328670565673747 131.1334033674034742489312 -0.6824799272917363435198013 0.7300840587137454873456477 0.03455276503566916818099841 0.002126613345400925163264372
196.2027999990000068919471 -251.2780657176746217373875 4.056618541177400061314984 132.3193287173821488522663 -0.6824488676769320250059536 0.7300487201489871402770859 0.03587541623787881411855594 0.002315971730859570781868584
196.0985000000000013642421 -251.1944889564503569090448 4.016012608015997464860902 133.5096593709748162837059 -0.6832339149752519880109958 0.7292701400971263181460813 0.0367934106463932153463503 0.001650794752248911515316032
195.681900000000013051249 -250.8515275908082173828006 3.867718699015587624501222 138.2667377324041240171937 -0.685127808846832886402467 0.7276693662052065025847014 0.03238544026683053828064018 -0.006954300106698870290178327
195.2648000000000081399776 -250.5125073840060281327169 3.725603358030586509386239 142.7040186292189503092231 -0.6837987268522625061706322 0.7286872844248966085700658 0.03729046114187160171349333 -0.006600316698578384544404685
195.1605999989999986610201 -250.4228006304076075139164 3.689223713659332659631218 143.7578450542478378793021 -0.6848979876148999501594972 0.727635612158435418628244 0.03746990163002259649482895 -0.007561015256955704033625665
194.7435000000000115960574 -250.0752067790786838941131 3.562193794780441180591879 147.7220221398269188739505 -0.687214507698079235531452 0.7253345801231434464284575 0.03874596028196756331007933 -0.01116771456914569457530284
194.3262000000000000454747 -249.7399607699670411875559 3.450211630392061135097492 151.3178582855786658001307 -0.6868668609894138521454465 0.7252271895396351641949195 0.0441104335540476524823994 -0.01771181748621670007382001
194.1175000000000068212103 -249.5615403326258388005954 3.393959535815191497221122 152.9735755171701327981282 -0.6867345038046508420848113 0.7246674455466931563663024 0.05211606478196012526282743 -0.02316744355023133555837589
193.909099999000005709604 -249.3637475435060082418204 3.338707607857990478095189 154.528297376487813608037 -0.6871098591523956411464269 0.7231964619601887189759282 0.06176503129287563842453324 -0.03243454598465428384557185
193.4921999990000074376439 -248.8904442168614536967652 3.238758803652308504439361 157.3078531353673668036208 -0.6881259366388534637337671 0.7186454765991634463517812 0.08300049148344866567494904 -0.05605615668209897040075163
193.2837000000000102772901 -248.6138893574037354028405 3.199437448085021173938003 158.521871286417820101633 -0.690308557756821317141771 0.714254550838465673834321 0.0953411133339963773325465 -0.06499695225526452846409597
193.0750999990000025263726 -248.3213280635097817139467 3.157138268343422815576105 159.6410793531057947802765 -0.6926483092313620026914123 0.7101326599225313840335616 0.1030961320832036454131497 -0.07294595656901432800811591
192.6579000000000121417543 -247.7930189988784661636601 3.091175924790442675060831 161.629118349975129831364 -0.6863404574607502306449192 0.7078435229797555017228206 0.1310418470066679053065428 -0.1035488182513817079222207
192.4497000000000070940587 -247.488149934908847171755 3.067423558449542397852383 162.4960064402650061765598 -0.6849353660655012054903068 0.7009303043876001781953278 0.1528322723696388663050527 -0.1272892345257711221861996
192.2413999990000093021081 -247.1886520457539404560521 3.030704910145281427702457 163.2800841415158856761991 -0.6767749297086724791228107 0.698703087850626736177162 0.1771354270766946903403749 -0.1497088174429888896010965
192.0339999990000023899483 -246.8453289743734160310851 2.997686295723806182422777 163.9803176882315653983824 -0.6725885285806205704517424 0.6914834908045733863346527 0.2014431345834881703638075 -0.1699879898570949843250588
191.616899998999997478677 -246.1067677796663701883517 2.958791720190515839306045 165.2171189723334521204379 -0.6615972683777130436411085 0.6783662179498834987612099 0.2400939999659238988094501 -0.2108629886914308859680034
191.304399998999997478677 -245.491391660340326552614 2.933772688365548830802254 166.0203720425948290539964 -0.6565271345591306983990876 0.6650883377205115687402781 0.2642643843241555545731103 -0.2383148333476516056439465
190.6788999990000093021081 -244.2029746162650383212167 2.863084486405332196312656 167.3739093251343490464933 -0.6437066481947044671585445 0.6474249836539971436621954 0.3066950190994994773774351 -0.269111142225880894951473
190.3665000000000020463631 -243.5269574470204076988011 2.849059034125552170024775 167.9635560130335818485037 0.6381176349177957174418907 -0.6360943220762311778315734 -0.3279770141455999321600245 0.2839383306660723249592593
189.844799999000002799221 -242.390713069848629857006 2.784725458311604118222249 168.9134524124302458858438 -0.6117957871698365135415543 0.6212284039689746073520382 0.3643930714781969393278871 -0.3271068240836417229111532
189.6365000000000122781785 -241.9049035083361047782091 2.768734241881025681664141 169.2410392761679531759 -0.601610266706689600368918 0.6089569433652439744975027 0.3833175012567255901529961 -0.3468489892599738722012148
189.2198999990000061188766 -240.8642295662994001759216 2.735039808873837685609942 169.8555138522504819320602 -0.5707097344057001642170235 0.5875968412292206233260572 0.4186672298306596262662538 -0.39209450633481118808632
189.011699999000001071181 -240.2989051013946664170362 2.714337382067447901334845 170.1117636393133238925657 -0.5540372570416343123156366 0.5744480659754148677009766 0.4374567818623394943600147 -0.414347319660129109752944
188.5956999990000042544125 -239.0651699908900411628565 2.678251677100998318081793 170.484855630335204068615 -0.5187964782377065819929385 0.543470687879882397020026 0.4789794703852295332247024 -0.4539476759859065180258142
188.3877999990000091656839 -238.403895202391595375957 2.658645867210432722771429 170.6097607458127640711609 -0.4992356335150414659018736 0.5287462733672781967086962 0.4966303271058518098435286 -0.4738665200536804067432683
188.0759999990000039815641 -237.3472921318721660099982 2.626106041839677107674333 170.670933888123386168445 -0.477224150362301313688107 0.5046815623229895519941124 0.5193370470690022999704638 -0.497837988208870152462282
187.55619999900000038906 -235.3749222183347740156023 2.580884768703777254472698 170.5125089885438285364216 0.4530799797884004220804854 -0.4763303538176945628457304 -0.544349316190899212841714 0.5210678918426587813428341
187.3482999990000053003314 -234.504440020039709224875 2.565140844299875766409968 170.3718162933228370548022 0.4489911343274959887317266 -0.4692893597240160863393044 -0.5498264760085126434674407 0.5252288114957066600396729
187.1402999990000068919471 -233.5727428303925705677102 2.547174752125538788050108 170.2043748286046991324838 0.4470006187953037835036696 -0.4661800565384101036059405 -0.5524399214278660208421456 0.5269504102809235979165692
186.5157000000000095951691 -230.5351699357267989398679 2.497057775409545765654684 169.6059057697984258084034 0.4572299629807715093399167 -0.469786412438883471676121 -0.5495290677715772842404363 0.517937536112712204605657
185.8903999990000102116028 -227.1164073994709156067984 2.45264371064681352407888 169.1069503847321868761355 -0.4801797750437137857204561 0.4892358691582872620706723 0.532340471626807754113031 -0.4966782361207824347815176
185.369100000000003092282 -223.8919643581984360025672 2.383695385270415023626356 168.9022328769318335162097 -0.4992181680484101269357211 0.5073594279863521405715687 0.5175202190465104656880158 -0.474910996294887643998095
185.1604000000000098680175 -222.51371673518573857109 2.351149658113294016459349 168.8927994533866012716317 -0.5064345053274307284496558 0.5143763793137058337734402 0.5106983211879179140879614 -0.4670420291084365627121144
184.9518999990000054367556 -221.0815576548750414076494 2.316852262926306416090938 168.9317096808115366002312 -0.5130421854399566106152974 0.5209689319480748093127431 0.5027661607161821866185392 -0.4610913960838845526701846
184.5346999989999972058285 -218.1067745757898990177637 2.24340638221418053888101 169.1224466281171885384538 -0.5253860860065991955636377 0.5323896278863913256174101 0.4899767302360987231146794 -0.4477203910665650266054172
184.3260999990000073012197 -216.5620693162188956648606 2.209783532879236567225689 169.29531079887178179888 -0.5298380795178545543677728 0.5395962591255963891612168 0.4812600327509426456629171 -0.4432789951114934900999742
183.9087000000000102772901 -213.3365724739982454138953 2.122104121648646479769695 169.7592860214113557049131 -0.5286767606483003811845833 0.5490984925771346114586891 0.4728552271849362220734747 -0.4420403401544029664549385
183.7002999990000091656839 -211.6545174823467903024721 2.074066294486139661046309 170.0083492134038465337653 -0.5294233620291757258513599 0.5493653137725740265295826 0.47096909560637734148969 -0.4428281458365048162129085
183.2830999990000009347568 -208.2678009101594795993151 2.002311223685075525224875 170.5394909319579141993017 -0.5250974732688574730943287 0.5523180430466458901150872 0.4653148801288600755476921 -0.4502215956864457635511201
183.0747000000000070940587 -206.5497884043235785611614 1.962696285376064553318542 170.7898034094947377070639 -0.5197970850063449166356122 0.55274897400777789346904 0.4688294579626083868895137 -0.452192991430365343052955
182.6581999990000042544125 -203.0262770113764076995722 1.889318448051068521920115 171.225157718339517032291 -0.51673067411946049798388 0.5434918497038232487739151 0.4735215711557418938326691 -0.4619343474778236369182594
182.4500999990000025263726 -201.251399303470520862902 1.849150371896856048792301 171.4002558454430413803493 -0.5128938084563104959912039 0.5413198498742712860831716 0.480006556301552311794012 -0.462067600343069539992058
182.0338999989999990702927 -197.6046752500107572814159 1.766943259732026927366633 171.7122669891880093473446 -0.5104536954558707151363706 0.5350805123623011416711392 0.484851208152597135114803 -0.4669530769129905389824842
181.8256000000000085492502 -195.7482247109693673792208 1.731665015171683696948435 171.8508242045853648960474 -0.5087443366265753663668647 0.5335735738722159338109918 0.4860464976269283643439678 -0.4692944101097019649060371
181.4091999990000090292597 -191.9912828052077600204939 1.666420829851549711975167 172.0982972035115210474032 -0.5068238781375882240354258 0.5328709876161895619972597 0.4863322903535780006301081 -0.471867534871774241267417
181.2013000000000033651304 -190.0781712339100408826198 1.635038922354606016895673 172.2208096319211847458064 -0.5063626148221017642114816 0.5338350309407269289607711 0.485366139137012042592545 -0.4722676921304989616778869
180.8883999990000006619084 -187.1606781799840746316477 1.573844124687460599432143 172.413497335559327439114 -0.5056352033923841027274193 0.5366313859569115107817083 0.4842910813968864802703251 -0.4709797715143835827866781
180.2637000000000000454747 -181.1866952073994525562739 1.410406529400324737721917 172.8095643465384796400031 -0.502896332023438419334127 0.5383038730759345247278702 0.4888142892855217858105732 -0.4673166058028644376243221
180.0554999990000055731798 -179.1205622237269778906921 1.360444319149367364829573 172.9496191066598385077668 -0.5060431601441333082647134 0.5350554614305674805407875 0.483836929784978109214677 -0.4727978411973852712613109
179.8471999989999972058285 -177.0466899308345318786451 1.332055627523583085647374 173.087761535628771980555 -0.5064506192493348768479677 0.5342920829024451201405554 0.4822305022904359028679266 -0.4748615409468805448334194
179.4308000000000049567461 -172.8467016835405729580089 1.220348405843596051312261 173.3767647040199051389209 -0.4968791087537798856210713 0.5434621784583469894513996 0.4851310579373566134187001 -0.4716013872900910453012102
179.0144999990000087564113 -168.4592399561792035456165 1.143586265845797589335575 173.6216112038624146407528 -0.5054711082376661668291717 0.5338442567546733963368411 0.4848359157865967383749251 -0.473754581012582942634026
178.80619999900000038906 -166.2709175500779679168772 1.098081444452243982112805 173.7520501851361984790856 -0.5034879399090569362940073 0.5360084752970398769278404 0.4881553435007525143518592 -0.4699991163688913564655536
178.3897000000000048203219 -161.7735668519526370801032 1.019468495714222822101647 174.0228629029356852697674 -0.5099213543732337150515832 0.5302400459345666394739283 0.4834694706762976967873158 -0.4744291063641185024479796
178.1813999990000070283713 -159.526169131719598226482 0.979778120937653929090061 174.1704586380769796960521 -0.5046594772884834823045708 0.5358321514516694028529287 0.4862626827682150487675017 -0.4709047895282530427074619
177.868999999000010348027 -156.1097090024803719643387 0.9014027905187291800359617 174.3798877679411702956713 -0.5068786757176904078647794 0.5337187440828141671289586 0.4860150656793741363870254 -0.4711768948601128270681215
177.6608999990000086199871 -153.8469345716048621852678 0.8588025885935047787356211 174.52422346662464747169 -0.5071498356947097274627367 0.5333695625841184950743923 0.4858264453524254733451926 -0.4714749398004962621655523
177.4524999989999969329801 -151.5532134547133011892583 0.8159821877503101728024149 174.6687996681077663652104 -0.5065688026802985799434964 0.5335513416953906462580903 0.4864569482244613940480349 -0.471243728287433938373141
177.0362000000000080035534 -146.967363334863648560713 0.7247079776972121800682203 174.9411999097330294716812 -0.508893738536960515972396 0.5304695658444766870331932 0.4885983502217612906015631 -0.4700009093089305700630121
176.8280000000000029558578 -144.6660570505213740943873 0.6854825298918520992685899 175.0848179435307940821076 -0.5090012737935234454766942 0.5304530954790884766936188 0.4873331650275628534885186 -0.4712150284503264230373532
176.4115999990000034358673 -140.0661370075309264393582 0.5886901374462427671829801 175.3558484563614001672249 -0.508673331991202681834352 0.5308060237630782829398868 0.4894096377280332532677676 -0.4690145125224947642017526
176.2033999989999983881717 -137.7770276699674809606222 0.5415734299720732503047316 175.4973450571651767404546 -0.5091154875569029458759474 0.5305614486712690869296694 0.4889668022135990610443912 -0.4692733061303918651319123
175.9953999989999999797874 -135.486676227365364866273 0.4968834564400686493179649 175.6414327084976889636891 -0.5087958621156748462155406 0.5307725956144891954480158 0.4885538325931723102613091 -0.4698109993360604086376497
175.578599999000005027483 -130.9452074007009798606305 0.3976071742434570399638005 175.9234591375076206531958 -0.5060888131505174580837547 0.5323088514159355355559455 0.4890329812181129498505072 -0.470497761088268129370249
175.3703999989999999797874 -128.6663235725444280888041 0.3487087871224195390063016 176.059441664826351825468 -0.5067799039001977812191058 0.5312520734818634293716855 0.4880589646083940968956938 -0.4719574244457961365029064
174.9538000000000010913936 -124.1458820733077601516925 0.2672153725076428232299008 176.3305414289417569762008 -0.5054860420006940247006355 0.5328307232695448369952373 0.4865869041651571524909059 -0.4730839950553121231457965
174.8497000000000127784006 -123.0113109737865926263112 0.2394029763086249762427116 176.400285313065751324757 -0.5039486703442822568277393 0.5341492698199277189274881 0.4869258007188704828749337 -0.4728885278830045613140953
174.2247000000000127784006 -116.2933877773278510403543 0.09915684450518807979690905 176.7778956680960220637644 -0.5063335102509809448889655 0.5302509685009753059858895 0.4899234187445797861215624 -0.471630502158544517854466
174.0164000000000044110493 -114.0551400146149205738766 0.04887000953620478094219237 176.9016787094643632372026 -0.5050938280355606879723496 0.530135423519552673177202 0.4910756492377530424420229 -0.4718912632544147167656945
173.5998999990000015714031 -109.5584249758836818955388 -0.05288897917346765953361398 177.1256726120432460902521 -0.5053090308041625622337278 0.5267665644585102224795037 0.4925859643727281134140128 -0.4738552918975637018306202
173.183400000000006002665 -105.1610588421377201484574 -0.1436589125880954331826445 177.3126195173404653360194 -0.5039197511268274087825603 0.5243022934381585953289573 0.4960921720182598360082693 -0.4744096820069854114620966
172.9752000000000009549694 -102.9609075621696092639468 -0.1920926985418067445277046 177.3899082281731125476654 -0.5025317274067023776140672 0.522980634604972682843993 0.4987908875271032105302993 -0.4745110844835350727421996
172.5586999989999981153233 -98.54093499448703141752048 -0.2942005667634891019623922 177.5195115281613880142686 -0.5005711159844047353217888 0.5200740872508817780328627 0.5007225729325051055695894 -0.477732568042144256637016
172.3512000000000057298166 -96.32019084479978232593567 -0.3391835906774214315362315 177.5668060535334689120646 -0.4998863128972674263472697 0.5181359025573313292767352 0.5013382191659329079058693 -0.4799050433810904126019636
172.2471999990000028901704 -95.21499620892032567098795 -0.3626026844700012130573441 177.5846615659290534949832 -0.4986009968838361339216192 0.518064608881074195601002 0.5027010957814025404744029 -0.4798934415383498408580465
171.8298000000000058662408 -90.81198483010031452522526 -0.4794103653669507525414417 177.6320181839366796339164 -0.4960000471714185454885637 0.5159838385021979778599643 0.5062136473994582885893578 -0.4811365448570971148356534
171.6213999990000047546346 -88.62451662122228412954428 -0.5222887360144857771260263 177.6436773899253296349343 -0.496545242144041165666124 0.5134116815277447454235471 0.5050815089186553308309158 -0.4845038050659905559669482
171.5173000000000058662408 -87.50471545849332244415564 -0.543399864669192322885749 177.6459486044178106567415 -0.4956305746953417745714887 0.5131260999490239171905159 0.5057750137290965009029264 -0.4850191485556029635795028
171.100699998999999706939 -83.14041216205174578135484 -0.6484828038971495178799387 177.6181895522796025943535 -0.4926940073107552442444046 0.5108717478710472770231377 0.5120814285627743878137608 -0.4837719327414096159856172
170.8924000000000091858965 -80.96155407059798392310768 -0.7099721621882670863357134 177.5931751535229636829172 -0.4907454394680328957356608 0.5103227308819892060753887 0.5140472737828215565869527 -0.4842468629768551524605869
170.4757999990000030265946 -76.62293767613715544939623 -0.8400558150784639410701971 177.5270112542621063767001 -0.485861820190198245850155 0.51263001855979595244861 0.5141053795557192218623754 -0.4866666358655797886001437
170.0589999990000080742902 -72.29804751938699780566822 -0.9559811298946961910516507 177.435950971051312308191 -0.4866272100177016501909577 0.5110342127014507740412341 0.5123504460505781121781865 -0.4894231424348154946279976
169.850699998999999706939 -70.16518984664362790226733 -1.019716085704307051429396 177.3879493415932131483714 -0.4833934307821557974094162 0.513340650890820593410524 0.5138859778838991143601334 -0.488603488479108893915992
169.6423000000000058662408 -68.00890052663234541796555 -1.081113479743511351927054 177.3312776212800656594482 -0.4853729644630344064459848 0.5106747801093344252265638 0.5127513762858599832838991 -0.4906224418487246663467261
169.3299000000000091858965 -64.78264231975146003605914 -1.164005939442010362228075 177.2363037994525143403735 -0.4853484751797343954571318 0.5092762954190938051723947 0.5145799299071764920654459 -0.4901856875732258367328598
168.7047000000000025465852 -58.35882705642470824614065 -1.341920344495308725640825 177.0346660551111028780724 -0.4870521914365770754784535 0.5080891485449819944264505 0.5169963993296909920971416 -0.487175844052019746399651
168.4963999990000047546346 -56.23072655625509952415086 -1.420155243446790338524011 176.978225769964780056398 -0.4828254157998561613140964 0.5119716750105131053416585 0.5197719278097990835973974 -0.484357063441332169606568
168.3920999990000098023302 -55.17794141365013871336487 -1.462698878723604378748746 176.9521005576701213612978 -0.4820321501943405362311523 0.5126251756970090500686865 0.5194671346504411424405134 -0.4847827672666300546922002
167.9755999989999963872833 -50.89332905773060389265083 -1.59515584090037876308088 176.8380239049863860145706 -0.4848536090968812439783164 0.5096256929027608295612595 0.5137892397346414119496671 -0.4911407619125180978869594
167.7674000000000091858965 -48.76001435807409478684349 -1.654333837072565760450971 176.7839059888483745908161 -0.4826357296025248766468962 0.5118988565833508808111674 0.5136193499174731558198914 -0.4911389584731074009482654
167.5589999990000080742902 -46.61073580868922050512992 -1.720391918386663610007759 176.72057714139225481631 -0.4820342697007985455215362 0.5123182512613558836633842 0.5134381124311111488367487 -0.4914817157959203153261285
167.1425000000000125055521 -42.36077160470642155587484 -1.845944789088824755651785 176.5901610852774297200085 -0.4842655677678104897410094 0.5104152507326874532722627 0.5132750191544264151133348 -0.4914385886415830184681397
166.9339999990000080742902 -40.26165506339305721894561 -1.902091930943130781983541 176.5333842121827672144718 -0.4841884541788627482894469 0.5099654697799721470019563 0.5116343380183859812504465 -0.4936872133572672294299366
166.5174000000000091858965 -36.10906020516173242640434 -2.014967762476657764381116 176.4084603480339126235776 -0.4816403153612121568194482 0.5107831256228618777015527 0.511888152157612963399913 -0.495069414202045310346989
166.3088999990000047546346 -34.0666849116835876998266 -2.071308939185529940374408 176.3368179146352474617743 -0.4815374411623914441271666 0.510613279172373091263637 0.5122293627385582359679006 -0.4949917694669914713934133
166.1005999989999963872833 -32.04832316725125451739586 -2.127868352007453278673665 176.2622716692063988830341 -0.4822530041519235699531976 0.5106522929789760745222793 0.512641332177314890117259 -0.4938270347046899710896639
165.7878000000000042746251 -29.0553796226991387641192 -2.214142366480199797251771 176.1657469993102154148801 -0.4842789201255911502030926 0.5111388905756468759022937 0.5110152751750396404872845 -0.493025709878163409527474
165.5792999989999998433632 -27.10046099599741964425448 -2.270617515121414076162409 176.1115389476090342668613 -0.485474028880002850261377 0.5115552657296257299535114 0.5096606947487106742400442 -0.4928206099744326662559502
165.1622999989999982517475 -23.3489860165557807647474 -2.38016383175698020835398 176.0287598580530641356745 -0.4850437665514235607844284 0.5134214746037543131151892 0.508758188226630547745799 -0.4922357563786592948851251
164.9539000000000044110493 -21.54233316693527200413882 -2.429532052177377554613713 175.9879871228105230329675 -0.4862239019505479875604692 0.5115576887376759307457519 0.508005430633079901880933 -0.4937869284546221315679304
164.5369000000000028194336 -18.09155679861985888123854 -2.517411858407294644734975 175.9125930820081293859403 -0.4838513458869319605604176 0.512244502776532550925026 0.508113974285239522465929 -0.4952914632766108882222511
164.3283999989999983881717 -16.4514609050435502979326 -2.559634182270177582552151 175.8697078781382003853651 -0.4830524490268360837674777 0.5117204818443101821401342 0.5073815940932107082517177 -0.4973594252908407620239473
164.1199000000000012278178 -14.8712098908756846782353 -2.594863011216007819825791 175.8150778661925812684785 -0.486468938224930647074018 0.5073241875127809663581502 0.5063454657412514992032015 -0.4995842373715170814385544
163.7030000000000029558578 -11.9842890630261464934847 -2.687987629453459259565307 175.7412484294418106856028 -0.4749183460882951957060527 0.5143023281968285287391041 0.5128040254327416169743969 -0.4969685213975388871077143
163.286300000000011323209 -9.357007882805451259855545 -2.800419795428597868891529 175.6048701988126481410291 -0.4768109550769923932200811 0.507973856668349932341755 0.5171642214113818525333954 -0.4971469019837179148524342
163.0778999990000102116028 -8.16730818544333558861581 -2.849015054272928448853008 175.5389924265840875250433 -0.4765389078578161075050446 0.5072402052137207073556624 0.519355938312320852823234 -0.4958703992497950907569759
162.8693000000000097315933 -7.074235960433009395842419 -2.883456779115982637762272 175.4572031697426552909747 -0.4825623429705414024759591 0.5021024486514364948419598 0.5223668344241860772569908 -0.4920971514840015159641951
162.6607999990000053003314 -6.051555652845051369581597 -2.915834159793067481558637 175.4114817935515588942508 -0.4854997835677127282494325 0.5004776382153893754534124 0.5190278746410302845859519 -0.4943906948433240411411305
162.0354000000000098680175 -3.487646858198979238352422 -2.975122393352780836295324 175.3195851417777078040672 -0.4852012300513596221307466 0.5024480686250014649374407 0.5134015757823384706881598 -0.4985424020841812131621396
161.7228000000000065483619 -2.518605130783588386123029 -3.000967813505559522724297 175.2845216398131640289648 -0.4806707562974273373335166 0.5019351966373454265735177 0.5167958870653744929413165 -0.4999386897704570786871159
161.2017999990000021170999 -1.291131352821899502814063 -3.025813860773864938380484 175.238939759994963196732 0.4716133954320474996890766 -0.5021951969809241855813298 -0.5214781440618262431385688 0.5034295726754429711746752
160.4721999989999972058285 0.07681019560574642301986614 -3.064237827518155654615839 175.1494948884535745037283 0.4681067923127192886845194 -0.4974850756517805727696668 -0.5243650886025208457397184 0.5083560606005498305748347
159.1169999990000007983326 3.060404265268808821076618 -3.141248468624596501541646 174.8847287591257781969034 0.4566442029097593224840068 -0.4938915702944446928235323 -0.5328690240035502956317259 0.513417755827066613072418
158.7002999990000091656839 4.560940756068003310019776 -3.192831233046496741678766 174.716631545767882016662 0.4509184867742815905344855 -0.4917928324102436854481368 -0.5369779219827500726935909 0.5162044552095519378553945
157.9712000000000102772901 8.136718672151181053209257 -3.323327508322510670524252 174.2099155229087159568735 0.4441412695951383327042095 -0.4818715470122820199172509 -0.5464948617311193856949103 0.5214227756090963339374866
157.2420999990000041179883 12.63206572460350507469684 -3.477303366331955469803461 173.40788956621349825582 0.4496732645419091456417959 -0.4736854106617057746930755 -0.5528831378993736000992953 0.5174324329890966911449368
156.9294999990000007983326 14.75610704383016802410111 -3.5471520505923006538751 173.0378985618312128735852 0.4585776869668401478641329 -0.4780321750766919897124296 -0.5500673624297632846591455 0.5085446306836338692392019
156.7209000000000003183231 16.21353403093302247839347 -3.59083367291620092487392 172.8192821816444677551772 0.465749864271822910932741 -0.4819288301578678046510618 -0.5460121659123680082359442 0.5026851711251612009334622
156.3035000000000138697942 19.2793878297626370965645 -3.686872324148583235370324 172.4725954351036421030585 -0.4790480766048489935649002 0.4920584204738044920013351 0.5373792805627642943377964 -0.4895048109711130912558019
156.0949999990000094385323 20.88138698745204280271537 -3.739670011462897125653626 172.357677664515364313047 -0.4836073839338757562877902 0.4974051230831558201295195 0.5329017239652763526791546 -0.4844871456809768384133008
155.6778999990000045272609 24.24739255088982403663067 -3.86099607945932188357574 172.2100829425151289342466 -0.486214214332204686108696 0.5046266830827352833921395 0.5275573590202875529087123 -0.4802404412851682402596509
155.4695000000000106865627 26.03587394910980634676889 -3.92670677158636705073036 172.1551998555623015363381 -0.4854768260349938691078364 0.5057790595497121399759521 0.5264911399493735766341729 -0.4809437325288752895779965
155.2612000000000023192115 27.86823120312671164811036 -3.993849188833411556487363 172.0976388462894988151675 -0.4844446985520303727845715 0.5055864042580670014714883 0.5265098955853161344364821 -0.4821649631868435981196797
154.8446000000000140062184 31.70674519136629498916591 -4.13709778097279468056513 171.951100202849403331129 -0.481835807654004077971166 0.5043898535947950456659328 0.5283477591507774739909564 -0.4840183627233445307069815
154.6367999990000043908367 33.71238372540462080451107 -4.210217799082934142518297 171.8648081227021293670987 -0.4807770186279412549801293 0.5034212978486977130287983 0.5285776713911221058594947 -0.4858251748708581896352143
154.5321999989999994795653 34.73403126278372354818202 -4.245451375123311166248641 171.8173263616890267257986 -0.4804160103645636059610524 0.5030036174290867245773029 0.5286427945796809968470598 -0.4865435371861738800269848
154.1156000000000005911716 39.02018686766280808342344 -4.402765931977092428439846 171.6065586760468875127117 -0.4781629863712842931633418 0.5029762831566770842073311 0.5280058386821745441963571 -0.4894740558639675831464899
153.907299999000002799221 41.27161361459148736230418 -4.482599546029570447558399 171.4889958572805426229024 -0.4775909827046009303863627 0.5024337567402351600875932 0.5263859538249217040473127 -0.4923261123919544512972379
153.4908000000000072304829 45.8324584118954803102497 -4.624853435858590877671759 171.2133592368695360619313 -0.4788861929669590011826585 0.4983568633317924656545017 0.5263644097021296097693721 -0.4952261696988946026998235
153.2824999990000094385323 48.0912759965907525838702 -4.689880589187510828708128 171.0706443324971246511268 -0.477865289861872266641285 0.4980893771004024084270156 0.5280253595428366919506402 -0.4947130045234507944584834
152.8659000000000105501385 52.69087514877590194828372 -4.849421216413652757637465 170.7645247660360041663807 -0.4748621164389290605356564 0.498804915686451633138887 0.5313064910345475233555135 -0.4933690698075118286070051
152.6576000000000021827873 54.9724495300828550625738 -4.932746309534405959595915 170.6077455014947759082133 -0.4746030273204505101070083 0.4979149517933392776747326 0.5322775677775892777532363 -0.4934706253463059244523947
152.2411999990000026627968 59.66542324534801622348823 -5.106746519994572963696555 170.2595626965057249435631 -0.4724994438302778099192381 0.496708741594503733196575 0.5331727766634544174451094 -0.4957332869887447479584353
152.0329000000000121417543 62.02924177802434257955611 -5.199416019602487004647173 170.0716282527289990866848 -0.4705765776812748102386763 0.4956808140920739291779284 0.5342623400670657440869604 -0.497415286320053995350321
151.6165000000000020463631 66.71112404889061053836485 -5.368880781970145399384364 169.6638310228011334857001 0.4689202435719921346901629 -0.492487196808780780532544 -0.5352117390434797394860311 0.5011173121514231887374535
151.4082999990000075740681 69.0149612577347824071694 -5.457452978379740748948734 169.4422468484040109615307 0.4680052916098798587718477 -0.4914232245072277516229065 -0.5373308547750782482310683 0.5007492525673449268452941
150.9918000000000120053301 73.62465804554450699015433 -5.628667339209428632784693 168.9825482493068875555764 0.4663010482245961152436564 -0.4885822668975636218213765 -0.5384140846701547244990138 0.5039454080817493686339503
150.7835000000000036379788 75.89996033598765734495828 -5.704418779097562897106855 168.7393934836922255726677 0.4663312167968052812661028 -0.4854763958754864661138129 -0.5384319138067826804316951 0.5068914474351721155542805
150.3670999990000041179883 80.32766326987751881461008 -5.863619965977655112965294 168.215749377826199406627 0.4602364588866783012832684 -0.4843365424761201243342157 -0.5461127698800100072062946 0.5053329180923316066298412
150.1588999989999990702927 82.55481730656582328720106 -5.946791174489359121935195 167.9280672387592403538292 0.4624085453400089140707507 -0.4802736907316154102431938 -0.5456795331410636551439097 0.5076902267116438771665798
149.7425000000000068212103 86.95304988957553860018379 -6.087175030261675168219426 167.3312026610456939579308 0.4654041561014110595095872 -0.4758304134337538182641936 -0.5487819101335259519558463 0.5057892883851888843338429
149.5343000000000017735147 89.12281944335201444573613 -6.153644991245511342015106 167.0379343566447118973883 0.4661948146641239354437403 -0.4756101604833848361941762 -0.5493295110720470830756312 0.5046726248674461290377735
149.1176000000000101408659 93.42064420075503505813685 -6.307022657203745552578766 166.4790195590783241641475 0.4669037604415635089871728 -0.4796529666992147000748048 -0.5491388599102940970553277 0.5003802779472746875555345
148.9093000000000017735147 95.58430980727148096320889 -6.383723100877943146258531 166.2123398268527978416387 -0.4700523522104274598554241 0.4802320790678300532761114 0.5474631231913640316832925 -0.4987104020984431396179559
148.7008999990000006619084 97.75732496169392504725693 -6.455855378589859583371435 165.9582598805779980466468 -0.4739175001595654079800113 0.4799311884658829518990331 0.5455887410895462474869078 -0.4973943937928507752488372
148.2841999990000090292597 102.062759192043202460809 -6.59795648141014101639712 165.5332300575206261328276 -0.4735177239087101086489895 0.4870714933859460749054904 0.5423963069638912948278175 -0.4943162668444477936269266
148.1799000000000035015546 103.1395186280071669671088 -6.638257750791383138277979 165.4380182685013949139829 -0.472906224527955221237363 0.4888332716921087728323414 0.5411582604482377822918693 -0.4945194358547919111224189
147.9716999990000090292597 105.286253753609742034314 -6.719480759199383257396221 165.2479287382467134648323 -0.4726131296731592712490055 0.489896353853773280917494 0.5393729466263708083317852 -0.4956966981823728302103405
147.7632000000000118689059 107.4141309481951651605414 -6.797163493048685722897062 165.0596981442483297541912 -0.4720338024466341764195931 0.4901702349692858007301766 0.5392318946091497755546129 -0.4961312265259607556799892
147.659099999000005709604 108.4676058237676414819362 -6.835319717498517633202937 164.9630478183099171474169 -0.4726029749204159746689413 0.4895289024129591548550877 0.5388195528913919396529764 -0.4966702842134376183480526
147.2425000000000068212103 112.7541462488393761987027 -6.981061413984627428419572 164.5655586341133869154874 -0.47206996402458406558722 0.4893853661392018050690922 0.5386205890552393515946505 -0.4975336908395395218995816
147.0341999990000090292597 114.9076252015570673847833 -7.052679635277455005848424 164.3637790298367349350883 -0.4725348363261396289480842 0.4892407752317471381076075 0.5379906493789493593382645 -0.4979160104773537875999523
146.8258999990000006619084 117.075703389886626837324 -7.125071060066150430145626 164.1627454597933990498859 -0.4727274421038824558927161 0.4893700498332867465656193 0.5380579624098711377655491 -0.4975332641094711294549313
146.4093000000000017735147 121.3783120970165896324033 -7.269253114370997970183907 163.7758663624514383627684 -0.4728229184971392551339875 0.4904946842036107534923417 0.5375265965853318617106993 -0.4969090565437883633137517
146.2008999990000006619084 123.5215396563059755408176 -7.346378087063516026944399 163.5900937214999260049808 -0.4719048650527420396549871 0.4916668469486411563451611 0.5372803966916256390717876 -0.4968896107608050671800015
145.6799000000000035015546 128.869677437073193004835 -7.539417249173383517302227 163.1129910538861338409333 -0.4723478157971022217687107 0.4902456863551445387372496 0.5354514637818078570674629 -0.4998384117450351826761334
145.5756000000000085492502 129.9344019428953629358148 -7.574149291481448109664143 163.0115213365423016966815 0.4735368108807133102899911 -0.4890421403842105663173356 -0.5351181941838100142305734 0.5002491298571265510020112
145.1588999989999990702927 134.1112106702499886523583 -7.702086226677398173023903 162.6148151188011468093464 -0.472500358207941728583279 0.4872629198391567051373841 0.538494111206495151833451 -0.4993419175666238274402531
144.7421999990000074376439 138.1984150874127408314962 -7.846176893401000995709182 162.2115250291334973553603 0.4670255036634479717250201 -0.4843081021018250664766924 -0.5416999150808076146645931 0.5038789965536142334556757
144.5339999990000023899483 140.2117220869981792930048 -7.914717428597818127400387 161.9821583435150671448355 0.4641492267788134840067471 -0.4818192601308551314964745 -0.5436740033076365996578261 0.5067881943919302356604817
144.1174000000000035015546 144.1220689067776277170196 -8.041625758240558141665133 161.4729078361748122460995 0.4611825553678858824468989 -0.4770102339030012350562515 -0.5473040827670592189946319 0.5101275608734148203637915
143.9088999989999990702927 146.056530933669108662798 -8.112682296198757470051532 161.2022583303148337563471 0.4591015967957637333718424 -0.4778114832604768991153321 -0.5491705039447671854446753 0.5092481397914511154212391
143.7005000000000052295945 147.958407362344502189444 -8.181959104329861176552185 160.9369828884100286359171 0.4579824380190043453531246 -0.4787346380617271690560699 -0.5493269880490387890858983 0.5092200830554973745023517
143.2835000000000036379788 151.7394203428731884741865 -8.316221005936727195262392 160.3924592582871468948724 0.4623774735732658625053659 -0.4770010956655352241106982 -0.5497579079987396921680443 0.5064022800686545089376978
143.1792000000000086856744 152.6641288521884405327 -8.347123445788943385537095 160.2626406909829199776141 0.463580841912925090131381 -0.4769948702660135042563638 -0.5493641301217815353652441 0.505734860659962204287865
142.76240000000001373337 156.4019629710696221991384 -8.475434677799338345494107 159.7730790004991376918042 0.4648650574342668706506743 -0.480153112023409989195244 -0.5482214017883765277971975 0.5027989280140305883293195
142.5538999990000093021081 158.2705984099020213307085 -8.541880103143176583557761 159.5397486185522666346515 0.4649231368662720687012779 -0.4803991858436614248439867 -0.5479673712207357993975165 0.5027870912469908359909709
142.3454999989999976151012 160.1391616599810561183403 -8.609215904377967021332552 159.3049696819480232079513 0.4653778706528060582492401 -0.4802035535241819808049968 -0.5477243249620917797670927 0.5028181068082472338076627
141.9288999990000093021081 163.8666251643100792989571 -8.742007085638409336070254 158.8397694877364187959756 0.4645731321895298360225013 -0.480530560102702064551039 -0.5483629955174266212836187 0.5025536894722276715086196
141.7206999990000042544125 165.7302212539939603175299 -8.810363526437118508738422 158.6069271369232751567324 0.4643135655709095810372844 -0.4812224501866848580533542 -0.5483099239525778267889677 0.5021893005214977945271926
141.3040000000000020463631 169.4898518292621645286999 -8.951729781525376239414982 158.1390047776947653801471 0.4647030700471057040878975 -0.4817391774181504215945893 -0.5480918863982890965047545 0.5015712369082218069493706
141.0957999990000075740681 171.3983586703266439599247 -9.025008191693030923374863 157.9066301974868622437498 0.4654117902409334317503919 -0.4819080725615723093113729 -0.5475253765888056234345527 0.5013705586649530587806112
140.6791000000000053660187 175.2126814787338560108765 -9.15397457128242741930535 157.452561696826393244919 0.4665469919783930552448226 -0.481660274831003931694795 -0.545895155075024063329181 0.5023303331387136694274886
140.4709000000000003183231 177.1088652171193871254218 -9.220805403400527566759592 157.2344663211693216453568 0.4658042902206338542470121 -0.4820841195826787162204141 -0.5454236351219065026540989 0.5031245602320066900858819
140.0543000000000120053301 180.921410846678270445409 -9.35629427257143220231228 156.7796361197477210680518 0.4650678790434535359032964 -0.4817763062365733595093786 -0.5448072626324972356215426 0.5047657924364056247767962
139.8460000000000036379788 182.8108745850236687147117 -9.422188184162040514024739 156.5473982896951099519356 0.4649953529812517194486077 -0.4811590118748381716962115 -0.5452893507354064084324818 0.5049008328097992492899948
139.4293000000000120053301 186.5143174188949615199817 -9.55707295945860479946532 156.0896383901558692741673 0.4678510198354831062239612 -0.4822837003234513586491516 -0.5441641355644634137078697 0.5023975011946198998558089
139.2207999990000075740681 188.3218635620096392813139 -9.625400977868780572066498 155.882978998780913570954 0.4694073799331180962823851 -0.4842595940971686774290106 -0.5423527546191263537522786 0.5010018430567068081771254
139.01240000000001373337 190.0772044219857264124585 -9.689039310715180874922225 155.6965589982132200930209 0.4705643431857159941777979 -0.4857488294699487951788797 -0.5406528838659246938291858 0.5003116356414568643984353
138.5959000000000003183231 193.4501729420958895389049 -9.811210274749056381438095 155.3562560237781156047276 -0.4722801536779185349601562 0.4876140925623237420971634 0.5381334193517708364140617 -0.4995962131095015856807606
138.3876999990000058460282 195.0648958732872984001006 -9.871249029292718191186395 155.2036988114881239653187 -0.4723321468614640195049503 0.4889886166807740908168967 0.5370056038903602280143446 -0.4994171174361298204402715
138.2835000000000036379788 195.858190121875111344707 -9.899634008168973764441034 155.1334232108379751480243 -0.4720902674394092390919297 0.4895517260062562936440145 0.5364094812895310315781217 -0.4997346849438997762327119
137.8675000000000068212103 198.880257753902242257027 -10.01069614471767721397555 154.8573930296410594564804 0.4705858781932590884089507 -0.4906784570583499482943068 -0.5350018943056080722442402 0.5015541407598256284927629
137.6596000000000117324817 200.3101427768989140076883 -10.06544121277459602481485 154.7177745323752162676101 -0.472507694829041480222287 0.4926642965622233805156327 0.5336724271876824854388133 -0.4992114879285160511379615
137.24369999900000038906 202.9946084299201913836441 -10.16499423895443321441689 154.5035082018647472068551 -0.4834985473218514351323449 0.50387355785643861416645 0.5227059865294328977469718 -0.488998000074689520566551
137.0358999990000086199871 204.2449302390438106158399 -10.21154576752282494567226 154.4458452116264197684359 -0.4900170075389529977805125 0.510292299175628794039028 0.515424205670984458826922 -0.4835524686453941956010283
136.6202000000000111867848 206.5727945041428483818891 -10.31235257350913769869294 154.4343288470597315154009 -0.5036081502165283829697273 0.5353075894206117402163159 0.495776581714079511709059 -0.4626339771007777490474666
136.204000000000007730705 208.7240589976774174374441 -10.39644872861529378837986 154.5748255204736381074326 -0.5362487798710445785488332 0.564533125863169615854531 0.4574346090522673491385319 -0.429526686401641599744039
135.9954999990000032994431 209.707558382802886853824 -10.43460498204819053569281 154.7394256258736788822716 -0.5548952457254484604831646 0.585123061648429421133244 0.4308408404704589522715708 -0.4050906555095675765088004
135.5783000000000129148248 211.5325588205847964218265 -10.49718863892269560267323 155.3101796139507939642499 -0.5919740973203381217970787 0.6275606879242130453633308 0.368049010720887914693833 -0.346805675820387016017321
135.1606999990000019806757 213.1607845717908844562771 -10.55551577430777676624984 156.188593760081914751936 -0.6253273355742980932348019 0.6628136618355638942645669 0.3011277990743120303029912 -0.2810085793927665220870438
134.9518999990000054367556 213.8983358591507055734837 -10.57820800913471437354474 156.7699658040469046227372 -0.6381414677334468210645468 0.6792814552699468766405744 0.2642232386334433247299103 -0.2480690465402729527610859
134.5336000000000069576345 215.2083516204293118789792 -10.62602013357572516838445 158.1810428078467793966411 -0.6596386387692654285075378 0.7008905452971296856645722 0.2020498139617722954675116 -0.1811220097992950750498409
134.324600000000003774403 215.7633489931075985168718 -10.64910870483652338691627 158.9999487915473537213984 -0.6659408850530407208978545 0.7092862009697783465256293 0.1750297819248281261383937 -0.1509980071655880606851241
133.9065999990000079833408 216.7072762036517588057905 -10.70197500350604791208298 160.8663395048734514602984 -0.6726707212202083230323524 0.7191447828920178864109403 0.1354126206006584232088841 -0.1095824084164041672950773
133.6980000000000075033313 217.1165322986026637863688 -10.72714678141001520828013 161.9018383316588653997314 -0.6747654724506113588233802 0.7213977422212535239864906 0.1222746950572393270784133 -0.09656994177921054967050907
133.4892000000000109594112 217.4951057934372329327744 -10.75126704597476567926151 162.9953083600151444443327 -0.6754952622769189174434246 0.7231909755354598567933522 0.113751382094483280416064 -0.08809986729332365540390271
133.2804999989999998888379 217.8544296496896492953965 -10.7765909554831669225905 164.1243723952593995818461 -0.6756760249770243920153234 0.7244477299171199202731941 0.1088798493281206841709619 -0.08235638590580160456333658
132.8654999990000078469166 218.5659935635919168817054 -10.8291200280019612733895 166.544570730024076965492 -0.6755997641498889816347173 0.7259178480433984281816606 0.1034533815599044670463513 -0.07684812565363596803535984
132.6548999990000083926134 218.93411106548538214156 -10.85624373488968430478963 167.8492021822779065587383 -0.6754448808578280560865892 0.7262473311611230553097585 0.1025678532206238530166686 -0.07628146819518566434936702
132.2379999990000101206533 219.7133681962701530210325 -10.91557328388839920307873 170.653933593360505938108 -0.6736897912938596411080994 0.7275568791124538137182753 0.1040491755316018118726618 -0.07730990773358989431862653
132.0297999990000050729577 220.1420166334744124014833 -10.94834518474196904946893 172.1673727797520427884592 -0.6731074644841291698682539 0.7273597609961263144029431 0.1061139261681466744446922 -0.08132621971164083474192807
131.6134999989999982972222 221.0870894477699550861871 -11.01842095041662794585591 175.3173579622164481861546 -0.671951977173742109883392 0.7261336868423180490594859 0.114091916914339328026351 -0.09051764303102917408327954
131.5095000000000027284841 221.339883086182368288064 -11.03721016383122766058023 176.1185967970926924408559 -0.6715496947136720962134859 0.7258548257386039370686603 0.1162409832121443359342905 -0.09297211035482015606401518
131.0934000000000025920599 222.4356469976102061991696 -11.10977277002853291776319 179.3526599193394588382944 -0.6720054133244446337158706 0.7229390660961267922601792 0.1236656204637204825580454 -0.102345715543082596554747
130.88530000000000086402 223.0259255942980587406055 -11.14577560648001330889656 180.9751599040608311952383 -0.6741151908231626244116796 0.7203477846590697897255495 0.1257541147896799049732408 -0.1041810023549676611498427
130.6776999989999978879496 223.6163522916334898127388 -11.18468733779043589038338 182.5940700224390411676723 -0.6753951362155596882530517 0.7191304720050026855204806 0.1259368626700597681988825 -0.1040801654065282716432606
130.4689999990000046636851 224.1993433643374089569988 -11.22403445413783096284988 184.1986174400907430026564 -0.676761193194985732901614 0.7184684214225421916566461 0.1248128723423690411564735 -0.1010898694308547118847486
130.0528999990000045272609 225.3283545078286351781571 -11.30861451886100788044587 187.3687204176738703154115 -0.6822142044528687332416439 0.7156784434216256762795183 0.1168566356255866800495369 -0.0934487644359581620667754
129.844799999000002799221 225.8363205543403182673501 -11.36098406794071635772525 188.9353810145875343096122 -0.6832130868808987678164613 0.7168307138383422927319089 0.1105196928969586628310751 -0.08461089229318156934578354
129.4285000000000138697942 226.7154218971205352772813 -11.4714735237251854726992 192.0064444131998584452958 -0.6822758985082199023608496 0.722890651924099847391858 0.09237836451874768817216221 -0.05826612604586326599198642
129.2204000000000121417543 227.0697168490341937285848 -11.51624124664150272678853 193.5208435051774245039269 -0.6819719370465558982985499 0.7259689467105848725836381 0.0747892377862005575117621 -0.04785326952520186499784316
129.01240000000001373337 227.3596664612611846223444 -11.54949112400444199977301 195.0202315059750048931164 -0.6820320072964393132153305 0.7281123504501015863965563 0.05786719549058794848095388 -0.03655316444950733323349112
128.5961000000000069576345 227.7538618123616345201299 -11.58797704716131704572035 197.9484126708376265924016 -0.6826894235802690724668196 0.7303119824647703595132953 0.02306594155548612884443216 -0.006893586887513769231872196
128.3877999990000091656839 227.8547439128254552542785 -11.60154365210629912041895 199.3861348508380615385249 -0.6844043921708214961441286 0.7289821137494925107347399 0.001369726445155357383992589 0.01318444765911296924498775
128.1796999990000074376439 227.8754282463951881254616 -11.62090826801419218838873 200.772556453518149055526 -0.6856856416876824233952448 0.726520136369528723996325 -0.01900385377849254237014875 0.04052833298469356304583044
127.7626000000000061618266 227.6355335009828309011937 -11.66849824584212313993703 203.448838335466064108914 -0.6858274013711670447079882 0.7173789792297395884190792 -0.07156902225789898985830462 0.09942862133619922992977536
127.5541000000000053660187 227.3482970707111121555499 -11.68048560544270841887737 204.7185864412920750510239 -0.6803379516737514398627695 0.7148875442325003382038062 -0.09981963440247842989094806 0.1269334912516974778196044
127.3456000000000045702109 226.9962060795806451096723 -11.68826549644184531473456 205.9466521157057457003248 -0.6768124032156144220806482 0.7089013913243229492167075 -0.1301019551394107243158516 0.149857497312769150088485
126.9287999990000059824524 226.0329518858765709410363 -11.68241034650274912110035 208.2025973168098005317006 -0.6635845260737569528686208 0.6981337614583207340501758 -0.1822260655942139484508857 0.1976322060939892655273553
126.7202999990000051866446 225.4703767946877235317515 -11.67583213992402768610646 209.2142176900411527640244 -0.6566622800284199756859493 0.6906548006203813150349902 -0.2062178270964677151422251 0.2219567619053535723061543
126.5117000000000047066351 224.857733367105822708254 -11.66962777746212331919651 210.1473541764657966268715 -0.6486567675329536486472648 0.6815102127971462975253303 -0.2313595822029973214650767 0.2475095382197279314517857
126.0945999989999961599096 223.5192413126704877868178 -11.644218201176290250487 211.7678710132793469256285 -0.6264065221082957268805558 0.6635391903420908565891523 -0.2815578166869815990303039 0.296741988607631401730913
125.8867000000000047066351 222.8163611168483271285368 -11.63041556606396831341499 212.4526535555244777242478 -0.6154137573031184249572334 0.6522333270942644034562363 -0.3060502029867412931984916 0.3196730636155936111642006
125.2600000000000051159077 220.6705953644922146850149 -11.56260345205606476781668 214.0290905120460820398876 -0.5796482518858933064009875 0.6197370944448357121814297 -0.369116566627159747859821 0.3790604148365777081863826
124.9470000000000027284841 219.6449365890071305784659 -11.53365709417106366174721 214.5583000989293793736579 -0.5609552301018437825419483 0.6072423040390724224835139 -0.3899658690789977733004434 0.405601571693414542085776
124.1123999990000044135741 217.137517176738725765972 -11.44585192395431327838651 215.5017952808520078633592 -0.5296187124339575280629333 0.5779877645620619119881667 -0.4270518915826556627379773 0.4506227306206636029628498
123.6950999990000070738461 215.9637173032884902568185 -11.40568387555539509037317 215.811478526375623232525 -0.5212859303302603830587714 0.567815771431876892272328 -0.4362932839784756100520724 0.4642137426964161872611214
123.2780000000000057980287 214.7685620176184784213547 -11.3637373467220452738502 216.0696171709172404007404 -0.5153143160396398414491159 0.5629213003398324532966512 -0.4421979052275373800462432 0.4712024808091403449417101
122.3393999989999940680718 211.725322578766110837023 -11.24796247512684210789757 216.6294050564263784508512 -0.507632216992834450763894 0.5520056892013710525546344 -0.4548890177777313859053265 0.4802866153303360086113116
122.0264999989999950003039 210.4247203155072156732786 -11.20175429719900606073679 216.828786315087029379356 -0.504841102483056247685056 0.5478347611076065382107458 -0.4594750453992673122627366 0.4836271481432828922564227
121.4008000000000038198777 207.606006952142877253209 -11.09611705569433404150459 217.1762602784805551436875 -0.5030955524802339651202487 0.5452055480023523248434003 -0.4580609488189996691964723 0.4897202698164538348102326
121.1924999990000060279272 206.533534376883210370579 -11.06639545685211700742911 217.3106666226548497888871 -0.5046557015995374317895994 0.5445339932610618882691256 -0.4567438367766908369205225 0.4900922572258697984537434
120.6714000000000055479177 203.3936014546625870025309 -10.97380867380413960177066 217.6979100609464694571216 -0.5035759131106323227555777 0.5455098007645602375959015 -0.4560612389351020867778175 0.4907529962675548640405054
120.4630999989999935451124 201.9716264411444228699111 -10.92990976614313325399053 217.8667690175907125649246 -0.5009737554556926708571041 0.5478074840020190627853935 -0.4562705617461429441483745 0.4906622374911855377632719
119.9419999990000036405036 198.2099811301497993554221 -10.83007517182966950031187 218.3229794339745239994954 -0.5005059918752520209395129 0.5500774490057159793465758 -0.4508075253548958771787625 0.493640686406346673731349
119.733800000000002228262 196.6667299718518790996313 -10.78916458513039700051195 218.5227005229869234881335 -0.5004615655481330360743186 0.5525346539228626063788852 -0.4509613648380034756080192 0.4907927516242466259299704
119.3170999990000069601592 193.5837608028816134719818 -10.70747243922432190288418 218.9495082846558489109157 -0.5047587242466278212305042 0.5554368930349623534326042 -0.4453275636033793283274917 0.4882538778623911057685802
119.1093999990000042998872 192.0096085732517110500339 -10.66183914312270530899696 219.183453259115253786149 -0.5045286393097494492820942 0.5599136418592115527204101 -0.4441749107668668261617029 0.4844132682136744194600908
118.7961999989999952731523 189.6431565608072276063467 -10.60131800426281500904224 219.5724140461917102129519 -0.5081514065295931192878243 0.5594632497017542061001905 -0.4415919315302347381013703 0.4835075865822017759931839
118.3791999989999936815366 186.4573501799061148176406 -10.53386076786762259871466 220.1160789114078966122179 -0.5097315934257621306002761 0.5558557851011247663564063 -0.4443981294121348568637586 0.4834339162783689025637557
118.2750000000000056843419 185.6445120315478902739414 -10.51426567620449326057042 220.2498093508404224394326 -0.5086595065703861662242957 0.5562961538977800879379743 -0.4462336961616235053718071 0.4823645757557704083495764
117.8580999990000037769278 182.3812162269954058047006 -10.42019131063847225959762 220.7659244331782701920019 -0.5077641290013695796190518 0.5561585018147799930332553 -0.4463042476717804518671073 0.4834002778947752432259222
117.649600000000006616574 180.754553237246227581636 -10.38282465415843525136097 221.0248713620707121663145 -0.5108863154626630542765042 0.5535272351391073986093261 -0.4438607943370890263068418 0.4853765217670588660858755
117.2329000000000007730705 177.3564924132481337437639 -10.2793022422841069385413 221.5721025402320947250701 -0.5083933438083398925755318 0.5572391771581999275753105 -0.4483552098239223515641072 0.4795813937541511529083493
117.0245000000000032969183 175.555205202586449786395 -10.22222648951321488652866 221.864009395428041671039 -0.5105036647189213905306815 0.5564135015643918436012427 -0.4469914645787351759054218 0.4795713233494691696279233
116.6080000000000040927262 171.8754109222709303139709 -10.11246613248958325925742 222.4860834246967158378538 -0.5152622075073352014840111 0.5621925479674936276808239 -0.4409910979842592837485427 0.4732560068537141062527951
116.4000000000000056843419 170.0218566022466859521955 -10.05421692553488277610541 222.831924583675544226935 -0.5162984054870353167743247 0.566946795129081637654167 -0.4373973725348886953945282 0.4697774222799386834026336
115.983800000000002228262 166.3520660521114109542395 -9.965212081841121616321288 223.6169876491844945576304 -0.5259801019770901087113657 0.5676051441821777787666292 -0.4294491193948960505721857 0.4655564267336963490961921
115.7758999990000035040794 164.4939431064687767047872 -9.916514088462776044252678 224.0558647116287716016814 -0.5288355094731639338689888 0.570755421160955789261493 -0.4306615038710212006733968 0.4572766364239371772448806
115.3598999990000066873108 160.777318592236724725808 -9.814810304999973311623762 224.9912050010700284019549 -0.5372618562913186179841318 0.5676804388607776807873506 -0.430505071199169531137585 0.4513911837653009073711985
115.1517999990000049592709 158.9363764008732005095226 -9.768689254400557686608408 225.4696082149534674954339 -0.5387523253966126635106093 0.5632512233679866087143751 -0.4348950411980533892197798 0.45095486957738067923529
114.943299999000004163463 157.0996880048087405157275 -9.726056534726337687857267 225.9269274553190882670606 -0.5380483770072223004277134 0.5574025632288716058937439 -0.4408928166995061959099189 0.4532326672786875509935101
114.5264999989999950003039 153.3884869138560702594987 -9.634152097096745137605467 226.7217444548380740343418 -0.5314910765953412274953394 0.5447659039216229404090086 -0.4544858994224560966301851 0.4628065607250436697128748
114.3181000000000011596057 151.5204646986041439049586 -9.587404975698362363800697 227.0574148758086892030406 -0.5286532904400600418881595 0.5388088169465851118289379 -0.4598556941241300211054011 0.4677002222248067275778283
113.901399999000005891503 147.7877276420172734106018 -9.4935079725974578224168 227.6053629884300164576416 -0.5193033213794702174226359 0.5308669129044004675321844 -0.4707751611619649390050313 0.4763141073079067977502632
113.6928999990000050956951 145.9237912076945349326706 -9.44182669269607366402397 227.8265099119580838760157 -0.5144990774618967144249382 0.5276104405861224977414281 -0.4763598536818708373274944 0.4795823308625555836393062
113.2762000000000028876457 142.1892684739738115240471 -9.327475918109117358767435 228.1781384233422613760922 -0.5096340210590180053173981 0.5217411052852420905168174 -0.4812709399367651186274486 0.4862485640157028776719983
113.0681000000000011596057 140.3205322521435221005959 -9.272313541470539988154087 228.3238435434748794250481 -0.5072025901103514033962938 0.5201994961437926834335599 -0.4827331955671226859649892 0.4889853563192349539257009
112.6517000000000052750693 136.5833790514395218451682 -9.158457900613187874228061 228.5710295614426570409705 -0.5019351454967599934775535 0.5187155150218796251238018 -0.4849487865595873969937202 0.4937813267075986667364873
112.442999998999994204496 134.6834979417132558410231 -9.092001714982044902058078 228.6787429021883610857913 -0.4990368704605464555967842 0.520018383644003545640544 -0.486257446362669154549252 0.4940615128200917527401259
112.2347000000000036834535 132.7665219652720054455131 -9.020775789649386311452872 228.7919219658774920844735 -0.4983572742899399221627732 0.5202189833105967942117331 -0.4876103445925192847454355 0.493202178028397553166684
112.026399999000005891503 130.8428610501822220157919 -8.955395368999210958804724 228.9003061564700374219683 -0.499951247216935235062607 0.5187156118352364009282951 -0.4854837525923616503575886 0.4952659794630211442800771
111.6098999990000066873108 126.9507513854346001380691 -8.841598022599765016593665 229.1001122168296717518388 -0.497386225319565611346917 0.5219037762691558501870759 -0.4815701988917851505966894 0.4983106809187176633457739
111.4016000000000019554136 124.9773689059068857432067 -8.781327883778724086027978 229.2091073243654193447583 -0.4963042551389784673432359 0.5246792437056009283935509 -0.4792626593388249478522312 0.4986993893308272474129694
110.9852000000000060708771 120.982543017051142442142 -8.646199415990151848632195 229.4754033274741402692598 -0.4962321814257324437136276 0.5299933101919271916102616 -0.4783037609369062970188224 0.4940508329543365495517548
110.7768999989999940680718 119.002708462587676763178 -8.577922908575322580304601 229.6239465280037563843507 -0.4983141951659673662966554 0.5301031873670579708246464 -0.475829839987737091000497 0.4942262002531074283062651
110.3610999990000038906146 114.9945915922361763250592 -8.445949588642639227487052 229.9449458680617794925638 -0.499278742428317379165037 0.5315330387552243962545617 -0.4736155790971576795556075 0.4938437498919058810109561
110.1520000000000010231815 113.0015886599205288121084 -8.386911156364222463821534 230.1131835037284361078491 -0.5008355517866084349876132 0.5309280894853144472378403 -0.4719139221806915585055719 0.4945466246109800900754294
109.7355000000000018189894 108.9562552717347188036001 -8.255948476581545847352572 230.4731823001966972697119 -0.4995717474909575073205303 0.534154737730688888852626 -0.4759204081048875045745206 0.4884736947041952159764833
109.5271999990000040270388 106.9442738086078037440529 -8.176622838832924955454473 230.6577448986877811876184 -0.5003765127004133894672577 0.5346586864280652440228891 -0.4758202933639849585567561 0.4871945022142595838055001
109.1106999990000048228467 102.965290044926717882845 -8.0581291000597463636268 231.0363774699583245819667 -0.5058550180353410530287306 0.536543482709695429555552 -0.4686496085424206037295392 0.486414778047759954748841
108.9026000000000067302608 101.0150591758188625135517 -8.008868666021792037668092 231.2503511216029892239021 -0.5088508675690370797184414 0.5384163843030932428135316 -0.4655260882240506714602191 0.4842148829507780805059269
108.6945000000000050022209 99.10639260774763670269749 -7.95922040163115163124985 231.4784180830840512044233 -0.5108703850216589348320895 0.5410385378699179570460842 -0.4632973029387635888198815 0.4812944621923996302292892
108.2781999989999945910313 95.44110721002110153676767 -7.864395396839345409034649 231.9937691427305423985672 -0.5174021913071750189416775 0.5410930419940913616017042 -0.4648422314621917239563231 0.4726891073267548981640118
107.7574999990000037541904 91.14932826815041266854678 -7.76195148632516840336848 232.6257728743636050694477 -0.5219149139457689434706822 0.5369184757618404857382188 -0.4660995844465394277733594 0.4712478651042631416778761
107.5491999989999953868391 89.5085092002838962343958 -7.713348451853663689803398 232.8639333531799024967768 -0.5206522575571465027977069 0.5358427904044102962899387 -0.4700552388173221962652804 0.4699380843607508517756344
107.3406999989999945910313 87.92846866953384221687884 -7.66347279983604057207458 233.0841623363225778575725 -0.5185528775484297137055023 0.5338827412929504356853272 -0.4744550690791010660873894 0.4700686323941569155770992
106.9240000000000065938366 84.96059799974115378518036 -7.573486343239129503501772 233.4604363055940154936252 -0.5174330410238506816611448 0.5252613727331028048439521 -0.4794933498187568532422631 0.4758672775584952829852625
106.7155000000000057980287 83.5384883888011415820074 -7.527427171424849738912144 233.6144655056845067520044 -0.5140670933014320764797844 0.5234824347189315218997763 -0.4839374158841998618818536 0.4769756195369730944477737
106.0899000000000000909495 79.51883109481435951693129 -7.390625302878435221032305 233.9537436910646590604301 -0.5050480448592169491206505 0.5156694976814730768666095 -0.4921510477014718332178234 0.4866197568853561916668582
105.8813999989999956596876 78.24497534274756560535025 -7.349178445902182055249341 234.0314850733921048231423 -0.5037327839090827152901397 0.5111824771006445722321132 -0.4934582537305614580169788 0.491370236528057890978971
105.6727999990000057550787 76.98886162846753222765983 -7.307958139069860692416114 234.0994468089051849801763 -0.5037271741301125871359545 0.5086765611670567288626899 -0.495306175428116612913243 0.4921167369079417763799711
105.4643999989999940680718 75.72957455680730731728545 -7.266441426906578904265643 234.1466338660998189880047 -0.5010352380455043164175777 0.5084191693965863789728132 -0.4961942797861566556427704 0.4942316007038275449403386
105.2560000000000002273737 74.46159243583264242261066 -7.223860625569001214785203 234.2034174863847226788494 -0.5014783950867764961145667 0.5065504131644329444128516 -0.4984899914217861272014432 0.4933901363388216720906598
105.0474999989999957961118 73.17644219659743498596072 -7.177608329224729466488952 234.2393076162658474004274 -0.5001000794093281021091002 0.5080294350035939876519819 -0.498581852536364555916748 0.4931755671828436105030846
104.630799999000004163463 70.56847618689586454365781 -7.087559199449412261628822 234.3237521320577627648163 -0.5016178463814622290328771 0.5073550675032690859822537 -0.4972480209299540709899645 0.4936747688019118007751729
104.4227000000000060708771 69.25227635614551502385439 -7.044470536891778600363523 234.3665195878666054341011 -0.5023202637465756792423122 0.5077357296755216076178385 -0.4953641457085696253592744 0.4944624804642463455905954
104.2143999989999940680718 67.90863819853736060849769 -6.99979900596618787034231 234.4148366424798837215349 -0.5014713133928687671669877 0.5085723675301984103569453 -0.4953666909616630253943015 0.4944618390881668212877287
104.0060000000000002273737 66.53247901879869630192843 -6.955963676837998654889361 234.4749982581693075189833 -0.501436927539921750707208 0.5074575593674308660041561 -0.4974715200833729200624589 0.4935280334956789749512041
103.5892000000000052750693 63.7325367484607738788327 -6.864268642685149579563131 234.561005739838435601996 -0.4992021563272057149696082 0.5072287949836415954507629 -0.4971548586413367387670803 0.496339806168136998820728
103.3807000000000044792614 62.31611632533255118460147 -6.812073682534941276855989 234.5828143780018422148714 -0.4961584279188329671406166 0.5104326449780948182777252 -0.4948442261275816655974324 0.4984119994682848497902228
102.9641000000000019554136 59.42594494819712025446279 -6.700258095360741350532408 234.6745754061038269355777 -0.4943219827479215511267796 0.5159355729459808026504675 -0.496005530828779683805152 0.4933910977392342300795747
102.7556000000000011596057 57.97439710053927797162032 -6.646675212345220629117648 234.7418792319735132423375 -0.4968694359278044703209787 0.5141859016299409335104542 -0.4968451038770356209539614 0.4918115136505120665866286
102.5473999990000066873108 56.51812754382914505413282 -6.596074552532527945913898 234.7999990542302839457989 -0.5016036999873071389188794 0.5098899570268282666063442 -0.4915959336622231501401359 0.4967286964621530076513523
102.3389999989999950003039 55.03966192179424155028755 -6.552702590648562086528273 234.8687658266546236518479 -0.502101369609517900194362 0.5094957250887377497861053 -0.493044436146726217096159 0.495192391639153350890723
101.8181000000000011596057 51.27506712710835756752203 -6.455364245245115206728315 235.0143268914284817583393 -0.5025457754954399947067145 0.5090821798696285593877064 -0.4914986770262389503827194 0.4967012463768648022899299
101.2972000000000036834535 47.4286543320684614855054 -6.346682123688683674345157 235.1776841160874482739018 -0.5019977207883462577697742 0.5106436349123720797038573 -0.49174243350381757755585 0.495409674449873271839806
101.0896000000000043428372 45.88812951579455301498456 -6.298595313480473301126494 235.2430273867252026320784 -0.5013524351492453234868663 0.5101418706280019810250792 -0.4915954486673899670456933 0.4967241915304630439642608
100.6722000000000036834535 42.71679691638358633554162 -6.197255264550905806686387 235.3606454298881374143093 -0.497142552068885190674763 0.5113369047359223040771781 -0.4936137025421278856640583 0.4977241861113181342624046
100.463899999000005891503 41.11433045070654657138221 -6.144953602847984086565702 235.4185840353381991008064 -0.4974604033197718155889788 0.5109103939757814183408868 -0.4938191542911086195921655 0.4976407934561396517736398
100.0472000000000036834535 37.86607369834074887648967 -6.057600199745437841158946 235.5342845926392101318925 -0.500408807424347235048856 0.5071779017225385155498429 -0.4927950232993538182135751 0.4995144306903005482212166
99.83885999899999319495691 36.21333614065930106562519 -6.009388981157243847519567 235.5811680877014282486925 -0.4966197849316198453806237 0.5090247381263290904485075 -0.4948370681022304373719578 0.4993985194430217711136777
99.42206000000000187810656 32.89622860972063023154988 -5.899718061113480516155505 235.6568000536526881205646 -0.4912333779685873480502778 0.5100277882755053227015196 -0.4956230762166206060825857 0.5029107176009884883072232
99.21371999900000560046465 31.22596998223023589957847 -5.843551913815340448365987 235.6878049651545836695732 -0.4899559253602008834782566 0.510503656181324649843134 -0.4955220979899913613664353 0.5037728244293515622587165
99.00545999899999571880471 29.54933356048683990024983 -5.784176554102127276735246 235.7232993417086959198059 -0.4899022139788089535983318 0.5101248050023678981546027 -0.495947562152107390698319 0.5037901543850757946074737
98.5889899990000060370221 26.2137685667752933227348 -5.66618134242026982860807 235.7835378877437335631839 -0.4891243781507483845416573 0.5110951304992473742672132 -0.4963534205729298043330289 0.5031623914445055856248246
98.38071999899999298122566 24.563913942548218471984 -5.609602776147747604795768 235.8101846102207730382361 -0.489600471936500469816167 0.5121029275508083289381034 -0.4937256362692385991408628 0.5042588279484881974568111
97.96451999900000373600051 21.25686666512765654601935 -5.492393585276496459357531 235.8768150416703122118633 -0.4877651893274509986575538 0.5179502092640043686699869 -0.4898578453375557750781866 0.5038372675427824631810836
97.75647999900000684192491 19.63062274216166969154074 -5.435282390662411700077428 235.9276754297413845051778 -0.4899600119500577277698028 0.5189431761454629254970428 -0.4873571921829548125870701 0.5031104588949676381659515
97.34058000000000276941137 16.39958349314305507959943 -5.325790998646782625769447 236.0667067914392021066305 -0.4939388058190073982345325 0.5217123706121160608972787 -0.4842044824500271738010326 0.4993863010052241868663714
97.13272999900000570505654 14.7893821292987155402443 -5.267360455842401201209668 236.1539058867834057764412 -0.4947254965641296187150999 0.5235537776013550192999446 -0.4842967213000351489604611 0.496583135785703622122611
96.71707999900000629622809 11.61740653403535183940676 -5.158509112713008271100534 236.3338905625011534539226 -0.4932327156446942861833804 0.5228926301184739777738741 -0.4872367321332554679358395 0.4958882459240703255431981
96.5092099990000065190543 10.09479090267006284875606 -5.100363513563229034275537 236.4108352330381705996842 -0.4901294978017288195282219 0.5232171947892803043345111 -0.489430249657158533693746 0.4964623582730042783417446
96.30147999899999433637277 8.643968184291050960155189 -5.055587349504977012770723 236.4985368901154458853853 -0.4910707716279242296408825 0.5168161831191999677770355 -0.4939204374662323759892502 0.4977882396883464011239084
95.88590999900000610978168 5.893273455743730515621337 -4.940451303338223354444381 236.5644754843352188800054 -0.4736253569264942675509644 0.5048014350987857223884703 -0.5109694467420986541128514 0.5096712243147842880119924
95.67789000000000498857844 4.625531207876990791305616 -4.889590749814036740872325 236.5550497029522034608817 -0.4665759974057540060421445 0.4909448057661408570950812 -0.522294979549739024626831 0.5181582679772759325587117
95.15809000000000139607437 1.727878326559416199970087 -4.755042319477055023924095 236.2926138201799233229394 -0.4269861100040985291137474 0.4593279240747031866298755 -0.5529018939042779079429124 0.5486348655944625063440867
94.7416099990000049047012 -0.281303999236131585526266 -4.662233986372089411531761 235.8924866572475593784475 -0.3865175592750327848712288 0.4087674460211462301728602 -0.5885359162669916432975015 0.580636570247856420579069
94.53307999899999458648381 -1.177285416575372778424935 -4.598410160965327619919663 235.5679913234331763760565 -0.3516076035113100406448439 0.3833473823808177805005926 -0.6062353176779629038151143 0.6015776069425358141273819
94.11581999899999573244713 -2.726975977839157572191198 -4.536207219328357354015679 234.7731840762157560220658 -0.2894366537434261976713401 0.3143364670833911911351777 -0.638346654269568269945978 0.6402597581561629835888994
93.698449999000004595473 -3.973368301313326966806017 -4.446313569157099188089433 233.6891334901927450573567 -0.218876738297631628915596 0.2513600590610584606388045 -0.6562719105737458979987764 0.6769182177581696269186295
93.48971000000000231011654 -4.519264809641475366674968 -4.421693038040629630813783 233.117698021437860234073 -0.1897668729587065339359242 0.2155420907238703165376137 -0.6683273777003471138868917 0.686198701011619949241549
93.28082999900000515935972 -4.988765506623882295400563 -4.398294981704021111568181 232.5132798172268167036236 -0.161781452910919804066836 0.1788785736601352649444152 -0.6783820712818634524055028 0.6939935033865057834034928
92.86294999899999424997077 -5.717769941711520864657814 -4.326385441666777964542234 231.1891046746551978685602 -0.10255675751030934872432 0.1152390880993453131653226 -0.6889592960296032631006824 0.708192878019397120681333
92.65403000000000588443072 -6.025620899027908095035855 -4.295231423617686949967265 230.4707765624824844508112 -0.07460289349735861608170495 0.08721193239102632832615569 -0.6978837094106965510675877 0.7069560207464191670112541
92.44485000000000241016096 -6.277658738777416758125582 -4.269216917622651763508657 229.7228928713757909463311 -0.04846247041273164801733486 0.06024171605917517241524095 -0.7050088253479642741439193 0.7049715460848221537659697
92.02688000000000556610757 -6.57019916855035379654737 -4.211635113012106579333249 228.1006772180838879648945 -0.008957491497577886596648256 0.01270389041788829408152761 -0.7068159451330034981353378 0.7072266922423531276820086
91.40035000000000309228199 -6.646725703234861448720494 -4.13644545427843635110321 225.444921339797332393573 0.02312376320231341458866225 -0.02426065921903572744633415 -0.7057488021620286211543771 0.7076689481929265834736498
91.08750999900000522302435 -6.573687865325578805197893 -4.099757611407386370672157 224.0401945604088211894123 0.02726017999708942735059836 -0.02839075697000031234251693 -0.7047943536550216325764495 0.7083189723289904371483772
90.7746800000000035879566 -6.473574701116731944239291 -4.057646617469372607445166 222.4533192986947938152298 0.02491200703266390273360464 -0.02629760784019799860211641 -0.7047456130985592093196601 0.7085347193651301278549681
90.3579699990000051457173 -6.34876208023785171263853 -3.994102328569462567742221 220.0298829196194958512933 0.0207272702996812129005999 -0.02220858354196160455718001 -0.7050696727910734651345592 0.7084870609921345430137762
90.14960000000000661657396 -6.294547665226233768009934 -3.960384454614449989406921 218.6816270704287319404102 0.02081724090579349303875567 -0.01966484532225619419332219 -0.705358553274217703332738 0.7082720153037421750852332
89.94118000000000279214873 -6.236289799355712482054059 -3.921088200762766096119094 217.253664850373013450735 0.01911153389020740778203589 -0.01985585980143714929235799 -0.7046574573444484013151623 0.7090122438384024450286347
89.73269000000000517047738 -6.182670513621592256470194 -3.883438498125545645933698 215.7590993118887752189039 0.0185847789348115889629387 -0.02060610191009954253460457 -0.7042520776403032867207799 0.7094075032696868232662268
89.52419000000000437466952 -6.126508314428567913978441 -3.842047944838261841482563 214.2027718869690318115317 0.02059733181262714957204807 -0.01937683689305452067186408 -0.7042907923603033415460573 0.7093481288554420727265892
89.10742999900000427260238 -6.004917727186978027020814 -3.764693729495366181225791 210.9938209060962037710851 0.01792170817175182256919541 -0.01997143304782453276935428 -0.703547241931956390814662 0.7101416989644814270477013
88.89883000000000379259291 -5.947816447731265832032932 -3.728408618278173491944472 209.3680096371098215968232 0.01695563758858882261182366 -0.01866861998281425100154607 -0.7033659590721653698253135 0.7103804027423578082434119
88.48206000000000415184331 -5.856309635204549834952559 -3.653300439506745433959622 206.0815417930574255933607 0.0158831067612889703655199 -0.01427781143461414638251572 -0.7038288845032052432060254 0.710048429587180285338377
88.27384999900000650541187 -5.823361463409410632152685 -3.611857230771938098712326 204.4521256095263765928394 0.01521438404433235296042692 -0.01205984176321418799293639 -0.7047760190705526506249612 0.7091641880960022348290295
87.85717999899999597346323 -5.762565032202942028050074 -3.520712280902175361774198 201.0983850246477118162147 0.01540915680600327131166694 -0.009326558842280561686943763 -0.704635311096626915094987 0.7093409980696514516296247
87.64893999900000665093103 -5.730505723002006668309605 -3.47721705538718461880876 199.4476199465383103870408 0.01330501410816179071183729 -0.01007397278520911002019922 -0.7030936573994703842060972 0.7109014000524549459214541
87.44089999899999554600072 -5.704137117360652098341234 -3.429338147136974157547229 197.7926400577666186109127 0.01347472122163695384955417 -0.008679521734593747747665837 -0.7018427304284997614303165 0.7121515846609668409783467
87.02455000000000495674612 -5.670945867373992754778556 -3.330349712809846263183999 194.5372007697077663124219 0.0130760107060482362595355 -0.003964635629784819988163935 -0.7008141848533369078211308 0.7132129961776436655185307
86.81672000000000366526365 -5.672187390197684031534209 -3.285582775078804917967545 192.9539696363744951668195 0.009402634494051839361694611 -0.002908776842033956519517623 -0.7022908912562260130840741 0.7118220518784101891185401
86.40144999899999334047607 -5.698480115355611275163028 -3.208825803468370985171987 189.9168588531534282992652 0.00801710381692371555628629 -0.0002781873929626122094772855 -0.7036118878981860724763919 0.7105392036098457930748395
86.19355000000000188720151 -5.723518620762291675418965 -3.169010628642926263864865 188.4804174846835280732193 0.01162538734378752887377306 -0.002861012445071460172374422 -0.7054319252908870518936624 0.7086765579284307614571503
85.9858300000000070895112 -5.734736865000772176870214 -3.134057115026398054880019 187.102511158334806395942 0.01914492031368040733663172 -0.009732721573133798834143171 -0.7070165048707570676356227 0.7068708566614566590757818
85.57007000000000118689059 -5.683130443868392944750667 -3.066837540374891091232712 184.5168587359483467480459 0.0475822243978993586477344 -0.04000359756523824000806755 -0.7101989840119394825634913 0.7012510586170943582828841
85.36198000000000263298716 -5.583872040857312590844685 -3.046228649915049047081084 183.3297356327536249409604 0.06966522255836982147059189 -0.06663572095813465046010293 -0.7090767386196459298730588 0.6985102835369060292336485
84.94492999899999574608955 -5.177281246689790172865742 -3.006636441777994939172913 181.2055225115079792885808 0.1272109657509480629133947 -0.1266501349287257327524969 -0.6998894265662806146721664 0.6913261922536780845760518
84.73726000000000624368113 -4.867760069409642120774606 -2.997689439008016876186957 180.2805494415075884262478 0.1553028709984261568344266 -0.1567851893774554750127237 -0.6915930175899382970072793 0.6877488790775051485937297
84.52795999900000367688335 -4.500228391687727480530157 -2.994736869373168186569956 179.4527721720136526073475 0.1814653697775583940376976 -0.1894672266012295824832989 -0.6837391986597051163343508 0.6809355313329719106008042
84.11077000000000225554686 -3.719094735851645516788722 -2.978018224995155893708443 178.0282572653245267702005 0.2404349046196309069856056 -0.2508771618215915322203102 -0.6650069734197530113561925 0.6610729397123981110340196
83.90194999899999572789966 -3.295260374085414945000139 -2.977687767085225090113454 177.4186334976182024547597 0.2708086740247164225792176 -0.278395391349368248601337 -0.6557415096345323712867526 0.6474270157250402446535986
83.69322999899999615536217 -2.84296595739518886958308 -2.990209461269808688399507 176.8862849557170591197064 0.2966944627819289581616147 -0.3071322021443549932229189 -0.6455970149096167398639068 0.6331245537019503100140128
83.17127000000000691670721 -1.625328147109538878822832 -3.011964073840200484255547 175.8403313706457140597195 0.3484445976194568972417187 -0.376098086602449865889497 -0.6163185841654692520563685 0.5977357229211438527372025
82.85787999900000500019814 -0.7847605356028186651684564 -3.024792683204399867946677 175.3202754002880112693674 0.3791217394102103788178226 -0.4043751489616719263509026 -0.5979299724959878936658697 0.5789880772518114504521236
82.23154999899999495482916 1.087536630545324012331321 -3.062679918668377521129287 174.4995581494079885942483 0.4234793993857422500504128 -0.4469389426148114852210824 -0.5712026059659204291207857 0.5428060084486784342416854
81.91858000000000572526915 2.176469144014308909618194 -3.086863274468953477480682 174.1758173797506970004179 0.4394933075056824400839162 -0.4613770445593090574476491 -0.5599560801512434293769616 0.5295526826606461456847796
81.60564999899999349963764 3.394479591497873816052788 -3.12476621679169097589579 173.8899515215165365589201 0.4508894225180043457967827 -0.4727730605833707633323115 -0.5525716375812363967412466 0.5175412516783608474213452
81.29255000000000563886715 4.735414269029083023099247 -3.168540823583927412698813 173.6531196677474611078651 0.4585811133941513628720088 -0.4834523656835160720923739 -0.5460912940344140320547695 0.5077021480484510407293897
80.97956999900000596426253 6.193593302213422191471182 -3.223092053332448525537757 173.4542798133746828170842 0.4649236214024531355093472 -0.4896940481758962349090325 -0.5419969407878680867085563 0.5002850003944989687454381
80.35380000000000677573553 9.530531926474692383521869 -3.343834169950327783737976 173.1234368772692562288285 -0.4731160917555481959517749 0.4945287229683256735590646 0.5363699629882640040889896 -0.4938722189850743293781932
80.14530999900000551861012 10.77181808688989406164183 -3.383579158765379180096033 173.0256939793005415140215 -0.474619357008044417955972 0.4958696235985157740877582 0.5351786579576440772143542 -0.4923754526905173567463692
79.52132000000000289219315 14.82385216332039412634458 -3.523169994080363576216541 172.7302883352402318450913 -0.4785554313170407580990684 0.4968691276126531719548041 0.5327704422176539056366096 -0.4901646917941028802623293
79.31128999899999598710565 16.24686891504199337532555 -3.570252715813336585881643 172.6340382184922930264293 -0.4798263038433897009760187 0.4969255383548364379819873 0.5320636638560635178762936 -0.4896325000189518106274988
79.10273999899999353146995 17.70456704678272430442121 -3.619661740450159204129932 172.5396535547524763387628 -0.4816321546942050058071061 0.4973421389973365913661496 0.5310866548074426596315334 -0.4884958847601600928634014
78.89417000000000257387001 19.1855931940781907485416 -3.66890643723789233732191 172.4494223492369258110557 -0.4827987173840894707943505 0.498791446951856787261903 0.530546146471362778385128 -0.4864496658487273972326648
78.47714999900000520938192 22.22941343286534987555569 -3.774606657291025513245586 172.2924615976448592391534 -0.4850079278262240389807403 0.5020448464809073030323816 0.5289086697977776196921695 -0.4826737004234020189663568
78.26858000000000004092726 23.8247497028284804798659 -3.833668625940782614947011 172.2300855265499706092669 -0.4849573929051056442318668 0.5041771269037744751528862 0.5276985734602024358252947 -0.4818256607340521413540557
77.85169999900000448178616 27.21430817209048669269578 -3.957672892852962753806878 172.1058305213437336078641 -0.4837684148861863819846008 0.5037215379604603748830982 0.5270556882944938958956982 -0.4841952440799811019367382
77.64333000000000595264282 28.95024721783321197676742 -4.022097346421395158699852 172.0322200012460029938666 -0.4829720029677060932904453 0.503013915632412489387093 0.5277584080291857215883056 -0.4849599032744974502762147
77.22668000000000176896719 32.5324868260336970138269 -4.156285053054375566716772 171.8646551407834124347573 -0.480017398552212759543778 0.5016472503693701900928659 0.5298694936817466283329736 -0.4870027237598021918607571
77.01832000000000277850631 34.35938434587576040257773 -4.223936671933059550099188 171.7695784970161412275047 -0.4793631519454208955721697 0.5006148910311307709264383 0.5299382077424176218372054 -0.4886319631477197278357494
76.60190000000000054569682 38.14952305107082253243789 -4.364727266789896198417864 171.5504135113544350588199 -0.4778461336398283076931648 0.5002584760012686038166407 0.5303599559974981891841139 -0.4900233125359314545477218
76.39329999900000700563396 40.08143568873019546572323 -4.434439797163716612260487 171.4357339213106854458601 -0.4783002844241479034614883 0.5000165964793709116875675 0.5288195243104369946962606 -0.4914897271287044233645247
75.97657999899999481385748 43.97828980405853371848934 -4.562327608775266440943597 171.2073248631411104270228 -0.4776304545955045721683518 0.5003573645649127543677537 0.5274077473342241306752953 -0.4933079409662750602905135
75.76833999900000549132528 45.95990444090909932128852 -4.620009918597607345702727 171.0782476713548589941638 -0.4787917768765185821955299 0.4969917895739607849314723 0.5275843881596230522390556 -0.4953910665945990277059252
75.35170999899999344506796 49.89525661248543286774293 -4.741168296272111781775038 170.8034601373473435614869 -0.4749133138165217427051346 0.4961324418358136756346255 0.5329050759539228909744679 -0.4942895149003129762199649
75.14342999900000563684443 51.84808079626529320194095 -4.809135377510301623260602 170.6606426542668089041399 -0.4741964766005647424762515 0.4951558233727715863103924 0.5343139671688890146583617 -0.494436038985717418725585
74.72670999899999344506796 55.86310315744321997044608 -4.955818916427882747655076 170.3391924581939917970885 -0.4732310101251503420272115 0.493238304635953750398869 0.5361850987105920562925121 -0.4952513763903061971838326
74.51819000000000414729584 57.89861968853082885289041 -5.029655099798977069269768 170.1633913978407690592576 -0.4733841827295972581879369 0.492201399340530365567048 0.5367057843671534378415799 -0.4955724962661807730945895
74.30980999899999517310789 59.92981731008022450168937 -5.105076690648145287809712 169.9885284810999621640804 -0.4726942553140168201686322 0.4924540067422912836825333 0.5372151431071089389135409 -0.4954281807214834243424662
73.8929600000000021964297 63.9870522046587666409323 -5.257635650233937418818186 169.6416687937764891103143 -0.4712409927685804467145658 0.4917257707332903238217625 0.5364209682148566304960013 -0.4983876382803553717337763
73.68460000000000320596882 65.98679672145483721124037 -5.331489169254515658735727 169.4649290958395795314573 -0.4697709549339005308254968 0.4912271881579383658866789 0.5373948929233582916253908 -0.4992172158237624390864084
73.26798999899999387253047 69.99137445180969052671571 -5.479678425957167142712478 169.0710193580018483316962 0.4669625937968689410872969 -0.4880296808871534275375836 -0.5413890647972602332416159 0.5006703976526192256812919
73.0595600000000047202775 71.99279475906463687806536 -5.552934497941178548785501 168.8511305295950535310112 0.4666826714141607546082469 -0.4853118558360112189120628 -0.543259624991122458403936 0.5015462756727988580252031
72.64297999900000490924867 75.97431119540128463540896 -5.690301563291138009503811 168.4007352067489193814254 0.4676108607985078879920593 -0.4823295029566433966827788 -0.5431076274382280466568318 0.5037186103960176186689068
72.43461999900000591878779 77.96194092855056112512102 -5.754607462127139250185337 168.169456272835759591544 0.4684899617216853329182413 -0.482017989577232464082357 -0.5435462692071878487709569 0.5027258365360632863527712
72.01779999900000461821037 81.89172721905345042614499 -5.903454625379565889886635 167.7245300397935068303923 0.4673549053029928956881633 -0.4836419866240094789233694 -0.5450074296640333715302518 0.5006363179740521696103883
71.80946000000000140062184 83.84576967670173530677857 -5.971509330608343546487049 167.5002980208206508905278 0.4687352245916096005196039 -0.4811988726036361407878417 -0.5452368777172306169020999 0.5014495801266651842098554
71.39279999900000461821037 87.76788902647706436255248 -6.093541255742240814186061 167.0377531881750314823876 0.4711619395707545288054519 -0.478530200477952749604782 -0.5463554230083865759226569 0.5005107647991023922529052
71.18447000000000457475835 89.72440850614280805075396 -6.156225134775467289216522 166.812123974991806107937 -0.4706807583308790232656804 0.4797014766781320660449239 0.5467378244991761837567879 -0.4994235359610079694192564
70.76753999899999314493471 93.6192909874951624260575 -6.298563928537170397703449 166.380475879965047170117 -0.4702573991653951068769857 0.4840146603418225557113885 0.5456171505377842567696689 -0.4968799776036637028120424
70.6633300000000019736035 94.58615753885447929860675 -6.333837360880450795264096 166.275970775428703518628 -0.4712319825327458966413019 0.4843524030159761517566608 0.5449672483348921847579049 -0.4963404744459220530039545
