286.9121999989999949320918 -5.346184276894318188055877 -8.088809442513639424987559 366.8677858270607430313248 -0.009816260992078267022531435 0.01284783004181104873464569 -0.7079792947490545218514058 0.7060480808627579429881393
286.4956000000000244654075 -5.559420453679212670294874 -7.986905986445168359466606 362.3480924372111076081637 -0.01124390349240301893718463 0.01340684624952894789251534 -0.7028035312451891281071426 0.7111687757327282977115601
286.2873999990000015714031 -5.696750025003435524695306 -7.906513658704111158215255 360.0305382355453502896125 -0.007131505979567038383537536 0.01993713061460414964765064 -0.7040139934515916575463734 0.7098703751176420606583406
286.0792000000000143700163 -5.838201784214960277097362 -7.823225939642670212492703 357.7509229086193158764218 -0.0121348453044410539702902 0.01833941981636380558207122 -0.7053448700330233744892894 0.7085231298471025285223845
285.8709999989999914760119 -5.987418652540447361332099 -7.743894984370212952740076 355.4094251328671703049622 -0.01292290454035956333289636 0.02011941651674789555137579 -0.7055617716224714675021801 0.7082448687016559274454153
285.4546000000000276486389 -6.305806422556558210601452 -7.585295159820517163495879 350.664584281664303944126 -0.01469391863799525757561248 0.02174050144737400824812568 -0.7035637506652568928799951 0.7101475115084986411417844
285.2463999990000047546346 -6.476891254067541403571795 -7.506040520971833274188612 348.2897738022829798865132 -0.01557192644671824381663594 0.02272042241575041726653339 -0.7032027303824953667898967 0.7104556407648483506989123
284.8301000000000158252078 -6.839915671691540133281251 -7.359123191582314760239569 343.4929948017457377318351 -0.01827958871426598949638809 0.02263946920708238483288532 -0.7024578169787786263711382 0.7111303160714411708553939
284.6218999989999929312035 -7.037559559202438919101041 -7.278944520619572422504007 341.0611409629929084985633 -0.01565692222775161984715808 0.02603477290098461793821372 -0.7036700873568791925194432 0.7098770735454910107975479
284.205399999000007937866 -7.428806235429622262245175 -7.116098503625701177099927 336.2592460406082182089449 -0.01685491665929506402421545 0.02586732171574777222611274 -0.7048067199602133792168956 0.7087272260542754054313264
283.9970999989999995705148 -7.620931718056496606550354 -7.035691235544983435090671 333.8876433194162700601737 -0.01484808030480467243295006 0.02700304614606993322545314 -0.705209758075670434251947 0.7083287140339220577800461
283.7889000000000123691279 -7.805642172643754150840323 -6.955343644870724872930623 331.5578502475171376318031 -0.0144795721024978622099022 0.02612721747212054870801445 -0.7051151751109293597252758 0.7084633373204125561528599
283.3722000000000207364792 -8.164224022151250537149281 -6.82357780648918677002257 326.9781551986686736199772 -0.0139005254407004712885465 0.02002898869715869986651846 -0.7073374974185582253483062 0.7064554336615245233588212
282.9554999989999828358123 -8.443893691916773747152547 -6.669707437926328807975551 322.4758579101498980890028 -0.003146377132351968908957618 0.01869804048442747293479194 -0.7079693118010456087674243 0.7059886239458380563505102
282.7470000000000140971679 -8.550568055990492410955994 -6.586105712461396421986137 320.2732369514955621525587 -0.002067204196524093443021464 0.01387661045263806347538349 -0.7077886850311955191372704 0.7062848884769988844212207
282.5385999989999845638522 -8.638081345284586376465086 -6.52190894233439433236299 318.1056191983210510443314 -0.001726835492719119326265886 0.008294434100211817845194062 -0.7078630546737482154284749 0.7062988859046067657843082
282.3301999990000012985547 -8.706593724949756918363164 -6.453198056350626821142669 315.9447661377150780026568 0.004390369922985594072772919 0.008183610097569024924291092 -0.7075716271045936478500948 0.7065806009892064976085635
281.9134000000000241925591 -8.797000168623966942504921 -6.335831533917948732437253 311.7681755780957360002503 0.003948714910350492775237274 -0.003274265176313302227323332 -0.7086826933513880044657185 0.7055087008551592653304851
281.7049999989999946592434 -8.82050191932372307235255 -6.294131791917163987193362 309.7356511466881556771114 0.008879095286746919654663479 -0.004147666177749954885545236 -0.710172141729920936015219 0.7039598622385399018241969
281.4966000000000008185452 -8.817198957097380329628322 -6.253907416276082820161264 307.7622964080799761177332 0.009120782752427647119275456 -0.009384486412082778533649829 -0.7097171227571272833500871 0.704365209534165703786357
281.2880999989999963872833 -8.796534450038281605088741 -6.211032777710002505955345 305.8058765080359080457129 0.01320614620660503363280824 -0.01067524809585508778486673 -0.7085250251051792291789866 0.7054813431836215453785144
280.8713999990000047546346 -8.735984868270664449596552 -6.113951782579336580170093 301.9776015581973069856758 0.01969981892197439701797101 -0.01320655076402512707878234 -0.7092340639135744639887093 0.7045740179257213853247777
280.6630000000000109139364 -8.689031536672381150765432 -6.053710472417229482289258 300.0937940479148551276012 0.02301979089631020145012563 -0.01435581109153311746284842 -0.710381296093133385305407 0.7032939741502371999715137
280.4546000000000276486389 -8.616592605777615432316452 -5.990582794480452832885931 298.2143775445521214351174 0.02549241058670700596500147 -0.01599009003032718020942404 -0.7085281507349280305518846 0.7050406467994905224117019
280.2461000000000126419764 -8.534466128789665262388553 -5.935595301548549862502568 296.3551927886576322634937 0.02455900780416125916971737 -0.02016802984210093810379938 -0.7067109419073924758691874 0.7067883348615265903802651
279.8294000000000210093276 -8.351309569124888199098677 -5.846329894019410389205404 292.598922573244635714218 0.02366260364201274238316053 -0.02505001574152015270113836 -0.703678603406005298559478 0.7096823240075833538753614
279.6209999989999914760119 -8.259930912729833707430771 -5.805009825673883128160924 290.715647040782471322018 0.02333597074396410661623058 -0.02483299323898180768765975 -0.7041174977666960765887438 0.7092653271202506992665349
279.2044999990000064826745 -8.075000026591771629114191 -5.734469103989510152530329 286.8794860357822358309932 0.01917242343946681804034426 -0.02709820294027423873139959 -0.7039093489657537450199243 0.7095137306743785066132091
278.9961999989999981153233 -7.984668431989537573656435 -5.687921084525686232780117 284.8590089823691755555046 0.02191902007418033981878125 -0.0226523306106610165799875 -0.7038860437112965939832065 0.7096131805042462659116609
278.5799000000000091858965 -7.809944147621722621011031 -5.576275130241252320217882 280.6416804765755728112708 0.01922199879724736243380434 -0.02159997399236638845887448 -0.7030055438610962603718235 0.7105963419455044727257587
278.371500000000025920599 -7.734436701762109400704048 -5.519027723405319107996547 278.4402238234802666738688 0.01947882566719960628631725 -0.01958913479156717055151837 -0.7037781584930886680240292 0.709882486596775774678747
277.9549000000000091858965 -7.574669433066064883064428 -5.393090559883034984522965 273.9082649322803604263754 0.02109610205082320527614215 -0.01801535949430225005962747 -0.7028342201870076966230272 0.7108125352261824847488469
277.7466000000000008185452 -7.486113904743128877328218 -5.338732494386181137713265 271.6098976907686619597371 0.01915216643393116008331489 -0.02045006330797677698840609 -0.700427616813763864733744 0.7131732910283294923914355
277.3299000000000091858965 -7.330052787479644393897615 -5.205645106020472923091802 266.9602435027174465176358 0.02307564215687457967463025 -0.01748109753322094409022647 -0.7019026303979984948711035 0.7116843565854545916593565
277.121500000000025920599 -7.246748131878637089187123 -5.144055266916501167884235 264.6244445187414271458692 0.02115748831088170092695755 -0.01949241808258661209918294 -0.7025604578505807440436115 0.7110423400828189688382963
277.0174000000000091858965 -7.199458469384326875228908 -5.112006602977019475986253 263.4508545513385797676165 0.02005454848758412081388691 -0.02080112512549555855989603 -0.7018135904024468407769177 0.7117744113164642394409043
276.6005999989999963872833 -7.019766739210662187531398 -4.998072523012440981915461 258.7221124259971816172765 0.02292441212348798190712174 -0.01848080931611143298831657 -0.7007866559800234318444723 0.7127629296029290850711391
276.3922000000000025465852 -6.923208346561944281916112 -4.926500467203292821238847 256.3413727072891106217867 0.02670768422095422950368615 -0.01575518499273439662622387 -0.6991274557187421301307495 0.7143243481847982856436374
275.975399998999989747972 -6.756220224678164854026363 -4.814888676759463415066875 251.7135691513503843452781 0.02321586424528699135749754 -0.02034420636508226312710867 -0.7017586375524312858331655 0.711745707071897104611935
275.7669000000000210093276 -6.666019123576046645496262 -4.764862741365923248793024 249.4556622990629080049985 0.02544291499981863810542215 -0.01948976377899591314046823 -0.7024940400925083761052292 0.7109676018066197755729263
275.558400000000006002665 -6.567142465330716660787402 -4.703337965585713043026317 247.2517755949393460923602 0.02832151257641240052476128 -0.01817068418246806441040953 -0.7012959885917576796643402 0.7120755960899338710134998
275.1412000000000261934474 -6.387083422359485673780455 -4.606614167021826133918694 242.9980786962459262667835 0.02644806561274417114337787 -0.02486384890308456288576799 -0.7047466595860545357510318 0.7085297697664979521547934
274.9325999989999900208204 -6.285734223937553544203638 -4.574879178386977329751062 240.9558424465174653050781 0.02765467769232910280607918 -0.0277245490854063497687676 -0.7068874495665855572923419 0.7062412490254249552990018
274.7239999990000001162116 -6.149132083470053800056121 -4.550848969601264393247675 238.9700926460200776091369 0.02498364621598467977259261 -0.03044268841387235899342834 -0.7035085166954682112105957 0.7095948330426543604332323
274.3072999990000084835629 -5.940221416648888919098681 -4.479471145920946639762406 235.0574015935306135816063 0.02219367930337147118424745 -0.01445962041126611953567593 -0.7012578841254050177056456 0.7124154265093514126760965
274.099100000000021282176 -5.880453920988690796889387 -4.409071473303976418378625 233.1240988541659362454084 0.02161747949353199846345142 -0.003575313243018539421935742 -0.7000865900589758883398872 0.7137217021606927502830331
273.6825000000000045474735 -5.852755283359570626089408 -4.26131514132338207190287 229.3777599140759093643283 0.01211150738158324989546255 -0.004891167159826266888633661 -0.70021440212467223052073 0.7138131260560767188394493
273.474100000000021282176 -5.859204118073562561619383 -4.211156835756479921428763 227.5195485129063683871209 0.01064236522153126293654957 -0.008392608314519883414006607 -0.7022119811670715083806726 0.7118389127419118000972276
273.057200000000023010216 -5.831098652792591430227276 -4.116223883917675685495396 223.8198112939156487755099 0.01251752241077149462034068 -0.01157006880483968207229406 -0.7028719438272793551547579 0.7111121400461457575659097
272.8487999989999934769003 -5.814056138991927191739251 -4.071314088957691090797653 221.9335559892162450523756 0.01344696962091534303551654 -0.01255141204770456216099905 -0.7043870330745550800699561 0.7095777256228162910289825
272.4320999990000018442515 -5.752845803133755708813624 -3.974820262599069842224253 218.1159067454014461873157 0.01421992909981961879239964 -0.01313822344734066026317176 -0.7049272264942693100309157 0.7090153637602933933692384
272.2237000000000080035534 -5.723917501171863264630701 -3.928335818220615838214371 216.205478606616935621787 0.01284418098657289127040304 -0.01410035843580067366209718 -0.7065928711590581112744758 0.7073632174024634400311129
271.807200000000023010216 -5.643056400968587738020688 -3.826785681185012499838649 212.2646780757129931771487 0.01245362050546567136977139 -0.01673793839787709319955056 -0.7053346314016759599496709 0.708567432570787025802872
271.5989000000000146428647 -5.599555135783404580251954 -3.782233263160863057095185 210.1728111130578042775596 0.01304663027903028328646773 -0.01790416307761875935877782 -0.7052064684500922719934124 0.7086558143690077082865741
271.1822999990000084835629 -5.486902164094628275847754 -3.685073947021452411831888 205.8089531656007409310405 0.01715710213212776752422783 -0.01520982729341275631329555 -0.7048565365120401660092853 0.708979236604558971102108
270.974100000000021282176 -5.429526962340312401522624 -3.630385523830882199547432 203.5856699063944290628569 0.01650690288767057284369244 -0.01525326892406967012327801 -0.7046135091484667656303031 0.709235266092761773570885
270.5575000000000045474735 -5.308440994717453342843783 -3.513682934417028391749227 199.0665712987182303095324 0.01828360721155437157436907 -0.01496951060129190873293492 -0.7025112431775546451007131 0.7112802377887483817886505
270.3491999990000067555229 -5.247536905198167289654521 -3.444415910638630951012829 196.7854157425819323634641 0.02147287587811861839237615 -0.01254979995541765334932105 -0.7012366615902491107092942 0.7124946052879026492377079
269.9325999989999900208204 -5.127917702699839708202489 -3.319989290167963069677626 192.2505563368203524987621 0.01983185434700220767245682 -0.0158351802274744428433717 -0.7032817092101687483918226 0.7104581494435449062763155
269.7241999990000067555229 -5.047304107662342609330608 -3.259277897587824490699404 190.0184674167633147590095 0.02141631204665346219218058 -0.01546325509768924078013441 -0.7016181550187067239576777 0.7120633355736342151587337
269.3075999989999900208204 -4.909613486556986927666912 -3.140382066264860494442246 185.5501866921462976733892 0.02133199261220491277368794 -0.01648461931026649202047807 -0.7030006158631969537253781 0.7106780828992509402297628
269.0991999990000067555229 -4.827287365421902620710171 -3.08809207817124464767744 183.3435205013055622202955 0.02105958628015516809206531 -0.01838272544023896934439755 -0.7014476712979186290297662 0.7121725448666388347263023
268.8908000000000129148248 -4.750098411116153940270124 -3.05271450056745230483557 181.184992048661371200069 0.01689529948816580889880967 -0.02170669510694889225987936 -0.7008496652158292539169793 0.7127784473520502039889379
268.4741999990000067555229 -4.634656922740599149790341 -3.006867491180014173579593 176.8776975486743765486608 0.01671191961199108844127181 -0.01708486296124171049948259 -0.7047619831250478972251017 0.7090411598363863809879604
268.2660000000000195541361 -4.588411798233854810291632 -2.95648399087036350962876 174.7690352121127830287151 0.01943208541513549020285367 -0.0120064229037946876288423 -0.7064289767514839724071862 0.7074152533493504035888577
267.8493000000000279214873 -4.506969991900200867007698 -2.826793389238213993763793 170.5935077564246569181705 0.01861952403739781589098179 -0.007423449469721794813370508 -0.7082724934478237255319755 0.7056545052274475482434468
267.641099999000005027483 -4.454564113215704779236148 -2.767538955760528107674645 168.5398518160186540626455 0.01549022647727342147372376 -0.01115206469132634312102503 -0.7040857135124480858934248 0.7098584312132032447806296
267.4327000000000111867848 -4.415207042464298403672274 -2.710537774156303036932059 166.4970284863516098994296 0.01483223642041868288454776 -0.01313982143487632536782428 -0.7021123431123824643051989 0.7117904238641233893858384
267.2243000000000279214873 -4.38288852273132523151844 -2.655478201418997041827197 164.4560835609933349132916 0.01752274948139766197474643 -0.01296771773134650432290904 -0.7033180270288494906338883 0.7105410223229190469496075
266.8075999989999900208204 -4.278314738076195666849344 -2.554762696552785872228242 160.3396764532644169776177 0.01682485037482026740685015 -0.01837116208454440263730945 -0.703662227276974250322894 0.7100978064443915771519755
266.5991999990000067555229 -4.21099745751564658036159 -2.508521069570609718368814 158.2495402380828579680383 0.01684405100096682261767711 -0.02020753885216643522260149 -0.7028056017304220581820573 0.7108953646604784237794661
266.1825999989999900208204 -4.060196704105507592430513 -2.412813481336319565428994 153.9589385476153324816551 0.01924013619707052105689549 -0.02223626202707419674542422 -0.7019745668019655715497152 0.7115947395627475469126466
265.9741999990000067555229 -3.976852151680758673535365 -2.361045133477494673002184 151.7765278024512554111425 0.02128000841766780268371484 -0.0223205800025038994527371 -0.7023890632555438440220996 0.7111248531510452330905991
265.5577000000000111867848 -3.784786109689872724004545 -2.269764155603054778254091 147.3223355714740137045737 0.01822506780794173192328245 -0.02445297460960603463941965 -0.7012363285643429255955539 0.7122762879934575463991564
265.3494999989999882927805 -3.698505254639702144459079 -2.228273649768554243166818 145.0565277667332964028901 0.01877688428934890310650907 -0.02165316037116999520195648 -0.701810428544627495917041 0.7117869706930094464425451
264.9327999989999966601317 -3.540976662036040334413656 -2.124554332590395056001853 140.4625525706804864967125 0.01874916147050007669827565 -0.020553124016557712538944 -0.7024643779486989814131448 0.7111749684504231616699599
264.7246000000000094587449 -3.45846543763918434777338 -2.072855510562724212775265 138.1479544687221903132013 0.01920755474581185145988016 -0.01942781319703896364403661 -0.7020104554401761509652147 0.7116424315397051891807223
264.5163000000000010913936 -3.383822432843848204697679 -2.018241594226196422567909 135.828676237532874893077 0.01818568928190487585250246 -0.01827731464618937914923258 -0.7020777054651617943292763 0.7116334140296108889955917
264.0998999990000015714031 -3.249987720623260134544807 -1.908190065397767698485154 131.1632403796060657441558 0.01829240413646563562233283 -0.01355675429084665130352594 -0.702013128406091202471373 0.7117999507653107738036624
263.6831999990000099387544 -3.143455955620141573092496 -1.791125183416869548480577 126.5365076875478393958474 0.01629441020865334682765635 -0.01185088047649442144493293 -0.7009523630931936422072681 0.7129234415433058913436071
263.4750000000000227373675 -3.101104423349544614296747 -1.728021634513619231299231 124.2605181602900472626061 0.01929140827815439135362041 -0.007870940014345871593715032 -0.7012045644815367850810617 0.7126556311572895818784446
263.0581000000000244654075 -3.032629983743670987195173 -1.619443676837235335241871 119.8409158202117197333791 0.01018215430721447836703852 -0.01531171715758769709403442 -0.7024752656445710785604319 0.7114705729746941820224038
262.8498000000000160980562 -3.007455015395195552230234 -1.605073620999013517263165 117.6849748310462899780759 0.00691866223661199292171986 -0.01695040875950762013224526 -0.7044142266719234379834802 0.7095529670277881395534791
262.5373000000000160980562 -2.969510231226708985019513 -1.569906382093295027502222 114.4849103441354998267343 0.01001155883985605649089123 -0.01067207099817245492812123 -0.7050112670806717440896705 0.7090451247131679402002646
262.2250000000000227373675 -2.939194383899625062639416 -1.489228790429376170223463 111.3290503362627958949815 0.01536682238226279653692252 -0.004057120831583395891006827 -0.7039731005995667478813971 0.7100487829527365457593646
262.0165999989999932040519 -2.921041368432909735020075 -1.412929646491279500608584 109.2821442141861467689523 0.01732358281684526907229227 -0.002640528855005833987201758 -0.7025321217547225716160142 0.7114362508254422623465985
261.6000999990000082107144 -2.897680092435916066051504 -1.292503351055428906235534 105.3002164546005587908439 0.009313446013767042591657841 -0.01372719632118090705985569 -0.7041764014963514117795285 0.7098312612023777168346328
261.3917000000000143700163 -2.876552812450156704215942 -1.247596374079186443140088 103.2975949817985963363753 0.01365919399381478570310033 -0.01432945335030093303441134 -0.7048894303935685501372177 0.7090408902916330857735261
260.9750000000000227373675 -2.776870038331602952297317 -1.134572109240918225125938 99.21456288241509469116863 0.01857694849720431876094473 -0.01657441659766136290987681 -0.7041905684697007394845514 0.7095743998886229197964326
260.7667000000000143700163 -2.713740689912497394686852 -1.089212706054601520477831 97.15927929648282201924303 0.01650525542648850069182842 -0.02104812903665224249616372 -0.7036961174669775775925018 0.7099974134243480783368341
260.3500999990000082107144 -2.564044469583245611232769 -1.007199428447338007686085 92.98625314728909074801777 0.01983127006029767464001523 -0.02160025663385290589646459 -0.702767763885860929917726 0.7108147576436594228255217
260.1417000000000143700163 -2.484937107134720157830543 -0.96433567289331267868846 90.89379158110979517459782 0.020237999017361257836356 -0.02289189956033439721228007 -0.7033020595480115044750846 0.7102341848755370223855721
259.7251999989999831086607 -2.306446342916920855259377 -0.8774995291429793509152546 86.65213974190338319658622 0.02138401094369573110509641 -0.02254395313243106810374705 -0.7031652707589283179956396 0.7103471660052187441891647
259.5169999990000064826745 -2.222888432630363286790498 -0.8313941607190755700429463 84.5407431766474388723509 0.02069576529242545329112524 -0.02263629190113478767409916 -0.7037844078724275753700113 0.709751217556957914034399
259.1003000000000042746251 -2.044679226262970050953527 -0.7502281246775915901636722 80.26773757018858646006265 0.01896415065148786965876226 -0.02287834916312344799016465 -0.7030989626000961889573659 0.7104708234124088583882894
258.8919999990000064826745 -1.957338861763206594446274 -0.7004901768163154240909307 78.11789384455308038468502 0.02148917184044496150874259 -0.0197236011051985862807534 -0.7022129017701591591205101 0.711369268130545462369696
258.4755000000000109139364 -1.799963720742728812140854 -0.5986183213602581654200208 73.78243844682579322125093 0.01822064848221775085201912 -0.02125863425127210576404124 -0.7020408758463696496932016 0.7115860363157222590047013
258.2672000000000025465852 -1.726959522901115429149854 -0.5511382513298512808574969 71.57378678248426240315894 0.01882149740776508164974423 -0.01984103676975349991873365 -0.7031646898749234209091696 0.710500882060208116541844
257.8507000000000175532477 -1.567237661717162833241446 -0.4406571657656844775985405 67.1488012604338138089588 0.02125905413067079308131468 -0.01745552983934996540971163 -0.7025581924797041910579765 0.7110944686011471116415805
257.6422999989999880199321 -1.477588591479449098287091 -0.3795975068297872678790839 64.92069978486962611441413 0.02209542306874901287927493 -0.01777179229370751123440186 -0.7000197849128180216382589 0.7135602682385661088559914
257.225999999000009665906 -1.325637752238915778590922 -0.2888702953919523586101548 60.44377568415757906450381 0.01647195061437444971175204 -0.02344128294690139141520646 -0.7017934752507847262492646 0.7118041157454679801475095
257.0176999990000012985547 -1.249767744022996840413953 -0.2457431346670220506656079 58.17255086790046192390946 0.02035299662581898511026779 -0.01957288481854484521460513 -0.7028999974505688586035035 0.710727972780176742162439
256.6010999989999845638522 -1.093764113891308786818968 -0.1263442605505793459030883 53.59811796904863712143197 0.01977405056577722849975309 -0.01989327475119697166694444 -0.7051136233629637928288503 0.7085393586046212499596209
256.3926999990000012985547 -1.008483325470978408944234 -0.07840561066859470795709086 51.29320238535051856842983 0.01880296730978029198788626 -0.02103165466172914402354088 -0.7053112069045495147179281 0.7083362332518259307789776
256.2885999989999845638522 -0.9658619947015507634091591 -0.05508432003326309972512931 50.14027574994270963770759 0.0179924679272513363126329 -0.02179182394391599580929508 -0.705045459290938092422607 0.7085988200952033633228666
255.8720000000000140971679 -0.8020767178452478107786305 0.040124232784301973320229 45.49808745774442542142424 0.01877876970164229358806196 -0.01774281338707934044252035 -0.7050862487763069896828938 0.7086507829447167283731801
255.663600000000002410161 -0.7271121974397229958952948 0.08677017209169606004603992 43.18878608976743294078915 0.01502073656173668128599452 -0.0191683833553588818532365 -0.7042085124470145451880398 0.7095754516257225530395658
255.2467000000000041382009 -0.6080642071457015296331861 0.1742168115235562531051272 38.53686983434905499734668 0.01461493067857698620326534 -0.01502857711136480062252829 -0.70409914952146368527508 0.7097921761434256016087829
255.038199998999999706939 -0.5611527565681523332941083 0.2170085497006064567671046 36.21260134472415614936835 0.01492777816272185774371106 -0.01301073106797846073989788 -0.7041887328189649908338765 0.7097366489670812184087367
254.6211000000000126419764 -0.4849065682085268447210069 0.318980826632111913454537 31.69057046698769752879343 0.0183690729304998787152492 -0.00753416429725366730563163 -0.7050888189037766151656683 0.708841005434147519714827
254.4122999989999982517475 -0.4461910896248974522926289 0.3728451198900201712937985 29.56460119942660114134014 0.01777452044973386324766551 -0.008096872518940416429966689 -0.7044087493544342049034412 0.7095257718442058436636444
254.2034999990000017078273 -0.4091614011901871794663066 0.4262193178670783955119816 27.52664888401547216290055 0.01665300805391592073312346 -0.005163681622345045116317941 -0.7030634054000567401132571 0.7109133995798188054848765
253.7857999990000053003314 -0.3882453739737831699407877 0.532801031944886371860548 23.72992761714461806832333 0.001075642389237931734191633 0.01018681812720298278385211 -0.6988073972924964127884095 0.715236529561501743756935
253.5772000000000048203219 -0.4442332178818148569199309 0.5770175312438851067398105 21.98071171758434516618763 -0.01456077336241362769897467 0.02508089449897490594287852 -0.695997284648994685163359 0.7174585091637327716185268
253.1602000000000032287062 -0.7972365236738443439179491 0.6450291043807243607233204 18.756033886574041247286 -0.05859844090221878049051796 0.06562821304193082461164721 -0.6931737305588452358051654 0.7153805558161931976712822
252.7432000000000016370905 -1.496070547131749028935133 0.6908153559573139146365861 15.95226745481587826702707 -0.1107731124181138004924918 0.1138999627672389047816637 -0.6944866214704182860728565 0.7017438625634212501225306
252.3266000000000133240974 -2.427425835209196858244241 0.7398467557334953426106949 13.58501541080407726269641 -0.1675456692119440815780251 0.1754872061040851638491489 -0.6850476674179376557205501 0.6869078414076714711455907
251.9105999989999986610201 -3.524174429277015629935477 0.7935471687215199798615117 11.77012126608578590492016 -0.2307431030991813347696962 0.2456645401795220506890871 -0.6659593026627123046878864 0.6655109024407777074117121
251.7027999990000068919471 -4.103803744351371740606282 0.8241018768652086379233879 11.05925830461518621916639 -0.2642088166054936126947439 0.2789430747679514932535483 -0.6521650425237717207949117 0.6535022720518215422202957
251.2875999990000082107144 -5.287756553382641833138678 0.8803488729898190090494836 9.934986555447308020916353 -0.3219391263770295941171184 0.3432973741668898792767095 -0.620931036824612259117373 0.6268546556464469343694645
250.7684999989999994340906 -6.581356217413770970381393 0.9482536179197184056377523 9.078460988925719732378639 -0.3725326955718987198551417 0.4060109112720826085585202 -0.5866205058031589425482366 0.5935072980420665889056409
250.3526999990000092566333 -7.332426690811003844316929 0.9875225978409742921826364 8.731644508004475113693843 -0.3984830077730638908661831 0.4349014228056678477152275 -0.5687244652498534280837816 0.5732578194704428531380813
242.2241999990000067555229 -7.923738824138975012090214 1.02283067328664034612018 8.492592730663913513922125 -0.4199552458195420223674432 0.4468084891512987821826641 -0.5497762217958556130170678 0.567226472829729710944946
241.1830999990000066190987 -9.919541509571018877977622 1.112896003002448175323025 8.0085443564218685708056 -0.4455943573797054857443811 0.4838575972741168684798652 -0.5232668107774691712563708 0.5417742509295380148870436
240.2461999989999981153233 -12.68813970277827252175484 1.247130488401789971675271 7.732711579056875450532971 -0.455276822632584954320123 0.4955501700554619248784149 -0.5115858992134376670435358 0.5342592174755237399708108
239.9336999989999981153233 -13.95680714827292234758715 1.301340479714691245050062 7.642532197073245825436061 -0.4579040377803377248611127 0.4911749708505605549468953 -0.5098237772862126426787199 0.5377273996255280685829803
239.3086000000000126419764 -17.16197340438220564351468 1.410380550502463581352686 7.394156353195834974201262 -0.4562943170056343311635771 0.4869612708277888946106771 -0.513479238724356745748878 0.5394472062965957048774612
238.9958000000000026830094 -19.00984103984280437771304 1.46558224268262837775012 7.229560610923989827369951 -0.4565505334256275138393733 0.4838717765196991482667954 -0.5141164233713557685234719 0.5414000531365790180871045
238.7874999990000048910588 -20.33484163346208362099787 1.503599983221835634239483 7.102814212979284391735746 -0.4569897264418525950624428 0.4835773939046291713950154 -0.5135346623124679155125705 0.5418444838093559035030466
238.3710000000000093223207 -23.17149530199805340657804 1.591909363755071193935464 6.841435277562149863683771 -0.4562938508524468916860428 0.4862163007093243116685244 -0.5143898194809582991027241 0.5392520229105610685138572
238.1627000000000009549694 -24.6985761105543630833381 1.636915891230479980222867 6.706074711408742672347216 -0.4573387538147040687341871 0.4844959695895079132554883 -0.5141877020085581229125182 0.5401073289762823304016592
237.7473999990000095294818 -27.97345053513625146024424 1.718525865910930150448621 6.39777765986641444584393 -0.457388825980447666363915 0.4819095375562111871481363 -0.5125688919144004707106888 0.5439042107965609273989571
237.3301999990000012985547 -31.54441534148545045468381 1.825814922958534980423906 6.054968283336092049751187 -0.4531404269212399582578144 0.4836446457123936837341205 -0.5187200274886141215802127 0.5400751274087530751089048
237.1220999989999995705148 -33.39138892825656057539163 1.893593764949107027817377 5.867657588085022801749346 -0.4526320870825364939271651 0.4828279623938657727499901 -0.5192681075563170267628266 0.5407050813047498127872359
236.7059000000000139607437 -37.21510376181679191631702 2.042827814289163157468465 5.459301404116648548381363 -0.4505121670593121852022023 0.4821602780417664213530315 -0.5213617601493576447779787 0.5410565300078848949283383
236.2905000000000086401997 -41.20804357130475636949996 2.187029634723178794786236 5.016362825276729608958703 -0.4504438356284557465336604 0.4785236019108584648584781 -0.5226745940142700774799778 0.5430716178650848435793819
236.0816000000000087766239 -43.24010951846742045745486 2.260167597924684468324585 4.782078173002793697321522 -0.4490851870338343765354239 0.4776952067194796258675638 -0.5247699876189665380010752 0.5429053733003659232281279
235.9775999990000059369777 -44.25558627063830385850451 2.298452605040413043724357 4.660844143131342320884869 -0.4485789082497951829608951 0.4770835942911336724492344 -0.525897792908491923391523 0.5427704105288460034728359
235.5614999990000058005535 -48.37483567728133238006194 2.449789276437015939080766 4.147274033003013116172042 -0.4485682483652310148514175 0.4726058684697987954947962 -0.5278083719735359169433764 0.544838087986790564620776
235.3534999990000073921692 -50.46588373485076317592757 2.521447104636020064560853 3.867588637027561393466613 -0.4467537294250599200218232 0.4717211479607392177193503 -0.5287358082769370026809952 0.5461947535972284661909271
235.1453999990000056641293 -52.54851229070144569277545 2.596645071140630811612482 3.570990409572041723862412 -0.443032524690857520965892 0.4719110690336649760467935 -0.529749245642955002288943 0.5480765108360952098109919
234.7292999990000055277051 -56.75076347306612234433487 2.735747376686891385588751 2.949781783402802837201762 -0.4418550216218263271272804 0.4672296975940846142094642 -0.5302535718359892014106549 0.5525320797102105663256566
234.5212999990000071193208 -58.87761383994483566084455 2.796681995040444679290204 2.619201633107916205034371 -0.4417233494198972709732232 0.4650249744455390299435749 -0.5301999314470713375868627 0.554545118464416675330142
234.1051999990000069828966 -63.15947975226085731037529 2.930237525685496002836317 1.929852010976242704387573 -0.4379037809991696561517927 0.464568844858716689660838 -0.5333967273700894740073863 0.5548909786653118958454911
233.8971999990000085745123 -65.31578769660363548155146 2.995516240802106544549588 1.577012268709847786496425 -0.43947284509597578372464 0.4614373792787291872485866 -0.5343784991504515469173953 0.5553186320242978757377728
233.7932000000000130057742 -66.40818925803819183784071 3.027380669791931655510098 1.391562202385153490524772 -0.4390045589237508427693513 0.460889496516625252198196 -0.5350522235329532305669886 0.5554952631096484738648655
233.37710000000001286935 -70.76060281058406076226674 3.165578636209853247152068 0.6330834870629236110772808 -0.4364077227419679294584398 0.4594366325851078070030553 -0.5377005274787821642590302 0.5561873991012971085723393
233.169099998999996614657 -72.94218687507850518159103 3.233623601012176163038703 0.2392762145599598433420852 -0.4356873471949577192319225 0.4578965412912876509210491 -0.5381197563402696504297751 0.5576149395451893697739365
232.9609000000000094132702 -75.14020101394315531706525 3.305364641150873694641632 -0.162094993341713650147895 -0.434168672648101328093162 0.4570403965000188750700261 -0.5401349566923140388396973 0.557553466689145071910616
232.7529000000000110048859 -77.32750917921291033962916 3.375662898872715533826749 -0.574873198235332560912525 -0.4334091371282302040945922 0.4543961327135485617212396 -0.5416951547128381339035741 0.5587906887103337716382612
232.3365000000000009094947 -81.7405599397947355555516 3.537267381959552814407743 -1.452024943987688887503396 -0.4282204810691079277518156 0.4531289931709895357769824 -0.5472938793522539313585185 0.5583643476837929497946789
231.9200999990000013895042 -86.17951603694960738266673 3.701587951540342036338416 -2.374758972507243992566828 -0.4277866666030964992728514 0.4451942198457555788237983 -0.5529880062296476106453724 0.5594684436665749993622399
231.7118000000000108684617 -88.39086641376488273635914 3.786480824242387743794325 -2.875271256693111343594182 -0.4237452536829623972458592 0.4416075056553485644883494 -0.5570625727097130441833883 0.5613413052823205129371331
231.5032999990000064371998 -90.58484593038745913418097 3.874598991510442846930573 -3.403549410294937960230754 -0.4196079857583107641794129 0.437314810879449455960355 -0.561372464608241084071949 0.563512067708397679233201
231.086700000000007548806 -94.99136960135938068106043 4.053865962606456818662082 -4.585077296499697752096836 -0.410326247009835054502247 0.4270689389125384427536858 -0.5696504737739526147421998 0.5698621150419229675065935
230.6699000000000125965016 -99.32936161194454882661375 4.245797993346916321399931 -5.893234823560644208839676 -0.4043316336770954588786253 0.4168802718604678880787162 -0.5782464106616834742524702 0.573025180509925791128012
230.4616000000000042291504 -101.4351931874574717085125 4.320044314810737695609077 -6.597325659221339400062334 -0.4034948218951375786822666 0.4113032996652017936334289 -0.576054504812090972798444 0.579812669639104938390517
230.0451999990000047091598 -105.7622995481160614872351 4.470807204508267851394976 -8.088128832769690745863045 -0.396162247933936340071881 0.4144894434904505264860575 -0.5760061010249094559654282 0.5826413529170314520300167
229.8370999990000029811199 -107.9105964649698137236555 4.560474832019886903822226 -8.831268360134343353706754 -0.3933257966333619792820286 0.4140936918007984690603962 -0.5778746216095123067191253 0.5829941284551500846333738
229.4206000000000074123818 -112.1814696207985093678872 4.713646156169766676669042 -10.37133930660764846720667 -0.3887135645260577643256283 0.4079178706482540217592714 -0.5770788171668218557996966 0.5911724066095968010969841
229.2125000000000056843419 -114.2952316362667204430181 4.792833655407676474169421 -11.14432673579135801844586 -0.386658763735233279579262 0.4037757469090220707741423 -0.5828763898550902711193089 0.5896738596752441052828431
229.109100000000012187229 -115.3601871099830304956413 4.830134841023961733696979 -11.54996394948214799569541 -0.3862819717528990226540486 0.3996661441403153158802297 -0.5840292956754620234960385 0.5915767011297261568358863
228.6916999990000078923913 -119.6093628072937917750096 4.992557507328441168681366 -13.29659649908252028183142 -0.3709015437447280572058617 0.3898998085689341919213291 -0.5930852837028616209025245 0.5988823176391021574360707
228.4832000000000107320375 -121.6891940398907934195449 5.070814751324929758879989 -14.24154090448558385162414 -0.367164742118977982521244 0.3819204121889427372416037 -0.5920106705398969770826056 0.6073304017295971801715382
228.2750000000000056843419 -123.7884743191898024861075 5.147804442447057482468153 -15.24332719246733347517875 -0.3596158648667565627121689 0.3811005736316609437963621 -0.5927144493556647519838521 0.6116603338771977593779638
228.17089999899999952504 -124.8520999741574115660114 5.192979710308926577511102 -15.76152402409051589415867 -0.3555346990883720970089144 0.3827860125346224107190096 -0.5932026760791254682558815 0.6125198212666663755143759
227.7545000000000072759576 -129.0953286457337014780933 5.381709614267694341549486 -17.82265689568312794222038 -0.3550851430067267222590033 0.3843989935443441474660631 -0.5899371283170756763425402 0.6149196204472504589944037
227.546300000000002228262 -131.2479056968303154917521 5.476569783698229443302807 -18.85345015146950942153126 -0.3558937368147160884568336 0.3856825324259876008881065 -0.5894591880267670003235025 0.6141062594766150128933191
227.3384000000000071395334 -133.399940851524178242471 5.565803317160474605884701 -19.87059855033526645229358 -0.3586847894577359086021318 0.3849933101078429342756237 -0.5887315702727894395351882 0.6136126719258672146395384
226.9221000000000003637979 -137.7549963576001630372048 5.754817785548055120159461 -21.92940091549129988379718 -0.3559349083444940942122514 0.3871089317418159869710337 -0.5902858542070694713999046 0.6123884603015778971268901
226.7141000000000019554136 -139.924881309805385853906 5.851389120603976756740394 -22.95611788399502017909981 -0.356817062867408774096134 0.3858088002648621395174189 -0.5899302965836203949123728 0.6130378442295589813682
226.5058999990000074831187 -142.0931787854055130537745 5.944830269708583969645588 -23.98341045846543195807499 -0.3567894873780496078907731 0.3850731989742953165212214 -0.5909562492218781715180853 0.6125280439570262025483771
226.0899000000000000909495 -146.4674640260775220212963 6.139116808008132863960782 -26.06945615386630521470579 -0.3567969172565549906828153 0.383656964165927427679037 -0.5924166551204451680590068 0.6120014709288750243132426
225.6736999990000072102703 -150.8074265459217997431551 6.296553028443534927305336 -28.15279661520484566494815 -0.3586497660263599507324273 0.3806287122142189560669578 -0.5920653117118864772194797 0.6131482654585999059193568
225.4659000000000048657967 -152.9827660921495180446072 6.379321765214846173819296 -29.20670784244565609810707 -0.3563763843705775036241334 0.3820910006039713868730701 -0.5930078210997129506409919 0.6126532983955780276019709
225.2576999990000103935017 -155.1439569034201610975288 6.455915010700872258553318 -30.24255772886116133690848 -0.3595304916287885843573235 0.378576531380970970896982 -0.5926681754119818013037957 0.6133205274002712092951128
224.9457999990000018897263 -158.4102056374998426235834 6.558562422763215771226442 -31.83165376878005758953805 -0.3583380549031793815828451 0.3739288180292573149365865 -0.5960573163340815439070752 0.6135851636896557659284213
224.8417000000000030013325 -159.5154549385232769509457 6.596284220666791320297762 -32.38286238544286987917076 -0.3555138502038773240521152 0.3730607854124604050305436 -0.5976966759258118822017991 0.614161408986178991575855
224.5295999989999984336464 -162.7925994313064563812077 6.717429059509917088632847 -34.06652037267122068442404 -0.3473320547852687401046978 0.3679075410859417027964469 -0.602068456658669592940214 0.6176714809891959978571663
224.3213000000000079126039 -164.9503664920958385664562 6.801413106661226670723863 -35.23204681020542494707115 -0.3421941097769520823135281 0.3631597963829828468185212 -0.6045118417595325421842745 0.6209537717878260698611825
223.9046999990000017533021 -169.1823446403644766178331 6.956202556441811957199661 -37.62861574317219037766336 -0.3344042826245626764958274 0.3543000095119822612232952 -0.6098365586946632443954286 0.6250957132324710396886758
223.4879999990000101206533 -173.2582793329193293629942 7.105884088059002401394082 -40.07726317955415851201906 -0.3272937322009429883529208 0.3461907127496985370207483 -0.6155765233200872765806366 0.6277709352980489487805471
223.2794000000000096406438 -175.2412042621438672540535 7.189501300768404767893571 -41.32974624841146038534134 -0.3207933944217551958111301 0.3465713680305733124242806 -0.6171165972694218071481487 0.6294020895511832636159966
222.8624000000000080490281 -179.0340792189269905065885 7.35368549034643415041046 -43.78050257064739270163045 -0.3171706141672073764326001 0.3425782581933788373262928 -0.6159231600319596822146195 0.6345719813056927005590069
222.6538999990000036177662 -180.8502523586139432154596 7.430050083805809002512888 -44.97472900156446939945454 -0.314881062390645949378154 0.3423940785911259165885667 -0.6157425338516379076381213 0.6359853327706830317112008
222.2411999990000026627968 -184.3107632237507687023026 7.589523564667161714680788 -47.26049848928586527563311 -0.3120345194251418208253313 0.3423693879605264056564806 -0.6165660590586171663218806 0.636603452465961172634934
221.8188000000000101863407 -187.5688048105673999543797 7.735592550024099622874019 -49.45100320196177534626258 -0.3111075485825965381003755 0.3445855229336118319416471 -0.6131031158866704355858701 0.6392006569846064856221801
221.6100999989999991157674 -189.1161687030778182361246 7.800810058049941986269005 -50.48849859562854902605977 -0.3154543678813156448725863 0.3506557004594975102129695 -0.6072944612965274213678413 0.6393141315491309706331435
221.401399999000005891503 -190.6210947944120448482863 7.866190695482725203646623 -51.44907386301976259801449 -0.3237137153266927414030363 0.3609952447087883542486964 -0.6008794370932695194653661 0.6354807360459535647834173
220.9841999989999976605759 -193.5215301682509334568749 7.98836120833441665212149 -53.08760338825123170636289 -0.3506719560153458981055508 0.3913734358089713816220012 -0.5846773627825019303827503 0.6180682765335483441759834
220.7758000000000038198777 -194.9054933790434347429255 8.027126333922286249844547 -53.71867838669789563255108 -0.3738607623676448721283805 0.4034456210300960687931138 -0.5754237741880949830175496 0.605266256562062121560075
220.5675999990000093475828 -196.2544574800646728363063 8.066014493743779212309164 -54.24646954198326653795448 -0.3922378619250513342997522 0.4188771952989754909779663 -0.5669245735190736601438743 0.5910058230433481440968535
220.151399999000005891503 -198.8009158577772552689567 8.143770625777078109308604 -55.01769989119784298736704 -0.4211302222865170863386197 0.4490733759267279134874684 -0.552671513967043948056812 0.5617264784217101958319063
219.9423999990000027082715 -199.9521425615442922207876 8.181781043758400429055655 -55.28914577783924499954082 -0.4339153714302169118077757 0.4618490340503769719937566 -0.541961419115031484139422 0.5519879893386561153789671
219.5255999990000077559671 -202.0265586945268978524837 8.261427071211992156918313 -55.62754420481981298962637 -0.4589332036062031550116558 0.4887515666565822591849155 -0.5223883475747760352092541 0.5268895852420867331744603
219.3172999989999993886158 -202.9506648636995294054941 8.29625517139889723239321 -55.71340656496771970296322 -0.4725344056765399813890838 0.5059674433685341643496258 -0.5080422737558637491517288 0.5124463189252121964045728
218.9008000000000038198777 -204.5590981463010677998682 8.352619883013568724550169 -55.75396373150687878705867 -0.5038401865876780405528734 0.5368049912530227230078594 -0.4740049103815315856280677 0.4830163689558899520193336
218.5885000000000104591891 -205.6041464333906390038464 8.383721664494508729603695 -55.67590920682319222123624 -0.5275018181673483130822433 0.5569037471340254619178722 -0.4477214224265858022455689 0.4595057955657770865087741
217.9636999989999992521916 -207.3580831187308035623573 8.438580925998675041910246 -55.35822022179299040089973 -0.5648957096339024541720164 0.5958745619669139070850861 -0.3944713585390461352275793 0.412575679033929276773307
217.651399999000005891503 -208.1570031673688276896428 8.462986553742513962106386 -55.11266327903734918436385 -0.5789637720379484653321356 0.615453365922145168021018 -0.367952263578085414508223 0.3881098256556460013300125
217.3389999990000092111586 -208.9557801766013653832488 8.488275727290147898429495 -54.77922861018144118361306 -0.5904292434196861671935608 0.6340198159904072428005861 -0.3427507924891224355690156 0.3632273058216107242124338
216.9231000000000051386451 -209.9914353658451489081926 8.520946175227098962068339 -54.20667204337183164852831 -0.6052404657496563977758797 0.6508354697728816473656366 -0.308303423688498834387417 0.3391845645759866689772366
216.2983000000000117779564 -211.8413296063348809639137 8.560340091986503807675035 -52.7916624821830566816061 -0.6235360043745711289275846 0.6773560577588276787608379 -0.2572090261922413967354828 0.2936582011646428069795434
215.9861999990000072102703 -212.8563616520445975766052 8.568654071395103599684262 -51.76701446282507390606042 -0.6319372817181605483938256 0.683014648656215195288155 -0.2396970382391962750556758 0.2769324674989314671869067
215.3622000000000014097168 -214.9763915765130946056161 8.566697400332060396976885 -49.279735534639229399545 -0.6427704905329129081437145 0.6913187113718906040560341 -0.2116717131333024637385165 0.253218525519758042019447
215.052500000000009094947 -216.0927849518868697487051 8.560964709345984857691292 -47.80725890429454949526189 -0.6456796289082649131785274 0.6935031926748738140275918 -0.2049987371423083182264691 0.2452073741401367135139822
214.5292000000000030013325 -218.1593179581523429533263 8.543758890054578003514507 -44.91597407919522311203764 -0.6481314233103847577410761 0.6978774539665693055212614 -0.1934958469838560513043291 0.2354826417441293340271358
214.3211000000000012732926 -219.0692594336492788897885 8.535859727818726483405953 -43.5785922473650160213765 -0.6486660083374999885563739 0.7001891580810856163807898 -0.1898054379574869443558782 0.2300900872592338275435253
214.1131000000000028649083 -220.0098599956734233273892 8.52330656809394859863005 -42.13870852465788630070165 -0.6513109675406981713408072 0.7007430004996917372039889 -0.18380495763749726823022 0.2257631687405331211149218
213.6971000000000060481398 -221.9996602261161910973897 8.49421905523457709819013 -38.94522378785065797046627 -0.6546946151265834457078086 0.7013814508074974751750119 -0.1792946957821532072419046 0.2174682355007502843058376
213.4890000000000043200998 -223.0576643090000743541168 8.475950833624208868855021 -37.21293444606175171429641 -0.6545644562242216579761589 0.701553910811905545585887 -0.1795119373894662750945628 0.217124266739326499120466
213.072699999000008119765 -225.2396124802700683176226 8.442892239501954776415005 -33.62669192960508723899693 -0.6563942314295871938156779 0.6994677486461361448633056 -0.1817868652191330924861035 0.2164370975218155024322186
212.864599999000006391725 -226.3435323626684976261458 8.427263016296446807018583 -31.81941351419534314004522 -0.6572552876112245368034337 0.698509562440388864779095 -0.1825505640571957743922837 0.2162756797442157707944688
212.4483999990000029356452 -228.5752524924344299961376 8.396399514920327433742386 -28.16601669977465505212422 -0.6611006813029595141628647 0.6942517063660740284092299 -0.1845560298275310817661676 0.2165629913970921749388765
212.2401000000000124146027 -229.7135298927566680049495 8.382274141974029646462441 -26.33060610901345199863499 -0.6619488216671488567399706 0.6927212184671427408488853 -0.1862633937368746439577905 0.2174097953922329296005955
211.8239000000000089585228 -232.0398457921132546744047 8.356401394318014652640159 -22.60385949797094440327783 -0.6654765670727564863540238 0.6867480875300302489705473 -0.1920178441620136733369861 0.2205609903729074117162412
211.6152999990000012076052 -233.2544924858613057949697 8.343620808478751982306676 -20.72107090740798795991395 -0.6653588343921857939378128 0.6835636158276849894122051 -0.1983712664616615328760929 0.225138280297353388093029
211.1987000000000023192115 -235.8071515808727554031066 8.326448493110595094890414 -17.01488116233785063968753 -0.6616815093412808934658642 0.680192230530749175620997 -0.2095361050544319592159326 0.2358192748696906759775516
210.9901000000000124146027 -237.1374451130425882183772 8.319475543885337387450818 -15.18062850185229351041016 -0.6597592200497429670846827 0.6792428873097337005404484 -0.2139722305365932553122832 0.2399223961152576467537045
210.57490000000001373337 -239.864755345251609242041 8.307428730549629491974883 -11.55986068373445263546273 -0.6559888984010669998880871 0.6797260177520275670204342 -0.218626821817859307017784 0.2446495835830240495045729
210.3648000000000024556357 -241.2318763099640079872188 8.300992285829448036338363 -9.761422380370847307062832 -0.655520014189323041442492 0.6802599663006905217343956 -0.2189207485359733751373312 0.2441589545895505586337038
210.2607000000000141426426 -241.9246056304789647128928 8.29634021965742540771771 -8.841334671898055219685375 -0.6551054101285014308331256 0.6809612088216199232704184 -0.2184512741155418547034373 0.2437371012748415499693522
209.8437000000000125510269 -244.5859623462794445458712 8.273097155057085316798293 -5.303818796593946949258225 -0.6568930877284500091661812 0.681689277299848073177202 -0.2130942242205131342824842 0.2416237821756205272905049
209.635199999000008119765 -245.8771481863075223373016 8.251517319514105608391219 -3.560662069593199863248856 -0.6572019154727601897292288 0.6841467312128677313864955 -0.2083242822353351397790533 0.2379703466838158920637625
209.4266000000000076397555 -247.1239624322175814086222 8.231629574982735064736517 -1.828895587536415678897583 -0.6571460020994994710719084 0.6889347672383973053555906 -0.2004793461248471908575652 0.2309459897728773081215792
209.2181999990000065281492 -248.3018472156424252261786 8.211150079930725098620314 -0.08571499372893252866045799 -0.6597427020693777954818415 0.6932288427983365197704302 -0.188771945458958756436374 0.220314527860319714358539
208.8021999990000097113807 -250.4277120407504639842955 8.146049265937268302195662 3.439813436161344828434494 -0.6663677093692648156775249 0.702286326464860999330142 -0.1576321736205039125700011 0.1946794529736641798933761
208.5937000000000125510269 -251.3599854589149629191525 8.105189041626172041787868 5.247218253022160716625422 -0.6699812620225135129103933 0.706607979811366027078634 -0.1416053321394446784520227 0.1782644140463759963033397
208.3857000000000141426426 -252.1845842257034178146569 8.066600758933478942935835 7.065117759552943965672966 -0.6748995056313517038049099 0.7090789567699998796612704 -0.1246466753113215225612365 0.161805119506028050047064
207.9695000000000106865627 -253.5573080220106589877105 7.987859909726409135544145 10.73621297184478606823177 -0.6809756882639764752340739 0.715087559398956296163874 -0.09287150729385468261867231 0.1276588325154801306648977
207.7615999989999977515254 -254.1068056305385596260749 7.939639658681802991679888 12.6125378382485013872838 -0.6833034769989323464756126 0.7174713836268492572756372 -0.07499371059280741935726411 0.1127258416214602654292776
207.3455999990000009347568 -254.9399302212593170224864 7.834798710932981968824151 16.37602012472794754671668 -0.6870960440744203756580077 0.7205228642465610899847661 -0.04390491265138355553299121 0.08257231352147233194305187
207.1375999990000025263726 -255.2383028949975596333388 7.782278721500704321556441 18.252347495699837054417 -0.6875900613788623605415751 0.7222933197203530442109809 -0.02982862556828573888378919 0.06798912322623010262567789
206.7221000000000117324817 -255.5828844662765675366245 7.662961645508481467459205 22.08141254384101159757847 -0.6912077826155212934011729 0.7213824216625909224731572 -0.004052821210931922824016738 0.0426939996742248875638559
206.5137000000000000454747 -255.6643422245818442206655 7.597606315146068212129649 24.00509139826019477936825 -0.6922503748784448740494213 0.7207910297288695478101772 0.006128123479179487832768647 0.03481603144634187047001816
206.0977000000000032287062 -255.69906701216896749429 7.463393435985788748610048 27.89920676480211270131804 -0.6931549968604223677104414 0.7201995762536054224156601 0.02157739116997032732814255 0.01957388264635688199244434
205.8897000000000048203219 -255.6543451823697807867575 7.395485175399985067201669 29.86855010724284298362363 -0.6933435862422619999634321 0.7199561243605475668871918 0.02798291747280162375388635 0.01244213575594137546898033
205.4736000000000046838977 -255.4530364804378166354581 7.260282770167572508057674 33.81336713024239770675194 -0.6948223502271089202508847 0.7182722955654067265029994 0.03583094815789234638403471 0.004791054391701183960694532
205.2652999990000068919471 -255.3265616884777386985661 7.192748640589035957759734 35.79553116975791482445857 -0.6954484801008994354631909 0.7176942330152271676269038 0.0353842348408125451086903 0.00378884504351110085879073
204.848800000000011323209 -255.0750988347328416239179 7.056674130736789507523099 39.79969593035750108356297 -0.6958310547299583204150508 0.717354988322764119956787 0.03442239506307176455379704 0.006005224389029842173293172
204.6405000000000029558578 -254.9565083424566864778171 6.98706856194635506085433 41.82852327879307097191486 -0.695941836298319849163363 0.7172903026401833415093279 0.03331318699299760238696777 0.007057889234501945122102207
204.431900000000013051249 -254.8458555404108096809068 6.916707079340951302981466 43.87442691533431116113206 -0.6958884843899253436205754 0.7173759951191980288598415 0.03216528452727723114135117 0.008734608835693189604620912
204.2233999990000086199871 -254.7418695196144255987747 6.844579247535190980045172 45.92791439874730485826149 -0.6961530769003376750703183 0.7171506703690958550723167 0.03069279634458742939129294 0.01112482646601015492948683
203.806499999000010348027 -254.5717627484307286067633 6.699837410626535039170903 50.10103398102318550400014 -0.6952974571099701517340463 0.7181148041675347037937627 0.02583943929990972429577845 0.01431424285455131471811452
203.5980999989999986610201 -254.5049242051162821098842 6.627448888304453333830679 52.19851594608604017366815 -0.6944062929874225131854359 0.7189676064483481177092017 0.02554110409436040340924734 0.01526869801391726559625095
203.1812999990000037087157 -254.375097685603407171584 6.477693500353881361775166 56.42745825775600820861655 -0.6932478778539281627502078 0.720069512964256697173937 0.02585091596531816776627366 0.0154598348696772143473499
202.9729000000000098680175 -254.3088376707292752598732 6.404112634185344710147092 58.55732940363181882048593 -0.6925213226054065529524451 0.720773894700815542790906 0.02628118904342785500105606 0.01443986001109489117344431
202.55619999900000038906 -254.156108443374336047782 6.25300350527816739543141 62.83245487449817545666519 -0.691239484913595991777413 0.7219293759465010840159493 0.02914413487424729123920208 0.01251279522384035267079661
202.3479000000000098680175 -254.064600470912978380511 6.17537581863457418762664 65.00097435998979733540182 -0.6911148551410042362164177 0.7220074052632132755036309 0.03062851395256671951927707 0.01128972460108519475230349
201.9312999990000037087157 -253.8593754619449214260385 6.023315544112539221544012 69.33771721202236903991434 -0.6905998858020768738086304 0.7224772458832370292114433 0.03213239889270795568432249 0.00812008944107080882224281
201.7232999990000053003314 -253.7421359432160272717738 5.943862172351335182440835 71.51960969342609075738437 -0.691379703169627046754897 0.72168154817098140174636 0.03319203001534151709073228 0.008254587698650095103913849
201.3063999990000070283713 -253.5155416084467958626192 5.780886105988101597574769 75.91142926096496523769019 -0.6901862039278209293158284 0.7229168521396676094781242 0.03120355529148144055340275 0.007782476299361854726877041
201.0980000000000131876732 -253.3960905562275343072542 5.707705135198725798773012 78.14570650057940781607613 -0.6909441605833872568354082 0.7223231561809818623842716 0.02862903614492706694250046 0.005079693876174977765214358
200.681600000000003092282 -253.1738541575524834570388 5.552243778565762788446136 82.52865973192646720235643 -0.6902533782373215798244814 0.7226412500914740633106703 0.03455986224167941628371281 0.01206289434725395237624213
200.4732999990000053003314 -253.0768434749016080331785 5.466360988768125928061181 84.74293886616844417858374 -0.6875473252792779765840692 0.7254447538966610764532561 0.03002876192318812073600576 0.01033721444512245707381126
200.2649999989999969329801 -252.9747313928714618214144 5.398884059851169148203098 86.95033891969724493264948 -0.6872411018120324621705208 0.7259471239110135698524573 0.0249977124844506688738921 0.008692274504186539574313031
199.8481999990000019806757 -252.7973568103684840480128 5.280311166193714988992269 91.40784777025297103136836 -0.6905899226026217530005624 0.7228277102390538999543423 0.02000117431130794820592911 0.014339216730341049904629
199.6399000000000114596332 -252.7479806295429511919792 5.221087862150203484645772 93.66587661109852547269838 -0.6892508396059405795242014 0.7241135482319234206727288 0.01794687853526377371848888 0.01645475373017571754652444
199.4318000000000097315933 -252.7054584048336209889385 5.154869492206095138442379 95.9379656288468822822324 -0.6890279349340843184634764 0.7242326037918250802860598 0.01917293133374463331985993 0.01897469866574987354401749
199.2232999990000053003314 -252.663558319187046663501 5.084288605017127871121829 98.2288276690469075447254 -0.6890584620413761074431136 0.724242812081813958080545 0.01868671480060046449778177 0.01793297875314996819851032
198.806900000000013051249 -252.5723579205060786989634 4.95423495754792320155957 102.8250961955595954577802 -0.6879759727370649002864411 0.7252251235036180077031531 0.02101460163347862453164794 0.01720371162970487505239348
198.5987000000000080035534 -252.5153136775801669955399 4.882860973817455096934737 105.1289134919201444517967 -0.6876355224188431813914235 0.7255435672627535970136137 0.02222400080943932529353724 0.01581183415751905019241974
198.1821999990000051639072 -252.3758219201246504326264 4.739440602813502323442663 109.7621579583053943451887 -0.6861852164492018291142017 0.7268902503477763232808684 0.02438864114701556895514756 0.01362376082112465823514835
197.9738999989999967965559 -252.287917633805790273982 4.66814756339296277332096 112.1341589288648776800983 -0.6871144813205043444526154 0.7260498355667241998645522 0.02414943025509680776807819 0.01192186443226656358818083
197.5571999990000051639072 -252.1149548384980789705878 4.522889181074924103143076 116.854595392036287648807 -0.6863192948378519231411587 0.7267434715739609085716211 0.02599607887186236240828485 0.01157393369556343649950936
197.348800000000011323209 -252.0250885221649923551013 4.450645999271246822104331 119.2247443281272154536055 -0.6848840076992044334502907 0.7280746033150318208271301 0.02704311356577557279301516 0.0104851330084112792651041
196.9319999989999985245959 -251.8003228006799929517001 4.303973941081455478752105 123.976683652677223790306 -0.6854565500996383509146881 0.7274778763583095164690917 0.02964575261754559543092569 0.006810777227710017138473386
196.7237000000000080035534 -251.6756749215201409697329 4.231299151792273782746179 126.3554529790424254542813 -0.6854616676517734097373591 0.7274325555544471910707216 0.03103003291252720910464724 0.004616964048332129408325208
196.3069999989999985245959 -251.3999997684059053426608 4.093546973054838389316501 131.1085612979035772696079 -0.6823041891121729429769971 0.7302305615838051711108392 0.03494126723881509077873631 0.001851564939864370562885854
196.2027999990000068919471 -251.3219459579954957462178 4.056267991022570740256015 132.2873212043544413063501 -0.6823001339907305284882 0.730164640093662553610443 0.03636137742306640163736375 0.001993927034967434269024933
196.0985000000000013642421 -251.2332804378959281166317 4.015705180899566961727487 133.4772876895531510399451 -0.6830728836082683441688346 0.7293986652500403788934591 0.03724541652136317132493204 0.001342296053255557499936379
195.7861000000000046838977 -250.9665732118070877731952 3.89801028706279373281518 137.0658693319040253300045 -0.6854530912883599613749652 0.7273395917113526509822918 0.03307486099083098429751715 -0.006101765550340071571355782
195.368999999000010348027 -250.625548819473863204621 3.758467064289316095226923 141.6030904882930201438285 -0.6836576105321875429510214 0.7288521476972892321199993 0.03661901439345530834268416 -0.006772454748545426832240235
194.9521000000000015006663 -250.2674133815086179311038 3.618198658507983278553866 145.7625192705420147376572 -0.6863538101128628943214949 0.7262074472615888121040939 0.03798202369683228996066759 -0.009927575799573545509146832
194.7435000000000115960574 -250.0952638898521627197624 3.557921716799097744399205 147.691883187260259546747 -0.686991559172499766106057 0.7255247826392265952932803 0.03907954689637585521388985 -0.01136558033778730172902449
194.5348999990000038451399 -249.9252045688276666624006 3.499929865553144558987242 149.5339102547000891263451 -0.6872507542957529969029906 0.7251270845056622116331368 0.04126556020312157485596671 -0.01320096880382798376629694
194.1175000000000068212103 -249.5751140149301932069648 3.388612882651186541949073 152.9428424483093351682328 -0.6864788409906297239615469 0.7248944492013913443173578 0.05228678962281223252528406 -0.02325790231540713140501175
193.909099999000005709604 -249.3744094623332046012365 3.332705880724927904878996 154.506593924110063653643 -0.6868275241132445474434576 0.7234551862023540502732999 0.06186602170850542814495299 -0.03245213452688251037914213
193.4921999990000074376439 -248.8981511781767039792612 3.231850579054162508896297 157.3004942183205230321619 -0.6879009820536330366280708 0.7188562544558978473219213 0.08309610822902618876284464 -0.05597286053503879726944703
193.2837000000000102772901 -248.6177053153287204168009 3.191618554493657722304079 158.5153369801477651890309 -0.6900916488435532292200492 0.7144825389652174063570556 0.09530721334205143058238008 -0.06484406522709136588833445
193.0750999990000025263726 -248.3328181376560905846418 3.150384679073216620537323 159.6366175092534263058042 -0.6923618901518552304352738 0.7104091346087723080060528 0.1031794689540029008600897 -0.07285514200202709844678139
192.6579000000000121417543 -247.8080939571073315619287 3.081732553936601171074017 161.6282481776547967911029 -0.6860644439270773276007276 0.7081437426286990577395386 0.1310525863932640588949141 -0.1033113650789945769936651
192.2413999990000093021081 -247.2070680139606224656745 3.019150593271101357117914 163.2880334018462349376932 -0.676552154492178980937922 0.6990833305449839496503728 0.1769733816142494975398591 -0.1491311550486370540724579
191.7230999989999986610201 -246.323774939378893122921 2.957216077446991775445895 164.9357196643889267306804 -0.6643385456266885924492271 0.6819175299284760960460972 0.2309944951692660675135471 -0.2007095472875123354228322
191.4088000000000135969458 -245.7332758401420278460137 2.933652910355877718728834 165.7667653651704995354521 -0.657849013045778918673534 0.6699688902360334541441489 0.2570812389882197179780121 -0.2286604441325046921384967
190.7831999990000042544125 -244.4650428049391166496207 2.866024934847675176285975 167.164732763924490654972 -0.6458128546453425489204392 0.6505066432654632579968279 0.2999468245656308762470132 -0.2641945614037648493166444
190.1574999990000094385323 -243.1188824132881620698754 2.810210585099234936734547 168.3649110652328033665981 -0.6287765228336810174880611 0.6326927462830702619811518 0.3406691892932354193135325 -0.2971270378142346624272818
189.9489000000000089585228 -242.6536252286842909597908 2.773843690336256884165778 168.7463270261436605323979 -0.618007362501041268565416 0.6257924078682575164123136 0.355110126652138591296648 -0.3167768301155520771494878
189.7406000000000005911716 -242.1911233040881086253648 2.755657754777772083798482 169.0865070811322254940023 -0.6058496246476476887465878 0.6162620792940870506626538 0.3743138720649548112362481 -0.3362386163399044280986061
189.5323999990000061188766 -241.6902815655509755288222 2.738667258296312301268927 169.4080824818722703639651 -0.5951138662384980460018369 0.6036233758838862595297314 0.3911683897943223908733046 -0.3584209775151624977063136
189.1158000000000072304829 -240.6258790543246277593425 2.705350605829134558177884 169.9937302777411218812631 -0.5621346852722124420864702 0.5816279368271942695756138 0.427885325238960612104222 -0.4032712327468956359233232
188.9077000000000055024429 -240.0412357600478969743563 2.685428727214933974920541 170.2204036311260892944119 -0.5463797510724970329931693 0.5665812922815173235946418 0.4477743617659603048153372 -0.4242085899644763014038062
188.6997000000000070940587 -239.4283204434421179485071 2.670092769027652135349626 170.4045410020356712266221 -0.529358815167836449511185 0.5505205765144699503466086 0.4685930309219299427780925 -0.4439897645325608932509454
188.1799000000000035015546 -237.7746805891027293000661 2.629399075632178117700732 170.66729076219598937314 -0.4833984050321328274080201 0.5125341953002272576966902 0.5122503339813492262422301 -0.4911560607346049933674692
187.6600999990000104844512 -235.8603717354482967039075 2.581417331733749431776914 170.5733342059040467120212 0.4569534741735035709986334 -0.4807185742690114893527209 -0.5402673271386495557067065 0.5178941880538863173910613
187.4523000000000081399776 -235.016978783073966496886 2.566835410276180784450162 170.449272306663942799787 0.4508315890722835450610262 -0.4720585220551395400079286 -0.547588286877795482610054 0.5235061586303627612082323
187.2443000000000097315933 -234.1101448144040944043809 2.553142528716227488416735 170.2906891100163306873583 0.4476738452406495705204748 -0.467018402315831915316835 -0.5515481961704108426758353 0.526570534199346518278162
186.6197999990000084835629 -231.1401490692819322703144 2.508050850226929195940784 169.6985267251536981802928 0.4544789756569145855458203 -0.4666697861324449192466091 -0.5521032071432941945587913 0.5204327238548979162047203
185.9945999990000018442515 -227.7630022876537339016068 2.459361414263472767061103 169.1730511786595343437511 0.476927110934609210790569 -0.4853165439801270242270448 -0.5348359391487020886302162 0.5009579834573737455727382
185.4733999990000086199871 -224.6055345146613149154291 2.400460799300710768022782 168.9197975498856010290183 -0.4954389579283272060372667 0.503824103120233846020426 0.5209000696697838606041842 -0.478920274680451785176416
185.2648000000000081399776 -223.2504072949217288623913 2.368483512547314706608859 168.8869437147148744315928 -0.5025481550094664795480526 0.511138265745747055746051 0.5140518236508772043080739 -0.4710984480851309053051068
185.05619999900000038906 -221.8396480588800727673515 2.335868609263656470176329 168.8995497652998665216728 -0.5100193281569117553786441 0.5178651381971017819694225 0.5063352798468196969139399 -0.4640264733061163493488266
184.8479000000000098680175 -220.3862154080493667152041 2.299906264864112870327517 168.9581118769377781063667 -0.5158113095962953975615051 0.5242457697153386497745942 0.4988712815077693818466287 -0.4585111888655743483944605
184.6390000000000100044417 -218.893014495929151053133 2.264292016065799550972315 169.0519030039729102554702 -0.5223080566441878902494977 0.5294679728824768227823938 0.4928643000636511728451694 -0.4516002008182238292022248
184.4302999989999989338685 -217.3665996704239091741329 2.228655088250394378235342 169.1961958565549650757021 -0.5278255135461898950310911 0.5360613696882619017003435 0.4854778270085036151471058 -0.4453646984896165728073925
184.0129000000000019099389 -214.1942959981869307739544 2.144920880909394256264022 169.6323895169360014278936 -0.5286877877931730473903826 0.548486334271540032503367 0.4745495850873290288873818 -0.4409701298831630311703123
183.8044999990000007983326 -212.5171728439224523299345 2.100459627599482459459068 169.8803817687255559576442 -0.5294922178249851230091849 0.5490385240601388661119131 0.4717280344232069877463687 -0.4423430251511380473239399
183.387100000000003774403 -209.1167060641252248842648 2.022913804151740269077209 170.4114337979933111455466 -0.5272211139836143756198794 0.5516354293657232954473102 0.4655115261985415808787536 -0.4483695674493033411778242
183.1787999990000059824524 -207.4227860912635037493601 1.98979418937370167164147 170.6787814823387634532992 -0.5225023561796751092600744 0.5530194436509873190388475 0.4660650192867765717608108 -0.4516017942035407961576254
182.6581999990000042544125 -203.0372818243226049617078 1.900525342919098026328584 171.2398225687542776540795 -0.5166564684700214460377765 0.54367994708761924194107 0.4732837777253608990690736 -0.4620396892745260997159562
182.4500999990000025263726 -201.2634060110887332939456 1.861246993252858583645093 171.417751546107695048704 -0.5128062511356171748744259 0.5415000307878135021866228 0.4798238725185072772738692 -0.4621433942126349503354277
182.0338999989999990702927 -197.6133604552152576161461 1.778682192173820508784843 171.7317654172542802371026 -0.5103358803604657323305105 0.5352629163023910896512803 0.4847219279176206985226827 -0.4670070151978372163803499
181.8256000000000085492502 -195.7591635050930847228301 1.742856515578177667435966 171.870216475567332281571 -0.5085736745834246175235194 0.5337621476067709869184341 0.4859724526533191757415864 -0.4693416267123960428087059
181.4091999990000090292597 -191.9990377018218055127363 1.676313049831247292686953 172.1186218296011816164537 -0.5066405574872313577472482 0.5330599786118738192541855 0.486291412241676657135514 -0.4718930674330061303400896
181.2013000000000033651304 -190.0843864970288166205137 1.643987714316549775261933 172.2411319506933295997442 -0.5061437479514473425368237 0.5340162039385951686654153 0.4853735345714326188115706 -0.4722898816175388758686893
180.7843000000000017735147 -186.1801279354225471251993 1.554278243285352134606114 172.4967784685858021020977 -0.5052585047782199856314378 0.5371304424346342587526237 0.4845663269361064062756839 -0.4705318330983591090799223
180.5759999990000039815641 -184.2120564875762056544772 1.50539013358684536925125 172.6279718393644770912942 -0.5034015909424720547349352 0.5387986546210865590467165 0.4870117330380248077403849 -0.4680837744446980086543419
180.1596000000000117324817 -180.1836721161119214684732 1.386279421696896996252235 172.8981890331795909787616 -0.5038663963297390635531769 0.5372282490338364802084925 0.4865979905489548063002303 -0.4698157710033158962481536
179.9513000000000033651304 -178.1142306314703773750807 1.347144058676562616838623 173.036453768360416916039 -0.5075866291013606534932023 0.5335185884243636156298862 0.4818101889730131426325954 -0.4749449142426744874256883
179.5347999990000005254842 -173.9036671358869909909117 1.255230215795856141269837 173.3275312709581896797317 -0.4963977245001180427230736 0.5436042213483692764341981 0.4870017106851725618987814 -0.4700139183397166742217621
179.3266999989999987974443 -171.7204408014752914368728 1.187555706675869959809688 173.4567856397794685108238 -0.5017948063605658370889273 0.5386177927676718546479151 0.4829536854126520450947169 -0.4741820150216378704222109
178.9104000000000098680175 -167.3625359411624344829761 1.118501110598531633755215 173.7019351921604481958639 -0.5037571293778575487465332 0.535176375869939713325607 0.4881977500422446381023178 -0.4706144474677627642655864
178.7021000000000015006663 -165.1476278795894074846728 1.063600111297289929623844 173.8383057127313975342986 -0.5035128954419886282423136 0.5352303256325546820804107 0.4874620859174748632725027 -0.4715760568984379563772791
178.2855000000000131876732 -160.6600426332473148249846 0.9966362696854969005499925 174.1089411842530125795747 -0.5074845135638681448142506 0.5321964288215569327533672 0.4849739613651429803731219 -0.4733145745064550324876507
178.0773000000000081399776 -158.3931666316740063393809 0.950274138031661497194591 174.2471644774456933646434 -0.5037681259851053416909394 0.5358380507927813507507153 0.488323392503208164594497 -0.4697185571150084837377392
177.6608999990000086199871 -153.8203034686260082253284 0.8541538691230877722304626 174.5259054920284711442946 -0.5067794203353079840468354 0.5327153014945884557107547 0.4862055141213251774345849 -0.4722215843395523027226091
177.4524999989999969329801 -151.5515579364622453795164 0.8121201150177255190243386 174.6637903425401816548401 -0.5062267461835842086159687 0.5327721559520243177487941 0.4868664865686436193925601 -0.4720692063108093972090273
177.1405000000000029558578 -148.1199788187527701666113 0.7439388580738612866127824 174.8532446965275823913544 -0.5082645098185086807163202 0.5298937200779965106534064 0.4896184300402540157115538 -0.4702697379651062936645189
176.9321999990000051639072 -145.8186603738550388698059 0.7060663362736527837171252 174.9932923649333531557204 -0.509208377016464375230953 0.5290004171086498674370091 0.4878461695953027477123953 -0.4720926839999999846675394
176.8280000000000029558578 -144.6507923073792198920273 0.6855242694424749094750382 175.0617717836846907175641 -0.5087287807143672235810072 0.5294342088304339055682135 0.4877644616694826185110401 -0.4722078738492675453741754
176.4115999990000034358673 -140.0547913271484219421836 0.5954052929087326750945408 175.3203963821534330236318 -0.508397677936517466967814 0.5295890172593710198967187 0.4899366978978852982251624 -0.4701375393647345690695261
176.2033999989999983881717 -137.7646508287997733077646 0.5504074798394920087218907 175.4587881780325915315188 -0.5088214143133015232578487 0.529222110622361796572477 0.4895413451211952371444625 -0.470503982322738101284898
175.7872999989999982517475 -133.1969537518382367125014 0.4654196251762790503825329 175.7324809242643937068351 -0.506923687062057815033711 0.5304664750229535208347897 0.4891715782152704083962647 -0.4715345813813794917379596
175.578599999000005027483 -130.931840307396811340368 0.4174599106619784616434288 175.8626039356300907456898 -0.5058525086430671890980193 0.5307120134588826365629188 0.4897094147296129351687455 -0.4718502806983531083773187
175.1621000000000094587449 -126.3823396684322375449483 0.3365791103793113192566011 176.1152018187403598403762 -0.5066873334166553943802569 0.5292772887760498479181592 0.4870624094239243695447783 -0.4752932853167129434446281
174.9538000000000010913936 -124.1201461457198433890881 0.2997608057415592219818734 176.241496997101080523862 -0.5052134566541827132013509 0.5310580346584384825447955 0.4873340899223121414074456 -0.4745968940478233477620051
174.5372000000000127784006 -119.6096621075515002985412 0.2090894538660204304836299 176.4788958475398317204963 -0.5066529693804998624173663 0.5294762793761018659921547 0.4885512315142863104533433 -0.4735771662378127078163459
174.329000000000007730705 -117.3806674699922041327227 0.1688547550576938172106622 176.5972740321339529145916 -0.5062842861692616880375795 0.5286971500162856996141159 0.4899674543615257782391836 -0.4733787477371839691464572
174.1204999990000032994431 -115.1186053292278472781618 0.1269402531524096433557247 176.7092843146251368580124 -0.5058552498348446446740923 0.5278754822914023536739592 0.4913548096153200761548874 -0.473316376727067278373795
173.704000000000007730705 -110.6486000833444336421962 0.03656773441719252809578578 176.922373499409388841741 -0.5050562089618734207263628 0.5256805591662628840410321 0.4926999495059185552037206 -0.4752104115658357108564758
173.5998999990000015714031 -109.5355720366327005876883 0.01653918831043333162456044 176.9682500013691424101125 -0.5051443931710073442786779 0.524565274746584653264847 0.4934636413684208577912216 -0.4755565678500859316812921
173.183400000000006002665 -105.0957163623095595994528 -0.06297676546553404586248348 177.1356404642841084751126 -0.5037561725179130478480261 0.5221210972865716337665276 0.4969709165222343516532533 -0.4760663677990911724080547
172.9752000000000009549694 -102.8953068281767144753758 -0.1066878263999584131038745 177.2037472874476975448488 -0.5023466513690700852023951 0.5208158917421787936774535 0.499659306061321584202517 -0.4761714256792394794892687
172.5586999989999981153233 -98.4751705148643026177524 -0.1980020432140132680132183 177.3152345888992726941069 -0.5003557020734976656939352 0.5179542416829352458051972 0.5015483596206867789035755 -0.4793921337349945632766435
172.3512000000000057298166 -96.26098969113125747298909 -0.2360199788214649985196303 177.3509723984475670022221 -0.4996746512710191767681067 0.5159857092796918953681029 0.5021845535983473496344232 -0.4815544256089307473267525
171.9338999990000047546346 -91.85500139279481857101928 -0.3335626140790633464838777 177.3870433783432645213907 -0.495152809399687754421393 0.5154396911852178186919105 0.5078990208672520267896289 -0.4808161859760658463081029
171.7255000000000109139364 -89.64204237881119752273662 -0.37973010044344612801126 177.3911895688817992322583 -0.4963976516173739250703534 0.5122459288248252251563031 0.5065351807912726878058152 -0.4843713353326155601763503
