201.48 0.1403 -0.0137645 0.674287 0.000275163 0.0568866 0.00121334 0.99838
202.311 0.622216 -0.0250345 2.01328 -0.00591538 0.153822 0.00344345 0.988075
203.246 1.39752 -0.0369076 3.51156 -0.00752962 0.224268 0.00906212 0.974456
203.661 1.79761 -0.0404254 4.18154 -0.00463393 0.248371 0.0094244 0.968608
204.491 2.77351 -0.0496694 5.81301 0.00279545 0.264674 0.00646694 0.964312
204.803 3.25026 -0.0644048 6.63166 0.000896578 0.265279 0.00587224 0.964153
205.01 3.59109 -0.0723217 7.21298 -0.00159105 0.265808 0.00463051 0.964014
205.634 4.71813 -0.0980271 9.06604 -0.00562759 0.271512 0.00621584 0.962398
205.946 5.34597 -0.105714 10.0394 -0.0065239 0.277573 0.00908979 0.960639
206.257 5.98757 -0.113033 11.0263 -0.00684364 0.288521 0.00466254 0.957438
206.881 7.35314 -0.126281 12.9488 -0.000600666 0.310188 0.0100672 0.950622
207.089 7.88871 -0.138478 13.6679 -0.0010195 0.314437 0.0125442 0.949195
207.711 9.58306 -0.149807 16.0842 0.00375202 0.28901 0.0217537 0.957072
208.231 10.9036 -0.166045 18.5398 -0.00186036 0.251465 0.0102495 0.96781
208.439 11.4902 -0.175977 19.6394 0.00252151 0.250516 0.00611867 0.96809
208.855 12.7982 -0.197949 21.9211 -0.0054929 0.265445 0.00595761 0.964092
209.063 13.5179 -0.205464 23.0834 -0.00495995 0.274285 0.00628468 0.961615
209.271 14.2691 -0.208137 24.2629 -0.000286838 0.28228 0.0046203 0.959321
209.687 15.8394 -0.236096 26.677 -0.00427916 0.290322 0.00260703 0.956916
209.895 16.6447 -0.245598 27.8865 -0.0062619 0.292722 0.00291954 0.956173
210.31 18.2654 -0.267589 30.2976 -0.00288013 0.294537 0.00199609 0.955634
210.518 19.0688 -0.276422 31.4954 -0.00169187 0.294743 0.00137962 0.955574
210.933 20.6519 -0.314523 33.8865 -0.00422105 0.293204 -0.00188118 0.956039
211.141 21.4428 -0.330005 35.0801 -0.00815633 0.292442 -0.00154672 0.956247
211.349 22.2128 -0.339943 36.272 -0.0098691 0.291451 -0.00617396 0.956515
211.764 23.7205 -0.36826 38.6191 -0.0045795 0.286139 -0.0128613 0.958091
211.972 24.4665 -0.395027 39.7934 -0.00438652 0.283088 -0.0120773 0.959008
212.388 25.9484 -0.453973 42.1247 0.000919256 0.282879 -0.0116876 0.959084
212.596 26.7025 -0.487759 43.2882 -0.00124371 0.284009 -0.0082658 0.958785
213.012 28.2058 -0.547762 45.5983 0.00180651 0.285268 -0.00364678 0.958439
213.22 28.9539 -0.576898 46.7532 0.00182437 0.285656 -0.00270935 0.958327
213.636 30.4387 -0.63307 49.0713 -0.000794315 0.284721 -0.00393706 0.958602
213.844 31.1713 -0.661282 50.2052 0.00034073 0.285461 -0.00353957 0.958384
214.26 32.6585 -0.717623 52.4809 0.000580944 0.286926 -0.00104442 0.957952
214.467 33.3938 -0.743518 53.6203 -0.000174207 0.287418 -0.00272999 0.957801
214.883 34.878 -0.802631 55.8813 0.00421263 0.28683 0.000138444 0.957972
215.091 35.6093 -0.835013 57.0232 0.00575921 0.286298 -0.00222079 0.958121
215.507 37.0925 -0.899902 59.3131 -0.000900868 0.286583 -0.000993238 0.958054
215.611 37.4553 -0.912053 59.8844 0.000299426 0.286817 -0.00322082 0.95798
216.026 38.9365 -0.963914 62.1523 -0.00101006 0.288129 -0.00163314 0.95759
216.442 40.4177 -1.01171 64.414 0.0011626 0.289519 -0.00274609 0.957168
216.65 41.1773 -1.03761 65.5488 -0.00132452 0.289994 0.000934117 0.957027
216.754 41.55 -1.05348 66.1131 -0.000762101 0.290381 0.00124239 0.95691
217.17 43.0544 -1.10843 68.3627 0.00484756 0.290799 0.00397789 0.956764
217.378 43.7979 -1.1425 69.4878 0.00863043 0.290456 0.00208377 0.956847
217.794 45.3012 -1.21161 71.7733 -0.000431283 0.28907 0.00407281 0.957299
218.001 46.0425 -1.2319 72.9008 0.00402623 0.288525 0.00372823 0.957457
218.417 47.5464 -1.28342 75.1751 0.000365623 0.286942 0.0101834 0.957894
218.833 49.0205 -1.33991 77.4307 0.0085135 0.287109 0.00883094 0.957819
219.041 49.7492 -1.38789 78.5746 0.00389365 0.28764 0.00601964 0.957712
219.249 50.4797 -1.42468 79.6806 0.0110562 0.287273 0.00712159 0.957758
219.664 51.9216 -1.50833 81.9097 0.00313517 0.287877 0.0048238 0.95765
219.872 52.6327 -1.5413 82.9919 0.00441656 0.288106 0.00487105 0.957576
220.288 54.0079 -1.60367 85.0881 0.00234074 0.289766 0.00495818 0.957082
220.496 54.659 -1.63351 86.062 0.00487886 0.289805 0.00756092 0.957044
220.912 55.8307 -1.69007 87.8267 0.00332382 0.291028 0.00841295 0.956672
221.12 56.3572 -1.71872 88.5906 0.00438684 0.291022 0.0124054 0.956626
221.64 57.4753 -1.76812 90.2513 0.00360619 0.293347 0.0140846 0.955895
222.472 58.6988 -1.81619 92.0729 0.00224608 0.293157 0.0131979 0.95597
223.302 59.2456 -1.84629 93.242 -0.000266514 0.223602 0.0142043 0.974577
223.613 59.3061 -1.85503 93.6922 -0.00425765 0.170546 0.00634913 0.98532
224.132 59.2695 -1.85842 94.4883 -0.00612571 0.0697148 -0.00651207 0.997527
224.339 59.1957 -1.86227 94.855 -0.00859432 0.0234608 -0.0121291 0.999614
224.547 59.096 -1.85851 95.2348 -0.00821235 -0.0266006 -0.0126771 0.999532
224.962 58.7682 -1.84991 96.06 -0.00579065 -0.122098 -0.0181554 0.992335
225.378 58.2853 -1.83994 96.9761 -0.00342833 -0.201536 -0.0196016 0.979279
225.586 57.9723 -1.83126 97.4499 -0.00250488 -0.237993 -0.0218158 0.971019
226.002 57.2029 -1.82504 98.4405 -0.000819709 -0.307628 -0.0186787 0.951323
226.417 56.1524 -1.81704 99.4192 0.00673128 -0.379794 -0.020649 0.924816
226.625 55.5194 -1.81173 99.9067 0.0137872 -0.411252 -0.0209845 0.911176
226.938 54.4192 -1.82538 100.705 0.0154859 -0.441797 -0.0222123 0.896706
227.354 52.7405 -1.86088 101.897 0.0168122 -0.45664 -0.0200692 0.889266
227.458 52.2753 -1.86793 102.21 0.018079 -0.459877 -0.0209289 0.887552
227.875 50.21 -1.91753 103.599 0.0185863 -0.465155 -0.0218993 0.884763
228.292 47.8689 -1.97001 105.183 0.01654 -0.466181 -0.0215517 0.884272
228.5 46.5975 -1.999 106.037 0.0159724 -0.467152 -0.0212317 0.883778
228.916 43.8502 -2.05298 107.845 0.0154014 -0.470891 -0.023789 0.881736
229.332 40.8964 -2.10668 109.734 0.0149702 -0.478012 -0.024502 0.877884
229.54 39.3639 -2.13597 110.681 0.0163925 -0.482051 -0.0252303 0.875626
229.956 36.2036 -2.19594 112.598 0.0136603 -0.48701 -0.0273299 0.872862
230.372 33.0499 -2.23728 114.493 0.00974547 -0.489674 -0.0277345 0.87141
230.684 30.7114 -2.26499 115.902 0.0103173 -0.488179 -0.0256951 0.872304
230.892 29.1701 -2.28817 116.85 0.0100869 -0.485479 -0.0235022 0.873874
231.308 26.1407 -2.33875 118.763 0.00680071 -0.479484 -0.0200078 0.877296
231.516 24.6514 -2.36224 119.722 0.00549616 -0.477442 -0.0175718 0.87847
231.932 21.7342 -2.38549 121.596 -0.000841993 -0.475697 -0.0210667 0.879356
232.14 20.3476 -2.3852 122.485 -0.000702224 -0.475461 -0.021303 0.879479
232.348 19.0295 -2.39691 123.33 0.00150611 -0.475647 -0.0204523 0.879397
232.556 17.7957 -2.40918 124.12 0.00436739 -0.476204 -0.0186369 0.879127
232.764 16.6363 -2.42949 124.859 0.00494613 -0.476934 -0.0183813 0.878733
232.972 15.5689 -2.45221 125.535 0.00531651 -0.477758 -0.0185355 0.87828
233.388 13.6652 -2.49316 126.74 0.00637384 -0.478598 -0.0177963 0.877831
233.596 12.8229 -2.50968 127.274 0.00589659 -0.478478 -0.0176625 0.877902
233.908 11.7023 -2.53494 127.984 0.00458475 -0.478135 -0.0182636 0.878084
234.22 10.7755 -2.55314 128.587 0.00561773 -0.472421 -0.0192035 0.881146
234.532 10.0248 -2.57003 129.111 0.00592037 -0.466048 -0.0168978 0.884578
234.948 9.18504 -2.59386 129.716 0.00759377 -0.45821 -0.0143107 0.888696
235.364 8.38971 -2.61462 130.307 0.00754081 -0.451979 -0.0124037 0.89191
235.78 7.61064 -2.63231 130.88 0.00781779 -0.450734 -0.011325 0.892552
236.195 6.75133 -2.64762 131.521 0.00860838 -0.45129 -0.00564054 0.892318
236.819 5.02668 -2.68816 132.723 0.00850319 -0.455746 -0.0115236 0.889995
237.026 4.36966 -2.69724 133.193 0.00731982 -0.45799 -0.00902993 0.888881
237.442 2.87881 -2.72399 134.199 0.00765341 -0.461167 -0.0150392 0.887153
237.65 2.05052 -2.73297 134.763 0.00862771 -0.462854 -0.0146977 0.886271
237.858 1.16451 -2.74565 135.375 0.00667098 -0.463953 -0.0130873 0.885738
238.274 -0.820473 -2.76652 136.706 0.00657365 -0.466641 -0.0140341 0.884311
238.689 -3.05584 -2.78763 138.197 0.00625128 -0.469563 -0.013058 0.88278
239.001 -4.9024 -2.8029 139.408 0.00548016 -0.471397 -0.0134017 0.881802
239.209 -6.20225 -2.81631 140.256 0.0054514 -0.472132 -0.0138481 0.881402
239.417 -7.54132 -2.82965 141.127 0.00663877 -0.472644 -0.0138723 0.881119
239.833 -10.3722 -2.86098 142.972 0.00546157 -0.473199 -0.0139566 0.880828
240.041 -11.8374 -2.8756 143.923 0.00451898 -0.473319 -0.0148424 0.880754
240.457 -14.8565 -2.90992 145.916 0.00486624 -0.469681 -0.0128973 0.882729
240.665 -16.3708 -2.93689 146.935 0.00444869 -0.468959 -0.0103345 0.883148
241.081 -19.3949 -2.99891 148.952 0.00264807 -0.468707 -0.0103595 0.883289
241.289 -20.8993 -3.02564 149.958 0.00208311 -0.468701 -0.00995729 0.883298
241.704 -23.8819 -3.08035 151.942 0.00195976 -0.472375 -0.00641658 0.881372
241.912 -25.3707 -3.11033 152.902 -0.000135859 -0.477053 -0.00650555 0.87885
242.328 -28.2199 -3.15286 154.665 -0.00303454 -0.484061 -0.00983995 0.874973
242.536 -29.5374 -3.16712 155.472 -0.003132 -0.485136 -0.0109743 0.874364
242.952 -32.0201 -3.18552 156.995 -0.00396221 -0.484526 -0.0128956 0.874673
243.16 -33.1558 -3.18978 157.698 -0.00462729 -0.483133 -0.0126297 0.875444
243.368 -34.2113 -3.19892 158.36 -0.00395072 -0.480811 -0.0124249 0.876728
243.993 -37.2164 -3.22679 160.334 -0.00143564 -0.468844 -0.00886166 0.883235
244.513 -39.5803 -3.25906 161.978 -0.00222587 -0.461215 -0.00518345 0.88727
245.033 -41.7514 -3.2931 163.49 -0.00393142 -0.463728 -0.0027709 0.885965
245.345 -42.955 -3.31443 164.291 -0.00278063 -0.468776 -0.00298479 0.883308
245.657 -44.1185 -3.33384 165.054 -0.0024938 -0.474184 0.000145468 0.880422
246.281 -46.4079 -3.37638 166.466 -0.00192206 -0.485347 -0.00176332 0.874318
246.593 -47.5076 -3.39497 167.15 -0.0025404 -0.485012 -0.000259555 0.874504
246.905 -48.6067 -3.41142 167.834 -0.00171523 -0.48306 -0.000383472 0.875586
247.529 -50.9608 -3.44383 169.335 -0.00198811 -0.477106 -0.000780556 0.878843
247.737 -51.7786 -3.44957 169.887 -0.00425337 -0.476719 0.00403189 0.879036
247.945 -52.64 -3.46012 170.442 -0.00636537 -0.476962 0.00283073 0.878896
248.153 -53.547 -3.46603 171.004 -0.00443107 -0.478434 -0.00093348 0.878112
248.673 -55.979 -3.48407 172.487 -0.00308474 -0.492101 0.000664871 0.870533
248.881 -57.0396 -3.49476 173.063 0.000527099 -0.503761 -0.000119213 0.863843
249.296 -59.3575 -3.52868 174.173 0.00528214 -0.529462 -0.00746509 0.848285
249.712 -61.8506 -3.5652 175.283 0.0097532 -0.536586 -0.0155883 0.843645
249.816 -62.4899 -3.57486 175.572 0.00995212 -0.53532 -0.0174492 0.844411
249.92 -63.1316 -3.5834 175.87 0.00961362 -0.532819 -0.0189334 0.845963
250.024 -63.7807 -3.59109 176.183 0.00938211 -0.52963 -0.019798 0.847946
250.441 -66.4175 -3.62275 177.552 0.011917 -0.510282 -0.0194957 0.859703
250.649 -67.759 -3.64549 178.314 0.011972 -0.499561 -0.0196369 0.865973
250.857 -69.1194 -3.66827 179.127 0.0120011 -0.489937 -0.0198334 0.871449
251.273 -71.8969 -3.72254 180.872 0.0131306 -0.47824 -0.01825 0.877942
251.481 -73.3301 -3.75384 181.794 0.0123909 -0.476242 -0.017868 0.879045
251.688 -74.7912 -3.78369 182.734 0.0102228 -0.476281 -0.0182683 0.879044
252.104 -77.7486 -3.81406 184.617 0.00308249 -0.477341 -0.0235236 0.878398
252.727 -82.1506 -3.83683 187.382 0.00549843 -0.480251 -0.0252273 0.876751
253.039 -84.3387 -3.85197 188.746 0.00654186 -0.481338 -0.0250875 0.876152
253.351 -86.512 -3.86076 190.099 0.00508905 -0.480685 -0.0278151 0.876437
253.662 -88.606 -3.86955 191.405 0.00661279 -0.479266 -0.0292744 0.877157
253.87 -89.9399 -3.87841 192.244 0.00650545 -0.477965 -0.0305385 0.877824
254.078 -91.2081 -3.88779 193.052 0.00599004 -0.47676 -0.0304888 0.878484
254.702 -94.6194 -3.91644 195.23 0.0086453 -0.475633 -0.0303401 0.879078
255.014 -96.1323 -3.94173 196.202 0.0131067 -0.475599 -0.0265571 0.879163
255.534 -98.5184 -4.00028 197.754 0.0139197 -0.47277 -0.0233523 0.880767
255.846 -99.8086 -4.04098 198.598 0.0148186 -0.467568 -0.0261527 0.883446
256.679 -102.409 -4.13995 200.62 0.0160893 -0.421102 -0.0214461 0.906617
257.096 -103.28 -4.18935 201.553 0.0154346 -0.379966 -0.0134491 0.924774
257.721 -104.226 -4.26483 202.891 0.015445 -0.308734 -0.00656094 0.951001
258.033 -104.586 -4.29081 203.588 0.00798419 -0.26704 -0.0035297 0.963646
258.345 -104.86 -4.31808 204.295 0.00180157 -0.225073 0.00234209 0.974337
258.657 -105.123 -4.34377 205.085 -0.00148336 -0.183618 0.00254848 0.982993
259.798 -106.203 -4.38561 207.84 -0.00492184 -0.220804 0.0119826 0.975232
260.316 -106.908 -4.4052 208.618 -0.00425743 -0.32431 0.00853311 0.945903
260.524 -107.241 -4.40755 208.856 -0.00376383 -0.370854 0.00563825 0.928666
260.939 -107.938 -4.41176 209.211 -0.00363873 -0.458495 0.00218058 0.888687
261.146 -108.312 -4.40906 209.336 -0.00684816 -0.500927 0.000305011 0.865463
261.562 -109.174 -4.41165 209.496 -0.0125097 -0.584715 -0.00591596 0.811121
261.769 -109.639 -4.40975 209.529 -0.0132293 -0.616351 -0.0116772 0.787273
262.29 -110.887 -4.39633 209.626 -0.0116667 -0.659091 -0.017522 0.751769
262.916 -112.703 -4.38073 209.789 0.0132942 -0.659336 -0.013247 0.751614
263.543 -114.846 -4.41487 210.328 0.0267254 -0.600085 -0.00937592 0.799435
263.751 -115.66 -4.46397 210.602 0.0184569 -0.582594 -0.0203745 0.812299
263.959 -116.501 -4.49576 210.936 0.0143087 -0.567697 -0.0218436 0.822823
264.375 -118.349 -4.51427 211.771 0.0153214 -0.540957 -0.0157007 0.840764
264.584 -119.387 -4.52609 212.286 0.0105285 -0.528697 -0.0174666 0.848565
264.791 -120.487 -4.54067 212.862 0.00651064 -0.520259 -0.0160506 0.853833
265.207 -122.878 -4.55353 214.131 0.00872788 -0.513481 -0.0113663 0.857982
265.311 -123.528 -4.56258 214.475 0.00955918 -0.511033 -0.0118858 0.859426
265.727 -126.237 -4.59491 216.002 0.00960966 -0.494827 -0.0182728 0.868746
266.039 -128.37 -4.61868 217.293 0.013397 -0.483041 -0.0183082 0.875304
266.247 -129.837 -4.64412 218.229 0.00863013 -0.4765 -0.0207766 0.878887
266.454 -131.324 -4.66068 219.191 0.0127293 -0.47311 -0.0198697 0.880687
266.87 -134.401 -4.72206 221.242 0.0104546 -0.469885 -0.0131174 0.882568
267.078 -135.969 -4.74994 222.297 0.00318322 -0.469706 -0.0126809 0.882726
267.286 -137.563 -4.7673 223.347 0.00595991 -0.469611 -0.01378 0.882746
267.701 -140.801 -4.82319 225.46 0.0113442 -0.471334 -0.0156172 0.881744
267.909 -142.455 -4.8584 226.547 0.00822901 -0.472437 -0.0153215 0.881193
268.325 -145.759 -4.92571 228.691 0.00966806 -0.474129 -0.0144031 0.880285
268.532 -147.386 -4.96654 229.739 0.00929883 -0.475926 -0.0139675 0.879325
268.74 -149.015 -4.99996 230.786 0.00505683 -0.477672 -0.0136204 0.878418
269.156 -152.241 -5.06767 232.845 0.00597003 -0.481506 -0.00493709 0.876409
269.259 -153.051 -5.08934 233.353 0.00611185 -0.482559 -0.00403202 0.875833
269.467 -154.658 -5.13191 234.356 0.00310183 -0.484696 -0.00377764 0.874669
269.883 -157.767 -5.19974 236.244 0.00198941 -0.485979 -0.0078328 0.873933
270.091 -159.216 -5.2362 237.129 0.00383352 -0.486106 -0.00615678 0.87387
270.506 -161.868 -5.30871 238.764 0.000747979 -0.485099 -0.00530044 0.874443
270.714 -163.058 -5.34187 239.502 0.00545497 -0.482465 -0.00466634 0.875886
270.922 -164.154 -5.38239 240.196 0.00898793 -0.47864 -0.00473537 0.877953
271.13 -165.157 -5.42501 240.86 0.0095676 -0.474363 -0.00325625 0.880272
271.546 -166.8 -5.50678 241.985 0.0132839 -0.455975 -0.00559386 0.889876
271.963 -168.08 -5.58177 243.036 0.0140938 -0.421317 -0.00343101 0.906797
272.276 -168.868 -5.62919 243.842 0.0158272 -0.383081 -0.0022916 0.923576
272.692 -169.734 -5.68984 244.961 0.00938717 -0.321373 -0.00748204 0.946877
272.901 -170.067 -5.70796 245.551 0.00563661 -0.284289 -0.00586133 0.958704
273.318 -170.599 -5.73674 246.788 -0.00775404 -0.202636 -0.0127247 0.979141
273.734 -170.873 -5.7591 248.125 -0.00363886 -0.120805 0.000613737 0.992669
273.942 -170.994 -5.76854 248.854 0.00251343 -0.0809925 -0.00871481 0.996673
274.358 -170.991 -5.79459 250.53 0.00405596 -0.00928805 0.00265335 0.999945
274.565 -170.913 -5.80203 251.471 0.00774184 0.0237446 0.0073794 0.999661
274.773 -170.827 -5.82507 252.498 0.00611449 0.0545239 -0.00369977 0.998487
274.981 -170.641 -5.85255 253.594 0.00314516 0.0849657 -0.0058269 0.996362
275.396 -170.04 -5.89574 255.961 0.00201941 0.146191 -0.0187467 0.989077
275.604 -169.582 -5.9186 257.207 0.00375961 0.176832 -0.0189241 0.984052
276.02 -168.355 -5.99067 259.81 0.00294113 0.233605 -0.0160209 0.972195
276.227 -167.589 -6.0261 261.153 0.00144041 0.256868 -0.0117175 0.966374
276.435 -166.734 -6.06222 262.514 0.00589508 0.273514 -0.00581308 0.961832
276.849 -164.839 -6.13876 265.388 0.00705132 0.289713 0.00160416 0.957086
277.057 -163.835 -6.18045 266.886 0.00708873 0.291784 0.00412718 0.956449
277.472 -161.712 -6.26882 270.025 0.0102362 0.29353 0.009305 0.95585
277.679 -160.605 -6.31255 271.663 0.0106006 0.292849 0.0116167 0.956029
277.887 -159.462 -6.35485 273.367 0.00575394 0.291547 0.0147546 0.956425
278.302 -157.128 -6.41859 276.888 0.00974939 0.287607 0.0186918 0.957517
278.718 -154.759 -6.50738 280.549 0.00797156 0.282451 0.0218322 0.959
279.133 -152.377 -6.5986 284.308 0.00882426 0.281802 0.017571 0.959271
279.341 -151.164 -6.65285 286.21 0.0106613 0.282231 0.0169538 0.959137
279.653 -149.321 -6.73684 289.1 0.00766629 0.283331 0.0164679 0.95885
279.965 -147.466 -6.8105 292.006 0.00513131 0.284679 0.0131466 0.958519
280.069 -146.844 -6.83413 292.974 0.00433377 0.284982 0.0132226 0.958432
280.484 -144.33 -6.93296 296.838 0.00956412 0.285535 0.0169587 0.958171
280.692 -143.061 -6.9821 298.786 0.00657709 0.285878 0.0188034 0.958059
281.107 -140.502 -7.06266 302.721 0.00863182 0.285566 0.0201822 0.958108
281.315 -139.214 -7.11832 304.71 0.0103829 0.28496 0.0187566 0.9583
281.73 -136.626 -7.23117 308.761 0.00911159 0.284028 0.0141896 0.958668
281.938 -135.325 -7.29253 310.796 0.00755877 0.283445 0.0133282 0.958866
282.353 -132.717 -7.40003 314.871 0.00423679 0.282685 0.0157868 0.959074
282.768 -130.127 -7.4906 318.92 0.00611542 0.282759 0.0167011 0.959026
282.872 -129.489 -7.5162 319.913 0.00645499 0.282846 0.0174717 0.958984
283.079 -128.2 -7.56548 321.921 0.00603477 0.28287 0.018619 0.958959
283.494 -125.641 -7.66006 325.927 0.00534148 0.28324 0.0168956 0.958885
283.702 -124.367 -7.71302 327.922 0.0065587 0.284104 0.015199 0.958651
284.117 -121.817 -7.8178 331.877 0.0042529 0.285738 0.0146439 0.958186
284.325 -120.556 -7.86864 333.819 0.00633239 0.285965 0.0145159 0.958109
284.533 -119.305 -7.92214 335.746 0.00545459 0.284946 0.0163848 0.958388
284.948 -116.842 -8.01224 339.569 0.00610291 0.283682 0.0177978 0.958734
285.156 -115.617 -8.06109 341.475 0.00758526 0.283 0.0186706 0.958908
285.571 -113.184 -8.15476 345.26 0.00532603 0.281828 0.0215448 0.959208
285.779 -111.975 -8.19417 347.161 0.00593948 0.281452 0.021892 0.959307
286.194 -109.574 -8.28204 350.934 0.00833746 0.280654 0.0238677 0.959476
286.402 -108.355 -8.33297 352.868 0.0102387 0.281016 0.022296 0.959389
286.609 -107.129 -8.38469 354.811 0.0085966 0.282329 0.0199359 0.959072
287.025 -104.664 -8.48038 358.669 0.00693844 0.28578 0.0158929 0.958138
287.128 -104.041 -8.50445 359.624 0.00705831 0.286604 0.0147227 0.95791
287.544 -101.523 -8.60797 363.467 0.00656802 0.287911 0.0168695 0.957486
287.752 -100.267 -8.65621 365.374 0.00693358 0.287599 0.0187637 0.957542
287.959 -99.0027 -8.70241 367.305 0.00648346 0.28748 0.0197137 0.957562
288.374 -96.4914 -8.78847 371.151 0.00794038 0.287588 0.0189 0.957535
288.478 -95.8564 -8.81468 372.126 0.00842748 0.287655 0.0186214 0.957516
288.686 -94.6072 -8.86988 374.043 0.00692956 0.287616 0.0179295 0.957553
288.894 -93.3654 -8.92249 375.955 0.0066553 0.286915 0.0169 0.957784
289.205 -91.518 -9.00094 378.822 0.00635169 0.28534 0.0146848 0.958293
289.413 -90.2903 -9.05183 380.734 0.00641558 0.284346 0.0152722 0.958579
289.828 -87.8472 -9.14607 384.545 0.00508186 0.281943 0.0183396 0.959242
290.036 -86.6423 -9.18624 386.44 0.00616884 0.280975 0.0188651 0.95951
290.451 -84.2212 -9.28245 390.251 0.00845119 0.279292 0.022999 0.959893
290.659 -83.0148 -9.33025 392.175 0.00756287 0.279118 0.0218344 0.959979
291.074 -80.6454 -9.43391 395.945 0.00698119 0.280151 0.0195349 0.959732
291.178 -80.0621 -9.45942 396.864 0.00696205 0.280519 0.0194711 0.959626
291.385 -78.8776 -9.50954 398.736 0.00849449 0.281755 0.0177301 0.959285
291.801 -76.491 -9.61676 402.461 0.00631544 0.283803 0.0190285 0.958673
292.009 -75.2893 -9.66033 404.318 0.0066804 0.285101 0.0198992 0.958268
292.424 -72.8786 -9.74844 408.017 0.00808277 0.287394 0.0215677 0.957536
292.632 -71.6729 -9.79554 409.846 0.00994518 0.287894 0.0232547 0.957328
293.047 -69.2727 -9.89165 413.523 0.007637 0.288666 0.0215335 0.957157
293.462 -66.8857 -9.9901 417.162 0.00874748 0.289282 0.0190457 0.957015
293.566 -66.2839 -10.0165 418.073 0.00792056 0.289418 0.0191341 0.956979
293.774 -65.0987 -10.0658 419.871 0.00584255 0.289426 0.0188406 0.956997
294.189 -62.7399 -10.1511 423.44 0.00820204 0.289791 0.0191568 0.956863
294.397 -61.5573 -10.1988 425.213 0.00766571 0.289627 0.0216692 0.956864
294.812 -59.229 -10.2869 428.727 0.00807556 0.28996 0.0237031 0.956711
295.019 -58.0807 -10.3314 430.458 0.00786825 0.289699 0.0252125 0.956753
295.434 -55.8373 -10.4233 433.871 0.00962488 0.287334 0.0242561 0.957475
295.642 -54.7445 -10.472 435.556 0.0105348 0.281731 0.0255548 0.959095
296.16 -52.2275 -10.5923 439.854 0.010086 0.245823 0.0270343 0.968885
296.368 -51.3592 -10.6434 441.603 0.00907358 0.224579 0.0277117 0.974019
296.782 -49.9158 -10.7438 445.15 0.00898518 0.177229 0.0256462 0.983794
296.99 -49.339 -10.7976 446.953 0.0086418 0.15189 0.0243126 0.988061
297.405 -48.4665 -10.907 450.636 0.0084209 0.102851 0.0217327 0.994424
297.82 -47.9155 -11.0269 454.42 0.00711015 0.0648243 0.0169176 0.997728
298.028 -47.7263 -11.0818 456.351 0.00470707 0.0497185 0.0154796 0.998632
298.235 -47.5889 -11.1324 458.293 0.00577501 0.0380813 0.0121153 0.999185
298.651 -47.3624 -11.2411 462.16 0.00537922 0.0336577 0.00811067 0.999386
299.068 -47.0939 -11.3543 465.993 0.00613839 0.0448182 0.00395826 0.998968
299.38 -46.7754 -11.4379 468.845 0.00427308 0.0676382 0.00119897 0.9977
299.589 -46.4733 -11.4917 470.716 0.00407689 0.0871431 0.000459577 0.996187
300.005 -45.6307 -11.6251 474.348 0.0133756 0.13265 0.00114552 0.991072
300.421 -44.4203 -11.7486 477.846 0.00756418 0.182809 0.00774907 0.983089
300.63 -43.6919 -11.8066 479.53 0.0113523 0.207651 0.00825396 0.978102
300.838 -42.8698 -11.8721 481.197 0.0112694 0.232041 0.00951137 0.972594
301.253 -40.9597 -12.0011 484.445 0.0153339 0.273685 0.0159103 0.961566
301.461 -39.8973 -12.068 486.046 0.0146946 0.290639 0.0177431 0.956555
301.877 -37.6142 -12.1933 489.189 0.0157529 0.317384 0.0199732 0.947956
302.084 -36.3852 -12.2494 490.764 0.0155271 0.325898 0.0230843 0.944995
302.499 -33.8233 -12.3468 493.934 0.0105957 0.337156 0.0271758 0.940997
302.707 -32.4988 -12.3801 495.518 0.0108889 0.340007 0.0311093 0.939845
302.914 -31.1494 -12.4156 497.118 0.0132056 0.342151 0.0332545 0.938964
303.329 -28.471 -12.5196 500.346 0.0116692 0.347246 0.0187457 0.937514
303.537 -27.1211 -12.5739 501.941 0.00895752 0.350864 0.0144907 0.936271
303.952 -24.3893 -12.6898 505.068 0.00838266 0.359911 0.00837289 0.932911
304.16 -23.0366 -12.7443 506.564 0.00301058 0.367532 0.0065707 0.929983
304.368 -21.7232 -12.791 507.942 0.00177827 0.379705 0.00403177 0.925097
304.784 -19.1778 -12.8751 510.224 0.00120264 0.427747 0.00647942 0.903875
304.993 -17.9491 -12.9073 511.071 -0.000938906 0.462632 0.0124845 0.886462
305.201 -16.7598 -12.9249 511.737 -0.00138311 0.500714 0.0156915 0.86547
305.618 -14.3927 -12.9469 512.687 0.000901786 0.582013 0.00585863 0.813158
305.827 -13.1817 -12.9612 512.934 0.00338839 0.62422 0.00732232 0.781207
306.244 -10.6947 -12.9784 513.034 0.00427523 0.701811 0.0187515 0.712104
306.66 -8.197 -12.9594 512.655 0.00423632 0.769983 0.019167 0.637762
307.076 -5.72547 -12.9331 511.794 0.00249121 0.825833 0.0172695 0.563645
307.492 -3.34823 -12.9013 510.52 0.00692922 0.863645 0.0196313 0.50367
307.906 -1.05016 -12.8625 509.043 0.00713956 0.87928 0.0260388 0.47554
308.321 1.17591 -12.8132 507.545 0.00541413 0.885107 0.0243265 0.464719
308.529 2.26244 -12.7914 506.782 0.00914562 0.886307 0.0234042 0.462415
308.944 4.42897 -12.7508 505.263 0.0089473 0.887912 0.026153 0.459182
309.152 5.49906 -12.7286 504.508 0.00837867 0.888168 0.0272034 0.458636
309.568 7.62257 -12.676 503.031 0.00816664 0.886932 0.027343 0.461017
309.984 9.71968 -12.626 501.58 0.0124352 0.886042 0.0262509 0.462694
310.192 10.762 -12.6024 500.863 0.0121118 0.885707 0.027286 0.463285
310.816 13.8545 -12.5427 498.731 0.0191982 0.884602 0.0256674 0.465243
311.024 14.9115 -12.5248 498.021 0.0182104 0.883214 0.0269328 0.467843
311.44 17.059 -12.4839 496.608 0.0169857 0.879561 0.0305516 0.4745
311.648 18.1488 -12.4582 495.921 0.0164443 0.877492 0.0283908 0.478468
312.063 20.3676 -12.4213 494.545 0.0190172 0.87307 0.0268949 0.486482
312.271 21.5053 -12.4013 493.863 0.0189587 0.871144 0.0260201 0.489971
312.688 23.8327 -12.3717 492.452 0.0172243 0.873866 0.0240558 0.485265
312.896 25.0232 -12.354 491.695 0.0160773 0.877412 0.023624 0.478885
313.104 26.2298 -12.3394 490.897 0.0162943 0.881831 0.0211326 0.470811
313.312 27.4655 -12.3225 490.05 0.0161558 0.885632 0.0193229 0.463704
313.728 30.0396 -12.2919 488.208 0.0148331 0.891321 0.0214257 0.452624
313.832 30.7032 -12.2802 487.715 0.0148659 0.892706 0.0220583 0.449853
314.039 32.0547 -12.2567 486.698 0.0140584 0.895624 0.0232186 0.443983
314.455 34.7527 -12.2038 484.57 0.0127694 0.902965 0.0253693 0.428774
314.663 36.0813 -12.1714 483.462 0.0115273 0.90672 0.0276169 0.420669
315.08 38.6648 -12.0904 481.166 0.00544594 0.918673 0.0219989 0.394369
315.288 39.8644 -12.0654 479.944 0.00976015 0.927575 0.0134814 0.373267
315.704 42.0833 -12.056 477.286 0.0120623 0.945271 0.0170608 0.325616
315.912 43.0956 -12.0428 475.89 0.010053 0.953278 0.0189007 0.301334
316.328 44.8968 -11.9994 472.946 0.0104457 0.966929 0.0202019 0.254028
316.743 46.4445 -11.9129 469.876 0.0109292 0.97432 0.0303057 0.222853
317.158 47.8518 -11.8035 466.788 0.00930428 0.978411 0.0299061 0.20428
317.365 48.5043 -11.7464 465.241 0.00967973 0.980411 0.0266079 0.194915
317.781 49.7298 -11.6852 462.156 0.00336094 0.984252 0.0132323 0.176243
317.988 50.2966 -11.6683 460.591 0.00173136 0.98566 0.0167009 0.167905
318.403 51.3664 -11.6044 457.432 0.00617415 0.986734 0.021308 0.160821
318.818 52.469 -11.5298 454.238 0.0100801 0.985575 0.0228233 0.167388
319.026 53.0553 -11.4824 452.635 0.012201 0.984099 0.0296338 0.174707
319.441 54.2864 -11.3737 449.498 0.0197406 0.981214 0.0260801 0.190131
319.649 54.9428 -11.3294 447.945 0.0209562 0.979642 0.0278208 0.197707
319.856 55.62 -11.2826 446.402 0.0212977 0.978237 0.0310429 0.204046
320.272 57.0006 -11.1836 443.377 0.0189658 0.97732 0.0285637 0.208975
320.688 58.3681 -11.1018 440.397 0.0174104 0.977357 0.0208471 0.209849
321.104 59.7453 -11.0379 437.404 0.0133863 0.977412 0.02163 0.209807
321.312 60.438 -11.0072 435.908 0.0143474 0.97665 0.0195778 0.213463
321.728 61.8984 -10.9602 432.918 0.0131136 0.974214 0.0189917 0.224441
321.935 62.6521 -10.9348 431.423 0.0131416 0.973074 0.0205126 0.2292
322.143 63.413 -10.9107 429.934 0.0129512 0.972669 0.0199345 0.230974
322.559 64.9498 -10.8573 426.928 0.0123282 0.972608 0.0226774 0.231016
322.975 66.4927 -10.7749 423.901 0.0115797 0.972747 0.0244955 0.230279
323.183 67.2627 -10.7348 422.388 0.0110447 0.972994 0.0227778 0.229438
323.391 68.0259 -10.7006 420.876 0.0113506 0.973382 0.0224992 0.227797
323.807 69.5126 -10.6403 417.866 0.0102014 0.974913 0.020507 0.221405
324.223 70.9101 -10.5834 414.874 0.00872116 0.977304 0.0209334 0.210625
324.431 71.5748 -10.5523 413.384 0.0089536 0.978312 0.0216324 0.205809
324.638 72.2252 -10.5191 411.896 0.00909087 0.97898 0.0243419 0.202293
325.054 73.4869 -10.4439 408.961 0.0120426 0.979498 0.0235667 0.199707
325.262 74.1187 -10.41 407.504 0.0124702 0.979464 0.0226099 0.199959
325.678 75.3892 -10.3451 404.573 0.0116673 0.979752 0.0219868 0.198661
325.885 76.019 -10.313 403.089 0.0122641 0.980113 0.0214833 0.196893
326.094 76.6514 -10.2793 401.587 0.0132085 0.980295 0.0209637 0.195979
326.51 77.947 -10.2161 398.506 0.0131347 0.98079 0.0190938 0.193687
326.717 78.6088 -10.1845 396.918 0.0128405 0.981052 0.0190505 0.192377
326.925 79.2738 -10.1527 395.297 0.013413 0.981262 0.0195847 0.191209
327.341 80.6399 -10.085 391.968 0.0123659 0.981438 0.0216663 0.19015
327.549 81.3377 -10.0486 390.278 0.012241 0.981087 0.0225282 0.191861
327.964 82.7797 -9.97028 386.873 0.0130645 0.979717 0.0225673 0.19868
328.068 83.1496 -9.95068 386.017 0.0130485 0.979308 0.0250679 0.200395
328.276 83.9054 -9.90235 384.296 0.0136375 0.97862 0.0249572 0.203703
328.691 85.4662 -9.80437 380.822 0.0136824 0.977795 0.0247737 0.207643
329.107 87.0575 -9.7185 377.294 0.0116631 0.97869 0.0177392 0.204245
329.315 87.8529 -9.68486 375.488 0.00905034 0.979473 0.0192066 0.200454
329.523 88.6328 -9.64727 373.665 0.00763316 0.980477 0.0179187 0.195665
329.938 90.1677 -9.55873 369.92 0.00735311 0.981967 0.0216834 0.187662
330.146 90.9216 -9.50506 368.012 0.00939291 0.982253 0.0238927 0.185794
330.769 93.2346 -9.34533 362.147 0.0124634 0.982562 0.0203112 0.1844
330.873 93.6314 -9.3247 361.152 0.012015 0.982501 0.019997 0.184789
331.288 95.2553 -9.24852 357.112 0.0114334 0.981999 0.0192761 0.187552
331.496 96.0845 -9.21263 355.083 0.010473 0.981677 0.0188572 0.189325
331.911 97.7731 -9.13317 351.02 0.00699816 0.980867 0.0232673 0.193155
332.327 99.464 -9.02403 346.966 0.0119616 0.980325 0.0220084 0.195793
332.43 99.8905 -9.00065 345.955 0.0129348 0.980169 0.0209801 0.196626
332.846 101.632 -8.9221 341.92 0.0106725 0.979712 0.0193338 0.19919
333.054 102.511 -8.88453 339.896 0.0104711 0.979407 0.0204356 0.200586
333.365 103.844 -8.82694 336.856 0.0111464 0.978859 0.0210825 0.20314
333.469 104.295 -8.80603 335.839 0.010974 0.978654 0.0223004 0.204009
333.573 104.746 -8.78276 334.826 0.0111348 0.97846 0.0225582 0.204899
333.988 106.56 -8.68606 330.776 0.0129111 0.977859 0.0235688 0.207531
334.092 107.015 -8.66217 329.769 0.0132893 0.977757 0.0230449 0.208047
334.3 107.928 -8.62014 327.756 0.0130326 0.977713 0.0216639 0.208417
334.715 109.716 -8.54636 323.819 0.0124369 0.97763 0.0221703 0.20879
334.923 110.569 -8.51806 321.95 0.0115579 0.977589 0.0210413 0.209147
335.442 112.554 -8.44606 317.631 0.0086903 0.977195 0.027108 0.210429
335.546 112.922 -8.42708 316.832 0.00837429 0.977249 0.0270703 0.210196
335.961 114.344 -8.33854 313.643 0.00827308 0.979108 0.0249275 0.201638
336.169 115.021 -8.29311 312.044 0.00977411 0.980066 0.0243642 0.19693
336.584 116.36 -8.21617 308.871 0.0132508 0.979797 0.0218419 0.198358
336.792 117.05 -8.18382 307.298 0.0137433 0.978983 0.0188794 0.202598
337.207 118.478 -8.13096 304.13 0.0120006 0.977955 0.0192083 0.207586
337.415 119.204 -8.10223 302.525 0.0104893 0.978228 0.0193041 0.206368
337.831 120.643 -8.04271 299.252 0.0115058 0.979167 0.0178333 0.201942
338.142 121.728 -7.99732 296.742 0.0122508 0.979525 0.0191714 0.200035
338.558 123.215 -7.93263 293.313 0.0118489 0.979417 0.0187486 0.200627
338.973 124.756 -7.8616 289.782 0.0106486 0.979438 0.0212401 0.200343
339.181 125.532 -7.81827 287.98 0.0105911 0.979719 0.0205984 0.199032
339.389 126.316 -7.7748 286.14 0.00980384 0.980451 0.0209776 0.195394
339.805 127.872 -7.68162 282.369 0.0117061 0.981375 0.0220349 0.190475
340.117 129.049 -7.60764 279.48 0.0129243 0.981549 0.0228785 0.189398
340.221 129.444 -7.58184 278.508 0.0135461 0.981496 0.0232875 0.189579
340.325 129.844 -7.55558 277.526 0.0138281 0.981396 0.0236548 0.19003
340.949 132.297 -7.4021 271.566 0.0152817 0.981041 0.0214187 0.192003
341.26 133.563 -7.34158 268.528 0.0154252 0.980681 0.0191801 0.194061
341.572 134.865 -7.29707 265.458 0.0141724 0.98035 0.0160193 0.196101
341.78 135.757 -7.27164 263.374 0.0137013 0.980066 0.0165194 0.197511
342.092 137.119 -7.21048 260.209 0.0120293 0.979756 0.0221656 0.198599
342.507 138.958 -7.09981 255.952 0.0106791 0.979513 0.0250023 0.199538
342.819 140.335 -7.00856 252.753 0.0116199 0.979616 0.023855 0.199121
343.13 141.709 -6.93966 249.565 0.0111591 0.979894 0.0205358 0.198143
343.338 142.613 -6.90241 247.447 0.0116606 0.980022 0.0210523 0.197426
343.753 144.397 -6.83549 243.251 0.0115159 0.980221 0.0197219 0.196582
344.064 145.722 -6.78461 240.135 0.0119476 0.980055 0.0209033 0.197261
344.168 146.161 -6.76785 239.107 0.0120038 0.980023 0.0202774 0.197482
344.375 147.035 -6.73725 237.064 0.0123579 0.980005 0.0188424 0.197692
344.479 147.474 -6.7225 236.044 0.0122575 0.979984 0.0194488 0.197744
344.894 149.187 -6.6658 232.025 0.012289 0.980205 0.0193488 0.196652
345.101 150.035 -6.63624 230.037 0.0104229 0.980431 0.0201735 0.195551
345.517 151.681 -6.5592 226.107 0.00886316 0.981014 0.0232156 0.192337
345.932 153.268 -6.45998 222.239 0.00965119 0.981334 0.0264839 0.190233
346.139 154.048 -6.4061 220.336 0.0102731 0.981244 0.0249403 0.190871
346.347 154.833 -6.35734 218.441 0.0102079 0.981054 0.0235932 0.192021
346.762 156.399 -6.26958 214.693 0.011181 0.980573 0.0231769 0.194461
346.97 157.18 -6.22484 212.838 0.0114766 0.980288 0.0254142 0.195597
347.385 158.721 -6.13339 209.213 0.0113321 0.980152 0.0235336 0.19652
347.801 160.245 -6.04845 205.641 0.0111664 0.979986 0.0248193 0.197199
348.216 161.734 -5.96001 202.14 0.0138451 0.979571 0.0246204 0.199105
348.632 163.221 -5.88473 198.738 0.0171659 0.977855 0.0234051 0.207262
348.839 163.99 -5.85492 197.085 0.0206619 0.975356 0.0218991 0.218572
349.254 165.692 -5.82065 193.925 0.0241658 0.965423 0.0206198 0.258744
349.461 166.657 -5.81173 192.437 0.0239248 0.957872 0.0209685 0.285427
349.876 168.815 -5.80492 189.688 0.0248738 0.939108 0.0189525 0.342197
350.084 170.017 -5.80951 188.423 0.0242748 0.928386 0.0194117 0.370314
350.499 172.578 -5.81743 186.161 0.020661 0.907007 0.0208742 0.42009
350.708 173.906 -5.81848 185.132 0.018618 0.899098 0.0201106 0.436888
351.124 176.509 -5.82906 183.251 0.0167928 0.890412 0.0170901 0.454525
351.332 177.787 -5.83625 182.338 0.0149353 0.890277 0.0170389 0.454855
351.75 180.163 -5.84584 180.545 0.00885686 0.902191 0.0137812 0.431025
351.958 181.225 -5.84769 179.606 0.00679994 0.914212 0.0129004 0.404974
352.376 183.07 -5.84601 177.579 0.00368753 0.941076 0.0131039 0.337922
352.584 183.85 -5.83711 176.479 0.00118344 0.95425 0.0159323 0.298584
353.002 185.053 -5.8036 174.16 0.00124942 0.978315 0.0134901 0.206678
353.21 185.449 -5.79008 172.952 0.00329095 0.987337 0.0151602 0.157874
353.418 185.734 -5.77447 171.716 0.00217317 0.993875 0.0147583 0.109495
353.834 185.902 -5.73868 169.207 0.00199559 0.999846 0.0150605 0.0087745
353.938 185.86 -5.7322 168.586 0.00172233 0.999743 0.0145734 -0.0172881
354.25 185.553 -5.71015 166.797 0.00464484 0.99567 0.0149011 -0.0916356
354.458 185.224 -5.70087 165.732 0.00699668 0.990335 0.0169082 -0.137482
354.873 184.397 -5.67326 163.979 0.0096321 0.974639 0.0180505 -0.222847
355.081 183.944 -5.65949 163.272 0.00713596 0.964283 0.0201039 -0.264014
355.496 182.914 -5.63666 162.112 0.00491619 0.936925 0.020941 -0.348868
355.913 181.765 -5.60697 161.271 0.00159147 0.892869 0.026128 -0.449555
356.329 180.529 -5.58542 160.778 -0.000323461 -0.832308 -0.0266597 0.553672
356.537 179.883 -5.57298 160.624 0.00500226 -0.796519 -0.0277945 0.603953
356.953 178.445 -5.54902 160.598 0.00592585 -0.715624 -0.0246351 0.698026
357.369 176.85 -5.5289 160.906 0.00312701 -0.636403 -0.0282511 0.770833
357.784 175.129 -5.50337 161.501 0.00466558 -0.568602 -0.0396128 0.821646
358.198 173.322 -5.46938 162.432 0.00519984 -0.515522 -0.040142 0.85592
358.716 170.858 -5.42992 163.918 0.00975118 -0.48252 -0.0407376 0.874883
359.131 168.694 -5.41963 165.298 0.0201521 -0.470532 -0.0441528 0.881047
359.546 166.352 -5.43381 166.827 0.0257827 -0.466801 -0.0486603 0.882646
359.962 163.85 -5.45378 168.487 0.0249073 -0.463435 -0.0547662 0.884086
360.17 162.552 -5.46028 169.363 0.0245863 -0.460968 -0.0572495 0.885227
360.377 161.228 -5.47057 170.267 0.0274915 -0.459946 -0.0566756 0.88571
360.793 158.452 -5.47567 172.179 0.0218612 -0.456875 -0.0622448 0.887081
361.001 157.034 -5.46983 173.171 0.0232713 -0.456145 -0.0606695 0.88753
361.208 155.575 -5.46409 174.188 0.0242345 -0.456205 -0.0618096 0.887395
361.624 152.538 -5.45162 176.304 0.0243342 -0.459098 -0.0580492 0.886153
361.831 150.955 -5.43797 177.413 0.00826596 -0.462408 -0.0565536 0.884823
362.247 147.757 -5.34003 179.616 0.000364703 -0.468561 -0.0430781 0.88238
362.454 146.117 -5.30483 180.681 0.010219 -0.470435 -0.0429943 0.881327
362.87 142.79 -5.27338 182.872 0.00563976 -0.468146 -0.0452346 0.882474
363.078 141.142 -5.24482 183.987 0.00574541 -0.467202 -0.0417136 0.883148
363.286 139.49 -5.22603 185.102 0.00369258 -0.467663 -0.0385183 0.883059
363.701 136.127 -5.1601 187.36 -0.00131103 -0.470256 -0.0329426 0.881914
364.325 131.051 -5.09407 190.748 0.00213227 -0.465304 -0.0345205 0.884475
364.637 128.534 -5.05966 192.443 0.000624482 -0.464976 -0.0375803 0.884525
364.741 127.701 -5.04421 193.007 0.000900785 -0.465058 -0.0372642 0.884495
365.156 124.4 -5.00976 195.257 0.00779871 -0.464372 -0.0310603 0.885061
365.26 123.575 -5.00863 195.806 0.0120825 -0.46446 -0.0327055 0.884907
365.572 121.053 -5.03166 197.437 0.021853 -0.464567 -0.0474291 0.883997
365.884 118.53 -5.04696 199.141 0.0127352 -0.466974 -0.0466864 0.882946
365.987 117.696 -5.05016 199.71 0.00842263 -0.467673 -0.0442535 0.882753
366.195 116.029 -5.04527 200.831 0.0162177 -0.468393 -0.0367517 0.882607
366.611 112.611 -5.10115 203.108 0.0165972 -0.466005 -0.0376916 0.883823
366.819 110.89 -5.11903 204.272 0.0150381 -0.465765 -0.0352193 0.884079
367.235 107.407 -5.16159 206.615 0.00961739 -0.468476 -0.0319092 0.882847
367.651 103.894 -5.1846 208.986 0.00852249 -0.468606 -0.0202868 0.883133
367.755 103.025 -5.19684 209.57 0.0123461 -0.468419 -0.0180177 0.883236
368.274 98.631 -5.28411 212.495 0.010143 -0.466225 -0.0269939 0.884196
368.378 97.7527 -5.29592 213.074 0.00940396 -0.465747 -0.0297898 0.884366
368.586 96.0133 -5.30917 214.222 0.0101926 -0.466661 -0.0338264 0.883731
369.002 92.5848 -5.34506 216.49 0.0154626 -0.468243 -0.0342943 0.882798
369.209 90.8744 -5.36528 217.614 0.0143953 -0.466788 -0.0389506 0.883394
369.625 87.5199 -5.40609 219.856 0.018053 -0.466679 -0.0376028 0.883442
369.833 85.8335 -5.42638 220.981 0.0147278 -0.46663 -0.0395042 0.883447
370.248 82.5362 -5.42332 223.205 0.0127841 -0.469807 -0.0313199 0.88212
370.664 79.2354 -5.4961 225.356 0.0169944 -0.468132 -0.0390347 0.882632
370.872 77.6126 -5.51334 226.436 0.0142744 -0.467103 -0.040004 0.883182
371.08 76.0258 -5.53314 227.507 0.0138846 -0.466745 -0.0372699 0.883497
371.495 72.8923 -5.57702 229.626 0.0125317 -0.466296 -0.0317685 0.883969
371.807 70.569 -5.60277 231.203 0.00870902 -0.464921 -0.0307171 0.884776
372.015 69.0501 -5.62335 232.228 0.0148816 -0.46346 -0.0289248 0.885521
372.223 67.5431 -5.65375 233.257 0.0157069 -0.465126 -0.0254883 0.884738
372.638 64.4918 -5.6819 235.282 0.00641532 -0.469248 -0.0312576 0.88249
372.846 62.9946 -5.68961 236.27 0.00814213 -0.469216 -0.0306088 0.882515
373.262 60.0114 -5.70381 238.242 0.0115165 -0.469852 -0.0309183 0.882129
373.47 58.5138 -5.71247 239.22 0.0102438 -0.47016 -0.0333002 0.881893
373.886 55.549 -5.72497 241.167 0.0151038 -0.470126 -0.0325097 0.881871
374.094 54.0461 -5.74305 242.156 0.0158639 -0.469443 -0.0332564 0.882194
374.509 50.9946 -5.7702 244.179 0.0135571 -0.469586 -0.032942 0.882168
374.717 49.456 -5.78548 245.203 0.0157486 -0.46993 -0.0295695 0.882068
374.925 47.9163 -5.81142 246.225 0.0110032 -0.470421 -0.0300084 0.881863
375.341 44.856 -5.84909 248.239 0.0140912 -0.468683 -0.031482 0.882693
375.549 43.3543 -5.87475 249.238 0.0142733 -0.468522 -0.0305921 0.882807
375.965 40.3779 -5.93061 251.211 0.0164024 -0.466978 -0.0338448 0.883469
376.069 39.6314 -5.94112 251.706 0.0135642 -0.46627 -0.036975 0.883765
376.173 38.8785 -5.95049 252.204 0.0123654 -0.466118 -0.0398933 0.883736
376.276 38.1324 -5.95253 252.702 0.0134754 -0.466362 -0.0391682 0.883623
376.589 35.9194 -5.97057 254.193 0.0159924 -0.46634 -0.0354852 0.883749
376.796 34.4508 -5.99298 255.197 0.01673 -0.465981 -0.0308005 0.8841
377.004 32.9762 -6.01893 256.198 0.0104279 -0.46545 -0.0324566 0.884417
377.212 31.5098 -6.02662 257.192 0.00747651 -0.464797 -0.0335943 0.884748
377.42 30.0587 -6.0354 258.172 0.00913751 -0.464216 -0.0334853 0.885042
377.836 27.2042 -6.06753 260.119 0.0138774 -0.46307 -0.0303232 0.885694
378.044 25.7796 -6.0945 261.08 0.0134434 -0.462408 -0.0331887 0.885944
378.46 22.9801 -6.13016 262.995 0.00828589 -0.462694 -0.0338515 0.885833
378.668 21.5921 -6.13513 263.951 0.00488046 -0.461703 -0.0341634 0.886363
379.084 18.879 -6.16891 265.828 0.0193947 -0.459232 -0.0273303 0.887684
379.292 17.4915 -6.19875 266.779 0.014017 -0.458509 -0.0346156 0.887905
379.707 14.7377 -6.23238 268.688 0.015814 -0.458734 -0.0341225 0.887778
379.915 13.326 -6.25337 269.672 0.0140724 -0.460229 -0.0333962 0.88706
380.123 11.8953 -6.26524 270.671 0.0109355 -0.461825 -0.0311663 0.886356
380.539 8.97417 -6.29919 272.664 0.0171854 -0.46537 -0.0241333 0.88462
380.747 7.47358 -6.33321 273.686 0.0124449 -0.469238 -0.0212158 0.882729
380.954 5.92863 -6.3471 274.699 0.00517884 -0.472048 -0.0249079 0.881206
381.162 4.37988 -6.35907 275.703 0.00894188 -0.473532 -0.0235336 0.880417
381.37 2.82053 -6.38477 276.711 0.0187525 -0.473301 -0.020114 0.880472
381.785 -0.376535 -6.44327 278.799 0.00748353 -0.470181 -0.0284794 0.882078
381.993 -1.9409 -6.45927 279.828 0.0104756 -0.470153 -0.0283278 0.882068
382.201 -3.49793 -6.47664 280.852 0.0117341 -0.470305 -0.0279584 0.881983
382.616 -6.60157 -6.50218 282.889 0.012316 -0.468408 -0.0332193 0.882802
382.721 -7.35461 -6.51268 283.397 0.0154851 -0.467822 -0.0289057 0.883214
382.824 -8.11077 -6.52896 283.9 0.0181279 -0.467987 -0.0276157 0.883118
382.928 -8.86669 -6.54399 284.404 0.0163306 -0.467888 -0.0281497 0.883188
383.344 -11.867 -6.59445 286.432 0.00726241 -0.467674 -0.0241279 0.883542
383.552 -13.3456 -6.61053 287.442 0.00321761 -0.467882 -0.0203483 0.883551
383.968 -16.3028 -6.63561 289.41 0.00882404 -0.466908 -0.0230482 0.883962
384.175 -17.7688 -6.65541 290.387 0.00951724 -0.465596 -0.0261753 0.884559
384.591 -20.6563 -6.67998 292.351 0.00724064 -0.464487 -0.0260133 0.885168
384.799 -22.0998 -6.68491 293.311 0.00800242 -0.465078 -0.0311791 0.884684
385.527 -26.7705 -6.71106 296.408 0.0155917 -0.463828 -0.0414176 0.884819
386.048 -29.5611 -6.73763 298.355 0.0143422 -0.451835 -0.0421079 0.890992
386.256 -30.5139 -6.75089 299.093 0.0154964 -0.443935 -0.0353402 0.895228
386.464 -31.3948 -6.77123 299.796 0.0115508 -0.436184 -0.0339523 0.899142
387.088 -33.739 -6.822 301.804 0.00930089 -0.418405 -0.0194713 0.908004
387.4 -34.8277 -6.85642 302.705 0.0153234 -0.420154 -0.0191253 0.907122
387.712 -35.8506 -6.88672 303.561 0.00803719 -0.430207 -0.0125965 0.902606
388.334 -37.7892 -6.95041 304.878 0.0110938 -0.470751 -0.0131608 0.882098
388.645 -38.7255 -6.97048 305.391 0.00956457 -0.502159 -0.011202 0.86465
388.956 -39.67 -6.98667 305.771 0.00799546 -0.544116 -0.0134787 0.838864
389.579 -41.5778 -6.99805 306.224 0.00301288 -0.626399 -0.017192 0.779307
389.994 -42.9365 -6.98306 306.304 -0.00124929 -0.678728 -0.0199015 0.734119
390.409 -44.4321 -6.95957 306.182 -0.00361498 -0.731142 -0.020771 0.6819
390.824 -46.0495 -6.91782 305.817 -0.00956501 -0.784721 -0.0149657 0.619594
391.031 -46.8837 -6.89493 305.499 -0.0129595 -0.811073 -0.0158209 0.584587
391.447 -48.5995 -6.84754 304.57 -0.0210235 -0.863246 -0.012904 0.504181
391.862 -50.3262 -6.77985 303.13 0.0235313 0.909743 0.0105601 -0.414369
391.966 -50.7517 -6.76496 302.688 0.0240446 0.919155 0.010582 -0.39302
392.07 -51.1765 -6.74792 302.207 0.0239611 0.927466 0.0103323 -0.372996
392.486 -52.8366 -6.67749 300.006 0.0186571 0.948891 0.0100818 -0.31489
392.903 -54.5547 -6.60725 297.442 0.0134319 0.955472 0.0118552 -0.294536
393.112 -55.4903 -6.56981 296.046 0.0117161 0.955195 0.0123855 -0.295485
393.529 -57.5479 -6.49754 293.038 0.0112403 0.954387 0.005887 -0.298303
393.945 -59.8237 -6.43779 289.741 0.0123049 0.953687 0.00835893 -0.300434
394.361 -62.297 -6.36683 286.15 0.0131679 0.954413 0.00865869 -0.298074
394.569 -63.584 -6.32798 284.259 0.0134007 0.955042 0.00993074 -0.296002
394.673 -64.2375 -6.30775 283.293 0.0136247 0.955279 0.00982526 -0.295229
395.089 -66.9163 -6.22928 279.298 0.0108284 0.955732 0.0101011 -0.293865
395.297 -68.311 -6.19125 277.222 0.0122222 0.955967 0.0110802 -0.29301
395.713 -71.0787 -6.10939 273.048 0.0145979 0.956966 0.0171078 -0.289328
395.921 -72.4442 -6.05488 270.962 0.0132568 0.95699 0.018069 -0.289254
396.336 -75.1813 -5.94546 266.81 0.0137406 0.956872 0.0176063 -0.28965
396.544 -76.5301 -5.8918 264.756 0.013209 0.957163 0.0173395 -0.288728
396.959 -79.2135 -5.78797 260.661 0.01364 0.957356 0.0168335 -0.288097
397.374 -81.8969 -5.67751 256.568 0.0126192 0.957059 0.0158194 -0.289186
397.582 -83.2293 -5.63071 254.532 0.0115178 0.956918 0.0174996 -0.289602
397.893 -85.2118 -5.55952 251.529 0.0117762 0.956865 0.0132267 -0.289993
398.205 -87.1953 -5.50949 248.526 0.0116528 0.956769 0.013824 -0.290287
398.308 -87.8538 -5.49239 247.529 0.0115801 0.956733 0.0136701 -0.290416
398.62 -89.8198 -5.44174 244.552 0.0113959 0.956661 0.0149123 -0.290599
398.827 -91.1184 -5.40477 242.586 0.0113162 0.956716 0.0146525 -0.290432
399.242 -93.6864 -5.33848 238.694 0.011911 0.957104 0.0138766 -0.289167
399.346 -94.3254 -5.32128 237.722 0.0125402 0.957339 0.0136302 -0.288372
399.657 -96.2173 -5.25596 234.802 0.0151535 0.958533 0.0189047 -0.283948
399.865 -97.4373 -5.19891 232.862 0.0143206 0.960112 0.0192307 -0.278586
400.072 -98.6219 -5.14759 230.919 0.0120572 0.96204 0.0174343 -0.272085
400.487 -100.89 -5.06022 227.001 0.0120224 0.966405 0.0182784 -0.25609
400.694 -101.959 -5.01488 225.033 0.00977208 0.9683 0.0180452 -0.248948
401.11 -104.011 -4.94329 221.128 0.00278841 0.970112 0.0097698 -0.242444
401.317 -105.02 -4.94195 219.198 0.00334745 0.970642 0.00708482 -0.240403
401.733 -106.994 -4.92108 215.357 0.000152978 0.970675 0.0104609 -0.240167
401.941 -107.999 -4.90451 213.445 0.00188499 0.969574 0.0165414 -0.244232
402.149 -109.024 -4.86141 211.546 0.00168328 0.967652 0.0241136 -0.251128
402.565 -111.143 -4.74084 207.805 -0.00797472 0.963408 0.0248976 -0.26676
402.877 -112.828 -4.65055 205.01 -0.0150485 0.960062 0.0269711 -0.278078
403.397 -115.836 -4.53186 200.386 -0.0165469 0.955454 0.0233663 -0.293748
403.5 -116.455 -4.51092 199.473 -0.014463 0.95514 0.0245229 -0.294783
403.916 -118.976 -4.40896 195.72 -0.0158721 0.954926 0.0232993 -0.295501
404.227 -120.906 -4.34215 192.859 -0.0141172 0.955111 0.0227721 -0.295034
404.331 -121.551 -4.31931 191.897 -0.0138991 0.955224 0.0232858 -0.294638
404.747 -124.124 -4.22968 188.041 -0.0124201 0.955882 0.0238192 -0.292522
404.85 -124.764 -4.20784 187.078 -0.012069 0.956057 0.0239263 -0.291953
405.266 -127.288 -4.1186 183.241 -0.0136752 0.956374 0.0237878 -0.290855
405.473 -128.543 -4.07818 181.331 -0.0150725 0.956373 0.0222151 -0.290912
405.577 -129.174 -4.06027 180.377 -0.0142758 0.956339 0.0230921 -0.290997
405.889 -131.045 -4.00234 177.545 -0.0136679 0.95628 0.0231553 -0.291215
406.2 -132.881 -3.94752 174.761 -0.013673 0.956267 0.0228785 -0.291278
406.512 -134.701 -3.89401 172.004 -0.0132327 0.956233 0.0236945 -0.291344
406.616 -135.303 -3.87613 171.093 -0.0131097 0.956223 0.0237645 -0.291378
406.824 -136.504 -3.84034 169.276 -0.0136529 0.95617 0.0231867 -0.291574
406.928 -137.1 -3.82333 168.373 -0.0140829 0.956081 0.0230856 -0.291853
407.032 -137.695 -3.80656 167.476 -0.0144412 0.955934 0.0223894 -0.29237
407.447 -140.083 -3.73957 163.898 -0.0133899 0.955439 0.0245047 -0.293864
407.759 -141.859 -3.6711 161.234 -0.0138831 0.955433 0.0251975 -0.293803
407.863 -142.446 -3.64811 160.351 -0.0146434 0.955478 0.0248336 -0.293651
408.175 -144.204 -3.58643 157.715 -0.0144269 0.955645 0.0239639 -0.293191
408.278 -144.786 -3.56424 156.84 -0.0149634 0.955667 0.0241863 -0.293074
408.382 -145.368 -3.54547 155.964 -0.0142014 0.955681 0.0246403 -0.293028
408.486 -145.948 -3.52597 155.096 -0.0137257 0.955712 0.024532 -0.292957
408.902 -148.257 -3.44497 151.642 -0.0135291 0.955182 0.0250039 -0.29465
409.006 -148.83 -3.42521 150.789 -0.0135254 0.954961 0.0252916 -0.295342
409.318 -150.547 -3.36538 148.247 -0.0140206 0.954528 0.0242574 -0.296801
409.63 -152.247 -3.31071 145.74 -0.0139294 0.954459 0.0250096 -0.296967
409.837 -153.343 -3.27839 144.124 -0.0136792 0.954635 0.0226013 -0.296604
410.045 -154.401 -3.25094 142.56 -0.012506 0.954823 0.0232988 -0.295995
410.461 -156.408 -3.19836 139.573 -0.0127326 0.955162 0.0216454 -0.295017
410.669 -157.369 -3.17838 138.138 -0.0130395 0.955164 0.0223339 -0.294946
410.877 -158.295 -3.15718 136.755 -0.0139644 0.955087 0.0216544 -0.295204
411.084 -159.189 -3.13759 135.421 -0.0143519 0.954864 0.0223934 -0.29585
411.293 -160.061 -3.12087 134.13 -0.0155305 0.95416 0.0226846 -0.298032
411.813 -162.153 -3.08398 131.202 -0.0159969 0.948262 0.0235225 -0.316212
412.021 -162.951 -3.07146 130.174 -0.0166017 0.94483 0.0216806 -0.326421
412.229 -163.742 -3.06536 129.206 -0.0167725 0.941111 0.0203917 -0.337065
412.645 -165.327 -3.05565 127.425 -0.0117231 0.933567 0.017727 -0.357772
412.957 -166.514 -3.04945 126.181 -0.00579751 0.929283 0.0159177 -0.36898
413.269 -167.689 -3.03951 124.997 -0.000284878 0.925853 0.0149582 -0.377587
414.1 -170.683 -3.00643 122.203 0.00992315 0.914132 0.0115886 -0.405129
414.516 -172.049 -2.9948 121.081 0.0134384 0.904463 0.00955172 -0.426232
415.766 -175.285 -2.98349 119.16 -0.0118316 -0.843126 -0.00552988 0.537557
417.844 -175.472 -2.98791 119.107 -0.00923047 -0.834705 -0.000961679 0.550619
419.614 -176.811 -2.98317 118.925 -0.00721265 -0.765768 9.05372e-05 0.643076
420.03 -177.817 -2.97803 118.855 -0.00146897 -0.737505 -0.00155416 0.675339
420.342 -178.844 -2.97885 118.86 0.00110518 -0.709539 -0.00602911 0.704639
420.55 -179.643 -2.97848 118.941 0.00191719 -0.686286 -0.00429178 0.727317
420.967 -181.508 -2.98951 119.313 0.00583793 -0.631395 -0.00280232 0.775434
421.383 -183.649 -3.01027 120.033 0.00152083 -0.581624 -0.00185386 0.813454
421.591 -184.798 -3.02361 120.495 0.00107904 -0.562008 -0.0027444 0.827127
422.007 -187.232 -3.04541 121.649 0.00382968 -0.527042 -0.00124373 0.84983
