0.415728 73.5616 4.25002 -49.5309 -0.00950995 -0.464628 0.00204659 0.885453
1.24735 69.3214 4.22265 -46.6162 -0.0140868 -0.461397 -0.000858813 0.887081
1.97535 66.8107 4.20676 -44.8402 -0.00960401 -0.454842 0.000408031 0.89052
3.32698 64.7761 4.17957 -43.2846 -0.00780362 -0.442984 0.0054163 0.896479
4.15838 63.9849 4.1646 -42.7012 -0.0022667 -0.448457 0.00884243 0.893758
4.78173 63.2833 4.15457 -42.283 0.000463357 -0.475404 0.0121446 0.879684
5.40373 62.0619 4.13174 -41.7985 -0.00100927 -0.542176 0.00899987 0.840216
5.61111 61.5182 4.12671 -41.6623 -0.00404619 -0.574715 0.00634353 0.818319
6.0255 60.2723 4.11641 -41.5229 -0.00968523 -0.646429 -0.00199657 0.76291
6.23288 59.5667 4.1146 -41.5404 -0.0115983 -0.683392 -0.00661379 0.729929
6.64775 58.0233 4.1412 -41.8006 -0.0106648 -0.757822 -0.0120177 0.652264
6.85525 57.1831 4.16108 -42.0603 -0.0121698 -0.792953 -0.0118853 0.609045
7.16666 55.87 4.19684 -42.6534 -0.0159847 -0.840922 -0.0107232 0.540814
7.58186 54.1578 4.25127 -43.906 0.01808 0.897578 0.00687336 -0.44043
7.99773 52.5249 4.30125 -45.7078 0.022608 0.93725 0.0111379 -0.347746
8.41461 51.0205 4.36973 -47.9614 0.0167726 0.957272 0.0108309 -0.288499
8.83236 49.3961 4.43976 -50.553 0.0213194 0.960652 0.0102058 -0.276748
9.04123 48.4979 4.48381 -51.9273 0.0270858 0.959228 0.00759578 -0.28123
9.24986 47.5564 4.51296 -53.3684 0.0270129 0.958083 0.00363624 -0.28519
9.77061 45.0801 4.52995 -57.2859 0.0118049 0.959202 0.00449381 -0.282439
9.97875 44.0293 4.56138 -58.9653 0.0130793 0.959982 0.0142907 -0.279389
10.3949 41.8623 4.66311 -62.4404 0.0137331 0.960965 0.0145777 -0.275946
10.6026 40.7644 4.6972 -64.2445 0.0124206 0.962418 0.00986128 -0.271109
10.8105 39.6943 4.72398 -66.0589 0.0119703 0.964206 0.0103025 -0.264682
11.2261 37.5932 4.79774 -69.7974 0.0076683 0.966683 0.0178788 -0.255238
11.4341 36.5652 4.845 -71.6675 0.00522756 0.967057 0.0192064 -0.25378
11.8499 34.4664 4.93816 -75.4932 0.00065721 0.967587 0.0183477 -0.251872
12.0579 33.4049 4.97836 -77.4453 -0.00325176 0.967513 0.0168012 -0.252241
12.4739 31.2313 5.0711 -81.3479 -0.0016656 0.966524 0.0195035 -0.255829
12.6819 30.1129 5.1192 -83.3338 -0.00561787 0.965187 0.0216916 -0.260599
13.0977 27.7933 5.21716 -87.2599 -0.00688545 0.962161 0.0208966 -0.271592
13.5134 25.3743 5.31439 -91.1283 -0.00531155 0.959134 0.0217897 -0.282062
13.7212 24.1254 5.35846 -93.0627 -0.00649589 0.957922 0.0169583 -0.286453
13.8251 23.4896 5.37691 -94.0372 -0.00649731 0.957397 0.0166374 -0.288222
14.2402 20.9011 5.44417 -97.9639 -0.00715362 0.956289 0.0183047 -0.291762
14.4478 19.5974 5.47575 -99.9309 -0.00799733 0.955954 0.017301 -0.292897
14.8627 16.9691 5.53221 -103.843 -0.00407587 0.955816 0.0171299 -0.293438
15.2777 14.3306 5.59951 -107.798 -0.00684224 0.955558 0.0175527 -0.294201
15.6928 11.6788 5.65892 -111.736 -0.00425753 0.955423 0.0198699 -0.294541
15.9004 10.3622 5.69502 -113.698 -0.0048805 0.955365 0.01909 -0.29477
16.3156 7.72993 5.76905 -117.587 -0.000772674 0.955251 0.0204424 -0.295089
16.7309 5.13396 5.86646 -121.452 -0.00435886 0.955016 0.0209947 -0.295778
16.9385 3.84395 5.91025 -123.364 -0.00538734 0.954971 0.019495 -0.296009
17.1462 2.54286 5.95488 -125.281 -0.00443635 0.954949 0.020481 -0.296029
17.5615 -0.0629531 6.05777 -129.166 -0.00891438 0.954922 0.0226714 -0.295855
17.8731 -2.06435 6.12545 -132.137 -0.00895075 0.955285 0.0181152 -0.294995
18.1845 -4.10448 6.18439 -135.158 -0.00526712 0.955556 0.019614 -0.294109
18.3921 -5.4657 6.23169 -137.189 -0.00511223 0.955762 0.0172926 -0.293589
18.8072 -8.23649 6.30049 -141.364 -0.00789265 0.956069 0.0186407 -0.29244
19.0148 -9.63419 6.34493 -143.504 -0.0135256 0.955915 0.0220869 -0.292499
19.2224 -11.0252 6.3864 -145.62 -0.0165483 0.955897 0.0213464 -0.292457
19.6372 -13.8204 6.45269 -149.844 -0.0148434 0.956181 0.023113 -0.291486
20.0524 -16.6155 6.55239 -154.065 -0.0137614 0.956005 0.0231866 -0.292108
20.3638 -18.7139 6.62305 -157.223 -0.0135914 0.955521 0.0258253 -0.293477
20.5714 -20.1024 6.67922 -159.308 -0.0156389 0.955148 0.0255643 -0.29461
20.9862 -22.8822 6.76704 -163.434 -0.0124714 0.955331 0.0220202 -0.294453
21.1937 -24.2712 6.80593 -165.499 -0.0113216 0.955398 0.0210162 -0.294354
21.6088 -27.0529 6.89737 -169.638 -0.00804277 0.955612 0.0214663 -0.293736
21.7125 -27.7427 6.92239 -170.672 -0.00776612 0.955519 0.0238616 -0.29386
22.1277 -30.4786 7.05079 -174.786 -0.0153379 0.954635 0.0248575 -0.296342
22.3352 -31.8596 7.09445 -176.816 -0.0146435 0.954436 0.0221554 -0.29723
22.5429 -33.2509 7.12735 -178.839 -0.0111915 0.954664 0.0170409 -0.296987
22.958 -36.0152 7.20608 -182.904 -0.010138 0.954101 0.0215789 -0.298533
23.1656 -37.4223 7.24976 -184.963 -0.0100944 0.953841 0.0221844 -0.299322
23.581 -40.1003 7.31234 -188.854 -0.0108093 0.952994 0.0226539 -0.301946
23.7886 -41.3414 7.33684 -190.649 -0.0109553 0.952831 0.0241484 -0.302339
23.9963 -42.5186 7.36232 -192.345 -0.0106502 0.952777 0.0241354 -0.302524
24.2039 -43.6288 7.39005 -193.942 -0.0113137 0.952289 0.0247139 -0.303985
24.619 -45.7431 7.43687 -197.003 -0.0120626 0.954491 0.0192398 -0.297374
25.0344 -47.7913 7.47961 -200.077 -0.0114832 0.955956 0.0208617 -0.292542
25.242 -48.8001 7.50111 -201.599 -0.0110074 0.95633 0.0204583 -0.291364
25.4498 -49.7943 7.52696 -203.119 -0.0138434 0.95636 0.0204405 -0.291147
25.8654 -51.8087 7.56876 -206.169 -0.0161517 0.95596 0.017284 -0.292544
26.281 -53.9038 7.60833 -209.289 -0.011981 0.9559 0.0143288 -0.293098
26.6968 -56.0589 7.65405 -212.505 -0.0121622 0.954935 0.0169904 -0.296079
26.9046 -57.1756 7.68417 -214.146 -0.00970519 0.954382 0.020849 -0.297703
27.0085 -57.7439 7.70419 -214.974 -0.0094061 0.954194 0.0210429 -0.298298
27.4246 -60.0538 7.79176 -218.331 -0.0140102 0.952299 0.0224741 -0.304017
27.7365 -61.8635 7.85012 -220.887 -0.01397 0.951398 0.0213468 -0.306906
28.152 -64.3503 7.9283 -224.368 -0.0132131 0.950868 0.0196341 -0.308689
28.5672 -66.9022 7.99055 -227.935 -0.0136674 0.950809 0.0192011 -0.308879
28.9824 -69.5279 8.06995 -231.628 -0.0147655 0.951052 0.0231878 -0.307805
29.2934 -71.5143 8.12731 -234.44 -0.0154016 0.951736 0.0171448 -0.306051
29.397 -72.1906 8.13935 -235.389 -0.0138449 0.952145 0.0142862 -0.304998
29.708 -74.24 8.16801 -238.299 -0.00680986 0.953228 0.0154837 -0.301778
30.123 -76.9767 8.22349 -242.286 -0.00515821 0.954535 0.0156554 -0.297643
30.2269 -77.669 8.23833 -243.307 -0.00533685 0.954875 0.0149512 -0.296584
30.538 -79.7628 8.28141 -246.431 -0.00562512 0.955841 0.0156498 -0.293414
30.7455 -81.1577 8.31222 -248.545 -0.00672208 0.956458 0.0175491 -0.291265
30.9533 -82.5478 8.34452 -250.671 -0.00854276 0.956718 0.0188053 -0.290283
31.3685 -85.3352 8.40275 -254.898 -0.00684253 0.956759 0.0170788 -0.290299
31.5761 -86.7102 8.42853 -256.986 -0.00638481 0.956694 0.0171423 -0.290521
31.7838 -88.0731 8.45517 -259.051 -0.00472562 0.95663 0.0174633 -0.290744
32.1989 -90.8333 8.53179 -263.204 0.000578156 0.956622 0.0192583 -0.290693
32.3026 -91.5204 8.55569 -264.252 -0.000775819 0.956613 0.0189139 -0.290747
32.7176 -94.2282 8.66822 -268.4 -0.00757914 0.956434 0.0220519 -0.291015
32.9251 -95.5873 8.70855 -270.437 -0.00435183 0.956671 0.0176054 -0.290606
33.1327 -96.9537 8.74353 -272.486 -0.00191079 0.95629 0.0186661 -0.291817
33.5476 -99.6701 8.83665 -276.576 -0.00266197 0.955694 0.0210947 -0.293593
33.9625 -102.372 8.92626 -280.621 -0.0037146 0.955567 0.0197783 -0.294086
34.1699 -103.754 8.97146 -282.688 -0.00364926 0.95549 0.0199959 -0.294323
34.3804 -105.125 9.01147 -284.73 -0.00398791 0.95555 0.0178995 -0.294258
34.7924 -107.866 9.07121 -288.849 -0.00866233 0.955653 0.0179794 -0.293819
34.9999 -109.24 9.10198 -290.919 -0.0109502 0.955689 0.019271 -0.293542
35.415 -111.997 9.15188 -295.044 -0.0077388 0.956183 0.0169365 -0.292176
35.8301 -114.727 9.20388 -299.17 -0.00843681 0.956248 0.0165739 -0.291967
36.245 -117.507 9.25198 -303.323 -0.00357216 0.955977 0.0159618 -0.292984
36.5563 -119.596 9.29286 -306.45 -0.00373929 0.955653 0.0161039 -0.294031
36.6601 -120.298 9.30782 -307.501 -0.00439749 0.955382 0.0173502 -0.294832
36.9714 -122.408 9.36528 -310.639 -0.00713556 0.954487 0.0202501 -0.297478
37.1788 -123.837 9.41381 -312.749 -0.00835324 0.954241 0.0240547 -0.297952
37.3863 -125.248 9.47678 -314.842 -0.012211 0.954068 0.0276265 -0.298065
38.1127 -130.169 9.64658 -322.094 -0.0162606 0.954101 0.0247321 -0.298018
38.2165 -130.879 9.67176 -323.134 -0.0153958 0.954089 0.0262946 -0.297968
38.6318 -133.61 9.77005 -327.163 -0.0172289 0.954108 0.0258119 -0.297851
38.8395 -134.927 9.81298 -329.107 -0.0170843 0.954065 0.027266 -0.297866
39.2546 -137.456 9.91255 -332.82 -0.0133469 0.954236 0.0314305 -0.297098
39.4623 -138.651 9.95651 -334.59 -0.0163505 0.954656 0.0236875 -0.296317
39.8773 -140.991 9.99119 -338.076 -0.0183044 0.955066 0.0213473 -0.295055
40.0848 -142.138 10.0179 -339.79 -0.0179559 0.955044 0.0255631 -0.294814
40.4999 -144.319 10.0848 -343.055 -0.0237521 0.953784 0.0273142 -0.298304
40.7076 -145.349 10.105 -344.552 -0.0250479 0.95241 0.0245972 -0.302791
41.1239 -147.314 10.108 -347.172 -0.0243858 0.942991 0.0198898 -0.331327
41.3322 -148.283 10.0995 -348.259 -0.0199707 0.933842 0.0195898 -0.356591
41.749 -150.264 10.0955 -350.035 -0.0079953 0.906793 0.0228195 -0.420882
41.9577 -151.264 10.1007 -350.721 -0.00504017 0.887956 0.020889 -0.459425
42.3749 -153.438 10.1155 -351.765 -0.000441411 -0.837816 -0.0158232 0.545724
42.5832 -154.56 10.1209 -352.103 0.000130257 -0.809274 -0.0139207 0.587266
42.9999 -156.961 10.1535 -352.438 -0.00716566 -0.748486 -0.0159242 0.66292
43.416 -159.46 10.1946 -352.358 -0.00915894 -0.684278 -0.0111611 0.729078
43.6241 -160.762 10.2114 -352.163 -0.00677236 -0.653477 -0.00822597 0.756871
44.0397 -163.494 10.2357 -351.46 -0.00366345 -0.594055 -0.0125598 0.804318
44.1436 -164.184 10.2392 -351.218 -0.00125699 -0.580135 -0.0129497 0.814417
44.5588 -167.07 10.2449 -350.014 0.00665348 -0.538592 -0.0187494 0.842332
44.9735 -170.109 10.2394 -348.481 0.00995317 -0.50831 -0.0270542 0.860692
45.1809 -171.68 10.2366 -347.584 0.0095575 -0.496103 -0.0272375 0.867784
45.5956 -174.906 10.2276 -345.63 0.0107455 -0.484238 -0.0259045 0.874487
45.9067 -177.429 10.2157 -344.035 0.00763374 -0.479165 -0.0248019 0.877341
46.4253 -181.725 10.2086 -341.282 0.00364606 -0.475325 -0.0239873 0.879476
46.7365 -184.278 10.2004 -339.618 0.00376561 -0.471713 -0.0231231 0.881441
46.8405 -185.127 10.1978 -339.057 0.00308637 -0.470306 -0.0229642 0.882199
47.0479 -186.814 10.1938 -337.93 0.00144432 -0.468282 -0.0225157 0.883291
47.1517 -187.652 10.1923 -337.369 0.00157999 -0.467592 -0.0225362 0.883655
47.3593 -189.316 10.188 -336.248 0.00234782 -0.46616 -0.021994 0.884424
47.5669 -190.967 10.1833 -335.13 0.00143779 -0.464539 -0.0229605 0.885254
47.982 -194.173 10.1765 -332.929 0.000512323 -0.461516 -0.0223037 0.886851
48.3971 -197.217 10.1624 -330.821 0.00305961 -0.458363 -0.0226678 0.888471
48.6048 -198.696 10.1534 -329.781 0.00315655 -0.455733 -0.0237882 0.889793
49.0203 -201.51 10.1356 -327.741 0.00289954 -0.446154 -0.0251701 0.894598
49.2281 -202.846 10.1273 -326.721 0.00326635 -0.436288 -0.0269938 0.899396
49.6443 -205.251 10.1056 -324.669 0.00300975 -0.404472 -0.0272542 0.914139
49.8525 -206.305 10.0928 -323.602 -0.00175251 -0.382603 -0.0219493 0.92365
50.0608 -207.252 10.0829 -322.515 -0.00286447 -0.356683 -0.0142833 0.934112
50.269 -208.097 10.0694 -321.394 -0.00477157 -0.326823 -0.00490398 0.945061
50.4774 -208.847 10.0554 -320.255 -0.00775727 -0.293302 0.00121693 0.955988
50.8939 -210.01 10.0291 -317.979 -0.00632791 -0.215675 0.00192015 0.976443
51.1024 -210.409 10.0082 -316.816 -0.00193485 -0.168091 0.00239818 0.985767
51.5191 -210.803 9.97332 -314.405 -0.00127342 -0.0638361 0.00553505 0.997944
51.9355 -210.732 9.93033 -311.983 0.00327772 0.0371801 0.00158945 0.999302
52.1434 -210.534 9.90246 -310.769 0.00417711 0.0815604 -0.000515075 0.99666
52.3512 -210.24 9.87649 -309.539 -0.000214736 0.120862 -0.00422433 0.99266
52.7663 -209.358 9.83313 -307.065 -0.000315009 0.187906 -0.00715911 0.982161
53.1812 -208.119 9.79399 -304.555 -0.00177937 0.238498 -0.00441768 0.971131
53.3884 -207.402 9.77755 -303.276 -0.0010621 0.254181 -0.00321264 0.967151
53.5958 -206.638 9.7611 -301.97 -0.00273303 0.265609 -0.00351031 0.96407
54.0105 -204.95 9.73434 -299.282 -0.00411769 0.284351 -0.00231533 0.958709
54.2179 -204.035 9.72406 -297.905 -0.00338186 0.292691 -0.00191415 0.956199
54.6328 -202.074 9.69572 -295.095 -0.00303329 0.306321 3.88649e-06 0.951923
54.8403 -201.042 9.68026 -293.678 -0.00339615 0.312881 0.00106932 0.949786
55.0476 -199.979 9.66173 -292.262 -0.00181616 0.317686 0.00398824 0.948186
55.4625 -197.806 9.61551 -289.408 0.00323802 0.32111 0.00735664 0.947008
55.6699 -196.709 9.58361 -287.966 0.00639364 0.320709 0.00869624 0.947116
56.0848 -194.526 9.49861 -285.058 0.00573424 0.315948 0.0120472 0.948683
56.2921 -193.453 9.4587 -283.598 0.00601564 0.311387 0.0140552 0.95016
56.7071 -191.391 9.37797 -280.653 0.0050266 0.299265 0.0139484 0.954055
56.9148 -190.408 9.33662 -279.185 0.00543028 0.294433 0.0123443 0.955577
57.3299 -188.448 9.25562 -276.23 0.00582466 0.290484 0.0105746 0.956804
57.5376 -187.477 9.21454 -274.752 0.00549224 0.289845 0.0092507 0.957013
57.9529 -185.538 9.13169 -271.8 0.00411829 0.291207 0.00713577 0.956624
58.1606 -184.557 9.09249 -270.334 0.00391433 0.294677 0.00634129 0.955568
58.6799 -182.071 8.99102 -266.721 0.0037147 0.301374 0.00661465 0.953476
58.8875 -181.075 8.95096 -265.297 0.00395857 0.302414 0.00750047 0.953139
59.3026 -179.08 8.87127 -262.437 0.00627404 0.299088 0.0100623 0.954152
59.5101 -178.107 8.82861 -261.004 0.00563385 0.295507 0.0106813 0.955264
59.9253 -176.191 8.75705 -258.113 0.00053023 0.289951 0.0106982 0.956982
60.1328 -175.256 8.72937 -256.679 0.000471457 0.288275 0.00973552 0.957498
60.5481 -173.39 8.67084 -253.823 0.00180242 0.288928 0.00821198 0.957314
60.6519 -172.925 8.65553 -253.113 0.00164911 0.288963 0.00843563 0.957302
60.7558 -172.459 8.63958 -252.4 0.0011182 0.288759 0.00833733 0.957365
60.8595 -171.992 8.62457 -251.683 0.000788178 0.288382 0.00808195 0.957481
61.2749 -170.159 8.56331 -248.861 0.00109981 0.287804 0.00661922 0.957666
61.4827 -169.242 8.53149 -247.449 0.00195688 0.285428 0.00747679 0.958369
61.898 -167.434 8.46853 -244.584 0.00272708 0.2807 0.00448729 0.959781
62.1059 -166.525 8.43518 -243.125 0.00250508 0.278922 0.00374209 0.960303
62.3136 -165.611 8.39843 -241.643 0.00374682 0.277531 0.00161739 0.960708
62.7294 -163.736 8.31825 -238.602 0.00282503 0.278502 -0.00191815 0.96043
62.9373 -162.755 8.27703 -237.046 0.00336764 0.28133 -0.00286814 0.959601
63.3533 -160.719 8.18504 -233.915 0.00339383 0.292616 -0.00459379 0.956213
63.5611 -159.651 8.13871 -232.352 0.00322582 0.299027 -0.0036306 0.954232
63.7692 -158.557 8.09059 -230.791 0.00315064 0.303979 -0.00243064 0.95267
63.9768 -157.446 8.04401 -229.226 0.0017267 0.306055 -0.000543496 0.952012
64.3923 -155.239 7.95404 -226.132 0.00195516 0.309293 -0.000563599 0.950965
64.6 -154.144 7.90828 -224.616 0.00156184 0.310834 0.000282273 0.950463
64.7039 -153.601 7.88528 -223.868 0.00185274 0.311793 0.000285907 0.950148
65.0155 -151.993 7.81978 -221.682 0.0014083 0.317059 0.000385714 0.948405
65.431 -149.827 7.73225 -218.842 0.00416965 0.321928 0.00467242 0.946743
65.7425 -148.217 7.66957 -216.731 0.00417457 0.320266 0.00736419 0.94729
65.9501 -147.161 7.63092 -215.321 0.00563037 0.316192 0.00893791 0.948637
66.3651 -145.122 7.554 -212.47 0.00310775 0.302586 0.0113643 0.953049
66.5728 -144.13 7.5227 -211.01 0.00304449 0.295092 0.012197 0.955386
66.7804 -143.163 7.49387 -209.526 0.00414041 0.287219 0.0108959 0.957794
67.1955 -141.296 7.42646 -206.484 0.00220637 0.271865 0.00760101 0.962303
67.4033 -140.393 7.39335 -204.943 0.00169704 0.267786 0.00402327 0.963468
67.8188 -138.568 7.3265 -201.815 0.000515314 0.264484 0.00140969 0.964389
68.0265 -137.658 7.29481 -200.232 -0.000990499 0.26462 -0.00185329 0.964351
68.4424 -135.798 7.22375 -197.106 -0.000972395 0.274723 -0.00597861 0.961504
68.6503 -134.838 7.18424 -195.581 -0.000153055 0.282021 -0.00665844 0.959385
69.0661 -132.855 7.09083 -192.612 0.00156774 0.300532 -0.00814447 0.953736
69.274 -131.818 7.04282 -191.177 0.000649785 0.310511 -0.00577642 0.950552
69.6898 -129.679 6.95196 -188.409 0.00307628 0.328587 -0.00032994 0.944469
69.8975 -128.597 6.90587 -187.075 0.0035877 0.332904 0.00437532 0.942944
70.3128 -126.498 6.8253 -184.508 0.00433553 0.336098 0.0110727 0.941752
70.5203 -125.52 6.78862 -183.308 0.00466531 0.335512 0.0132105 0.941932
70.7279 -124.6 6.75068 -182.173 0.00492692 0.334605 0.0151477 0.942224
71.2468 -122.571 6.67184 -179.658 0.0052578 0.332834 0.0189079 0.942781
71.558 -121.543 6.62698 -178.373 0.00866835 0.329404 0.0210782 0.943914
71.8692 -120.67 6.59642 -177.221 0.0076425 0.319402 0.0232647 0.947303
72.491 -119.39 6.51028 -175.098 0.0124141 0.251891 0.0212885 0.967442
72.6983 -119.107 6.48528 -174.369 0.00973906 0.214165 0.0180081 0.976583
72.9056 -118.888 6.45474 -173.616 0.00536271 0.173999 0.0141867 0.984629
73.1132 -118.74 6.42502 -172.869 0.00406724 0.131623 0.00888577 0.991252
73.3207 -118.644 6.40428 -172.119 0.00474342 0.0878853 0.0066484 0.996097
73.7357 -118.65 6.36591 -170.613 0.00514849 0.000611278 0.00194125 0.999985
74.1506 -118.914 6.33673 -169.012 0.00891994 -0.0955396 0.0068562 0.995362
74.3581 -119.204 6.32854 -168.114 0.0101609 -0.146753 0.000722781 0.989121
74.7733 -120.106 6.28344 -166.239 0.00386131 -0.243561 0.00382732 0.96987
75.1891 -121.506 6.26327 -164.305 -0.00317872 -0.320604 0.00532698 0.947193
75.397 -122.366 6.24958 -163.339 -0.00379881 -0.354989 0.0102526 0.934806
75.8131 -124.462 6.21542 -161.437 -0.000436057 -0.414232 0.0115148 0.910098
76.2297 -127.008 6.18281 -159.521 -0.0059371 -0.452464 0.00728614 0.891733
76.4379 -128.408 6.17372 -158.558 -0.00348804 -0.465488 0.00971009 0.884994
76.6463 -129.918 6.1622 -157.573 -0.00600778 -0.473816 0.00693132 0.880576
77.0633 -133.071 6.14628 -155.536 -0.0032727 -0.473897 0.00495901 0.88056
77.2718 -134.657 6.12108 -154.484 -0.00330841 -0.470375 0.00495623 0.882446
77.6884 -137.864 6.06913 -152.278 -0.00567484 -0.460287 0.00461377 0.88774
77.8965 -139.472 6.05614 -151.126 -0.0129483 -0.456091 0.00393504 0.88983
78.3125 -142.653 6.02053 -148.83 -0.00530589 -0.450616 0.00500259 0.892688
78.5204 -144.241 5.9987 -147.684 -0.004301 -0.449264 0.000336486 0.893389
78.7283 -145.793 5.97234 -146.545 -0.00242633 -0.450232 0.00312711 0.892903
79.1436 -148.855 5.91706 -144.334 -0.00679673 -0.456143 0.00572412 0.889862
79.3514 -150.389 5.89506 -143.252 -0.00732359 -0.458777 0.00595985 0.888501
79.7669 -153.345 5.84755 -141.204 -0.00513888 -0.463687 0.0080775 0.885947
79.9746 -154.729 5.81404 -140.263 -0.00704091 -0.466031 0.00719214 0.884711
80.3899 -157.241 5.75897 -138.606 -0.00773745 -0.474242 0.00589319 0.880341
80.9088 -159.923 5.71014 -136.978 -0.00904985 -0.494584 0.00422693 0.869072
81.4273 -162.357 5.66654 -135.837 -0.00361934 -0.541657 0.00429688 0.840581
81.6347 -163.322 5.64356 -135.506 -0.00357446 -0.567413 0.00171062 0.823424
81.842 -164.291 5.62382 -135.262 -0.00261752 -0.597832 -0.0033924 0.80161
82.0494 -165.264 5.61491 -135.107 -0.00030596 -0.631808 -0.00817591 0.775082
82.2568 -166.256 5.60121 -135.035 0.00026286 -0.664384 -0.0146405 0.747248
82.4643 -167.251 5.59941 -135.031 0.000107844 -0.696335 -0.0152685 0.717555
82.8792 -169.342 5.63334 -135.305 -0.00187651 -0.759553 -0.0197971 0.650142
83.2939 -171.493 5.68196 -136.013 -0.00189938 -0.822501 -0.0121788 0.56863
83.7088 -173.606 5.71826 -137.283 -0.000592651 0.877994 0.012407 -0.478511
84.1244 -175.606 5.75358 -139.081 -0.00308099 0.91754 0.0158426 -0.397316
84.3326 -176.558 5.77898 -140.141 -0.00422547 0.930967 0.0144317 -0.364794
84.7495 -178.453 5.83067 -142.506 -0.00117587 0.944361 0.0191897 -0.328348
85.1668 -180.378 5.9033 -145.067 -0.00133708 0.947486 0.0187459 -0.319245
85.3754 -181.388 5.93961 -146.405 -0.000492994 0.947232 0.0188497 -0.319994
85.7922 -183.511 6.01939 -149.187 0.00398724 0.946906 0.0178798 -0.320988
86.0003 -184.619 6.06174 -150.634 0.00639185 0.946817 0.0171179 -0.321253
86.2084 -185.756 6.1079 -152.119 0.00879188 0.946755 0.0162927 -0.321423
86.6244 -188.117 6.1983 -155.217 0.0127759 0.947402 0.0129622 -0.319529
86.8323 -189.337 6.24572 -156.838 0.0155788 0.94837 0.0130824 -0.316514
87.2478 -191.799 6.35327 -160.261 0.0172487 0.952358 0.0146846 -0.304141
87.4555 -193.022 6.41136 -162.055 0.0166745 0.954516 0.0186945 -0.297106
87.6633 -194.213 6.46397 -163.85 0.0154241 0.956752 0.0146255 -0.290126
88.0787 -196.529 6.53275 -167.502 0.0150093 0.960787 0.0134308 -0.276556
88.4942 -198.736 6.60176 -171.209 0.0127604 0.964084 0.0149662 -0.264869
88.8059 -200.301 6.65667 -173.939 0.00976873 0.965135 0.0162257 -0.261067
89.0139 -201.303 6.68894 -175.692 0.00809988 0.965191 0.0172945 -0.260848
89.4297 -203.18 6.75387 -178.984 0.00526809 0.965404 0.0191071 -0.260003
89.8458 -204.916 6.80804 -181.982 0.000475719 0.963676 0.0201021 -0.266315
90.0538 -205.791 6.83811 -183.436 0.000924705 0.962709 0.0187011 -0.269889
90.2618 -206.668 6.86788 -184.882 0.000495315 0.961974 0.0194421 -0.272447
90.6778 -208.421 6.92152 -187.728 -0.00260173 0.95999 0.0186876 -0.279397
90.8859 -209.324 6.95258 -189.137 -9.07501e-05 0.958525 0.0236546 -0.284025
91.302 -211.134 7.03321 -191.885 0.00123502 0.95643 0.0213082 -0.291179
91.5101 -212.056 7.07092 -193.264 0.00114201 0.955676 0.0204156 -0.293708
91.7179 -212.997 7.11003 -194.655 0.00233694 0.95521 0.0201461 -0.295232
92.1337 -214.894 7.18967 -197.468 0.00415027 0.955467 0.0217202 -0.294268
92.3416 -215.831 7.23119 -198.878 0.00430317 0.955994 0.0227753 -0.292468
92.7574 -217.679 7.3146 -201.694 0.00331972 0.957351 0.0201042 -0.288209
92.9654 -218.593 7.34899 -203.112 0.0010394 0.957802 0.0184583 -0.286834
93.3813 -220.468 7.43063 -206.012 0.00263347 0.957862 0.0228257 -0.286309
93.5893 -221.422 7.48302 -207.49 0.00185266 0.958066 0.0203812 -0.285816
93.7972 -222.392 7.52665 -209.001 0.000743866 0.958178 0.019595 -0.285502
94.213 -224.399 7.61691 -212.124 -0.000382148 0.958129 0.0199821 -0.285639
94.4209 -225.428 7.65983 -213.72 -0.00106757 0.958073 0.0190373 -0.28589
94.6289 -226.466 7.69371 -215.321 -0.000379828 0.958165 0.0168195 -0.285722
94.8368 -227.508 7.72243 -216.929 3.8869e-05 0.957993 0.0166887 -0.286304
95.0446 -228.555 7.7482 -218.531 0.00191059 0.957795 0.0165273 -0.286971
95.4602 -230.645 7.80379 -221.73 0.00322256 0.957204 0.017778 -0.288849
95.668 -231.691 7.83531 -223.315 0.00430617 0.956816 0.0179912 -0.290106
95.8758 -232.731 7.86297 -224.892 0.00334796 0.956538 0.0166653 -0.291112
96.0837 -233.772 7.89185 -226.463 0.00360642 0.956496 0.016395 -0.291263
96.4994 -235.823 7.95256 -229.551 0.00452782 0.956183 0.0174771 -0.292212
96.7073 -236.839 7.98076 -231.079 0.00449986 0.956032 0.0185371 -0.292641
97.123 -238.829 8.04504 -234.069 0.00420222 0.955808 0.0200669 -0.293277
97.3311 -239.793 8.07769 -235.512 0.00398951 0.95574 0.0199772 -0.293507
97.539 -240.749 8.10637 -236.937 0.00375815 0.955761 0.017177 -0.29362
97.9549 -242.644 8.16657 -239.77 0.00570459 0.956057 0.0206697 -0.292397
98.1628 -243.578 8.20606 -241.176 0.00653652 0.956355 0.0212334 -0.291362
98.3707 -244.503 8.24497 -242.581 0.00704766 0.956945 0.0206816 -0.289444
98.5786 -245.41 8.2823 -243.984 0.00624859 0.958057 0.0178075 -0.285957
98.7866 -246.314 8.32068 -245.415 0.00468208 0.958806 0.0189235 -0.283394
98.9944 -247.234 8.35822 -246.865 0.00575682 0.959248 0.0201626 -0.281787
99.2024 -248.156 8.39896 -248.326 0.00532825 0.959744 0.0179208 -0.280253
99.4103 -249.086 8.43816 -249.806 0.00571686 0.959946 0.0186308 -0.279507
99.8262 -250.953 8.5183 -252.805 0.00299245 0.960178 0.0200078 -0.278657
100.034 -251.892 8.55711 -254.32 0.00121152 0.96034 0.0191581 -0.278171
100.45 -253.774 8.63736 -257.358 0.00181602 0.96054 0.023306 -0.277159
100.657 -254.704 8.67929 -258.863 0.00242678 0.960647 0.0235386 -0.276762
100.865 -255.623 8.72648 -260.356 0.000494371 0.96073 0.0212804 -0.276667
101.281 -257.468 8.80175 -263.306 -0.00257991 0.958666 0.0214192 -0.283715
101.489 -258.384 8.83574 -264.719 -0.00278716 0.957462 0.0208051 -0.287796
101.905 -260.19 8.88887 -267.404 -4.17914e-05 0.954743 0.0216999 -0.296641
102.113 -261.057 8.91274 -268.65 -0.00172962 0.95241 0.0223364 -0.303997
102.529 -262.743 8.9499 -270.856 -0.00272297 0.94253 0.0193949 -0.333548
103.05 -264.791 8.9864 -273.033 0.00637172 0.924914 0.0204197 -0.379573
103.362 -265.962 9.00495 -274.053 0.00576051 0.90964 0.016151 -0.415043
103.779 -267.57 9.02402 -275.077 0.0105078 0.8761 0.00992817 -0.481913
103.988 -268.411 9.02478 -275.48 -0.00851567 -0.854754 -0.00797049 0.518903
104.404 -270.163 9.04138 -276.036 -0.00991904 -0.807434 -0.00398165 0.589862
104.612 -271.067 9.03882 -276.239 -0.00265869 -0.78241 -0.00607871 0.622729
104.82 -272.067 9.04009 -276.326 -0.00794253 -0.756538 0.00224248 0.653898
105.237 -274.308 9.05113 -276.343 -0.000233523 -0.692586 -0.00652302 0.721306
105.653 -276.765 9.04888 -275.852 0.00150114 -0.617477 -0.00483905 0.786573
105.861 -278.046 9.03699 -275.412 0.00111892 -0.582262 -0.00428319 0.812989
106.276 -280.717 9.01864 -274.192 -0.000617097 -0.526916 -0.00623093 0.849894
106.691 -283.515 9.01162 -272.584 -0.0012863 -0.490488 -0.00747287 0.871415
106.898 -284.956 9.01128 -271.664 -0.00127634 -0.479473 -0.00502149 0.877541
107.106 -286.444 9.00526 -270.687 -0.00205162 -0.473284 -0.00367769 0.8809
107.52 -289.552 8.97375 -268.621 0.000906969 -0.470642 0.00162485 0.882322
107.935 -292.785 8.90966 -266.463 -0.00229988 -0.470118 0.00294257 0.882596
108.143 -294.431 8.88485 -265.362 -0.00543791 -0.470284 0.00366487 0.882491
108.35 -296.078 8.85833 -264.265 -0.00529165 -0.470533 0.0056321 0.882349
108.766 -299.365 8.79333 -262.09 -0.00319593 -0.469783 0.00440716 0.882765
108.973 -300.998 8.7584 -261.001 -0.00356472 -0.469382 0.00440189 0.882977
109.389 -304.218 8.70473 -258.846 -0.00743059 -0.468898 0.0023054 0.883218
109.596 -305.815 8.68724 -257.782 -0.0072035 -0.469136 0.00110447 0.883096
110.011 -308.879 8.66326 -255.743 -0.00935658 -0.468754 -0.00330204 0.883273
110.219 -310.292 8.64586 -254.792 -0.00275699 -0.466581 -0.00134269 0.884473
110.635 -312.911 8.59067 -252.988 -0.00457874 -0.458713 -0.00480733 0.88856
110.843 -314.092 8.57598 -252.124 -0.00512624 -0.44769 -0.00597936 0.894154
111.26 -316.195 8.55647 -250.329 -0.00861369 -0.403894 -0.00683365 0.91474
111.468 -317.111 8.55311 -249.357 -0.00509107 -0.367845 -0.00561475 0.929856
111.886 -318.601 8.52937 -247.193 -0.00114744 -0.274672 -0.00178725 0.961536
112.094 -319.162 8.50997 -246.016 -0.00215901 -0.22584 -0.00128398 0.974161
112.302 -319.592 8.48953 -244.803 -0.00238607 -0.176519 -0.00140259 0.984293
112.719 -320.105 8.44 -242.22 0.0082848 -0.0723231 -0.000109427 0.997347
112.823 -320.137 8.42252 -241.551 0.00684003 -0.0455005 0.000614231 0.998941
113.239 -319.988 8.34115 -238.774 0.00511108 0.0523679 0.000353587 0.998615
113.655 -319.351 8.26526 -235.956 0.00614971 0.131851 0.00184199 0.991249
113.862 -318.859 8.23374 -234.529 0.00905955 0.164836 0.00488824 0.986267
114.277 -317.587 8.15545 -231.561 0.00659781 0.21216 0.00975136 0.977164
114.484 -316.84 8.12283 -230.036 0.00937794 0.228371 0.0103589 0.973474
114.692 -316.026 8.08315 -228.47 0.00845115 0.240546 0.0110118 0.970538
115.107 -314.254 8.01209 -225.245 0.00596084 0.25379 0.0135212 0.967146
115.314 -313.316 7.97788 -223.594 0.00699489 0.256996 0.0149932 0.966271
115.522 -312.354 7.9424 -221.913 0.00543811 0.260706 0.0147577 0.96529
115.937 -310.353 7.86738 -218.503 0.00677199 0.269598 0.00964342 0.962901
116.144 -309.312 7.82322 -216.786 0.00651615 0.274097 0.0080022 0.961647
116.56 -307.131 7.73222 -213.309 0.00387507 0.283093 0.00662822 0.959062
116.767 -305.994 7.69182 -211.559 0.00164307 0.286949 0.00788751 0.957912
117.182 -303.721 7.60793 -208.109 0.00631036 0.292932 0.00397001 0.956104
117.39 -302.578 7.55168 -206.396 0.00439324 0.295974 0.00133332 0.955185
117.598 -301.422 7.50151 -204.694 0.00131907 0.299763 0.000173741 0.954013
118.013 -299.068 7.40825 -201.334 0.00138228 0.310272 -0.00439832 0.950637
118.221 -297.849 7.36091 -199.678 0.00109023 0.316182 -0.00335521 0.948692
118.636 -295.347 7.27544 -196.426 0.00360439 0.326371 0.00205199 0.945233
118.844 -294.057 7.2314 -194.787 0.00273283 0.328358 0.00430724 0.94454
119.259 -291.55 7.16162 -191.59 0.00531999 0.32576 0.0102383 0.945382
119.467 -290.314 7.11271 -190.003 0.00977684 0.320068 0.0160725 0.947208
119.882 -287.913 7.01574 -186.739 0.0097724 0.30857 0.0181298 0.950979
120.089 -286.75 6.96633 -185.088 0.00981962 0.301362 0.0196593 0.953257
120.505 -284.494 6.86501 -181.718 0.0107704 0.287364 0.0197932 0.957556
120.712 -283.394 6.81204 -179.995 0.00865139 0.281242 0.0201992 0.959385
121.128 -281.232 6.71422 -176.512 0.00931 0.275297 0.0169972 0.961164
121.544 -279.085 6.63124 -172.987 0.00265232 0.272252 0.0165442 0.96208
121.751 -278.026 6.59747 -171.236 0.00271148 0.271765 0.0145528 0.96225
122.167 -275.915 6.52695 -167.74 0.00175255 0.272572 0.0102145 0.962079
122.479 -274.327 6.47383 -165.154 0.000551166 0.276151 0.00867397 0.961075
122.895 -272.223 6.40244 -161.767 0.00153254 0.276939 0.00820659 0.960851
123.31 -270.168 6.32364 -158.469 0.00385759 0.278464 0.00706801 0.960413
123.518 -269.158 6.27807 -156.851 0.00430306 0.280561 0.00508777 0.959813
123.934 -267.147 6.1806 -153.709 0.00298328 0.285378 0.00492001 0.958398
124.142 -266.156 6.13473 -152.189 0.0028554 0.287907 0.0049058 0.957642
124.35 -265.167 6.09014 -150.697 0.00497719 0.290601 0.00500745 0.956818
124.765 -263.215 5.99792 -147.792 0.00329809 0.294509 0.0073832 0.955614
125.077 -261.825 5.93729 -145.73 0.00367087 0.295625 0.00677033 0.955273
125.181 -261.374 5.9175 -145.065 0.00373193 0.295885 0.00698577 0.955191
125.389 -260.486 5.87552 -143.755 0.00359219 0.295948 0.0074519 0.955168
125.805 -258.771 5.81109 -141.222 -0.00016295 0.294923 0.0104586 0.955464
126.013 -257.949 5.78544 -140.001 0.000461131 0.294195 0.0110913 0.955681
126.428 -256.376 5.73785 -137.651 0.00103472 0.292864 0.0117512 0.956081
126.636 -255.622 5.71074 -136.524 0.00128724 0.292223 0.0125548 0.956267
126.844 -254.898 5.68933 -135.438 0.00142331 0.291488 0.0124921 0.956492
127.052 -254.198 5.66462 -134.381 0.00181059 0.290792 0.0121827 0.956707
127.572 -252.548 5.60932 -131.876 0.00168666 0.289458 0.0121365 0.957112
127.78 -251.918 5.58921 -130.916 0.000824147 0.289335 0.0118981 0.957154
128.197 -250.691 5.55319 -129.05 0.00074618 0.289182 0.0122234 0.957196
128.405 -250.087 5.53368 -128.131 0.00153917 0.289151 0.0117945 0.95721
128.613 -249.488 5.5147 -127.222 0.00333318 0.288939 0.0121019 0.957265
129.029 -248.302 5.47496 -125.414 0.0020884 0.288505 0.0121823 0.957399
129.237 -247.717 5.45269 -124.52 0.00182572 0.287973 0.0125557 0.957555
129.445 -247.138 5.4352 -123.63 0.0024677 0.287448 0.0120214 0.957718
129.861 -245.994 5.39391 -121.861 0.00307857 0.285306 0.0113706 0.958364
130.069 -245.448 5.36588 -120.992 0.00628057 0.284128 0.00726924 0.958738
130.277 -244.897 5.34319 -120.132 0.00982789 0.282897 0.00715706 0.959073
130.693 -243.812 5.27464 -118.396 0.00753048 0.282121 0.00396711 0.959341
130.901 -243.264 5.24196 -117.533 0.00721191 0.282007 0.00409773 0.959377
131.109 -242.723 5.20661 -116.67 0.00874691 0.282574 0.00180934 0.959204
131.525 -241.614 5.13967 -114.944 0.0101868 0.285648 0.000920722 0.95828
131.733 -241.047 5.10179 -114.073 0.00926538 0.28714 0.00108783 0.957843
131.941 -240.471 5.06658 -113.193 0.00802826 0.288411 0.00123524 0.957472
132.15 -239.881 5.03172 -112.311 0.00741377 0.289599 0.00335186 0.957114
132.774 -238.084 4.95225 -109.63 0.000398354 0.292867 0.00798025 0.95612
133.086 -237.187 4.92486 -108.301 -3.52606e-05 0.294819 0.00893557 0.955511
133.71 -235.368 4.8761 -105.709 0.000503344 0.309156 0.00920263 0.950967
134.022 -234.412 4.85046 -104.466 0.00195269 0.323835 0.00899394 0.946069
134.647 -232.517 4.77592 -102.429 0.010865 0.375407 0.0114191 0.926726
134.96 -231.597 4.73878 -101.633 0.00929667 0.403742 0.0163215 0.91468
135.272 -230.764 4.71042 -100.985 0.00807196 0.429845 0.0177037 0.902693
135.897 -229.097 4.6753 -99.9673 0.00518912 0.497457 0.0197732 0.867248
136.209 -228.245 4.65607 -99.6048 0.0100297 0.538449 0.0166609 0.842433
136.522 -227.361 4.64673 -99.3443 0.0178447 0.584381 0.0101645 0.81122
136.73 -226.712 4.64068 -99.2255 0.0203345 0.618304 0.00776182 0.785638
137.147 -225.253 4.62052 -99.222 0.0200639 0.690347 0.0139405 0.723066
137.564 -223.621 4.60345 -99.477 0.013238 0.759509 0.0182238 0.650107
137.772 -222.737 4.60463 -99.7198 0.00882443 0.788819 0.0145517 0.61439
138.188 -220.866 4.61471 -100.501 0.0129718 0.83409 0.00952234 0.551394
138.603 -218.806 4.61111 -101.654 0.011455 0.86596 0.0124853 0.499826
138.81 -217.73 4.61933 -102.361 0.0111811 0.878354 0.0119106 0.477731
139.225 -215.445 4.63509 -104.01 0.0167056 0.889976 0.0175297 0.455365
139.64 -212.957 4.65907 -105.809 0.0185105 0.890233 0.0182969 0.454761
139.847 -211.608 4.67688 -106.764 0.0172984 0.889071 0.0191761 0.45704
140.262 -208.715 4.71007 -108.764 0.0154808 0.886062 0.019562 0.462896
140.47 -207.207 4.71954 -109.786 0.0170953 0.884404 0.0166864 0.466111
140.678 -205.671 4.72399 -110.824 0.0200952 0.882825 0.0188399 0.468893
141.093 -202.542 4.74638 -112.92 0.0206022 0.881854 0.0281932 0.470228
141.301 -200.964 4.77007 -113.969 0.0184222 0.882486 0.0291421 0.469074
141.717 -197.833 4.82912 -116.068 0.0170892 0.883116 0.0299516 0.467885
141.925 -196.279 4.85138 -117.099 0.0180926 0.883282 0.0206439 0.468038
142.341 -193.166 4.86114 -119.146 0.0109581 0.882178 0.0200843 0.470361
142.549 -191.635 4.87573 -120.155 0.0109404 0.881055 0.022999 0.472328
142.965 -188.644 4.88636 -122.074 0.0154527 0.877417 0.0174403 0.479162
143.173 -187.195 4.88415 -122.977 0.013141 0.875911 0.0195133 0.481898
143.381 -185.823 4.87787 -123.823 0.0124116 0.874525 0.0204492 0.48439
143.901 -182.685 4.87773 -125.716 0.01224 0.871327 0.0195471 0.490161
144.109 -181.489 4.87702 -126.406 0.00786813 0.87038 0.0176381 0.492001
144.629 -178.834 4.87469 -127.967 0.00155714 0.872569 0.015352 0.488247
144.837 -177.972 4.87071 -128.508 0.00374197 0.874107 0.0162135 0.485449
145.149 -176.773 4.8642 -129.255 0.00513805 0.875676 0.0121561 0.482719
145.461 -175.587 4.86408 -129.99 0.00453494 0.87533 0.0120766 0.483354
146.084 -173.31 4.83558 -131.354 0.0107164 0.870053 0.00473356 0.492819
146.396 -172.152 4.82871 -132.022 0.00974849 0.86688 0.00984715 0.498324
147.02 -169.554 4.82779 -133.438 0.00733524 0.859291 0.0157602 0.511192
147.228 -168.597 4.83677 -133.932 0.00446242 0.858132 0.0164095 0.513147
147.436 -167.595 4.84389 -134.457 0.00342915 0.857777 0.0162457 0.513754
147.644 -166.544 4.85623 -135.01 0.0030409 0.858891 0.0138022 0.511964
148.06 -164.25 4.88425 -136.266 0.00186147 0.862586 0.0145785 0.505696
148.268 -163.003 4.90083 -136.959 -0.000800757 0.866256 0.0104506 0.49949
148.476 -161.736 4.91572 -137.717 -0.00158085 0.872093 0.00863883 0.489262
148.893 -159.133 4.93856 -139.451 -0.000773196 0.886438 0.00804145 0.462777
149.101 -157.798 4.95389 -140.429 -0.000332118 0.892 0.0106387 0.45191
149.309 -156.416 4.96928 -141.461 -0.000197001 0.89534 0.0114236 0.445237
149.724 -153.535 5.00941 -143.661 0.000331732 0.897672 0.0156868 0.440386
149.932 -152.057 5.02766 -144.8 0.00449024 0.897611 0.0123221 0.440593
150.14 -150.504 5.04408 -145.988 0.00638453 0.897042 0.0125083 0.441723
150.555 -147.327 5.07881 -148.394 0.00613068 0.895436 0.0182682 0.444774
150.763 -145.723 5.09777 -149.604 0.00947609 0.894274 0.0207416 0.446938
151.179 -142.501 5.11728 -151.971 0.0188794 0.889367 0.0215564 0.456295
151.386 -140.851 5.12388 -153.117 0.0181368 0.886172 0.0229169 0.462434
151.802 -137.541 5.12619 -155.303 0.0127725 0.880973 0.0196324 0.472586
152.009 -135.888 5.13654 -156.365 0.00984195 0.879289 0.0219888 0.47568
152.425 -132.737 5.1515 -158.374 0.0110662 0.878094 0.0195738 0.47796
152.633 -131.272 5.1544 -159.322 0.0151498 0.87761 0.0220139 0.478631
153.257 -127.382 5.1517 -161.774 0.00939801 0.878332 0.0191313 0.477577
153.569 -125.784 5.15243 -162.794 0.00627112 0.879058 0.0190974 0.47629
154.296 -122.922 5.16202 -164.65 0.00589187 0.880171 0.0162264 0.474343
154.608 -121.847 5.16289 -165.32 0.00338822 0.879225 0.0103543 0.476283
154.92 -120.805 5.16468 -166.015 0.00996951 0.877654 0.0159477 0.478926
155.544 -118.76 5.17186 -167.285 0.0127838 0.872583 0.0183815 0.487952
156.063 -116.9 5.16799 -168.351 0.0165965 0.864942 0.0177756 0.501283
156.479 -115.231 5.16793 -169.234 0.0143197 0.859193 0.0156724 0.511211
156.687 -114.321 5.16744 -169.715 0.016362 0.856756 0.0168485 0.515188
157.103 -112.34 5.15604 -170.713 0.0136219 0.855647 0.00791477 0.517321
157.311 -111.262 5.15578 -171.271 0.0105018 0.856697 0.00835819 0.515646
157.727 -108.95 5.15524 -172.48 -0.00268464 0.860961 0.0112136 0.50854
157.935 -107.747 5.16678 -173.153 -0.00219542 0.865227 0.0059178 0.501341
158.456 -104.693 5.14734 -175.109 0.00140732 0.884347 0.00399458 0.466811
158.664 -103.472 5.14624 -176.008 -0.00126903 0.893641 0.00808661 0.448709
158.872 -102.259 5.13846 -176.981 -0.000252841 0.902355 0.00847987 0.430911
159.288 -99.8521 5.1281 -179.094 0.0122051 0.910787 0.00731275 0.412632
159.703 -97.3193 5.11555 -181.286 0.0157607 0.907655 0.0168487 0.419083
159.91 -95.9871 5.11794 -182.387 0.0192021 0.904107 0.0167117 0.426548
160.117 -94.6084 5.11556 -183.481 0.0219728 0.900253 0.013424 0.434605
160.533 -91.6842 5.08988 -185.664 0.0192277 0.893075 0.0151153 0.449243
160.74 -90.1694 5.0838 -186.738 0.0177066 0.889829 0.0141793 0.455729
161.156 -87.0936 5.05815 -188.875 0.0171797 0.886247 0.0157306 0.462627
161.363 -85.5593 5.05131 -189.922 0.0175514 0.885386 0.0132266 0.464337
161.779 -82.4994 5.02355 -192.029 0.0204617 0.885482 0.0164713 0.46393
161.987 -80.9947 5.00952 -193.073 0.02358 0.885568 0.0167844 0.463608
162.195 -79.4728 5.00187 -194.115 0.0174967 0.886013 0.0225751 0.462781
162.403 -77.9782 5.01077 -195.142 0.0126347 0.887336 0.023944 0.460327
162.819 -75.123 5.01327 -197.159 0.0198991 0.888318 0.0182489 0.458434
163.026 -73.7505 5.0019 -198.125 0.0203898 0.888183 0.0177779 0.458692
163.442 -71.1628 4.98539 -199.944 0.0198211 0.887232 0.0239683 0.460274
163.962 -68.3479 4.95965 -201.889 0.0227484 0.885714 0.0191376 0.463278
164.274 -66.9117 4.93812 -202.848 0.0210627 0.882349 0.0218199 0.469617
165.001 -64.2754 4.90923 -204.462 0.0176162 0.871054 0.0188652 0.490508
165.833 -61.9197 4.86697 -205.62 0.0171003 0.846184 0.00965246 0.532529
166.145 -61.1283 4.85748 -205.912 0.0164544 0.829883 0.0103549 0.557599
166.456 -60.3417 4.83557 -206.101 0.00956625 0.807145 0.0104155 0.590183
166.768 -59.5779 4.81866 -206.221 0.00555682 0.781575 0.0112632 0.623685
167.39 -57.9836 4.80108 -206.213 0.0051734 0.717402 0.00503135 0.696622
167.598 -57.3698 4.78906 -206.14 0.0083681 0.690804 0.00466196 0.722978
168.116 -55.6131 4.76484 -205.682 0.0103193 0.614718 0.00325926 0.788673
168.531 -54.0244 4.72289 -204.982 0.0086632 0.547498 0.00629822 0.836738
168.947 -52.2492 4.69347 -203.923 0.00751263 0.491299 0.0095521 0.870906
169.155 -51.2931 4.67439 -203.273 0.00783239 0.473498 0.0105904 0.880697
169.571 -49.2503 4.64337 -201.767 0.0101263 0.438688 0.0230485 0.898287
169.779 -48.2571 4.62662 -200.91 0.0079189 0.414186 0.0286401 0.909707
169.987 -47.3519 4.6136 -200.023 0.00602218 0.388061 0.0316151 0.921072
170.507 -45.4593 4.56838 -197.738 0.0086298 0.328722 0.0264883 0.944016
170.716 -44.7677 4.54352 -196.772 0.00914102 0.314316 0.0223508 0.949011
170.924 -44.0922 4.5185 -195.797 0.00815955 0.305457 0.0194603 0.951972
171.549 -42.1511 4.44506 -192.827 0.00812844 0.282769 0.0179681 0.958985
172.173 -40.0781 4.36589 -189.487 0.00851423 0.273059 0.0177174 0.961796
172.381 -39.3461 4.34095 -188.273 0.00838 0.269509 0.0173081 0.962806
172.589 -38.5928 4.31078 -186.999 0.00907961 0.266245 0.0161239 0.963728
173.005 -37.0101 4.235 -184.297 0.012757 0.2652 0.0117495 0.964037
173.214 -36.175 4.1871 -182.879 0.0101448 0.265149 0.0125547 0.964072
173.421 -35.329 4.14624 -181.428 0.0123102 0.262688 0.0125779 0.96472
173.837 -33.5612 4.05923 -178.323 0.00925678 0.253594 0.0163418 0.967128
174.045 -32.6656 4.01765 -176.688 0.012617 0.24846 0.0154387 0.968437
174.461 -30.836 3.90257 -173.22 0.0110786 0.246477 0.00569679 0.969069
174.669 -29.8761 3.83796 -171.42 0.0112652 0.247549 0.00195113 0.968808
174.877 -28.8887 3.77703 -169.58 0.00603946 0.249935 -0.000943242 0.968243
175.293 -26.8249 3.66748 -165.908 0.00590154 0.263123 -0.00462292 0.964733
175.71 -24.5469 3.55769 -162.282 0.00212876 0.28914 -0.00278488 0.95728
175.918 -23.3392 3.50756 -160.517 0.00520327 0.300825 -0.00321496 0.95366
176.333 -20.7672 3.39006 -157.002 0.0075304 0.313903 0.00359419 0.949418
176.541 -19.4709 3.33204 -155.249 0.0069638 0.313628 0.00594167 0.949502
176.749 -18.1757 3.27376 -153.474 0.00763395 0.310957 0.0073217 0.950365
177.164 -15.5747 3.15911 -149.843 0.00947658 0.304 0.0102152 0.95257
177.579 -12.9434 3.05921 -146.067 0.00531554 0.300581 0.0125561 0.953659
177.89 -10.9297 2.99021 -143.16 0.00748673 0.300482 0.0108694 0.953696
178.202 -8.89024 2.90621 -140.187 0.00561429 0.300486 0.0069441 0.953744
178.617 -6.10728 2.80214 -136.161 0.00807309 0.29999 0.0076235 0.953878
178.825 -4.69451 2.73621 -134.122 0.00958688 0.299621 0.00921677 0.953966
179.032 -3.27001 2.67204 -132.06 0.00746642 0.299277 0.0114971 0.954068
179.447 -0.418163 2.54004 -127.901 0.0110254 0.2985 0.00856627 0.954308
179.863 2.4431 2.39574 -123.703 0.0072779 0.297301 0.00878149 0.954716
180.07 3.87418 2.33212 -121.6 0.00826953 0.296066 0.0092267 0.955087
180.485 6.71702 2.18878 -117.365 0.00610656 0.294023 0.00630565 0.955758
180.589 7.42747 2.15741 -116.313 0.00503499 0.293302 0.00826548 0.955971
180.797 8.83675 2.09996 -114.216 0.00366509 0.291733 0.0113457 0.956425
181.211 11.614 1.98963 -110.009 0.00415734 0.289124 0.0102087 0.957228
181.419 12.9974 1.93984 -107.902 0.00277564 0.287771 0.0119659 0.95762
181.626 14.3592 1.89074 -105.807 0.00449346 0.286519 0.0112654 0.957998
182.042 17.0723 1.78394 -101.615 0.00179212 0.287021 0.0103266 0.957867
182.249 18.4335 1.73943 -99.5391 0.00361459 0.28702 0.0122923 0.957839
182.665 21.1175 1.62906 -95.3948 0.0040004 0.286634 0.00895349 0.95799
182.872 22.458 1.57612 -93.3325 0.00459617 0.285897 0.0105055 0.958192
183.287 25.0977 1.45181 -89.2379 0.0089786 0.284542 0.00855534 0.958583
183.495 26.3855 1.38276 -87.2382 0.00672866 0.283927 0.0101975 0.958768
183.91 28.9328 1.25279 -83.264 0.0080325 0.282565 0.0110288 0.959151
184.118 30.1882 1.18511 -81.2799 0.00673067 0.282329 0.0093203 0.959249
184.533 32.6805 1.06486 -77.3596 0.00589208 0.281228 0.0106752 0.959564
184.74 33.8982 1.00625 -75.4286 0.0066109 0.280996 0.0103163 0.959631
185.156 36.2625 0.880382 -71.6795 0.00578024 0.280201 0.0114785 0.959855
185.363 37.366 0.821823 -69.9172 0.00430688 0.279774 0.0115489 0.959987
185.779 39.466 0.719811 -66.5604 0.00252463 0.279248 0.0106155 0.960157
185.986 40.4794 0.679504 -64.9505 0.00129179 0.279058 0.0126961 0.96019
186.402 42.4204 0.584529 -61.8867 0.00659663 0.282792 0.011912 0.959085
186.61 43.364 0.53673 -60.4425 0.00530177 0.286222 0.0148873 0.958033
187.025 45.1318 0.467721 -57.798 0.00177748 0.293365 0.0184614 0.95582
187.233 45.9476 0.442391 -56.6075 0.0023795 0.296337 0.0200331 0.95487
187.441 46.7287 0.416773 -55.4927 0.0059904 0.299208 0.0228512 0.953895
187.961 48.4888 0.342307 -52.9913 0.00975925 0.304518 0.0225426 0.95219
188.273 49.3947 0.292721 -51.706 0.00854545 0.30642 0.0196763 0.951655
189 51.0172 0.201008 -49.2825 0.00834906 0.287593 0.0144673 0.957607
189.415 51.627 0.159195 -48.1806 0.00758877 0.253971 0.0143124 0.967076
190.038 52.1161 0.104668 -46.5757 0.00179103 0.154569 0.00411622 0.987972
190.349 52.2155 0.0907464 -45.7616 0.0026409 0.0963131 -0.000518838 0.995347
190.764 52.2112 0.0681971 -44.5008 0.00249215 0.00878823 -0.000930049 0.999958
190.971 52.1084 0.0575827 -43.7911 0.00294779 -0.0399019 -0.00234736 0.999196
191.386 51.6488 0.0478772 -42.2152 0.00262705 -0.139146 -0.00730808 0.990241
191.594 51.2791 0.0327567 -41.3444 0.00318815 -0.182685 -0.00915574 0.983124
192.01 50.2403 0.0293032 -39.4112 0.0051049 -0.255184 -0.00552225 0.966863
192.427 48.7083 0.0201663 -37.2904 -0.00524478 -0.323642 -0.0014929 0.946164
192.843 46.6759 0.0299931 -35.0667 -0.00610948 -0.377293 0.0106195 0.926013
193.051 45.4571 0.0279667 -33.9221 -0.0124543 -0.404194 0.0149147 0.914467
193.467 42.5971 0.04931 -31.7088 -0.0147438 -0.449323 0.00971796 0.893195
193.676 40.9845 0.0644345 -30.6113 -0.00923289 -0.465195 0.00952553 0.885109
194.092 37.4168 0.0657111 -28.3499 -0.00985287 -0.483043 0.00355325 0.875534
194.301 35.5679 0.0715192 -27.2161 -0.0119383 -0.486704 0.00162903 0.873484
194.509 33.7217 0.072199 -26.0881 -0.0106609 -0.487496 0.0015003 0.873059
194.926 30.0361 0.0649947 -23.8266 -0.0113074 -0.486254 0.00138091 0.873743
195.342 26.3806 0.0617063 -21.5737 -0.00927654 -0.485062 0.00113321 0.87443
195.446 25.4694 0.0590437 -21.0084 -0.00857074 -0.484875 0.00220744 0.874539
195.654 23.6457 0.0494918 -19.8746 -0.010882 -0.4843 0.00253435 0.874831
196.069 20.0431 0.0428666 -17.6254 -0.0112744 -0.48239 0.00431004 0.875873
196.277 18.2755 0.0393514 -16.5148 -0.0132187 -0.481342 0.0035755 0.876426
196.693 14.8848 0.0419702 -14.3753 -0.0141629 -0.479695 0.00218761 0.877318
196.901 13.2639 0.0396997 -13.3545 -0.0133071 -0.479196 0.000554923 0.877607
197.316 10.2115 0.0307601 -11.4152 -0.013444 -0.478627 0.000893063 0.877915
197.524 8.77698 0.0307645 -10.5058 -0.0180893 -0.478124 -0.00175417 0.878104
197.94 6.17564 0.0456632 -8.84578 -0.0146221 -0.476562 0.000678323 0.879019
198.356 3.96542 0.0442997 -7.36684 -0.0129183 -0.459139 -0.00386555 0.888262
198.565 3.06824 0.044721 -6.66453 -0.0128924 -0.439018 -0.00566935 0.898368
198.982 1.69901 0.0422441 -5.28931 -0.0108423 -0.373524 -0.00520374 0.927542
199.191 1.20633 0.0389521 -4.6134 -0.0107482 -0.334008 -0.00270705 0.942505
199.399 0.809832 0.0290498 -3.95072 -0.0092765 -0.289455 -0.0035832 0.95714
199.816 0.286128 0.0101625 -2.65531 -0.00872926 -0.201953 -0.00129461 0.979355
200.025 0.134458 0.00102502 -2.06747 -0.00685307 -0.158703 -0.000168689 0.987303
200.337 0.0522687 -0.0145682 -1.28837 -0.00466829 -0.101845 0.00975834 0.994741
200.96 0.0525757 -0.0348131 -0.153676 -8.2996e-05 -0.0137974 0.00110716 0.999904
201.584 0.26733 -0.0529032 0.882403 -0.0019643 0.0712072 0.00160158 0.997458
201.896 0.443573 -0.0569088 1.39708 -0.00583174 0.109497 0.0040881 0.993962
202.208 0.642686 -0.0621227 1.89869 -0.00531587 0.143503 0.0044058 0.989626
202.935 1.22142 -0.0745273 3.08333 -0.012131 0.207344 0.00798475 0.97816
203.765 1.99689 -0.0750607 4.42351 -0.00535126 0.254295 0.0066145 0.967089
204.491 2.85754 -0.0562637 5.86144 0.00289621 0.264865 0.00560921 0.964265
205.01 3.66432 -0.0730332 7.25394 -0.00147555 0.266155 0.00405803 0.963921
205.322 4.19771 -0.0826182 8.14916 -0.0030599 0.268826 0.00406653 0.963175
205.53 4.57281 -0.0853638 8.7754 -0.00476239 0.270816 0.00415378 0.96261
206.154 5.80791 -0.0926107 10.7174 -0.00677956 0.285675 0.00488206 0.95829
206.465 6.40919 -0.0957961 11.6138 -0.00260544 0.296468 0.00812445 0.955005
207.297 8.53041 -0.114802 14.4408 0.000883371 0.313953 0.017296 0.949281
207.919 10.2017 -0.133616 17.0067 -0.000330912 0.269414 0.0184524 0.962847
208.126 10.7416 -0.145215 18.0142 -0.00311563 0.254755 0.0117931 0.966929
208.334 11.2764 -0.14612 19.0459 0.000164741 0.248913 0.00509613 0.968513
208.751 12.5169 -0.157102 21.2734 -0.00297924 0.259694 0.00236403 0.965683
