0.311075 -2.94327 -1.48098 177.643 0.0288285 0.999387 0.00982838 -0.0172498
0.933147 -2.99017 -1.42669 173.459 0.0269384 0.999578 0.0102962 -0.00345707
1.03691 -2.99035 -1.41898 172.722 0.0272105 0.999561 0.011597 -0.00166477
1.24424 -2.9786 -1.39964 171.229 0.0267166 0.999581 0.0111183 0.000698695
1.34798 -2.97685 -1.38783 170.471 0.0281865 0.999543 0.0107919 0.00161253
1.55521 -2.96449 -1.3692 168.925 0.0289661 0.999514 0.0110688 0.00332146
1.8663 -2.92325 -1.34381 166.552 0.0254646 0.99963 0.00768671 0.00574936
2.07367 -2.89197 -1.33264 164.927 0.0255516 0.999612 0.00861633 0.00695125
2.17728 -2.87541 -1.32618 164.106 0.0252761 0.999607 0.00935669 0.00769743
2.28102 -2.85843 -1.32017 163.28 0.0254859 0.999598 0.00939766 0.00818004
2.48825 -2.8229 -1.30651 161.617 0.0262412 0.999574 0.00860477 0.00945606
2.59199 -2.80327 -1.29874 160.777 0.0262197 0.999564 0.00944896 0.00977334
2.79937 -2.76001 -1.28185 159.074 0.0251806 0.999553 0.0130386 0.00943476
2.90308 -2.7438 -1.26788 158.216 0.0258423 0.999524 0.0144757 0.00867991
3.00677 -2.73036 -1.25416 157.356 0.0258017 0.999527 0.0148771 0.00771849
3.21406 -2.7011 -1.22666 155.623 0.0250935 0.999604 0.0110577 0.00625994
3.31767 -2.69091 -1.21482 154.751 0.0254931 0.999614 0.00959139 0.00540362
3.52493 -2.67224 -1.19378 152.978 0.0278772 0.999519 0.0125995 0.00498908
3.62854 -2.66695 -1.18379 152.086 0.0299351 0.999435 0.0143334 0.00522176
3.83587 -2.65703 -1.15509 150.305 0.0347072 0.999306 0.0120427 0.00616436
3.93949 -2.64257 -1.14403 149.41 0.0345515 0.99933 0.0100607 0.006608
4.14689 -2.60944 -1.12577 147.598 0.0339921 0.999337 0.0103388 0.00789597
4.25046 -2.58989 -1.11879 146.685 0.0325674 0.999366 0.0117207 0.00830706
4.56156 -2.53151 -1.08554 143.94 0.0322042 0.999323 0.0151739 0.0092727
4.66529 -2.50561 -1.07079 143.027 0.0294441 0.99939 0.0162778 0.00940672
4.97615 -2.44341 -1.02722 140.312 0.0282514 0.999459 0.014064 0.00920876
5.07991 -2.42633 -1.01564 139.41 0.028531 0.999448 0.0140844 0.00952788
5.1835 -2.4114 -1.00282 138.509 0.0296121 0.999404 0.0146583 0.00997266
5.28712 -2.39111 -0.991037 137.609 0.0294546 0.999399 0.015164 0.0102075
5.59823 -2.31922 -0.961425 134.946 0.027398 0.99951 0.0106649 0.0107141
5.70183 -2.30036 -0.954751 134.058 0.0281871 0.999468 0.0124565 0.010633
5.80557 -2.28379 -0.946252 133.175 0.0293035 0.999416 0.0140191 0.0105885
5.90918 -2.26733 -0.936689 132.297 0.0303283 0.999382 0.0143529 0.0105231
6.01292 -2.25314 -0.926735 131.425 0.0318935 0.999343 0.0137383 0.0104009
6.42766 -2.18147 -0.877957 127.949 0.0364021 0.999099 0.0182671 0.0119339
6.73874 -2.10269 -0.833507 125.398 0.0340221 0.999242 0.0134532 0.01331
6.84235 -2.07602 -0.823245 124.566 0.0330811 0.999301 0.0110178 0.0134935
6.94596 -2.04621 -0.817211 123.739 0.030736 0.999366 0.0114339 0.0138935
7.04971 -2.01793 -0.813895 122.922 0.0295081 0.999385 0.0125423 0.0142214
7.15332 -1.99017 -0.810719 122.119 0.0283376 0.999402 0.0132995 0.0146556
7.46417 -1.90411 -0.791575 119.798 0.026807 0.999409 0.0138154 0.0165177
7.6714 -1.84828 -0.777819 118.308 0.0270202 0.999372 0.0145317 0.0177197
8.08611 -1.71293 -0.743422 115.479 0.022155 0.999408 0.0165662 0.0204318
8.29347 -1.6521 -0.731557 114.177 0.0222075 0.999475 0.00994337 0.021391
8.50085 -1.58513 -0.723247 112.93 0.0205577 0.999489 0.0110545 0.0218255
8.9154 -1.48969 -0.726239 110.67 0.0277439 0.999356 0.00575692 0.022016
9.12289 -1.43828 -0.727887 109.627 0.0241266 0.999516 0.00720458 0.0182722
9.33025 -1.42343 -0.727468 108.632 0.0270808 0.999486 0.0110777 0.0131247
9.53775 -1.42385 -0.726369 107.688 0.0275331 0.999529 0.0130655 0.00354935
9.74534 -1.44103 -0.717166 106.798 0.0222886 0.999572 0.0136968 -0.013123
10.1608 -1.6633 -0.690078 105.159 0.0250162 0.997182 0.0178257 -0.0684408
10.3687 -1.85989 -0.670216 104.398 0.0240857 0.993662 0.0194532 -0.10806
10.7846 -2.46106 -0.63323 103.033 0.0207704 0.976888 0.0198711 -0.211812
10.8887 -2.65859 -0.619712 102.732 0.0199535 0.969822 0.0200385 -0.242167
10.9927 -2.87529 -0.606239 102.447 0.0194184 0.961432 0.0201329 -0.273617
11.2006 -3.35516 -0.587635 101.931 0.0195286 0.941182 0.0203648 -0.33672
11.3043 -3.62771 -0.576141 101.692 0.0193829 0.92972 0.0218492 -0.367108
11.5119 -4.20248 -0.545532 101.28 0.0179333 0.904153 0.0249332 -0.426103
11.6155 -4.50964 -0.529267 101.108 0.0183701 0.890444 0.0244448 -0.454065
11.8228 -5.14815 -0.501977 100.815 -0.0179323 -0.862634 -0.0242737 0.504928
11.9264 -5.4741 -0.488571 100.686 -0.0152295 -0.848164 -0.0255117 0.5289
12.1336 -6.14787 -0.458752 100.491 -0.0157848 -0.821004 -0.0239799 0.5702
12.4441 -7.21568 -0.402949 100.294 -0.0211456 -0.786503 -0.0213432 0.616855
12.7547 -8.33645 -0.374015 100.118 -0.0109986 -0.758749 -0.0231592 0.650878
12.8581 -8.72203 -0.357886 100.093 -0.0125353 -0.750747 -0.0199122 0.66017
13.1688 -9.96021 -0.292192 100.026 -0.00899565 -0.731209 -0.0130358 0.68197
13.2723 -10.4074 -0.285792 100.007 -0.00962936 -0.725725 -0.0156994 0.687739
13.4795 -11.3406 -0.263484 99.9931 -0.0120494 -0.715873 -0.017234 0.697914
13.894 -13.3756 -0.194573 100.023 -0.0149817 -0.703296 -0.0135128 0.71061
14.3085 -15.6888 -0.115657 100.09 -0.0160832 -0.696384 -0.011072 0.717403
14.4123 -16.3151 -0.0948181 100.111 -0.016554 -0.695162 -0.0110172 0.718578
14.8269 -18.9791 -0.00350279 100.218 -0.0210416 -0.694951 -0.00710255 0.718714
15.0341 -20.4035 0.0467267 100.254 -0.0223399 -0.697711 -0.00610543 0.716005
15.2415 -21.8929 0.100194 100.278 -0.0240872 -0.700389 -0.0065474 0.713325
15.6562 -25.0164 0.211769 100.274 -0.0208179 -0.705957 -0.0088893 0.707893
15.8636 -26.6021 0.262318 100.255 -0.0151931 -0.706434 -0.00908529 0.707558
16.2784 -29.8181 0.33918 100.237 -0.0144892 -0.706578 -0.0131165 0.707365
16.6931 -32.9879 0.417604 100.214 -0.0104035 -0.705312 -0.0164625 0.70863
16.7967 -33.7763 0.437407 100.213 -0.0100318 -0.703866 -0.0179642 0.710035
16.9004 -34.5673 0.457862 100.217 -0.0102271 -0.702012 -0.0196683 0.71182
17.0042 -35.3567 0.478549 100.227 -0.0101246 -0.699665 -0.0213765 0.714079
17.1079 -36.1279 0.498655 100.244 -0.00978253 -0.69693 -0.021665 0.716745
17.2116 -36.9069 0.520238 100.271 -0.0092635 -0.693723 -0.0215941 0.719858
17.5229 -39.2154 0.587187 100.401 -0.00952636 -0.682395 -0.0223395 0.73058
17.6265 -39.9728 0.609713 100.463 -0.0101674 -0.678206 -0.0222744 0.734464
17.8338 -41.4655 0.650474 100.607 -0.00955782 -0.669983 -0.0221768 0.741983
18.1448 -43.6771 0.712126 100.889 -0.00842353 -0.658806 -0.0213389 0.751963
18.3522 -45.0966 0.746526 101.085 -0.00840184 -0.651391 -0.0207587 0.758412
18.7669 -47.8488 0.819088 101.554 -0.0135737 -0.641448 -0.0191107 0.766808
18.9741 -49.1426 0.861306 101.783 -0.0153834 -0.639649 -0.0189205 0.76828
19.3887 -51.5608 0.929526 102.209 -0.0152356 -0.642828 -0.0166613 0.765678
19.5958 -52.6615 0.957832 102.368 -0.0147795 -0.650238 -0.0167439 0.759402
19.8029 -53.688 0.981576 102.478 -0.0142202 -0.662021 -0.0161663 0.749176
20.2171 -55.6819 1.02599 102.534 -0.0109682 -0.70148 -0.015116 0.712444
20.3206 -56.1775 1.03881 102.506 -0.0121716 -0.71495 -0.0157911 0.698892
20.631 -57.6134 1.07874 102.272 -0.015406 -0.761284 -0.0215718 0.647877
20.7344 -58.0707 1.09524 102.143 -0.0157012 -0.778214 -0.0229494 0.627383
20.838 -58.5176 1.11302 101.994 -0.0165976 -0.795981 -0.0225479 0.604674
20.9415 -58.9512 1.13064 101.822 -0.0181161 -0.814435 -0.0203389 0.579615
21.1484 -59.7437 1.15833 101.38 -0.0188505 -0.851254 -0.0137874 0.524234
21.3554 -60.4407 1.18677 100.824 0.0167512 0.885481 0.010896 -0.464246
21.5627 -61.0713 1.20736 100.181 0.018768 0.915237 0.00852895 -0.402389
21.6664 -61.3555 1.21585 99.8273 0.0202908 0.928352 0.010141 -0.371008
21.874 -61.8502 1.23645 99.0605 0.023539 0.950874 0.0144847 -0.308343
21.9777 -62.0635 1.2476 98.653 0.0251886 0.959867 0.0169205 -0.278809
22.0814 -62.2541 1.25591 98.2302 0.0249373 0.967377 0.0190125 -0.251394
22.2892 -62.5815 1.27856 97.3419 0.0214896 0.978056 0.0213771 -0.206127
22.3932 -62.7206 1.29502 96.8955 0.0198753 0.981769 0.0204368 -0.187926
22.6013 -63.0115 1.32964 95.9594 0.0224445 0.986524 0.0188963 -0.160965
22.8096 -63.2842 1.3579 94.9846 0.0221665 0.988753 0.0185171 -0.146739
23.1217 -63.6723 1.41256 93.4381 0.0129438 0.990285 0.0171198 -0.13739
23.2257 -63.8109 1.42397 92.913 0.0124276 0.990349 0.0159406 -0.137111
23.6414 -64.4621 1.48232 90.6788 0.0117945 0.989311 0.0091621 -0.145054
24.0564 -65.2317 1.53911 88.2272 0.0143858 0.987848 0.0187591 -0.153615
24.3673 -65.8599 1.59823 86.3059 0.0191827 0.987582 0.0133078 -0.15536
24.471 -66.0637 1.6162 85.6585 0.018288 0.987679 0.0100826 -0.155095
24.5746 -66.2703 1.63531 84.9876 0.0169997 0.987908 0.00834206 -0.153879
24.6781 -66.4836 1.65359 84.2951 0.0176899 0.988086 0.0103592 -0.152534
24.8855 -66.9244 1.68275 82.8711 0.0191327 0.988312 0.0168744 -0.150296
25.2999 -67.7897 1.76273 79.9088 0.0154077 0.989309 0.0102794 -0.144651
25.5072 -68.2374 1.7938 78.3695 0.018493 0.989776 0.0115084 -0.140957
25.7146 -68.686 1.82858 76.7934 0.0206239 0.989935 0.0137232 -0.139337
26.1292 -69.5832 1.90602 73.5625 0.0173718 0.990019 0.0129788 -0.139257
26.3365 -70.0197 1.94159 71.9141 0.0099184 0.989855 0.0136095 -0.141077
26.7513 -70.9896 2.00753 68.5961 0.012314 0.989197 0.0134149 -0.14546
26.9585 -71.4912 2.03268 66.95 0.0161142 0.989026 0.0121936 -0.146353
27.3732 -72.4575 2.10038 63.6568 0.0121521 0.988673 0.0161064 -0.148723
27.5804 -72.9612 2.12519 62.0536 0.0163622 0.988721 0.00373936 -0.148829
27.9951 -73.9551 2.18963 58.7478 0.0190473 0.988778 0.0231947 -0.146348
28.2023 -74.4196 2.24227 57.1543 0.0157336 0.98919 0.0115542 -0.145333
28.4096 -74.8941 2.25973 55.5556 0.0179845 0.989506 0.0116568 -0.142897
28.8242 -75.7554 2.30627 52.3762 0.0122247 0.990562 0.0105719 -0.136112
29.0316 -76.1831 2.32628 50.7853 0.0124617 0.990747 0.0139008 -0.134433
29.2389 -76.6048 2.34764 49.2196 0.0141847 0.991015 0.0121131 -0.132447
29.4461 -77.0166 2.37176 47.669 0.0181559 0.991705 0.00894323 -0.126929
29.8609 -77.7602 2.43673 44.5195 0.017909 0.992827 0.0214934 -0.116237
30.0682 -78.0952 2.47582 42.9899 0.0166419 0.993646 0.0139448 -0.110438
30.2757 -78.423 2.51286 41.4321 0.0188089 0.994334 0.0111913 -0.104022
30.483 -78.7042 2.53151 39.8236 0.0128435 0.995215 0.0124721 -0.0960508
30.8976 -79.2257 2.56982 36.5658 0.0112483 0.996743 0.0127146 -0.0788378
31.0014 -79.3366 2.58188 35.737 0.00946873 0.997041 0.0155652 -0.0746818
31.3123 -79.6547 2.63053 33.2877 0.0103573 0.997643 0.0169298 -0.0656811
31.6234 -79.9193 2.66854 30.8553 0.00465771 0.998123 0.00982129 -0.0602734
31.8307 -80.0913 2.69696 29.201 0.00280333 0.998191 0.0180552 -0.0572802
32.038 -80.2588 2.72852 27.5622 0.00397203 0.998386 0.0198608 -0.0530528
32.2453 -80.424 2.76849 25.9691 0.0109598 0.998759 0.0119265 -0.0470927
32.66 -80.6638 2.83398 22.7007 0.017657 0.999126 0.0186356 -0.0329828
32.8675 -80.7535 2.86151 21.05 0.0214088 0.999299 0.014876 -0.0268573
33.2823 -80.8679 2.91613 17.7147 0.0242082 0.999455 0.0175816 -0.0139543
33.386 -80.8711 2.92782 16.8698 0.0219158 0.999465 0.0213946 -0.011448
33.5936 -80.8835 2.96482 15.2094 0.0210559 0.999634 0.0144645 -0.0088866
34.0084 -80.8946 3.00909 11.8495 0.0193292 0.99969 0.0148201 -0.00510392
34.2158 -80.8895 3.03428 10.1727 0.0187106 0.999667 0.0172213 -0.00429398
34.6307 -80.9186 3.06753 6.80159 0.0290637 0.999552 0.00702932 -0.000979111
35.0453 -80.8918 3.09135 3.41371 0.0262952 0.999611 0.00921445 0.0008516
35.2525 -80.8659 3.10193 1.72007 0.0217084 0.999708 0.0105634 0.00135561
35.3562 -80.8553 3.10612 0.874422 0.0198911 0.999726 0.0121839 0.00180776
35.4599 -80.845 3.1147 0.0299416 0.018203 0.99974 0.0136221 0.00191002
35.6672 -80.8305 3.12496 -1.62089 0.0176984 0.999773 0.0116078 0.00244213
35.7709 -80.8195 3.13176 -2.42332 0.0165153 0.99982 0.00892098 0.00286466
36.0821 -80.7891 3.15659 -4.80938 0.0173144 0.999665 0.018358 0.0056838
36.1858 -80.7865 3.165 -5.58003 0.020507 0.999586 0.0192898 0.00595991
36.3932 -80.7639 3.18986 -7.05525 0.0202477 0.999688 0.0133705 0.00593508
36.4969 -80.7537 3.19238 -7.7515 0.0203866 0.999722 0.0104823 0.00549844
36.6005 -80.7501 3.19071 -8.43645 0.0217424 0.999711 0.00881061 0.00531096
36.808 -80.7484 3.19684 -9.77503 0.0242784 0.999686 0.0059483 0.00163852
37.2228 -80.7548 3.20618 -12.413 0.0177393 0.999683 0.0149823 -0.00970837
37.4302 -80.7953 3.21556 -13.6595 0.0178169 0.999672 0.00682601 -0.0170765
37.8447 -80.9357 3.22362 -16.1832 0.0224089 0.99923 0.0108929 -0.0302923
38.0523 -81.0272 3.23108 -17.4186 0.0246005 0.999014 0.0122441 -0.0348673
38.4666 -81.1849 3.27413 -19.921 0.0220326 0.999018 0.0163458 -0.0347837
38.6738 -81.2396 3.29147 -21.1767 0.0153315 0.999239 0.00973879 -0.0345044
38.8811 -81.3223 3.30399 -22.442 0.0190948 0.999304 0.00306892 -0.0318942
39.2957 -81.4394 3.33753 -25.0669 0.0211579 0.999226 0.0237017 -0.0231833
39.503 -81.4785 3.37119 -26.3795 0.0197601 0.999398 0.0196121 -0.0206972
39.9178 -81.5933 3.44137 -29.0798 0.0321405 0.999201 0.0170336 -0.0165777
40.1252 -81.6373 3.46323 -30.4457 0.0350266 0.999126 0.0169409 -0.0152797
40.54 -81.7262 3.51973 -33.2128 0.0436305 0.998802 0.0175433 -0.0135642
40.7473 -81.7664 3.5438 -34.6152 0.0447766 0.998756 0.0177913 -0.0128778
41.1621 -81.8316 3.58162 -37.2854 0.0443687 0.998898 0.00743504 -0.0133865
41.3704 -81.8735 3.58792 -38.5759 0.0467401 0.99872 0.0145514 -0.0127587
41.7843 -81.9293 3.6248 -40.9431 0.0507854 0.998483 0.0195691 -0.00837146
41.9914 -81.9352 3.63919 -42.0081 0.0547163 0.998368 0.0163398 0.000936073
42.4053 -81.8047 3.65909 -44.0088 0.056944 0.997441 0.0138275 0.0409552
42.6123 -81.6548 3.65486 -44.9647 0.0586947 0.995618 0.0141447 0.0714066
42.8193 -81.4195 3.6384 -45.8592 0.0552918 0.992363 0.00897534 0.109903
43.233 -80.6873 3.58957 -47.4739 0.0381754 0.977811 -0.000437495 0.20598
43.3365 -80.4493 3.56872 -47.8322 0.0316003 0.972007 -0.00211694 0.232806
43.5435 -79.9334 3.53928 -48.5183 0.0229929 0.9573 -0.00389502 0.288154
43.7507 -79.3328 3.51237 -49.1324 0.0152324 0.938968 0.00194437 0.343663
43.8543 -79.0025 3.50153 -49.4091 0.0103922 0.928844 0.00524294 0.370289
43.958 -78.6616 3.49279 -49.6599 0.00649329 0.918141 0.00672402 0.396144
44.1654 -77.9587 3.47504 -50.1002 0.00386988 0.894559 0.00772708 0.446866
44.2689 -77.6126 3.46858 -50.2892 0.0060285 0.881399 0.00807087 0.472265
44.4763 -76.8728 3.46435 -50.619 0.0139262 0.852331 0.00607765 0.522782
44.7875 -75.5618 3.44057 -50.976 0.0147509 0.806872 0.000711051 0.590541
44.9951 -74.6727 3.39824 -51.1464 0.0143007 0.779088 0.000736416 0.626751
45.4107 -72.7816 3.3285 -51.2904 0.0144762 0.736625 -0.00393936 0.676135
45.8265 -70.5149 3.22973 -51.2972 0.0118353 0.713924 -0.00943896 0.700059
46.3464 -67.2365 3.09261 -51.2938 0.0116912 0.709215 -0.00910275 0.704837
46.7617 -64.2852 2.96973 -51.3029 0.0154268 0.710288 -0.00843229 0.703691
46.9692 -62.6611 2.89373 -51.3026 0.0150545 0.710988 -0.0083941 0.702993
47.1767 -61.1945 2.86949 -51.3265 0.01699 0.711917 -0.00660172 0.702027
47.5915 -57.7987 2.77182 -51.3913 0.0177833 0.713548 -0.00181811 0.700379
47.7987 -56.4901 2.74878 -51.4174 0.0172779 0.714116 0.000601889 0.699814
48.2139 -53.1524 2.61909 -51.3991 0.0215365 0.712482 0.00206076 0.701357
48.3169 -52.0674 2.56645 -51.396 0.0202279 0.712402 0.00393639 0.701469
48.4205 -51.1132 2.52775 -51.3882 0.0197628 0.711919 0.00624168 0.701956
48.5241 -50.2689 2.50549 -51.3758 0.0215966 0.711116 0.00712314 0.702707
48.8354 -47.7223 2.41701 -51.3557 0.0236675 0.708705 0.00404712 0.705096
49.2498 -44.5033 2.28649 -51.3266 0.0226468 0.707154 -0.00278252 0.706691
49.3539 -44.0728 2.26525 -51.3531 0.0217805 0.706535 -0.00466071 0.707327
49.6647 -41.9603 2.15474 -51.3815 0.0214904 0.707599 -0.00457681 0.706273
49.7683 -41.3928 2.13093 -51.3865 0.0221552 0.708093 -0.00327187 0.705764
49.872 -40.8046 2.10622 -51.3984 0.0236133 0.708438 -0.000509712 0.705378
50.1831 -38.6359 2.00378 -51.4262 0.0263872 0.710136 0.000614066 0.70357
50.2867 -37.9131 1.99605 -51.3941 0.0285211 0.711878 0.00325675 0.701716
50.4941 -36.389 1.92097 -51.4241 0.0256829 0.711349 0.0056991 0.702347
50.9087 -33.3434 1.78102 -51.4352 0.0256752 0.707525 0.00142712 0.706221
51.116 -31.8724 1.70488 -51.4281 0.025409 0.703926 -0.00080367 0.709818
51.5308 -28.8597 1.55133 -51.3447 0.0186971 0.69748 -0.00334053 0.716352
51.7381 -27.4099 1.47824 -51.2879 0.0159652 0.695467 -0.00730116 0.718344
51.9455 -25.9985 1.40682 -51.2245 0.0126564 0.694422 -0.0109583 0.719374
52.1529 -24.629 1.33291 -51.1653 0.0103626 0.693927 -0.0130157 0.719853
52.3603 -23.3067 1.27285 -51.1 0.00832876 0.694022 -0.0147399 0.719755
52.5677 -22.0349 1.21465 -51.0484 0.00692403 0.695113 -0.0145703 0.718719
52.775 -20.8192 1.15955 -51.0042 0.0061967 0.696894 -0.0156497 0.716976
52.9824 -19.6607 1.10808 -50.9766 0.00787175 0.698603 -0.0154013 0.715301
53.1896 -18.5604 1.05821 -50.9581 0.00858482 0.70045 -0.0145434 0.713502
53.7079 -16.0467 0.93499 -50.9425 0.00846766 0.70775 -0.0131925 0.706289
54.0189 -14.7469 0.878106 -50.9654 0.00802929 0.712233 -0.0110948 0.70181
54.3299 -13.5947 0.828558 -51.0045 0.0080567 0.717569 -0.00935817 0.696378
55.0554 -11.4929 0.735621 -51.1436 0.0118119 0.729937 -0.00768506 0.68337
55.5737 -10.6998 0.686297 -51.1811 0.0171433 0.734874 -0.00867086 0.677931
58.3722 -9.86383 0.636258 -51.2233 0.0251254 0.739104 -0.0155714 0.672943
58.7869 -9.22657 0.59934 -51.3172 0.0267138 0.750626 -0.0167864 0.659973
59.0981 -8.58466 0.558236 -51.4547 0.0254529 0.766977 -0.0144446 0.641007
59.4091 -7.861 0.510412 -51.6735 0.0253312 0.790176 -0.0111998 0.612254
59.6168 -7.35055 0.481334 -51.8849 0.0280763 0.809543 -0.00779481 0.586337
60.0321 -6.24216 0.414112 -52.4486 0.0248561 0.857419 0.00205787 0.514014
60.3433 -5.43084 0.369858 -53.0695 0.0236697 0.896259 0.00760238 0.442834
60.4472 -5.17643 0.345871 -53.2902 0.0251371 0.908903 0.00908381 0.416149
60.551 -4.9286 0.328073 -53.5313 0.0258978 0.921194 0.00873984 0.388142
60.7586 -4.46551 0.31811 -54.1368 0.0261653 0.944322 0.00585527 0.327928
60.8623 -4.24546 0.306964 -54.458 0.0252629 0.954826 0.00601097 0.296028
60.966 -4.04478 0.295711 -54.8111 0.0252533 0.964082 0.00827804 0.264272
61.1733 -3.70613 0.295253 -55.7369 0.0288283 0.978373 0.0122909 0.204459
61.2769 -3.55374 0.29599 -56.2426 0.0299512 0.983861 0.0132163 0.175913
61.3805 -3.41789 0.302568 -56.7744 0.0308911 0.988273 0.0130854 0.148969
61.5876 -3.21178 0.327107 -57.8526 0.0303415 0.994422 0.0114591 0.100367
61.6911 -3.12755 0.333133 -58.4247 0.0301183 0.996327 0.0121684 0.079224
61.7946 -3.08284 0.33478 -58.7407 0.0299239 0.997628 0.0132746 0.0605585
62.2081 -3.00594 0.387683 -61.1138 0.0330957 0.999245 0.0159298 0.0126327
62.4149 -3.02384 0.425394 -62.4216 0.0329827 0.999329 0.0158118 0.00202695
62.8287 -3.08818 0.503749 -65.2667 0.033331 0.999304 0.0146069 -0.00820134
63.0358 -3.09263 0.547457 -66.6188 0.0313379 0.999325 0.0162161 -0.0102348
63.4502 -3.15589 0.635221 -69.8671 0.0332644 0.999294 0.015268 -0.00844342
63.6575 -3.17142 0.672739 -71.5763 0.0316174 0.999418 0.0104711 -0.00737241
63.865 -3.18787 0.708656 -73.3811 0.0311054 0.999392 0.0141098 -0.00706116
64.2796 -3.24364 0.812108 -77.0661 0.0363993 0.999177 0.0168369 -0.00612766
64.4869 -3.265 0.858314 -78.8974 0.0379475 0.999207 0.0110326 -0.004792
64.7979 -3.28204 0.902888 -81.6525 0.0362248 0.999227 0.0148338 -0.00360695
65.0053 -3.29023 0.94839 -83.5266 0.0367014 0.999114 0.0202852 -0.00356332
65.109 -3.2969 0.976753 -84.4883 0.0377635 0.999093 0.0193709 -0.00348332
65.2128 -3.30392 1.00652 -85.4634 0.038906 0.999085 0.0174292 -0.00331553
65.4198 -3.31767 1.0568 -87.4436 0.0404217 0.999068 0.0148856 -0.0026616
65.5236 -3.32289 1.0765 -88.4517 0.0403368 0.99907 0.0150593 -0.00235625
65.7308 -3.32894 1.12047 -90.4841 0.0410056 0.998992 0.0182468 -0.00060294
65.8344 -3.33 1.14121 -91.5047 0.0416143 0.998984 0.0173027 0.000185609
66.0417 -3.32567 1.18398 -93.5411 0.0421158 0.999036 0.0122558 0.0016261
66.1453 -3.32063 1.19721 -94.5733 0.0417726 0.999056 0.0117036 0.00226296
66.2489 -3.31296 1.20909 -95.6118 0.0406566 0.99909 0.0125503 0.00301968
66.3526 -3.30394 1.22208 -96.6527 0.0398408 0.999095 0.0144419 0.00366485
66.5599 -3.27859 1.25792 -98.6944 0.0379144 0.999091 0.01878 0.0051695
66.6636 -3.2641 1.27728 -99.7088 0.0366292 0.99913 0.0191373 0.00555813
66.9746 -3.22307 1.34052 -102.731 0.0365015 0.999192 0.0159456 0.00541218
67.0783 -3.21336 1.35703 -103.738 0.0369896 0.999202 0.0140823 0.00538893
67.2857 -3.19076 1.38429 -105.733 0.0362736 0.999227 0.0142766 0.00517225
67.3893 -3.17803 1.39684 -106.727 0.0349438 0.999252 0.0158255 0.00492232
67.493 -3.16648 1.41134 -107.719 0.0339053 0.999277 0.0165944 0.00462295
67.7003 -3.13301 1.45656 -109.725 0.032645 0.999269 0.0193635 0.00455715
67.8039 -3.11216 1.48513 -110.746 0.0321981 0.999225 0.0221875 0.00449116
67.9076 -3.10526 1.51681 -112.009 0.0309688 0.999251 0.0227185 0.00468624
68.0113 -3.08402 1.52989 -112.792 0.0297424 0.999348 0.0201979 0.00345894
68.3222 -3.0405 1.58458 -115.52 0.025938 0.999528 0.0163219 0.0019128
68.6332 -3.01944 1.63172 -118.284 0.0239799 0.999565 0.0170302 0.00216561
68.7369 -3.01774 1.64036 -119.095 0.0240155 0.999556 0.0174836 0.0025143
68.8405 -3.00853 1.65481 -120.009 0.0243065 0.999545 0.0176709 0.0024202
68.9443 -2.99757 1.66912 -120.916 0.0240322 0.999559 0.0173329 0.00204102
69.0479 -2.99073 1.68555 -121.835 0.0244751 0.999548 0.0174314 0.00137734
69.1516 -2.98578 1.70663 -122.702 0.0244715 0.999553 0.0171527 0.000716652
69.5663 -2.96756 1.79757 -126.583 0.0249674 0.999549 0.0166842 -0.000609367
69.67 -2.95816 1.81775 -127.489 0.024132 0.999609 0.0141196 -0.00104327
69.8773 -2.95588 1.8587 -129.729 0.0256679 0.999577 0.0136408 -0.00127949
69.9809 -2.95141 1.88484 -130.891 0.025232 0.999552 0.0160729 -0.000515417
70.0847 -2.94469 1.91455 -132.049 0.02459 0.999546 0.0174057 0.000126881
70.1884 -2.93863 1.94875 -133.24 0.0247365 0.999526 0.0182941 0.000698936
70.4994 -2.92268 2.02894 -136.433 0.0264623 0.999482 0.0182651 0.00146956
70.603 -2.92678 2.0634 -137.676 0.0278387 0.999466 0.0170106 0.00170829
70.7066 -2.93077 2.09769 -138.903 0.0297649 0.999419 0.0164782 0.00211047
70.8104 -2.92447 2.10802 -139.784 0.0300993 0.999398 0.0170953 0.00216191
71.1212 -2.91002 2.1638 -142.649 0.0340629 0.999195 0.0210054 0.00267878
71.2248 -2.90559 2.17691 -143.49 0.0349109 0.999197 0.0194787 0.00276712
71.4322 -2.89402 2.21178 -145.306 0.036881 0.999176 0.016694 0.00288453
71.8466 -2.86196 2.27862 -148.998 0.0400667 0.998963 0.0211356 0.00464247
72.0539 -2.84349 2.3133 -150.724 0.0416139 0.998893 0.0211978 0.00561269
72.4685 -2.7838 2.38619 -154.191 0.0410208 0.998943 0.019368 0.00737199
72.6757 -2.74805 2.41285 -155.808 0.039462 0.998981 0.0204556 0.00781114
72.883 -2.71167 2.43845 -157.373 0.0377462 0.999077 0.0188928 0.00793755
73.0905 -2.68886 2.46743 -158.957 0.03781 0.999088 0.0185601 0.00700761
73.1942 -2.67501 2.48231 -159.804 0.0376081 0.999097 0.0187597 0.00624081
73.4015 -2.66295 2.51421 -161.399 0.0395981 0.999013 0.0196026 0.00465006
73.6089 -2.65541 2.54655 -162.914 0.0413523 0.998917 0.0211029 0.00296363
73.8161 -2.63818 2.57987 -164.335 0.0405931 0.99891 0.022984 0.00132957
74.0234 -2.63709 2.61149 -165.63 0.040435 0.99895 0.0215246 -7.20587e-06
74.5417 -2.63401 2.67621 -168.453 0.0402729 0.998958 0.0213718 -0.00183141
74.8525 -2.61288 2.70875 -169.874 0.0389404 0.999053 0.0190369 0.00391254
75.3701 -2.44981 2.73861 -171.987 0.0371215 0.998288 0.0155605 0.0424369
75.5771 -2.30522 2.74937 -172.806 0.0364921 0.996679 0.0176978 0.0706093
75.9906 -1.81925 2.75541 -174.302 0.0345973 0.987613 0.0181534 0.151967
76.1976 -1.48213 2.76485 -174.993 0.0340914 0.97905 0.0206228 0.199683
76.4045 -1.06351 2.76715 -175.653 0.0295808 0.967225 0.0215288 0.25127
76.8184 0.0602286 2.78258 -176.908 0.0291429 0.930373 0.0257697 0.364544
76.922 0.405858 2.78683 -177.206 0.0309365 0.91827 0.0277421 0.393768
77.129 1.18736 2.80236 -177.742 0.0361773 0.890632 0.0285118 0.452386
77.2326 1.61439 2.80947 -177.977 0.0398908 0.874695 0.0276968 0.482234
77.4399 2.54086 2.79448 -178.341 0.041063 0.83971 0.0217071 0.541045
77.5436 3.03012 2.78761 -178.486 0.0435273 0.82023 0.0195664 0.57004
77.6471 3.54223 2.78234 -178.616 0.0487866 0.799904 0.0207554 0.597782
77.8547 4.65042 2.74497 -178.75 0.0426986 0.760601 0.0206884 0.647484
78.0626 5.74462 2.69342 -178.729 0.0316944 0.72796 0.0149653 0.684723
78.3748 7.41757 2.64642 -178.618 0.0233919 0.696888 0.0147228 0.716647
78.7915 9.98712 2.56355 -178.396 0.0292152 0.685554 0.00127823 0.727434
79.3114 13.5557 2.40013 -178.172 0.0294168 0.687636 0.00526976 0.725441
79.4152 14.266 2.36889 -178.125 0.0282293 0.688341 0.00367594 0.724829
79.519 14.9963 2.33542 -178.079 0.0274321 0.689729 0.00149409 0.723546
79.7264 16.4854 2.269 -178.005 0.0258038 0.693249 -0.000629482 0.720236
79.8302 17.2295 2.23821 -177.973 0.0242702 0.695029 -9.08222e-05 0.718572
79.9339 18.0245 2.20477 -177.941 0.0219517 0.696811 0.000167796 0.716919
80.3485 21.3307 2.08283 -177.862 0.0235253 0.7017 0.000356054 0.712084
80.6595 23.9645 1.99217 -177.831 0.0192022 0.704963 0.00641719 0.708955
80.8668 25.8086 1.94077 -177.82 0.01858 0.706822 0.00604646 0.707122
80.9704 26.7273 1.91615 -177.815 0.019206 0.707341 0.00385779 0.706601
81.0741 27.6547 1.88808 -177.814 0.0205799 0.707474 0.00297762 0.706433
81.1777 28.5884 1.8578 -177.814 0.0207113 0.707338 0.00297777 0.706566
81.385 30.2764 1.82914 -177.811 0.0173609 0.707205 0.00181659 0.706793
81.4886 31.1492 1.80679 -177.814 0.0163171 0.706646 0.00142006 0.707378
81.5922 31.9983 1.79745 -177.819 0.0143499 0.706011 -8.03922e-05 0.708055
81.7995 33.7697 1.75481 -177.809 0.0118089 0.704997 -0.00206895 0.709109
82.1103 36.4372 1.67976 -177.784 0.0111491 0.70339 -0.00450673 0.710703
82.3177 38.181 1.64031 -177.761 0.0098825 0.700766 -0.00528089 0.713303
82.7324 41.8317 1.52898 -177.617 0.00462256 0.696084 -0.00804631 0.7179
82.9397 43.7251 1.44624 -177.519 0.00926155 0.694589 -0.00826917 0.7193
83.3546 47.3077 1.32459 -177.362 0.00776285 0.694686 -0.00851952 0.719221
83.562 49.1007 1.26603 -177.29 0.00665937 0.697023 -0.0104945 0.716941
83.9767 52.6739 1.13886 -177.216 0.00382027 0.703944 -0.00882936 0.71019
84.1838 54.4261 1.08009 -177.213 0.00437966 0.707554 -0.00881668 0.706591
84.3912 56.0162 1.04319 -177.219 0.00426075 0.711176 -0.0113162 0.70291
84.5985 57.6109 1.00163 -177.245 0.00347863 0.714729 -0.0121719 0.699287
85.013 61.0907 0.884581 -177.344 0.00200339 0.720657 -0.00927375 0.693227
85.2203 62.7611 0.830298 -177.416 0.00407343 0.722339 -0.00841073 0.691476
85.4278 64.3768 0.77618 -177.479 0.00708017 0.722822 -0.00728711 0.69096
85.635 65.8889 0.714317 -177.55 0.00977562 0.722924 -0.00651902 0.690828
85.8425 67.3097 0.658658 -177.616 0.0118847 0.721866 -0.00526458 0.691911
86.0496 68.6115 0.60253 -177.664 0.0120817 0.719254 -0.00220924 0.694638
86.2577 69.892 0.549099 -177.685 0.0130336 0.715653 -0.000525536 0.698334
86.4642 71.13 0.500212 -177.688 0.015113 0.711139 -0.001425 0.702887
86.7751 72.8726 0.435151 -177.656 0.0142759 0.703212 -0.00140778 0.710836
86.9825 73.986 0.392988 -177.609 0.0156176 0.698313 -0.00468215 0.715607
87.1902 75.0826 0.350123 -177.552 0.0179459 0.693727 -0.00683571 0.719982
87.3972 76.2745 0.281545 -177.484 0.0185222 0.689906 -0.00852245 0.723612
87.6046 77.493 0.209027 -177.405 0.0187068 0.686595 -0.0090459 0.726743
87.812 78.7375 0.134337 -177.319 0.0191586 0.683765 -0.00912071 0.729394
88.0193 79.8704 0.0840173 -177.214 0.0174994 0.681594 -0.0127227 0.73141
88.4343 82.3432 -0.031782 -177.015 0.0162441 0.680794 -0.0107535 0.732216
88.6414 83.7387 -0.0835601 -176.9 0.007625 0.681233 -0.00670115 0.731996
88.8489 85.1398 -0.113553 -176.776 0.00103187 0.682927 -0.00383893 0.730476
89.2635 88.1624 -0.182626 -176.59 0.00508119 0.688316 -0.0128904 0.725279
89.4709 89.8672 -0.244025 -176.499 -0.00272792 0.691322 -0.00449512 0.722527
89.6782 91.5266 -0.277408 -176.419 0.00681347 0.69379 -0.0142684 0.720004
90.093 95.0561 -0.398866 -176.275 -0.00236748 0.701202 -0.0172223 0.71275
90.3004 96.8307 -0.460488 -176.246 0.00650179 0.706159 -0.025318 0.707571
90.7151 100.559 -0.640508 -176.298 0.00648198 0.71594 -0.011917 0.69803
90.9224 102.441 -0.704617 -176.34 0.00875194 0.719199 -0.0118182 0.694648
91.3368 106.326 -0.861601 -176.478 0.0104569 0.719979 -0.0103964 0.69384
91.5441 108.25 -0.935746 -176.527 0.00734036 0.718575 -0.00828706 0.695362
91.9587 112.071 -1.095 -176.607 0.0178847 0.714224 -0.00992695 0.699619
92.1659 113.958 -1.1838 -176.645 0.0148282 0.711684 -0.00465555 0.702327
92.2695 114.854 -1.22059 -176.658 0.0134852 0.710618 -0.00493615 0.703431
92.3731 115.806 -1.26989 -176.654 0.0131433 0.709896 -0.00775476 0.704141
92.4769 116.797 -1.3129 -176.635 0.0129234 0.708984 -0.0105766 0.705027
92.6841 118.752 -1.40599 -176.615 0.0140563 0.707317 -0.011694 0.70666
92.7878 119.729 -1.45113 -176.6 0.0137981 0.706494 -0.0101868 0.707511
92.8915 120.614 -1.48392 -176.603 0.0136866 0.705555 -0.00672332 0.708491
92.9949 121.512 -1.51244 -176.6 0.0116282 0.704349 -0.00349039 0.70975
93.4094 125.205 -1.64157 -176.516 0.0140368 0.699739 -0.00893957 0.714205
93.6167 127.026 -1.7128 -176.473 0.0133241 0.698377 -0.00535016 0.715586
93.8241 128.842 -1.7775 -176.421 0.0121433 0.697381 -0.00178853 0.716596
94.1351 131.546 -1.86607 -176.328 0.0102225 0.697336 -0.00182676 0.716669
94.2388 132.371 -1.89125 -176.297 0.00970024 0.697648 -0.00350368 0.716366
94.3426 133.373 -1.93317 -176.258 0.00910011 0.698082 -0.00545565 0.715939
94.5499 135.211 -2.0095 -176.208 0.0120305 0.698917 -0.00680024 0.71507
94.861 137.912 -2.11513 -176.147 0.00957333 0.70019 -0.0017732 0.71389
95.0683 139.689 -2.17654 -176.114 0.00863771 0.701118 -0.000670811 0.712992
95.4828 143 -2.2824 -176.031 0.00737762 0.702094 -0.00159617 0.712044
95.6902 144.577 -2.33353 -176.008 0.0103873 0.702255 -0.000103226 0.71185
95.8974 146.083 -2.38411 -175.994 0.0153953 0.702308 -0.00270108 0.711701
96.2084 148.183 -2.46521 -175.987 0.0131003 0.7013 0.00569316 0.712723
96.4156 149.467 -2.51349 -175.965 0.0161348 0.700126 -2.57932e-05 0.713837
96.623 150.671 -2.55699 -175.935 0.0166113 0.698783 -0.00465762 0.715126
96.8303 151.829 -2.60691 -175.9 0.0124616 0.695932 -0.00367763 0.71799
97.0375 152.947 -2.65397 -175.856 0.0114647 0.691057 -0.00245183 0.722705
97.2447 154.038 -2.69443 -175.769 0.0134883 0.680669 -0.00194476 0.732464
97.6585 156.093 -2.78051 -175.416 0.0143012 0.638353 -0.00346925 0.769603
97.8653 157.068 -2.82552 -175.119 0.0143316 0.604514 -0.00325494 0.796459
98.0721 157.99 -2.87153 -174.729 0.0142686 0.562145 -0.00271774 0.826911
98.2787 158.854 -2.90944 -174.24 0.0129036 0.513875 -0.00295288 0.857763
98.4857 159.662 -2.9447 -173.639 0.00911329 0.460236 -0.00500845 0.887736
98.6927 160.378 -2.98002 -172.906 0.00637787 0.40039 -0.00643325 0.9163
98.7961 160.707 -2.99365 -172.496 0.00557615 0.368967 -0.00660586 0.929402
99.0033 161.29 -3.00694 -171.582 0.00184357 0.304236 -0.00961757 0.952546
99.107 161.542 -3.01331 -171.081 0.000104104 0.271551 -0.0110405 0.962361
99.3142 161.976 -3.03045 -170.01 -0.00305199 0.205255 -0.00883858 0.978664
99.4184 162.15 -3.03313 -169.444 -0.00451375 0.173894 -0.00769325 0.984724
99.5217 162.289 -3.03053 -168.868 -0.00525207 0.145085 -0.00744976 0.989377
99.7295 162.479 -3.02669 -167.656 -0.00599632 0.0963728 -0.0114021 0.995262
99.8334 162.536 -3.02757 -167.106 -0.00597388 0.0776232 -0.0136439 0.996872
100.25 162.731 -3.01862 -164.478 -0.00594804 0.0357056 -0.0141286 0.999245
100.458 162.798 -3.01383 -163.117 0.00179808 0.0211022 -0.0100642 0.999725
100.873 162.796 -3.04388 -160.26 0.00229692 -0.00340082 -0.0123819 0.999915
101.288 162.705 -3.07857 -157.092 0.00186547 -0.0119854 -0.0162981 0.999794
101.496 162.649 -3.0915 -155.483 -0.00073356 -0.0169073 -0.0166753 0.999718
101.911 162.454 -3.10722 -151.946 0.000547165 -0.0250814 -0.0210604 0.999463
102.222 162.291 -3.12937 -149.126 0.00301174 -0.0243951 -0.0230219 0.999433
102.326 162.241 -3.14091 -148.14 0.00163929 -0.0233425 -0.0237637 0.999444
102.429 162.194 -3.15349 -147.154 0.000938773 -0.0220087 -0.0251396 0.999441
102.533 162.151 -3.16229 -146.178 0.00110631 -0.0206995 -0.025888 0.99945
102.637 162.113 -3.17012 -145.192 0.000563972 -0.0192109 -0.0267282 0.999458
102.948 162.01 -3.19192 -142.318 -0.00403395 -0.0150554 -0.0280333 0.999485
103.155 161.954 -3.19413 -140.38 -0.00937009 -0.0125143 -0.0285433 0.99947
103.362 161.904 -3.18811 -138.513 -0.00659236 -0.010308 -0.0307952 0.999451
103.777 161.829 -3.18744 -134.652 -0.00532364 -0.00638618 -0.0292015 0.999539
103.88 161.822 -3.18859 -133.732 -0.00463998 -0.00540193 -0.0293757 0.999543
104.088 161.788 -3.19577 -131.844 -0.0034868 -0.00349999 -0.0337135 0.999419
104.295 161.764 -3.20003 -129.874 -0.0039756 -0.000928388 -0.0371906 0.9993
104.71 161.78 -3.21133 -126.064 -0.00423174 0.0035941 -0.0323136 0.999462
105.124 161.804 -3.21073 -122.191 -0.010179 0.00538056 -0.0314064 0.99944
105.228 161.803 -3.20617 -121.237 -0.00791516 0.0051725 -0.0348491 0.999348
105.539 161.811 -3.21785 -118.363 -0.00128959 0.00296782 -0.035189 0.999375
105.746 161.814 -3.23607 -116.492 -0.00286294 0.00271436 -0.0344415 0.999399
106.058 161.826 -3.26151 -113.712 -0.00200546 0.00595577 -0.0352296 0.999359
106.161 161.844 -3.26766 -112.799 -0.00343075 0.00750556 -0.0347093 0.999363
106.576 161.904 -3.30194 -109.133 -0.00115576 0.0116463 -0.0338714 0.999358
106.886 161.962 -3.32636 -106.427 -0.00197335 0.0120217 -0.0325014 0.999397
107.301 162.028 -3.36506 -102.774 -0.00119276 0.00536861 -0.0249982 0.999672
107.405 162.028 -3.37248 -101.857 -8.47915e-05 0.00332247 -0.0274335 0.999618
107.716 162.004 -3.39455 -99.076 -0.00347898 0.000543607 -0.0301521 0.999539
107.82 162.002 -3.40076 -98.1289 -0.0055572 0.000660567 -0.0306076 0.999516
108.027 162.008 -3.41438 -96.2644 0.0015011 -0.000640374 -0.0266953 0.999642
108.131 162.011 -3.42351 -95.3375 0.00337017 -0.000879751 -0.0253707 0.999672
108.235 162.008 -3.43628 -94.3862 0.000458716 -0.000425561 -0.0264978 0.999649
108.546 161.999 -3.45411 -91.522 -0.00504012 0.00113633 -0.0268586 0.999626
108.649 162.005 -3.4568 -90.5644 -0.00272589 0.00260692 -0.0260209 0.999654
108.753 162.017 -3.46143 -89.606 -0.00196206 0.00412292 -0.0252022 0.999672
108.96 162.05 -3.47093 -87.6589 -0.00560291 0.00708086 -0.0230494 0.999694
109.065 162.066 -3.47344 -86.6888 -0.00658768 0.00838336 -0.0229588 0.99968
109.271 162.092 -3.47176 -84.7452 -0.00518939 0.00884927 -0.0248195 0.999639
109.479 162.123 -3.47766 -82.7917 -0.00503038 0.00742366 -0.0222824 0.999711
109.582 162.129 -3.47861 -81.8166 -0.0051325 0.00603328 -0.0232301 0.999699
109.686 162.133 -3.47855 -80.8424 -0.00726046 0.00427299 -0.0240784 0.999675
109.893 162.135 -3.47866 -78.9281 -0.00730851 0.00225252 -0.0239634 0.999684
109.997 162.139 -3.47972 -77.9778 -0.00393057 0.0019161 -0.0241426 0.999699
110.1 162.144 -3.48334 -77.0333 -0.00139529 0.00116477 -0.024125 0.999707
110.515 162.099 -3.49793 -73.1774 -0.00610927 -0.00249604 -0.028677 0.999567
110.827 162.068 -3.52538 -70.2874 0.0087952 -0.00602745 -0.0249739 0.999631
110.93 162.057 -3.54705 -69.3062 0.00837612 -0.00700291 -0.0232503 0.99967
111.138 162.02 -3.58141 -67.3329 -0.00312959 -0.007566 -0.0233551 0.999694
111.242 162.001 -3.58683 -66.3484 -0.00667743 -0.00722881 -0.0236738 0.999671
111.449 161.967 -3.59352 -64.4091 -0.00364118 -0.00606626 -0.024062 0.999685
111.553 161.959 -3.59973 -63.4449 -0.0014715 -0.00521239 -0.0224315 0.999734
111.656 161.953 -3.61311 -62.4828 0.000125652 -0.00423781 -0.0212473 0.999765
111.76 161.947 -3.62542 -61.5215 0.00155012 -0.00317455 -0.0199453 0.999795
111.967 161.941 -3.65658 -59.6312 0.00020031 -0.00143652 -0.0182242 0.999833
112.278 161.933 -3.69578 -56.8234 -0.00123346 0.0011138 -0.0188385 0.999821
112.589 161.932 -3.72902 -54.0566 -0.00239929 0.00299961 -0.0184662 0.999822
112.796 161.947 -3.74514 -52.2434 -0.00528235 0.00393172 -0.0144567 0.999874
112.9 161.96 -3.75179 -51.3426 -0.00638924 0.00380179 -0.0127677 0.999891
113.004 161.964 -3.76126 -50.4628 -0.0055425 0.00384852 -0.0134758 0.999886
113.315 161.985 -3.785 -47.8961 -0.00169435 0.00408376 -0.0126204 0.999911
113.626 161.996 -3.82439 -45.45 0.00232164 0.00908161 -0.0171798 0.999808
114.04 162.064 -3.87109 -42.3456 -0.00306365 0.0165605 -0.0209587 0.999638
114.247 162.116 -3.89111 -40.9048 -0.00351305 0.0200163 -0.0208591 0.999576
114.662 162.235 -3.92624 -38.2709 -0.00374562 0.0246461 -0.0182674 0.999522
114.869 162.296 -3.94339 -37.0615 -0.00269031 0.0241817 -0.0165008 0.999568
115.283 162.367 -3.97622 -34.9224 -0.00253146 0.0128499 -0.0130548 0.999829
115.49 162.363 -3.98853 -33.9795 -0.00271993 0.000740171 -0.0124526 0.999918
115.697 162.325 -4.00387 -33.0991 -0.00129259 -0.0185504 -0.0103138 0.999774
115.904 162.22 -4.01241 -32.2427 -0.00110454 -0.0473496 -0.0110725 0.998816
116.111 162.045 -4.01455 -31.4181 -0.00270485 -0.0875467 -0.0109683 0.996096
116.318 161.783 -4.01575 -30.644 -0.0038403 -0.133513 -0.0148144 0.990929
116.525 161.446 -4.01485 -29.9289 -0.00286648 -0.181209 -0.0198092 0.983241
116.628 161.253 -4.01004 -29.5731 -0.00239663 -0.205666 -0.0200386 0.978414
116.732 161.043 -4.00413 -29.2104 -0.00271208 -0.230394 -0.0194369 0.972899
116.939 160.55 -3.99183 -28.5005 -0.0056643 -0.281345 -0.0203025 0.959375
117.043 160.265 -3.98308 -28.1461 -0.00835604 -0.307821 -0.0200282 0.951197
117.146 159.953 -3.97183 -27.7948 -0.0111783 -0.334776 -0.0187835 0.942044
117.353 159.232 -3.94594 -27.1388 -0.0118166 -0.389704 -0.0177538 0.920693
117.457 158.821 -3.93019 -26.8298 -0.0115287 -0.417381 -0.0179682 0.908481
117.664 157.926 -3.89581 -26.2677 -0.00939364 -0.47046 -0.0160438 0.882225
117.767 157.439 -3.88028 -26.0106 -0.0085414 -0.495142 -0.0141372 0.868655
117.871 156.924 -3.86742 -25.7754 -0.00919323 -0.519228 -0.0137075 0.854477
118.078 155.791 -3.82927 -25.3793 -0.0106272 -0.565571 -0.0175635 0.824444
118.182 155.216 -3.80649 -25.231 -0.00975827 -0.587392 -0.0204046 0.808987
118.39 153.956 -3.75955 -24.9784 -0.0125559 -0.623601 -0.0249387 0.781244
118.701 152.04 -3.6871 -24.7327 -0.00627081 -0.65806 -0.0234186 0.752575
119.117 149.214 -3.58511 -24.4955 -0.00914241 -0.677056 -0.0253802 0.735437
119.325 147.772 -3.53632 -24.3879 -0.00994413 -0.680435 -0.0230815 0.732377
119.533 146.304 -3.49105 -24.2906 -0.0043487 -0.683111 -0.0166331 0.730112
119.948 143.219 -3.40762 -24.0992 -0.0128315 -0.686221 -0.0194729 0.72702
120.155 141.64 -3.35202 -24.0099 -0.0135368 -0.688049 -0.0162631 0.725356
120.362 139.995 -3.29828 -23.9292 -0.0136806 -0.689403 -0.0147148 0.724099
120.777 136.524 -3.19039 -23.786 -0.0147112 -0.691241 -0.015648 0.722305
120.984 134.759 -3.13254 -23.713 -0.017079 -0.692328 -0.0165052 0.721192
121.399 131.202 -3.00498 -23.5913 -0.0209272 -0.698035 -0.0137651 0.715625
121.606 129.611 -2.95132 -23.5548 -0.0219885 -0.701574 -0.0135737 0.712128
122.021 126.044 -2.81026 -23.5719 -0.0191064 -0.709009 -0.0154546 0.704771
122.228 124.403 -2.7511 -23.5957 -0.0173547 -0.712438 -0.0142984 0.701374
122.643 120.83 -2.62512 -23.7068 -0.0156591 -0.714725 -0.0214572 0.6989
122.85 119.089 -2.55912 -23.7586 -0.0129586 -0.714279 -0.0239123 0.699332
123.058 117.368 -2.50086 -23.8136 -0.00830061 -0.713386 -0.0262179 0.700231
123.472 114.048 -2.40478 -23.8801 -0.00498322 -0.710892 -0.0261814 0.702796
123.68 112.447 -2.36569 -23.8995 -0.00421263 -0.708984 -0.0283687 0.704641
124.094 109.444 -2.28505 -23.9023 -0.00131514 -0.702725 -0.0297094 0.71084
124.302 108.077 -2.25063 -23.8719 -0.00108818 -0.698265 -0.0280218 0.71529
124.509 106.797 -2.22865 -23.8193 -0.00302869 -0.694243 -0.0258859 0.719269
124.924 104.374 -2.18643 -23.6849 -0.00163064 -0.685837 -0.02176 0.727428
125.131 103.179 -2.15993 -23.6073 0.00011162 -0.682136 -0.0226824 0.730874
125.338 101.992 -2.13508 -23.5125 -0.00557998 -0.680293 -0.0254601 0.732477
125.546 100.808 -2.10957 -23.4237 -0.00923575 -0.679993 -0.0279381 0.732628
125.96 98.4788 -2.0244 -23.2655 -0.0154572 -0.686615 -0.0263134 0.72638
126.167 97.3618 -1.974 -23.2092 -0.0147445 -0.6968 -0.016678 0.71692
126.582 95.0679 -1.91019 -23.3012 -0.0165837 -0.729401 -0.0112895 0.683792
126.789 93.9447 -1.87861 -23.4534 -0.0181518 -0.75123 -0.0115646 0.659689
126.996 92.8469 -1.84431 -23.7073 -0.019094 -0.776029 -0.0160387 0.630204
127.203 91.7894 -1.80446 -24.0577 -0.0204534 -0.803966 -0.0180158 0.594051
127.306 91.287 -1.78524 -24.2638 -0.020913 -0.818281 -0.017543 0.574171
127.41 90.7983 -1.76584 -24.4961 -0.0214275 -0.833012 -0.0167346 0.552587
127.513 90.3269 -1.74544 -24.7533 -0.0211707 -0.847674 -0.0156103 0.529865
127.617 89.8752 -1.72887 -25.0332 -0.0207327 -0.861815 -0.0120198 0.506657
127.824 89.0404 -1.70001 -25.6622 0.0190959 0.888525 0.00684487 -0.45838
127.927 88.6408 -1.68677 -26.0168 0.0202401 0.900791 0.0047576 -0.433754
128.135 87.8653 -1.66944 -26.8002 0.0277453 0.922647 0.00424269 -0.384622
128.239 87.5246 -1.66238 -27.2093 0.0294036 0.932275 0.00542614 -0.360514
128.446 86.8994 -1.65055 -28.1069 0.0306934 0.949322 0.00366375 -0.312783
128.55 86.6325 -1.64508 -28.5507 0.0308414 0.956772 0.00219036 -0.28919
128.653 86.3915 -1.64113 -29.0162 0.0303168 0.963357 0.00189587 -0.266497
128.861 85.9764 -1.63494 -30.007 0.0254689 0.974596 0.00345174 -0.222492
128.964 85.8234 -1.63184 -30.4546 0.0234042 0.979034 0.00437128 -0.202301
129.172 85.5161 -1.63024 -31.4943 0.0169127 0.985098 0.00769797 -0.170986
129.38 85.2551 -1.62999 -32.5523 0.00645112 0.988232 0.0102963 -0.152482
129.796 84.6975 -1.61583 -34.6456 0.00409819 0.989914 0.0085913 -0.141352
130.004 84.4089 -1.61222 -35.6747 0.00449635 0.989469 0.00710079 -0.1445
130.421 83.7052 -1.60183 -37.6377 0.00772191 0.98315 0.00956092 -0.182385
130.628 83.2718 -1.59393 -38.5204 0.0108933 0.975682 0.0182508 -0.218157
130.837 82.7434 -1.58915 -39.2552 0.0263914 0.964788 0.0140878 -0.261321
131.045 82.2242 -1.58581 -39.9143 0.0208412 0.949559 0.0074372 -0.312808
131.149 81.9545 -1.57299 -40.2339 0.0132904 0.940087 0.00814051 -0.340577
131.357 81.2896 -1.53813 -40.7906 0.0134515 0.91758 0.013811 -0.397083
131.461 80.9234 -1.52871 -41.0102 0.0194251 0.905189 0.0150644 -0.424298
131.668 80.1856 -1.51114 -41.3956 0.0216535 0.878225 0.0144512 -0.477538
131.772 79.8095 -1.50064 -41.5541 -0.021292 -0.863942 -0.0131458 0.502968
131.979 79.0861 -1.47739 -41.8098 -0.0191505 -0.836954 -0.0126972 0.546791
132.29 77.9432 -1.4298 -42.11 -0.0152702 -0.798385 -0.0180945 0.601682
132.704 76.1414 -1.37705 -42.3171 -0.0193808 -0.752856 -0.0174472 0.657669
132.911 75.1685 -1.3339 -42.3891 -0.0162358 -0.738694 -0.0148455 0.673682
133.325 73.172 -1.26852 -42.4698 -0.0110124 -0.71763 -0.0115653 0.696241
133.739 70.7713 -1.19753 -42.4702 -0.0168207 -0.70961 -0.0108875 0.70431
134.153 68.1782 -1.10714 -42.4872 -0.0171473 -0.70768 -0.0130724 0.706204
134.361 66.7898 -1.05997 -42.4849 -0.0155195 -0.705907 -0.0115858 0.708039
134.568 65.2572 -1.01121 -42.4788 -0.0137469 -0.704114 -0.0110635 0.709868
134.983 62.0217 -0.918911 -42.4451 -0.0143856 -0.700933 -0.0130653 0.712962
135.19 60.5075 -0.874047 -42.4156 -0.0151547 -0.69884 -0.0134492 0.714991
135.604 57.2377 -0.775775 -42.3278 -0.0160918 -0.696067 -0.0115723 0.717703
135.708 56.4035 -0.752284 -42.3038 -0.0152206 -0.695487 -0.0111458 0.718291
135.812 55.5717 -0.728408 -42.2773 -0.013806 -0.694953 -0.0102454 0.71885
135.915 54.7322 -0.707955 -42.2528 -0.0123543 -0.694313 -0.0102347 0.719495
136.226 52.2421 -0.652678 -42.1696 -0.0126835 -0.693101 -0.0106422 0.720651
136.641 48.7132 -0.563106 -42.0513 -0.0188192 -0.696553 -0.00936121 0.717198
136.745 47.8238 -0.539936 -42.03 -0.0187163 -0.697711 -0.0086738 0.716082
136.848 46.9321 -0.517514 -42.0135 -0.0176162 -0.698889 -0.00811162 0.714967
136.952 46.0576 -0.496644 -42.0004 -0.0165725 -0.699901 -0.007589 0.714007
137.056 45.1745 -0.476579 -41.9878 -0.0164182 -0.700592 -0.00756917 0.713333
137.367 42.5182 -0.420316 -41.9627 -0.0156126 -0.702094 -0.0107395 0.711832
137.574 40.7846 -0.372769 -41.9468 -0.0213416 -0.703237 -0.014253 0.710493
137.989 37.4264 -0.286288 -41.936 -0.0137229 -0.705108 -0.0058217 0.708943
138.093 36.5913 -0.268229 -41.9297 -0.0168603 -0.704925 -0.00745613 0.709042
138.404 34.1023 -0.210312 -41.924 -0.0196047 -0.704452 -0.00992619 0.709411
138.507 33.2921 -0.186883 -41.9172 -0.0190032 -0.704641 -0.00749386 0.70927
138.611 32.4851 -0.164303 -41.9117 -0.0197795 -0.704907 -0.00678883 0.708991
138.714 31.6865 -0.144225 -41.9117 -0.0207161 -0.705372 -0.00831703 0.708486
139.025 29.3146 -0.083859 -41.9178 -0.0194875 -0.706707 -0.00813823 0.707191
139.233 27.7465 -0.0451737 -41.9234 -0.0193899 -0.707489 -0.00691114 0.706425
139.44 26.1817 -0.0082381 -41.9328 -0.0209582 -0.708251 -0.00801409 0.705604
139.647 24.657 0.0304287 -41.9464 -0.0216492 -0.709188 -0.00840105 0.704637
139.855 23.2004 0.0676898 -41.967 -0.0207058 -0.710045 -0.00937689 0.70379
140.062 21.799 0.102349 -41.9977 -0.0185482 -0.710773 -0.0113177 0.703086
140.269 20.4363 0.133964 -42.0323 -0.0153131 -0.711173 -0.0129653 0.702731
140.476 19.0842 0.165622 -42.0598 -0.0135004 -0.710801 -0.0138984 0.703126
140.684 17.7385 0.201336 -42.0859 -0.0124772 -0.710216 -0.0160616 0.70369
141.098 15.1244 0.266952 -42.1037 -0.0147929 -0.707755 -0.0154538 0.706134
141.305 13.902 0.298248 -42.1068 -0.0129638 -0.706136 -0.0140744 0.707818
141.513 12.7473 0.322248 -42.1022 -0.01249 -0.703619 -0.0147548 0.710315
141.927 10.6889 0.365141 -42.0607 -0.0125817 -0.695092 -0.0178215 0.71859
142.238 9.32825 0.396583 -41.9796 -0.0132896 -0.686021 -0.0173276 0.727254
142.549 8.11653 0.427173 -41.8701 -0.0135614 -0.675674 -0.0169976 0.736879
142.861 7.04803 0.45526 -41.7372 -0.0148305 -0.663975 -0.0187371 0.747373
143.172 6.14521 0.476757 -41.5604 -0.0191107 -0.650543 -0.0121217 0.759133
143.483 5.3999 0.499834 -41.4009 -0.0200266 -0.636184 -0.0150132 0.771131
143.897 4.705 0.520163 -41.2021 -0.0178136 -0.615127 -0.0138152 0.788106
144.727 3.51159 0.548536 -40.7184 -0.0167251 -0.567731 -0.0106308 0.822976
145.038 3.02683 0.565063 -40.472 -0.0102703 -0.542266 -0.00894987 0.840097
145.453 2.20062 0.58214 -39.9233 -0.00811714 -0.485481 -0.00865098 0.874167
145.661 1.73098 0.592273 -39.5302 -0.00708244 -0.448398 -0.00896458 0.893761
146.18 0.529973 0.604873 -38.1406 -0.000486234 -0.331374 -0.0143896 0.94339
146.283 0.316495 0.606941 -37.7796 0.000335158 -0.304362 -0.0133783 0.952463
146.387 0.119977 0.609402 -37.3954 0.00199072 -0.276299 -0.0121187 0.960993
146.595 -0.235177 0.601614 -36.5487 0.00551557 -0.217711 -0.0125266 0.975917
146.698 -0.388244 0.595022 -36.0881 0.00591671 -0.188468 -0.0131845 0.981973
146.802 -0.516039 0.590626 -35.5933 0.00614783 -0.160526 -0.0118343 0.986942
147.009 -0.702643 0.58071 -34.5505 0.00579405 -0.109917 -0.00701401 0.993899
147.113 -0.778909 0.572835 -34.0025 0.00473471 -0.0862545 -0.00740907 0.996234
147.423 -0.91652 0.552702 -32.1944 0.00214262 -0.0333059 -0.0075151 0.999415
147.63 -0.944046 0.542786 -30.8638 0.00297978 -0.0121107 -0.00640303 0.999902
148.043 -0.884919 0.52003 -27.9212 0.00147148 0.0175109 -0.00585848 0.999828
148.25 -0.803691 0.50769 -26.3105 0.000882992 0.0241306 -0.00348911 0.999702
148.457 -0.717135 0.499404 -24.6512 0.000503673 0.026906 -0.00294923 0.999633
148.664 -0.621425 0.490372 -22.9342 0.000375533 0.0277154 -0.00160807 0.999614
149.078 -0.439091 0.468731 -19.3265 0.00178845 0.0254938 0.000873493 0.999673
149.286 -0.350029 0.450358 -17.416 0.00377919 0.0238792 0.00208273 0.999706
149.389 -0.304767 0.440182 -16.4345 0.00387507 0.0225438 0.00351484 0.999732
149.493 -0.266099 0.42642 -15.4342 0.003816 0.0207227 0.00388478 0.99977
149.596 -0.233253 0.411887 -14.4178 0.00415113 0.0186634 0.00320072 0.999812
149.804 -0.187344 0.383568 -12.3627 0.0038391 0.0146711 0.00114374 0.999884
150.218 -0.127691 0.326071 -8.36575 0.0028811 0.00902622 0.000254695 0.999955
150.322 -0.112983 0.311477 -7.33337 0.00219036 0.00780105 0.00105142 0.999967
150.426 -0.101245 0.297425 -6.28215 0.00217249 0.00649598 0.00149245 0.999975
150.633 -0.090134 0.268047 -4.16315 0.00242588 0.00428996 0.000920759 0.999987
150.737 -0.0899964 0.253166 -3.09063 0.00230905 0.00357613 0.000141361 0.999991
150.944 -0.0873603 0.222008 -0.940552 0.00190644 0.00282855 -0.000438215 0.999994
151.048 -0.0852494 0.206849 0.141232 0.00195791 0.00246063 -0.000172563 0.999995
151.151 -0.0844988 0.1917 1.22678 0.00202572 0.00200626 0.000100395 0.999996
151.358 -0.0886107 0.161084 3.41575 0.0013205 0.00188436 4.05714e-05 0.999997
151.462 -0.0925965 0.146451 4.51551 0.00103205 0.00206066 -0.000469038 0.999997
151.566 -0.0958205 0.133021 5.62073 0.000695495 0.00236701 -0.00124824 0.999996
151.773 -0.099009 0.105927 7.82943 0.00118599 0.00356061 -0.00297928 0.999989
151.877 -0.0961118 0.0922664 8.93628 0.0017257 0.00427883 -0.0034792 0.999983
151.98 -0.0909079 0.0788375 10.053 0.00136126 0.00499153 -0.00354686 0.99998
152.188 -0.0748228 0.0548925 12.3065 -0.00184751 0.00656406 -0.00301135 0.999972
152.291 -0.0614354 0.0473632 13.4421 -0.00282079 0.0072621 -0.00274362 0.999966
152.395 -0.0464871 0.0422154 14.5824 -0.00295337 0.00804832 -0.00215391 0.999961
152.499 -0.0319488 0.0371076 15.7313 -0.0022163 0.00876287 -0.00229484 0.999957
152.602 -0.0151073 0.03225 16.8887 -0.00139262 0.00956057 -0.00162595 0.999952
152.706 0.00422018 0.0243573 18.0549 -0.000843627 0.010218 -0.000753608 0.999947
152.913 0.0533415 0.00376159 20.3868 0.000498683 0.011577 0.00173318 0.999931
153.017 0.080413 -0.00795518 21.5618 0.00127342 0.0119719 0.00230527 0.999925
153.12 0.105025 -0.0227644 22.7443 0.00216349 0.0122953 0.00218336 0.99992
153.328 0.152329 -0.0523452 25.1275 0.000287882 0.0132944 0.000633699 0.999911
153.431 0.175305 -0.0654526 26.3257 -0.000748901 0.0136458 -0.000591535 0.999906
153.535 0.201389 -0.0775187 27.5255 0.000228187 0.0137741 -0.000804735 0.999905
153.742 0.255921 -0.106626 29.9352 0.00284218 0.013573 -0.0002523 0.999904
153.846 0.284956 -0.125687 31.1441 0.00318235 0.0133183 0.000287746 0.999906
153.95 0.312382 -0.144701 32.3552 0.00179249 0.0130614 0.000797784 0.999913
154.157 0.363636 -0.17854 34.7876 0.000461312 0.012581 0.00144031 0.99992
154.26 0.389284 -0.193429 36.009 0.000850306 0.0122037 0.0016479 0.999924
154.467 0.435161 -0.227703 38.4519 0.00131167 0.0115705 0.00215096 0.99993
154.571 0.456312 -0.245271 39.6406 0.00133174 0.0111889 0.0021373 0.999934
154.778 0.491535 -0.282078 42.0558 0.00052198 0.0105056 0.0015853 0.999943
154.882 0.509302 -0.298791 43.2427 0.000131916 0.00994419 0.00124587 0.99995
154.985 0.525267 -0.314602 44.4296 -0.000367394 0.0094417 0.00108503 0.999955
155.089 0.539706 -0.329164 45.6026 -0.000722099 0.00894907 0.00122815 0.999959
155.192 0.553593 -0.342689 46.7875 -0.000792126 0.00837175 0.00119711 0.999964
155.503 0.593201 -0.389769 50.3921 -9.80648e-05 0.00709653 0.00148629 0.999974
155.607 0.604704 -0.406753 51.5642 -0.000234993 0.00669664 0.00188895 0.999976
155.71 0.613511 -0.423368 52.7355 8.29645e-05 0.00618272 0.00150434 0.99998
155.918 0.625837 -0.45411 55.1054 -0.00103211 0.00544751 0.000428237 0.999985
156.021 0.632584 -0.46601 56.276 -0.00390129 0.00517381 3.84561e-05 0.999979
156.229 0.647555 -0.476293 58.6377 -0.00559714 0.00422199 0.000720495 0.999975
156.332 0.653361 -0.479018 59.7944 -0.00464844 0.00370665 0.00127901 0.999982
156.436 0.656365 -0.484427 60.9503 -0.00434829 0.00323469 0.0012267 0.999985
156.643 0.659421 -0.496348 63.2929 -0.00533405 0.00243814 0.00216917 0.99998
156.747 0.661467 -0.500025 64.444 -0.00601423 0.00201546 0.0026407 0.999976
156.851 0.663156 -0.50458 65.5867 -0.0061052 0.00184898 0.00350852 0.999973
156.954 0.661766 -0.508267 66.7171 -0.00619254 0.00167318 0.00335931 0.999974
157.058 0.657892 -0.512556 67.4909 -0.00445929 0.00212694 0.00287692 0.999984
157.161 0.664898 -0.496594 68.3478 -0.00351714 0.00197032 0.0023413 0.999989
157.265 0.675698 -0.476359 69.0883 -0.00370031 0.000603165 0.0017369 0.999991
157.576 0.667816 -0.511657 72.3588 -0.00339645 0.00227321 0.000801849 0.999991
157.68 0.669826 -0.523968 73.397 -0.00334758 0.00287676 0.000796554 0.99999
157.783 0.671356 -0.535604 74.4155 -0.0034113 0.00354013 0.0003952 0.999988
157.887 0.674664 -0.548548 75.4206 -0.00312366 0.00420783 9.0914e-05 0.999986
157.991 0.693173 -0.529593 76.022 -0.0031123 0.00304724 0.000752315 0.99999
158.094 0.710691 -0.536556 76.8755 -0.00284128 0.00335641 0.000814217 0.99999
158.405 0.742206 -0.576992 79.6427 -0.00288741 0.00526441 0.0015564 0.999981
158.613 0.761959 -0.594313 81.2667 -0.00388378 0.00661244 0.00159582 0.999969
158.716 0.763969 -0.605819 82.1142 -0.00456534 0.00761099 0.00194758 0.999959
158.924 0.783176 -0.634322 83.6044 -0.00542467 0.00971233 0.000334187 0.999938
159.131 0.802277 -0.645906 85.3386 -0.00670012 0.0107374 0.000752383 0.99992
159.338 0.83112 -0.662044 86.8019 -0.00794095 0.0105061 0.00285189 0.999909
159.545 0.848898 -0.672187 88.178 -0.007738 0.00489237 0.00653056 0.999937
159.752 0.826635 -0.681576 89.4606 -0.00825764 -0.00976068 0.00991568 0.999869
159.959 0.739006 -0.692355 90.6539 -0.00902306 -0.0327175 0.011492 0.999358
160.166 0.567494 -0.698251 91.7406 -0.00888046 -0.0649423 0.0127276 0.997768
160.58 -0.013032 -0.700208 93.6854 -0.00912754 -0.146165 0.00418452 0.989209
160.787 -0.43606 -0.697422 94.5341 -0.0103634 -0.194062 -0.00419667 0.980926
160.994 -0.927994 -0.694069 95.3227 -0.0125687 -0.245088 -0.0127751 0.969335
161.201 -1.51419 -0.680429 96.0523 -0.0156188 -0.297403 -0.0191831 0.954431
161.305 -1.83159 -0.678792 96.3609 -0.0175667 -0.324436 -0.0209985 0.945511
161.409 -2.30433 -0.657557 96.656 -0.0189094 -0.352356 -0.0214338 0.935429
161.616 -2.97173 -0.640228 97.3273 -0.0202066 -0.407273 -0.0190779 0.912884
161.823 -3.587 -0.567014 98.0775 -0.0193811 -0.463037 -0.0192843 0.885917
161.927 -4.05481 -0.542681 98.2511 -0.019809 -0.488965 -0.0200117 0.871849
162.03 -4.53575 -0.519445 98.3954 -0.0193841 -0.514331 -0.0214594 0.857104
162.238 -5.44035 -0.482913 98.7644 -0.0203683 -0.562266 -0.0190456 0.826486
162.341 -5.8775 -0.427858 98.9413 -0.0171903 -0.583567 -0.0181832 0.81168
162.549 -6.89324 -0.377409 99.1144 -0.0150586 -0.617884 -0.0215287 0.78583
162.653 -7.39395 -0.343509 99.1952 -0.0131876 -0.631868 -0.0222758 0.774644
162.861 -8.42445 -0.307083 99.3361 -0.012099 -0.652268 -0.0194757 0.757642
162.964 -8.94454 -0.292095 99.3602 -0.0101478 -0.659194 -0.0181055 0.751686
163.068 -9.4464 -0.279031 99.3989 -0.00765057 -0.664773 -0.0164801 0.746824
163.38 -11.0748 -0.224491 99.5539 -0.0127238 -0.674932 -0.0149991 0.737618
163.588 -12.2905 -0.195758 99.6518 -0.0140557 -0.677308 -0.0159533 0.735393
163.796 -13.4311 -0.149985 99.7483 -0.0157417 -0.677496 -0.0136792 0.735231
164.211 -15.9267 -0.0586526 99.9724 -0.0181392 -0.677578 -0.0109132 0.735147
164.314 -16.5461 -0.0313795 100.015 -0.0193537 -0.67755 -0.00963602 0.735159
164.522 -17.8936 0.0177048 100.117 -0.0225054 -0.678537 -0.00603981 0.734196
164.936 -20.8614 0.125454 100.294 -0.0273633 -0.68836 -0.00189294 0.72485
165.144 -22.4918 0.182406 100.363 -0.0277367 -0.696628 -0.00366024 0.716887
165.351 -24.0916 0.24556 100.36 -0.0261969 -0.704224 -0.00423173 0.709482
165.765 -27.5655 0.342692 100.255 -0.0173378 -0.714683 -0.00808442 0.699186
166.18 -31.0355 0.422791 100.155 -0.0133582 -0.710886 -0.0150633 0.70302
166.284 -31.8831 0.443962 100.143 -0.0119332 -0.7081 -0.0157499 0.705836
166.388 -32.7287 0.465606 100.139 -0.0107832 -0.704622 -0.0164867 0.70931
166.595 -34.3644 0.514084 100.169 -0.0113361 -0.697287 -0.0189171 0.716452
166.699 -35.1853 0.537316 100.199 -0.0117657 -0.69317 -0.0196052 0.720411
166.803 -36.0181 0.566626 100.249 -0.0114705 -0.68888 -0.0191223 0.724532
166.906 -36.8028 0.592885 100.295 -0.0110799 -0.684184 -0.0184751 0.728992
167.113 -38.4627 0.639979 100.43 -0.0120968 -0.675144 -0.017385 0.737382
167.217 -39.2918 0.662468 100.508 -0.0127401 -0.670838 -0.0173639 0.741291
167.424 -40.8489 0.710575 100.683 -0.0128434 -0.663814 -0.0163802 0.747608
167.528 -41.6754 0.735977 100.798 -0.0128192 -0.661543 -0.0152211 0.749643
167.632 -42.4534 0.749154 100.889 -0.0114425 -0.660204 -0.0144921 0.750859
168.046 -45.8849 0.832211 101.337 -0.0105634 -0.65995 -0.0124326 0.751133
168.253 -47.6087 0.868396 101.536 -0.012252 -0.661831 -0.0135644 0.74943
168.668 -51.1753 0.958203 101.942 -0.0103513 -0.662925 -0.0177893 0.748403
168.875 -52.9831 1.00019 102.151 -0.00622286 -0.659019 -0.0215649 0.751792
169.083 -54.709 1.03599 102.386 -0.00117047 -0.650334 -0.0242789 0.759259
169.498 -58.0175 1.09023 103.041 -0.00106691 -0.621428 -0.0260584 0.783037
169.705 -59.6286 1.11586 103.48 -0.00252692 -0.604579 -0.0249891 0.796149
169.809 -60.4442 1.13463 103.74 -0.00335459 -0.596516 -0.022392 0.802282
170.12 -62.8685 1.18051 104.588 -0.00731418 -0.573004 -0.0182217 0.819317
170.223 -63.6657 1.20013 104.889 -0.00708077 -0.566211 -0.0177914 0.824038
170.327 -64.588 1.22646 105.259 -0.00988079 -0.559097 -0.0172489 0.828864
170.43 -65.3819 1.25255 105.593 -0.0143899 -0.554575 -0.0193973 0.831783
