151.151 -0.00409965 -0.010578 1.03469 6.56888e-05 -0.000365235 0.000257463 1
151.358 -0.0149851 -0.0317829 3.11903 -0.000666667 -0.00044693 0.000165277 1
151.566 -0.0297341 -0.05065 5.22201 -0.00130395 0.000185208 -0.00112134 0.999999
151.669 -0.0364753 -0.0594235 6.28087 -0.00135103 0.000668005 -0.00219378 0.999996
151.877 -0.0407172 -0.0778942 8.40902 -0.000260207 0.00217205 -0.00334074 0.999992
151.98 -0.0397095 -0.0874629 9.47993 -0.000638432 0.00298401 -0.00342164 0.999989
152.084 -0.0352187 -0.0961666 10.5582 -0.00202033 0.00385947 -0.00299469 0.999986
152.291 -0.0207706 -0.105537 12.7334 -0.00482625 0.00538414 -0.00256442 0.999971
152.395 -0.0093095 -0.106288 13.8285 -0.00495708 0.00626242 -0.0020068 0.999966
152.602 0.0165576 -0.108257 16.0358 -0.00341891 0.00787311 -0.00142412 0.999962
152.706 0.0341582 -0.111024 17.147 -0.00287421 0.00857503 -0.000556203 0.999959
152.913 0.0764087 -0.122398 19.3903 -0.00155557 0.00996264 0.00190128 0.999947
153.017 0.0963624 -0.130341 20.5219 -0.000815228 0.0104451 0.00246498 0.999942
153.224 0.136441 -0.15004 22.8019 -0.00033428 0.0114247 0.00179018 0.999933
153.328 0.156141 -0.159774 23.9522 -0.00181812 0.0118863 0.000853265 0.999927
153.431 0.17568 -0.167174 25.1056 -0.00284691 0.0122951 -0.000401384 0.99992
153.639 0.2241 -0.181785 27.417 -0.00044128 0.0124123 -0.000394922 0.999923
153.742 0.249077 -0.193648 28.5779 0.000746239 0.0123225 -7.93212e-05 0.999924
153.95 0.300415 -0.221465 30.9172 -0.000331474 0.0119301 0.00102064 0.999928
154.053 0.324622 -0.234115 32.0929 -0.00174128 0.0117664 0.00114169 0.999929
154.26 0.371487 -0.253492 34.4501 -0.00127982 0.0112568 0.00178681 0.999934
154.364 0.391637 -0.264047 35.6264 -0.00095656 0.0109555 0.00186321 0.999938
154.571 0.43012 -0.289063 37.9873 -0.000798385 0.0103803 0.00217155 0.999943
154.675 0.447825 -0.301964 39.1739 -0.00127581 0.0100624 0.00178783 0.999947
154.882 0.482134 -0.32667 41.5417 -0.00198841 0.00930613 0.00119317 0.999954
154.985 0.499325 -0.337147 42.7243 -0.0024935 0.00887358 0.0010125 0.999957
155.089 0.516237 -0.344974 43.9059 -0.00286609 0.00847792 0.00117323 0.999959
155.296 0.544747 -0.362921 46.2655 -0.00247238 0.0075094 0.00114062 0.999968
155.4 0.558241 -0.374115 47.4776 -0.00214907 0.00712918 0.00124689 0.999972
155.503 0.571577 -0.386107 48.6876 -0.00220172 0.0067533 0.00137308 0.999974
155.71 0.595451 -0.410687 51.0648 -0.00203149 0.00601503 0.00132785 0.999979
155.814 0.603578 -0.423546 52.2679 -0.00183247 0.00560182 0.000598734 0.999982
155.918 0.610468 -0.434103 53.4698 -0.00313229 0.00533869 0.000305256 0.999981
156.125 0.624307 -0.443527 55.8359 -0.00807493 0.00480412 0.000395769 0.999956
156.229 0.631449 -0.443444 57.0287 -0.00769952 0.00424504 0.000547558 0.999961
156.332 0.638527 -0.443163 58.218 -0.00673722 0.00384147 0.00109169 0.999969
156.54 0.645121 -0.445374 60.5575 -0.00697008 0.0031467 0.00105494 0.99997
156.643 0.650036 -0.446602 61.7392 -0.00741064 0.00281188 0.00183361 0.999967
156.747 0.653594 -0.446188 62.9169 -0.00809021 0.00247882 0.00231377 0.999962
156.954 0.659479 -0.446928 65.2 -0.00829315 0.0023048 0.00297805 0.999959
157.058 0.660972 -0.449402 66.3434 -0.00643654 0.0023959 0.00287142 0.999972
157.265 0.659519 -0.46118 68.5628 -0.00517634 0.00271064 0.00105414 0.999982
157.369 0.658838 -0.470064 69.6532 -0.00519959 0.00291481 0.000720615 0.999982
157.472 0.660878 -0.478948 70.7273 -0.00513485 0.00332658 0.000634622 0.999981
157.68 0.668897 -0.497258 72.8018 -0.00482595 0.00422435 0.000540833 0.999979
157.783 0.674042 -0.50679 73.8222 -0.00489247 0.00460368 0.000376445 0.999977
157.887 0.679515 -0.517511 74.8254 -0.00460714 0.00499226 0.000237968 0.999977
157.991 0.685718 -0.527904 75.8137 -0.00423089 0.00538146 3.04313e-05 0.999977
158.094 0.676687 -0.542663 76.905 -0.00361165 0.00602477 0.000445696 0.999975
158.405 0.696404 -0.573421 79.7549 -0.00315743 0.00720592 0.00262676 0.999966
158.509 0.705798 -0.592342 80.8025 -0.00325752 0.00747083 0.00304131 0.999962
158.613 0.723601 -0.604422 81.6699 -0.00319227 0.00744479 0.00279234 0.999963
158.716 0.739257 -0.61583 82.5149 -0.00339116 0.00746427 0.00253336 0.999963
158.924 0.76531 -0.640889 83.9492 -0.00433357 0.00855609 0.00123051 0.999953
159.235 0.811715 -0.665845 86.0172 -0.00679718 0.00969251 0.00191262 0.999928
159.442 0.840747 -0.671311 87.4202 -0.00748653 0.00716569 0.00482683 0.999935
159.649 0.84481 -0.67366 88.7319 -0.00777581 -0.00286231 0.00889113 0.999926
159.856 0.791119 -0.673876 89.9586 -0.00894752 -0.021665 0.0110423 0.999664
160.063 0.672425 -0.675015 91.0976 -0.00898732 -0.0494896 0.0131296 0.998648
160.27 0.491044 -0.677547 92.1582 -0.00870787 -0.0847247 0.0119681 0.996294
160.684 -0.13585 -0.683181 94.0637 -0.00935326 -0.169556 0.00144647 0.985475
160.891 -0.584353 -0.677722 94.9722 -0.0106428 -0.219089 -0.00744018 0.975618
161.098 -1.14256 -0.652076 95.8342 -0.0123962 -0.271282 -0.0144876 0.962311
161.305 -1.78315 -0.621333 96.6222 -0.0149773 -0.3253 -0.0195086 0.945291
161.409 -2.13381 -0.598022 97.0155 -0.0158875 -0.353677 -0.0198306 0.935022
161.512 -2.58077 -0.558524 97.2871 -0.0165226 -0.381803 -0.0196015 0.923888
161.72 -3.44299 -0.50382 97.8004 -0.0160799 -0.436443 -0.0190684 0.899386
161.823 -3.83419 -0.489175 98.0968 -0.017111 -0.463493 -0.0198555 0.885713
162.03 -4.67902 -0.455412 98.5536 -0.0168202 -0.515537 -0.0227973 0.856399
162.134 -5.15651 -0.433477 98.6762 -0.0165486 -0.53908 -0.022971 0.841779
162.341 -6.11142 -0.394744 98.9084 -0.0149987 -0.581469 -0.0206802 0.813167
162.445 -6.56632 -0.374256 99.0155 -0.0126153 -0.600581 -0.0234204 0.799122
162.653 -7.54815 -0.341231 99.1736 -0.0130401 -0.630755 -0.0243179 0.775491
162.756 -8.05431 -0.339995 99.2443 -0.0144011 -0.642142 -0.0217095 0.766143
162.861 -8.55921 -0.326049 99.3345 -0.0136577 -0.651657 -0.020536 0.758113
163.068 -9.6063 -0.269433 99.4419 -0.00820339 -0.664795 -0.0172644 0.746781
163.172 -10.1793 -0.25602 99.4858 -0.00839131 -0.669019 -0.0165674 0.743013
163.276 -10.6857 -0.2358 99.5252 -0.0106031 -0.672195 -0.0163957 0.740117
163.484 -11.7752 -0.200201 99.6013 -0.0133194 -0.676186 -0.018854 0.736369
163.692 -13.0167 -0.164663 99.7015 -0.0141739 -0.677265 -0.0171792 0.735402
164.107 -15.6136 -0.0784307 99.9057 -0.0174235 -0.677282 -0.0115762 0.735426
164.314 -16.9674 -0.0381882 100.029 -0.0193304 -0.677479 -0.0102352 0.735217
164.522 -18.4164 0.0116717 100.165 -0.022863 -0.679278 -0.00629283 0.733498
164.936 -21.3736 0.123844 100.328 -0.0279813 -0.688948 -0.00180342 0.724268
165.144 -22.9306 0.186956 100.347 -0.0284419 -0.69607 -0.00330329 0.717403
165.351 -24.5618 0.248529 100.357 -0.0262811 -0.704206 -0.00429635 0.709496
165.765 -27.9363 0.3445 100.262 -0.0168533 -0.715317 -0.00864564 0.698544
166.18 -31.3174 0.428051 100.152 -0.0116885 -0.711045 -0.0162772 0.702861
166.388 -32.9917 0.46923 100.143 -0.00883524 -0.704596 -0.0184277 0.709315
166.491 -33.8224 0.489926 100.155 -0.0085988 -0.700637 -0.0199151 0.713188
166.699 -35.4897 0.530769 100.209 -0.00955642 -0.692015 -0.0221907 0.721479
166.803 -36.3045 0.544647 100.245 -0.00952167 -0.687827 -0.0214914 0.725494
166.906 -37.1622 0.565698 100.307 -0.00946096 -0.683888 -0.020304 0.729243
167.01 -37.9717 0.590594 100.374 -0.00932317 -0.679625 -0.0198453 0.733232
167.217 -39.5956 0.63617 100.521 -0.0103845 -0.67086 -0.0197313 0.741249
167.321 -40.3939 0.659464 100.606 -0.0108142 -0.666993 -0.0189828 0.744743
167.528 -42.0207 0.699261 100.805 -0.0113345 -0.662202 -0.0168914 0.74905
167.632 -42.8386 0.719848 100.902 -0.0103769 -0.660868 -0.0159179 0.750261
168.046 -46.1472 0.798743 101.317 -0.00972486 -0.660766 -0.0135234 0.750407
168.253 -47.837 0.83936 101.517 -0.0114853 -0.662565 -0.0148411 0.748769
168.46 -49.5667 0.8915 101.718 -0.0121209 -0.66401 -0.0167306 0.747439
168.875 -53.0313 0.99225 102.108 -0.0057606 -0.659638 -0.0225871 0.751222
169.29 -56.4051 1.0639 102.626 0.00292448 -0.637685 -0.0249618 0.769887
169.394 -57.3577 1.07895 102.828 0.00149021 -0.629583 -0.025154 0.776524
169.498 -58.2328 1.09507 103.031 -0.00114942 -0.621056 -0.0255301 0.78335
169.705 -59.8554 1.12101 103.464 -0.00279386 -0.603731 -0.0241195 0.796818
170.016 -62.2187 1.16462 104.256 -0.00600091 -0.579378 -0.0200916 0.814789
170.12 -62.9904 1.17585 104.552 -0.00686327 -0.572677 -0.018114 0.819552
170.534 -66.0076 1.26517 105.772 -0.0161329 -0.554159 -0.023528 0.831922
170.845 -68.2254 1.35459 106.713 -0.0105174 -0.552851 -0.0175006 0.83303
171.052 -69.8147 1.39693 107.375 -0.00619186 -0.553393 -0.0139171 0.832781
171.363 -72.2634 1.45171 108.405 -0.0119241 -0.549957 -0.0176047 0.834922
171.57 -73.8971 1.49974 109.121 -0.0122745 -0.543448 -0.0183298 0.839153
171.673 -74.7142 1.52571 109.495 -0.0103216 -0.538572 -0.0178517 0.842327
171.777 -75.5317 1.55213 109.887 -0.0099993 -0.532333 -0.016593 0.846313
171.881 -76.3524 1.57404 110.294 -0.00895398 -0.525746 -0.0163349 0.850438
172.088 -77.968 1.60442 111.145 -0.00320839 -0.513777 -0.0113381 0.857843
172.502 -81.2603 1.64106 112.989 -0.00658269 -0.501595 -0.0119144 0.864995
172.606 -82.0916 1.65477 113.465 -0.00739731 -0.500988 -0.0114417 0.865347
172.813 -83.7405 1.67869 114.407 -0.00779765 -0.500291 -0.0118363 0.865741
173.228 -87.0415 1.71965 116.288 -0.00496551 -0.49627 -0.0172848 0.867982
173.642 -90.2499 1.76707 118.239 -0.00466953 -0.478179 -0.0242629 0.877915
173.85 -91.7915 1.7967 119.265 -0.00407738 -0.466033 -0.0256825 0.884385
174.161 -94.0089 1.83141 120.867 -0.00108341 -0.445937 -0.0254962 0.8947
174.264 -94.7301 1.84262 121.421 -0.000412731 -0.43902 -0.0256363 0.898111
174.575 -96.8115 1.8645 123.134 -0.00177104 -0.418935 -0.025545 0.907655
174.679 -97.4842 1.87172 123.722 -0.00191683 -0.413103 -0.0245874 0.91035
174.99 -99.44 1.89265 125.502 -0.00431499 -0.402401 -0.0198317 0.915239
175.197 -100.702 1.90526 126.667 -0.00504 -0.400489 -0.0176108 0.916119
175.404 -101.923 1.91528 127.791 -0.00657779 -0.402186 -0.0150135 0.915411
175.818 -104.223 1.93322 129.827 -0.00870799 -0.413112 -0.012699 0.91055
176.026 -105.299 1.94223 130.734 -0.00908633 -0.418381 -0.0136058 0.908124
176.44 -107.318 1.95673 132.418 -0.00472086 -0.420846 -0.0111569 0.907051
176.648 -108.294 1.96375 133.26 -0.00343644 -0.417378 -0.00783399 0.908693
176.855 -109.267 1.97737 134.11 -0.00971328 -0.412658 -0.0114664 0.910762
177.27 -111.161 2.00975 135.806 -0.00594384 -0.403293 -0.0138446 0.914947
177.477 -112.125 2.02699 136.679 -0.00344639 -0.401044 -0.0154083 0.915923
177.892 -114.109 2.0574 138.504 -0.00553229 -0.400615 -0.0161981 0.916087
178.099 -115.151 2.08139 139.44 -0.0113119 -0.405656 -0.0185438 0.913767
178.306 -116.225 2.11491 140.367 -0.00925 -0.413661 -0.0193212 0.910179
178.513 -117.351 2.15979 141.289 -0.00774166 -0.421264 -0.0245138 0.906573
178.928 -119.718 2.22338 143.138 0.00759655 -0.428906 -0.035904 0.902604
179.032 -120.328 2.23389 143.625 0.00731654 -0.429877 -0.0357811 0.902148
179.446 -122.88 2.28127 145.656 0.00444266 -0.431862 -0.0355348 0.901229
179.654 -124.199 2.30868 146.715 0.00513146 -0.429907 -0.0351364 0.902175
179.757 -124.869 2.32233 147.257 0.00349814 -0.429224 -0.0350639 0.902511
180.172 -127.633 2.38965 149.497 0.00419263 -0.425981 -0.0382211 0.903915
180.586 -130.478 2.47449 151.835 -0.00359263 -0.422968 -0.0453392 0.905002
180.69 -131.186 2.49922 152.415 -0.00132487 -0.422653 -0.0460914 0.905118
180.793 -131.896 2.52549 152.992 0.00209859 -0.4228 -0.0470403 0.904999
180.897 -132.604 2.54952 153.564 0.00525509 -0.423374 -0.048241 0.904654
181.001 -133.316 2.56824 154.146 0.00438992 -0.424293 -0.048775 0.9042
181.311 -135.431 2.62559 155.888 0.0012259 -0.429175 -0.0409264 0.902293
181.415 -136.134 2.64419 156.458 0.000150065 -0.431395 -0.0372659 0.901393
181.622 -137.556 2.6763 157.598 -0.00103905 -0.433339 -0.0338806 0.900593
181.83 -138.977 2.71423 158.713 -0.00329056 -0.432024 -0.0379157 0.901059
182.244 -141.794 2.81213 160.941 -0.000771514 -0.428231 -0.0467475 0.902459
182.348 -142.484 2.83095 161.503 0.00112494 -0.427184 -0.0437358 0.903105
182.555 -143.861 2.86532 162.62 0.00740444 -0.425426 -0.0429777 0.903942
182.97 -146.586 2.92195 164.87 0.000320274 -0.424466 -0.0407738 0.904525
183.177 -147.92 2.9522 165.956 0.00548935 -0.425098 -0.0399393 0.904249
183.592 -150.514 2.99709 168.07 -0.000224309 -0.42419 -0.0429105 0.904556
183.799 -151.712 3.01423 169.061 0.00892664 -0.422148 -0.0373001 0.905715
184.214 -153.965 3.03772 170.994 -0.00500594 -0.412641 -0.0396975 0.910015
184.422 -154.962 3.05519 171.874 0.000632303 -0.409126 -0.0344611 0.911827
184.629 -155.885 3.06568 172.703 0.00404159 -0.407117 -0.0296832 0.912885
185.043 -157.605 3.07334 174.202 -0.00586584 -0.428735 -0.0174323 0.903243
185.25 -158.485 3.08523 174.848 -0.00924364 -0.458058 -0.00988704 0.888819
185.456 -159.427 3.10499 175.391 -0.0117622 -0.494651 -0.0118285 0.868932
185.56 -159.912 3.11558 175.618 -0.0110318 -0.513724 -0.0135949 0.857777
185.663 -160.399 3.12264 175.826 -0.00969817 -0.53196 -0.0123586 0.846624
185.767 -160.894 3.12905 176.018 -0.00878966 -0.550105 -0.00998872 0.83499
185.87 -161.396 3.13666 176.185 -0.00678002 -0.568045 -0.00823395 0.822928
186.077 -162.446 3.16236 176.452 -0.00725649 -0.60278 -0.00930589 0.79782
186.181 -162.993 3.17274 176.559 -0.00901417 -0.619254 -0.0110303 0.785062
186.388 -164.12 3.19618 176.707 -0.0112553 -0.64647 -0.0186978 0.762627
186.492 -164.694 3.21915 176.762 -0.010966 -0.657841 -0.0206757 0.752793
186.7 -165.867 3.25991 176.833 -0.00882723 -0.673575 -0.0273504 0.73856
187.011 -167.669 3.33309 176.902 0.000472852 -0.683005 -0.0350009 0.729575
187.115 -168.277 3.35682 176.934 0.00149118 -0.683433 -0.0347534 0.729184
187.427 -170.169 3.43434 177.057 -0.000753688 -0.6797 -0.0379656 0.732506
187.842 -172.74 3.51751 177.282 0.00864865 -0.671038 -0.0298554 0.740771
187.946 -173.409 3.538 177.354 0.00769726 -0.668727 -0.0307563 0.742831
188.257 -175.455 3.58774 177.575 0.00624539 -0.660857 -0.0395042 0.749445
188.36 -176.139 3.6101 177.656 0.00878955 -0.658995 -0.0394384 0.751062
188.568 -177.519 3.65006 177.851 0.00674821 -0.657021 -0.0337473 0.753086
188.879 -179.645 3.71091 178.123 0.00659965 -0.6569 -0.038847 0.752947
188.982 -180.351 3.73191 178.215 0.00547089 -0.657774 -0.0379892 0.752237
189.397 -183.241 3.82772 178.571 0.00429329 -0.658873 -0.0419976 0.751069
189.812 -186.13 3.93021 178.935 0.00563376 -0.660056 -0.0375916 0.750254
189.915 -186.864 3.95995 179.017 0.0081537 -0.659579 -0.0391152 0.750572
190.33 -189.787 4.04936 179.388 0.00969521 -0.657413 -0.0397257 0.75242
190.538 -191.281 4.09149 179.585 0.0122492 -0.655305 -0.0383611 0.75429
190.641 -192.037 4.10785 179.69 0.0117669 -0.65417 -0.037307 0.755335
191.056 -195.124 4.18407 180.143 0.00529656 -0.652779 -0.0369101 0.75663
191.16 -195.916 4.2069 180.261 0.00339442 -0.652525 -0.0359357 0.756907
191.471 -198.265 4.27819 180.611 0.000531776 -0.653309 -0.0311081 0.756451
191.574 -199.053 4.29911 180.726 -9.72606e-05 -0.654004 -0.0300764 0.755893
191.678 -199.841 4.3223 180.83 0.000997203 -0.654886 -0.031832 0.755056
191.782 -200.626 4.34862 180.928 0.00168317 -0.656091 -0.0347031 0.753882
192.093 -202.975 4.40845 181.232 0.00679449 -0.658657 -0.0283009 0.75188
192.3 -204.553 4.44923 181.422 0.00477071 -0.659482 -0.0341741 0.750928
192.507 -206.135 4.48825 181.619 0.000874217 -0.658383 -0.0381959 0.751713
192.714 -207.698 4.54413 181.803 0.00954919 -0.657427 -0.0384269 0.752477
193.129 -210.901 4.64206 182.233 0.00229363 -0.65614 -0.0403396 0.753557
193.336 -212.502 4.69568 182.456 0.0035416 -0.656697 -0.0347706 0.753344
193.44 -213.309 4.72274 182.567 0.00392687 -0.657116 -0.0324653 0.753079
193.647 -214.953 4.77195 182.791 -0.00100207 -0.657639 -0.0327154 0.752622
194.062 -218.248 4.889 183.199 0.00257493 -0.657577 -0.0380118 0.752424
194.166 -219.071 4.91252 183.301 0.0045279 -0.656953 -0.038959 0.752911
194.269 -219.902 4.94344 183.405 0.00582188 -0.656158 -0.0400093 0.75354
194.476 -221.571 5.00136 183.64 0.00089474 -0.65456 -0.038929 0.755007
194.684 -223.223 5.05609 183.878 0.00341321 -0.653578 -0.0335676 0.756107
194.891 -224.887 5.10855 184.112 0.00267434 -0.652559 -0.0368025 0.756839
195.099 -226.566 5.16431 184.337 0.00243401 -0.651146 -0.04395 0.757675
195.41 -229.038 5.25339 184.695 0.00877404 -0.650497 -0.0409909 0.758351
195.617 -230.681 5.30161 184.947 0.00680966 -0.650914 -0.0372915 0.758204
195.721 -231.505 5.32143 185.069 0.00462855 -0.651548 -0.0381288 0.757635
195.929 -233.127 5.36435 185.294 0.00779539 -0.653402 -0.0362293 0.756103
196.136 -234.748 5.41117 185.514 0.00673926 -0.65502 -0.037296 0.75466
196.447 -237.132 5.46979 185.828 0.00774579 -0.657074 -0.0356793 0.752941
196.862 -240.3 5.54961 186.223 0.00407042 -0.659108 -0.0396536 0.750992
197.069 -241.831 5.59803 186.419 0.0020386 -0.660911 -0.0355923 0.749617
197.173 -242.582 5.61919 186.508 0.00291447 -0.661574 -0.0351405 0.74905
197.381 -244.064 5.66452 186.677 0.00199505 -0.662547 -0.0368754 0.74811
197.484 -244.791 5.68676 186.761 -0.000537605 -0.662454 -0.0392905 0.748071
197.691 -246.189 5.73185 186.922 -0.000614634 -0.662197 -0.0394139 0.748293
197.795 -246.863 5.75648 187 0.00194803 -0.662105 -0.0378523 0.748452
198.002 -248.187 5.79721 187.159 0.00449527 -0.661147 -0.0354444 0.749405
198.106 -248.838 5.81315 187.245 0.00338521 -0.659859 -0.0348141 0.750575
198.209 -249.478 5.82887 187.331 0.00294551 -0.658007 -0.0348749 0.752198
198.313 -250.103 5.8432 187.419 0.0032711 -0.655519 -0.0349963 0.75436
198.728 -252.462 5.89847 187.819 0.00216105 -0.639512 -0.0334725 0.768049
199.142 -254.633 5.95366 188.322 -0.00869733 -0.620819 -0.0322794 0.783241
199.349 -255.607 5.98154 188.587 -0.0101386 -0.612494 -0.0277402 0.789923
199.557 -256.504 6.01178 188.849 -0.00948861 -0.604493 -0.0237687 0.7962
200.075 -258.406 6.05869 189.443 -0.0142453 -0.595132 -0.0192405 0.803271
200.696 -260.082 6.10234 189.857 -0.0110611 -0.618066 -0.0167396 0.78587
200.903 -260.571 6.11547 189.929 -0.0121642 -0.634607 -0.0158936 0.772576
201.11 -261.053 6.13482 189.956 -0.0124232 -0.655897 -0.0170941 0.754554
201.317 -261.531 6.15598 189.941 -0.0137949 -0.680786 -0.0199063 0.732081
201.524 -262.002 6.17511 189.885 -0.0153762 -0.707802 -0.023948 0.705837
201.731 -262.465 6.19329 189.771 -0.0126713 -0.738288 -0.0284511 0.673766
202.145 -263.428 6.23885 189.405 -0.0135267 -0.805517 -0.025143 0.591884
202.248 -263.682 6.25527 189.284 -0.0171874 -0.823007 -0.0197936 0.567425
202.456 -264.186 6.28481 188.953 -0.0201108 -0.856145 -0.0177962 0.516037
202.662 -264.663 6.31103 188.504 0.0146245 0.887516 0.018016 -0.460193
202.766 -264.9 6.32514 188.241 0.0132632 0.90222 0.0190857 -0.43065
202.973 -265.367 6.36141 187.662 0.0169577 0.928972 0.0172682 -0.369357
203.077 -265.583 6.37497 187.324 0.0166617 0.940014 0.0196749 -0.340159
203.181 -265.787 6.38589 186.957 0.0148729 0.949459 0.0223195 -0.312743
203.284 -265.977 6.40151 186.578 0.0121407 0.95785 0.0229596 -0.286094
203.7 -266.702 6.48705 184.735 0.000863905 0.979177 0.0202605 -0.201991
204.115 -267.424 6.57398 182.477 0.00455417 0.988435 0.0181896 -0.150483
204.322 -267.746 6.6309 181.178 0.00607282 0.992047 0.0195843 -0.124183
204.738 -268.238 6.71877 178.353 0.000753829 0.996265 0.00805309 -0.085973
205.049 -268.571 6.77112 175.97 0.00499394 0.997574 0.0197032 -0.0665845
205.153 -268.673 6.79681 175.126 0.00463388 0.997865 0.0186679 -0.0624194
205.464 -268.937 6.8794 172.546 -0.00103402 0.998285 0.0153339 -0.0564921
205.568 -269.03 6.90441 171.645 -0.00222206 0.998293 0.0158526 -0.05617
205.775 -269.246 6.94885 169.798 0.000974018 0.998254 0.0137293 -0.057437
205.879 -269.349 6.97314 168.872 5.97246e-05 0.998191 0.0130308 -0.0586893
205.983 -269.465 6.99856 167.891 0.000223026 0.998076 0.0150055 -0.0601641
206.293 -269.846 7.08101 164.905 0.0049365 0.997717 0.0195914 -0.0644351
206.397 -269.987 7.11181 163.903 0.00679727 0.997642 0.0179634 -0.0658867
206.501 -270.124 7.1335 162.904 0.00781408 0.997585 0.0148366 -0.067403
206.604 -270.262 7.15627 161.884 0.0075058 0.997532 0.0115819 -0.0688428
206.708 -270.404 7.18169 160.855 0.00729888 0.997464 0.011687 -0.0698252
207.019 -270.802 7.24774 158.086 0.0120175 0.99718 0.020764 -0.0711078
207.434 -271.305 7.33527 154.4 0.00914819 0.997329 0.0135075 -0.0711981
207.641 -271.562 7.37831 152.502 0.00816319 0.997291 0.0192007 -0.0705346
207.744 -271.687 7.40497 151.536 0.00589614 0.997315 0.0194113 -0.0703693
207.952 -271.941 7.47088 149.567 0.00165861 0.997322 0.0233426 -0.0692938
208.055 -272.07 7.50204 148.578 0.00140888 0.997262 0.0263027 -0.0691003
208.159 -272.197 7.53721 147.608 0.000441738 0.997348 0.0253546 -0.0682146
208.263 -272.32 7.57815 146.649 0.000824877 0.997438 0.023079 -0.0677125
208.366 -272.45 7.61152 145.677 0.00172052 0.997476 0.023013 -0.0671521
208.781 -272.957 7.7131 141.879 0.00434755 0.997462 0.0186716 -0.0685771
208.885 -273.076 7.73748 140.926 0.00142473 0.997354 0.0214727 -0.0694357
208.988 -273.207 7.76305 139.97 0.00177245 0.997307 0.0206561 -0.0703535
209.196 -273.46 7.81687 138.069 -0.00286367 0.997122 0.0188826 -0.0733683
209.299 -273.593 7.84371 137.095 -0.0055282 0.99697 0.0216266 -0.074512
209.506 -273.88 7.91116 135.176 -0.00421377 0.996695 0.0266304 -0.0766235
209.61 -274.028 7.9445 134.236 -0.00130405 0.996746 0.0244968 -0.076788
209.714 -274.182 7.97742 133.302 0.00338242 0.996882 0.0200629 -0.0762341
209.817 -274.323 8.00831 132.357 0.00289086 0.996979 0.0195861 -0.0751091
210.024 -274.591 8.06865 130.458 0.0029467 0.997067 0.0255413 -0.0720919
210.335 -274.951 8.15621 127.649 -0.00271768 0.997544 0.0142621 -0.0685277
210.439 -275.077 8.1758 126.701 -0.00193916 0.99761 0.0148073 -0.0674623
210.646 -275.314 8.21512 124.81 -0.00276491 0.997595 0.0207455 -0.0660723
210.853 -275.544 8.26724 122.929 -0.00472688 0.997651 0.0185656 -0.065764
211.268 -276.034 8.35592 119.155 -0.00368586 0.997426 0.0207191 -0.0685424
211.579 -276.421 8.42296 116.367 0.000306574 0.997434 0.0135962 -0.0702899
211.683 -276.55 8.44552 115.426 0.000639314 0.997315 0.0172743 -0.0711587
211.994 -276.949 8.52503 112.614 0.00223635 0.997108 0.0207216 -0.0730798
212.305 -277.352 8.58039 109.835 0.00162095 0.99698 0.0133786 -0.0764817
212.409 -277.497 8.59861 108.891 0.00206282 0.996756 0.0191676 -0.0781417
212.616 -277.798 8.65501 107.02 0.0046403 0.996389 0.0237772 -0.0813723
212.719 -277.952 8.68492 106.098 0.00511525 0.996288 0.0211846 -0.0832828
212.927 -278.261 8.73552 104.257 0.00313129 0.995978 0.0169803 -0.0879195
213.03 -278.43 8.75603 103.334 0.00526125 0.995679 0.017448 -0.0910577
213.341 -278.97 8.83307 100.588 0.00961932 0.99469 0.0214588 -0.100189
213.549 -279.357 8.88909 98.7798 0.0139628 0.994067 0.0219132 -0.105616
213.652 -279.554 8.92114 97.8849 0.015486 0.993808 0.0209587 -0.10801
213.86 -279.934 8.97623 96.0945 0.00961611 0.993506 0.0205022 -0.111502
213.963 -280.132 9.00264 95.2086 0.00917069 0.993386 0.0188886 -0.112884
214.171 -280.528 9.05267 93.4358 0.00826541 0.993246 0.0200383 -0.113982
214.274 -280.731 9.0754 92.5579 0.0104117 0.993263 0.020743 -0.113538
214.378 -280.937 9.10167 91.6839 0.0137058 0.993346 0.0199507 -0.112598
214.482 -281.138 9.13 90.8118 0.0165379 0.993447 0.0204032 -0.111231
214.689 -281.514 9.18113 89.0754 0.0176296 0.993797 0.0223952 -0.107499
214.896 -281.873 9.23245 87.3603 0.0187124 0.994262 0.0173426 -0.103883
215 -282.049 9.25439 86.5067 0.0199808 0.994396 0.0147736 -0.102756
215.104 -282.223 9.27664 85.6522 0.0215712 0.994449 0.016151 -0.101715
215.311 -282.578 9.32225 83.9642 0.0296402 0.994231 0.0236013 -0.100346
215.415 -282.752 9.35344 83.142 0.0344918 0.994054 0.025494 -0.100081
215.518 -282.919 9.38274 82.3288 0.0362638 0.993993 0.0250693 -0.100174
215.726 -283.237 9.4395 80.7475 0.0348667 0.99403 0.0186922 -0.101684
216.14 -283.888 9.54196 77.6675 0.0347831 0.993073 0.0240808 -0.109621
216.348 -284.231 9.59885 76.213 0.0357123 0.992271 0.0226701 -0.116654
216.762 -284.942 9.69553 73.4928 0.033152 0.989946 0.0234112 -0.135498
216.97 -285.302 9.7285 72.2609 0.0301819 0.98881 0.019601 -0.144776
217.384 -286.002 9.80185 70.0288 0.0247671 0.986581 0.0240737 -0.159576
217.591 -286.358 9.83455 69.0246 0.0307402 0.985818 0.0263935 -0.162851
218.006 -286.995 9.91252 67.1085 0.0315272 0.986797 0.0173091 -0.157919
218.213 -287.307 9.95398 66.1438 0.0393525 0.988212 0.0190551 -0.146713
218.626 -287.733 10.0112 64.1982 0.0391956 0.99408 0.0214331 -0.0990428
218.833 -287.836 10.0414 63.2295 0.0391042 0.997137 0.0153528 -0.0628751
219.04 -287.851 10.0632 62.2374 0.0397678 0.998968 0.0123221 -0.0181438
219.143 -287.823 10.0697 61.732 0.0400856 0.99909 0.0131611 0.00631203
219.35 -287.679 10.0784 60.7242 0.039883 0.997336 0.0148826 0.0592368
219.453 -287.563 10.0808 60.2287 0.0393529 0.995297 0.014643 0.0872967
219.66 -287.229 10.0848 59.2598 0.037251 0.98852 0.0149086 0.145668
219.763 -287.019 10.0877 58.7819 0.0375653 0.98366 0.0153731 0.1754
219.867 -286.777 10.0866 58.3073 0.0379209 0.97786 0.0162232 0.205157
219.97 -286.5 10.0834 57.8421 0.0368163 0.971109 0.0177202 0.235111
220.177 -285.84 10.0806 56.9586 0.0316451 0.954834 0.0171994 0.294949
220.281 -285.464 10.0811 56.5356 0.0295505 0.945396 0.0170113 0.324134
220.488 -284.608 10.0803 55.7039 0.0285251 0.925185 0.0182456 0.378002
220.592 -284.144 10.0733 55.3156 0.02881 0.914577 0.0165608 0.403045
220.696 -283.643 10.0634 54.9391 0.0288649 0.904319 0.0131772 0.425677
220.903 -282.56 10.0506 54.226 0.0288089 0.885701 0.00275765 0.463354
221.111 -281.371 10.0183 53.5296 0.0217931 0.873596 0.00150807 0.486161
221.215 -280.756 9.99916 53.1766 0.019 0.869955 0.00339029 0.492754
221.319 -280.136 9.98211 52.8284 0.0164058 0.867555 0.00430037 0.497053
221.528 -278.875 9.95661 52.1227 0.0131352 0.866268 0.00235268 0.499402
221.631 -278.26 9.94342 51.7727 0.0123933 0.866401 0.00122124 0.499193
221.839 -276.958 9.91862 51.0228 0.0119862 0.867275 9.47437e-05 0.497685
222.255 -274.226 9.84655 49.4366 0.00815231 0.870754 -0.00794027 0.491587
222.359 -273.541 9.82627 49.0216 0.00833214 0.871671 -0.00761577 0.489962
222.774 -270.599 9.74315 47.2125 0.00815321 0.87467 -0.00574784 0.484616
222.877 -269.876 9.72266 46.7597 0.00943009 0.874892 -0.00606716 0.484188
223.084 -268.345 9.67963 45.8088 0.00899965 0.875221 -0.00486005 0.483615
223.499 -265.193 9.59523 43.8218 0.00991294 0.877794 -0.00554835 0.478904
223.914 -262.012 9.47863 41.7388 0.00743591 0.883606 -0.00297181 0.468163
224.019 -261.232 9.45283 41.2029 0.00692079 0.885949 -0.00252759 0.463724
224.121 -260.464 9.42808 40.6602 0.00796278 0.888352 -0.00342318 0.459081
224.225 -259.702 9.40492 40.1045 0.0100988 0.89068 -0.0036816 0.454504
224.328 -258.949 9.37952 39.5419 0.0115026 0.89303 -0.00283457 0.449842
224.432 -258.197 9.35232 38.9731 0.0118688 0.895297 -0.00174376 0.445308
224.64 -256.735 9.30693 37.8215 0.0154916 0.899487 0.0027927 0.436664
224.743 -256.02 9.28777 37.2466 0.0157525 0.901078 0.0045379 0.433348
224.847 -255.31 9.26922 36.665 0.0181895 0.902183 0.00558855 0.430934
225.054 -253.885 9.23796 35.478 0.0262017 0.902713 0.00778404 0.429374
225.261 -252.419 9.20651 34.2873 0.0274599 0.901286 0.0114243 0.432203
225.675 -249.385 9.15106 31.9371 0.0302285 0.89499 0.0127122 0.444879
225.779 -248.618 9.13089 31.3626 0.0330721 0.892938 0.011182 0.448824
225.882 -247.848 9.11017 30.7952 0.0357185 0.891082 0.00968471 0.45233
225.986 -247.065 9.08941 30.2274 0.0379654 0.889359 0.0097989 0.455526
226.09 -246.27 9.06289 29.6614 0.0374465 0.88732 0.0131764 0.459443
226.194 -245.482 9.04152 29.1021 0.0390824 0.885224 0.0175924 0.463186
226.297 -244.696 9.02419 28.5518 0.0411454 0.883232 0.0198901 0.466704
226.608 -242.306 8.96949 26.9635 0.04629 0.877513 0.0200468 0.476892
226.712 -241.505 8.94879 26.4456 0.0484517 0.875688 0.0192703 0.480053
227.126 -238.252 8.85904 24.4334 0.0461732 0.870642 0.0224776 0.489229
227.23 -237.441 8.84129 23.942 0.0460588 0.869987 0.023609 0.49035
227.645 -234.195 8.7573 22.0005 0.0458597 0.869872 0.0162987 0.49087
227.749 -233.395 8.731 21.5118 0.0475462 0.869998 0.0171283 0.490459
227.852 -232.6 8.69767 21.0312 0.0466067 0.87062 0.0154508 0.489499
228.06 -231.027 8.63574 20.079 0.0445144 0.872515 0.0100247 0.486452
228.163 -230.249 8.60002 19.5993 0.0426106 0.873247 0.0113439 0.485279
228.474 -227.926 8.51461 18.1446 0.0402653 0.874343 0.0163493 0.483358
228.889 -224.913 8.41945 16.2648 0.0413819 0.873492 0.0135754 0.484887
228.993 -224.173 8.39508 15.8133 0.0400794 0.873373 0.012436 0.485241
229.2 -222.693 8.34334 14.8958 0.0394853 0.872484 0.0169495 0.48675
229.614 -219.853 8.25464 13.1579 0.044106 0.870862 0.0123337 0.489389
229.822 -218.489 8.20444 12.3308 0.0440514 0.870061 0.0143946 0.49076
230.237 -215.898 8.10898 10.7934 0.0418405 0.867982 0.014589 0.494614
230.444 -214.682 8.06112 10.0887 0.0397738 0.867557 0.0138886 0.495549
230.651 -213.533 8.01857 9.42805 0.0359813 0.867037 0.0144158 0.496734
230.858 -212.448 7.98302 8.8 0.0344565 0.866409 0.0176983 0.497829
231.17 -210.979 7.9336 7.94363 0.0375351 0.866762 0.0134381 0.497126
231.895 -208.248 7.8443 6.26593 0.0381003 0.875398 0.0166634 0.48161
232.207 -207.415 7.82213 5.70015 0.0334053 0.881818 0.0217611 0.469901
232.621 -206.623 7.79998 5.09776 0.0343267 0.891315 0.0204468 0.451621
233.036 -205.918 7.78845 4.52679 0.0342393 0.900188 0.0142608 0.43392
233.451 -205.242 7.77663 3.9327 0.0343103 0.908037 0.0107151 0.417345
233.865 -204.531 7.76174 3.27467 0.0351396 0.914735 0.00454556 0.402499
234.176 -203.835 7.73217 2.60596 0.036227 0.918499 0.000719115 0.393761
234.487 -202.945 7.71096 1.7892 0.0317106 0.91845 -0.00203645 0.394258
234.694 -202.271 7.6869 1.16266 0.0326253 0.916407 0.000873156 0.398915
234.901 -201.508 7.66094 0.478268 0.0317367 0.913363 0.00583702 0.405864
235.108 -200.659 7.64796 -0.233028 0.0270737 0.909096 0.0107363 0.415568
235.523 -198.823 7.62288 -1.72141 0.0348126 0.898956 0.0129615 0.436461
235.73 -197.811 7.60496 -2.47744 0.0389259 0.89324 0.0111396 0.447752
235.937 -196.747 7.57739 -3.25305 0.0454834 0.88751 0.0129142 0.458357
236.145 -195.629 7.54282 -4.02427 0.0482963 0.882561 0.0148642 0.467475
236.352 -194.449 7.51327 -4.80721 0.0487796 0.878703 0.0208871 0.474411
236.56 -193.223 7.48441 -5.61027 0.0494675 0.87647 0.0260218 0.478201
236.974 -190.672 7.44235 -7.22373 0.0497462 0.875232 0.0230679 0.480586
237.182 -189.346 7.41287 -8.05055 0.0460924 0.875063 0.0203361 0.481381
237.389 -188.017 7.3797 -8.87757 0.0466712 0.875089 0.0148477 0.481477
237.804 -185.234 7.29762 -10.6415 0.0452584 0.875039 0.0210076 0.481474
237.907 -184.531 7.28379 -11.0861 0.0444146 0.875047 0.0228493 0.481454
238.322 -181.681 7.21987 -12.8801 0.0424283 0.875899 0.0177097 0.480299
238.633 -179.546 7.16351 -14.2396 0.0425706 0.875584 0.01924 0.480802
238.736 -178.831 7.14592 -14.6886 0.0411836 0.875581 0.0191555 0.480931
238.84 -178.128 7.13066 -15.1344 0.0414335 0.875486 0.0204339 0.481031
239.047 -176.755 7.09443 -16.0118 0.0446308 0.87527 0.0198081 0.481164
239.358 -174.699 7.03191 -17.3218 0.049936 0.874135 0.0175247 0.482791
239.566 -173.342 6.97577 -18.1612 0.04572 0.874 0.0188496 0.483402
239.98 -170.79 6.88615 -19.7565 0.0479191 0.872616 0.0206571 0.485611
240.188 -169.61 6.84308 -20.4856 0.0496908 0.870823 0.0211197 0.488623
240.395 -168.494 6.80523 -21.1381 0.0473311 0.868232 0.0204073 0.493473
240.913 -165.974 6.69863 -22.5105 0.0502901 0.854062 0.0138147 0.517551
241.12 -164.981 6.65615 -22.9635 0.0516647 0.841105 0.0120451 0.538264
241.534 -162.982 6.54935 -23.6064 0.040184 0.803439 0.0112845 0.593922
241.741 -161.995 6.49937 -23.8048 0.036706 0.781748 0.00931183 0.622444
242.155 -159.955 6.40118 -23.9799 0.0289312 0.737981 0.000306788 0.674201
242.571 -157.744 6.30989 -23.9849 0.0174186 0.710266 0.00240651 0.703714
242.779 -156.568 6.27152 -23.9458 0.0126404 0.702993 -0.000566627 0.711084
243.194 -154.039 6.20623 -23.8931 0.0178607 0.698853 0.00213923 0.715039
243.401 -152.704 6.16347 -23.868 0.0245319 0.69844 0.00181674 0.715245
243.816 -149.814 6.06102 -23.8044 0.0229027 0.699812 0.00631582 0.713932
244.023 -148.292 6.00676 -23.7712 0.0261981 0.702253 0.000547964 0.711445
244.438 -145.05 5.87037 -23.7818 0.0317274 0.708062 0.00624046 0.70541
244.645 -143.339 5.80432 -23.8048 0.0311693 0.710822 0.00996082 0.70261
244.853 -141.587 5.74141 -23.8358 0.0342138 0.712727 0.0111213 0.700518
245.267 -137.965 5.57096 -23.9261 0.04646 0.712961 0.00888809 0.699606
245.475 -136.063 5.47133 -23.9469 0.0358734 0.713369 0.0125391 0.699758
245.578 -135.11 5.43149 -23.959 0.0317866 0.71271 0.0152512 0.700573
245.786 -133.232 5.35694 -23.9859 0.0370954 0.71083 0.0131364 0.702262
245.889 -132.293 5.31457 -23.9962 0.0407866 0.70984 0.0100706 0.703109
246.096 -130.39 5.20783 -24.0071 0.0417625 0.707831 0.010051 0.705075
246.2 -129.437 5.15487 -24.004 0.0395633 0.706923 0.0105732 0.706104
246.304 -128.482 5.10937 -24.0009 0.0371493 0.706271 0.0131657 0.706844
246.719 -124.744 4.93848 -23.9755 0.03763 0.704918 0.0100687 0.708218
246.926 -122.888 4.8428 -23.9638 0.0370438 0.704842 0.0117215 0.708299
247.03 -121.958 4.79979 -23.9593 0.0344916 0.704798 0.0142006 0.708426
247.133 -121.036 4.75622 -23.955 0.0343417 0.704899 0.0152831 0.708311
247.237 -120.125 4.71668 -23.9497 0.0352693 0.705305 0.014038 0.707887
247.34 -119.219 4.67621 -23.9457 0.0373015 0.705843 0.0121656 0.707281
247.548 -117.419 4.57656 -23.9509 0.0434543 0.706337 0.00990983 0.706471
247.651 -116.519 4.52757 -23.9542 0.0442968 0.706549 0.0097306 0.706209
247.859 -114.718 4.42473 -23.9699 0.0423985 0.707068 0.0169695 0.705669
247.962 -113.826 4.37846 -23.9736 0.0420654 0.70755 0.016697 0.705212
248.273 -111.181 4.24352 -23.9947 0.0463145 0.707444 0.0177344 0.705027
248.481 -109.426 4.15149 -24.0024 0.0472775 0.706521 0.0200819 0.705826
248.584 -108.549 4.10653 -24.0065 0.046122 0.705705 0.0230312 0.706628
248.792 -106.835 4.02185 -23.999 0.045931 0.704035 0.0224934 0.708321
249.102 -104.312 3.90186 -23.9514 0.0415661 0.700892 0.0223182 0.711705
249.413 -101.902 3.78919 -23.8926 0.0426909 0.698257 0.0197249 0.714301
249.517 -101.128 3.74963 -23.8645 0.0418522 0.697934 0.018665 0.714694
249.621 -100.373 3.70992 -23.8424 0.041752 0.697726 0.0177265 0.714927
250.036 -97.5308 3.56268 -23.7619 0.0371902 0.69942 0.0174274 0.71353
250.243 -96.2298 3.5059 -23.7488 0.0361804 0.703293 0.0185742 0.709736
250.658 -93.8569 3.39423 -23.8013 0.0370469 0.720704 0.0173224 0.692035
250.865 -92.7692 3.34647 -23.8959 0.0388528 0.735294 0.0194031 0.676356
251.281 -90.6546 3.2749 -24.3957 0.036401 0.774712 0.0208253 0.630922
251.592 -89.1456 3.24067 -24.9897 0.033845 0.812097 0.013779 0.582377
251.696 -88.6513 3.23361 -25.3274 0.0323187 0.8255 0.0116077 0.563356
251.8 -88.1682 3.2288 -25.6861 0.0298551 0.839719 0.00900003 0.542126
251.904 -87.6982 3.22472 -26.0692 0.0265211 0.854349 0.00538302 0.518995
252.007 -87.2448 3.22389 -26.4941 0.0271533 0.868694 0.0073366 0.494551
252.215 -86.4043 3.22013 -27.2904 0.0244479 0.896981 0.0114016 0.441244
252.319 -86.0363 3.21725 -27.5442 0.0248198 0.90999 0.0143402 0.413637
252.423 -85.6943 3.21747 -27.8221 0.0261048 0.921863 0.0162832 0.386292
252.63 -85.0533 3.21327 -28.5483 0.0269824 0.942704 0.0129105 0.332288
252.733 -84.7463 3.21376 -28.9922 0.024517 0.951976 0.00740894 0.305101
252.837 -84.4692 3.21946 -29.469 0.0265308 0.96007 0.00448897 0.278463
253.044 -84.0032 3.22037 -30.5074 0.0339 0.973826 0.00671085 0.224652
253.148 -83.7978 3.21735 -31.0566 0.0339067 0.979523 0.00896458 0.198255
253.355 -83.4541 3.22246 -32.2163 0.0347872 0.988276 0.0110216 0.148251
253.459 -83.3196 3.22767 -32.827 0.0351801 0.991503 0.0121626 0.124644
253.562 -83.2012 3.23347 -33.4537 0.0329544 0.994219 0.0122332 0.101451
253.769 -83.0557 3.24559 -34.7467 0.037552 0.997411 0.00782689 0.0608186
253.873 -83.0151 3.25237 -35.4019 0.0399019 0.998173 0.00439287 0.0451599
253.976 -82.9772 3.26208 -36.0258 0.040198 0.998695 0.0035689 0.0312869
254.39 -82.9524 3.30631 -38.8824 0.0411259 0.998964 0.0193013 -0.00271792
254.596 -82.9969 3.34944 -40.3308 0.0481379 0.998642 0.0174905 -0.00953781
254.803 -83.0323 3.38643 -41.8066 0.0502955 0.998563 0.014104 -0.0119757
255.217 -83.1158 3.45934 -44.9035 0.0551878 0.9983 0.0144482 -0.011948
255.424 -83.1605 3.49335 -46.4391 0.0609873 0.998045 0.007263 -0.01161
255.631 -83.2201 3.50761 -48.0493 0.0702319 0.997465 0.00576129 -0.00993297
256.046 -83.2586 3.56034 -51.4599 0.0681267 0.997498 0.0182439 -0.00477291
256.253 -83.2401 3.60952 -53.1809 0.0616073 0.997882 0.0206091 -0.00341135
256.461 -83.2357 3.65517 -54.9229 0.0598448 0.998117 0.0130843 -0.00318653
256.875 -83.2343 3.71978 -58.5958 0.054514 0.998382 0.0155165 -0.00448447
257.083 -83.2331 3.77232 -60.4744 0.0513558 0.998457 0.0203685 -0.00560073
257.29 -83.2462 3.82601 -62.392 0.0505899 0.998545 0.0173731 -0.00680243
257.704 -83.2821 3.92014 -66.3896 0.0520494 0.998418 0.020721 -0.00474045
257.911 -83.2878 3.98118 -68.4069 0.051714 0.998482 0.0186032 -0.00368845
258.326 -83.2978 4.07337 -72.4848 0.052295 0.998478 0.0174421 -0.001867
258.533 -83.2875 4.12486 -74.5572 0.049945 0.998547 0.0202133 -0.00129522
258.741 -83.2833 4.18378 -76.6311 0.050231 0.998513 0.0211322 -0.00104783
258.948 -83.2851 4.23684 -78.6394 0.0518134 0.998521 0.0164224 -0.000790008
259.052 -83.2829 4.25783 -79.644 0.0518126 0.998521 0.0164828 -0.000253721
259.466 -83.2613 4.32533 -83.6905 0.0517035 0.998522 0.0166328 0.00196781
259.777 -83.2334 4.39459 -86.7432 0.0499193 0.998588 0.0180841 0.00169805
259.881 -83.2224 4.41746 -87.7461 0.0483207 0.998698 0.0162877 0.00117532
259.984 -83.2138 4.43708 -88.7511 0.0470842 0.998768 0.0156595 0.000532485
260.088 -83.2061 4.45647 -89.7402 0.0458706 0.9988 0.0171384 8.13022e-05
260.192 -83.1992 4.47799 -90.744 0.0448966 0.998832 0.0178742 -0.000385319
260.503 -83.1848 4.54362 -93.6959 0.0428375 0.998947 0.016407 -0.00069825
260.606 -83.1797 4.56342 -94.6795 0.0417343 0.999016 0.0150046 -0.000681902
261.021 -83.1611 4.64932 -98.6455 0.0385574 0.99905 0.020293 -0.000824004
261.125 -83.1623 4.6772 -99.6258 0.0406222 0.998973 0.0200599 -0.000422984
261.332 -83.163 4.72508 -101.558 0.0436146 0.998879 0.0183376 0.00117372
261.643 -83.1272 4.79675 -104.485 0.0423452 0.998843 0.0221522 0.00529007
261.746 -83.1032 4.82373 -105.457 0.0402704 0.998839 0.0255601 0.00680392
261.85 -83.0803 4.85648 -106.42 0.0400234 0.998836 0.0255715 0.00841512
261.954 -83.0597 4.88665 -107.377 0.0412204 0.998829 0.0233324 0.00983913
262.161 -83.0161 4.93641 -109.282 0.0450305 0.998783 0.0155206 0.0128081
262.264 -82.9892 4.95805 -110.246 0.0465392 0.998681 0.0160126 0.0146054
262.369 -82.9574 4.97334 -111.195 0.0471522 0.998593 0.0173811 0.0169063
262.472 -82.9173 4.98727 -112.122 0.0466082 0.998609 0.0151241 0.0194801
262.575 -82.877 5.00365 -113.03 0.0470982 0.998574 0.0124518 0.0218489
262.99 -82.6401 5.06139 -116.835 0.0431234 0.998375 0.0187812 0.0321596
263.197 -82.4833 5.0992 -118.72 0.0367829 0.99852 0.0185057 0.035533
263.509 -82.223 5.14912 -121.529 0.0236636 0.998938 0.01607 0.0361269
263.612 -82.1456 5.16766 -122.467 0.0222253 0.999024 0.0147703 0.0351897
263.923 -81.9483 5.21648 -125.309 0.0216729 0.999188 0.0173391 0.029199
264.027 -81.8938 5.24161 -126.264 0.0210425 0.999239 0.0196392 0.0263249
264.131 -81.8403 5.26865 -127.228 0.0197489 0.999292 0.0221117 0.0231612
264.234 -81.7866 5.29666 -128.171 0.0159724 0.999394 0.0234021 0.0202297
264.338 -81.7408 5.32311 -129.095 0.0134407 0.999544 0.0208821 0.0171995
264.649 -81.6578 5.39159 -131.921 0.0139034 0.999735 0.0161192 0.00879813
265.063 -81.6293 5.48318 -135.776 0.0202466 0.999647 0.0170711 0.00195753
265.167 -81.6221 5.50325 -136.727 0.0197036 0.999637 0.0183805 1.63274e-05
265.271 -81.6148 5.52133 -137.651 0.0174379 0.999696 0.0173385 -0.00180611
265.478 -81.6113 5.56993 -139.57 0.0159514 0.999705 0.0179095 -0.00371419
265.893 -81.6233 5.66943 -143.435 0.0148125 0.999743 0.0163698 -0.00515333
266.307 -81.663 5.75882 -147.278 0.0211378 0.999572 0.0194047 -0.00567063
266.411 -81.6714 5.78634 -148.226 0.0215496 0.999562 0.0194944 -0.00563737
266.514 -81.6783 5.81042 -149.169 0.0218509 0.99951 0.0216376 -0.00579855
266.618 -81.6858 5.83461 -150.097 0.0223581 0.999463 0.0231113 -0.00623505
266.722 -81.6953 5.85675 -150.99 0.0234646 0.999474 0.0213482 -0.00670286
266.825 -81.7069 5.88211 -151.874 0.0250915 0.999463 0.0198235 -0.00713881
267.137 -81.7533 5.93988 -154.471 0.0289262 0.999357 0.0187805 -0.009801
267.344 -81.7728 5.97838 -156.148 0.023992 0.999416 0.0201287 -0.0136528
267.758 -81.8772 6.04985 -159.351 0.0207116 0.999318 0.0179338 -0.0247758
267.966 -81.9695 6.087 -160.871 0.0246461 0.998918 0.025824 -0.0298025
268.173 -82.0606 6.12674 -162.293 0.0258585 0.998822 0.0246934 -0.0327948
268.38 -82.1494 6.17133 -163.627 0.0277464 0.99884 0.0205306 -0.033563
268.588 -82.2399 6.1933 -164.914 0.030476 0.998836 0.0159286 -0.0338146
269.002 -82.3978 6.24733 -167.464 0.0347001 0.99882 0.0184099 -0.0285571
269.209 -82.455 6.27425 -168.722 0.0378368 0.998861 0.0199476 -0.0211414
269.624 -82.4525 6.33229 -171.203 0.039516 0.999069 0.0163056 0.00573783
269.831 -82.3692 6.35746 -172.492 0.0331413 0.999096 0.0169945 0.0204751
270.038 -82.2614 6.38728 -173.823 0.0307326 0.998846 0.0152098 0.0336396
270.142 -82.1953 6.4024 -174.505 0.0279547 0.998781 0.0139607 0.0382114
270.246 -82.1196 6.41332 -175.194 0.023811 0.998795 0.0122606 0.0411224
270.349 -82.0434 6.42215 -175.889 0.0205083 0.998816 0.0107513 0.0427937
270.661 -81.8366 6.47007 -178.112 0.017265 0.998895 0.0169764 0.0402899
270.868 -81.7273 6.50528 -179.641 0.0191973 0.99909 0.0175551 0.0337858
270.972 -81.6849 6.52833 -180.408 0.0206408 0.999272 0.0138202 0.0289536
271.076 -81.6412 6.5506 -181.189 0.0189514 0.99946 0.0119941 0.0239962
271.283 -81.5825 6.58656 -182.842 0.0181212 0.999612 0.0164511 0.0133275
271.49 -81.561 6.6293 -184.53 0.0166091 0.999746 0.0151619 0.00111276
271.698 -81.5835 6.66872 -186.271 0.0192712 0.999742 0.00818874 -0.00881109
272.009 -81.6687 6.71533 -189.009 0.0234885 0.999465 0.0143748 -0.017663
272.112 -81.7062 6.73743 -189.945 0.0246544 0.999359 0.0162345 -0.0202733
272.216 -81.745 6.76233 -190.889 0.025135 0.999313 0.015858 -0.0221257
272.319 -81.7859 6.78977 -191.843 0.0259617 0.999297 0.0148339 -0.0226146
272.423 -81.8314 6.82047 -192.818 0.0283784 0.99923 0.0156282 -0.0221465
272.526 -81.8715 6.84684 -193.796 0.02911 0.999203 0.0173873 -0.021083
272.63 -81.9016 6.87507 -194.792 0.0283981 0.999243 0.017645 -0.0199091
272.941 -81.9911 6.96125 -197.829 0.0304238 0.999249 0.0190099 -0.0146481
273.148 -82.041 7.01003 -199.861 0.0339254 0.999234 0.0163363 -0.0107053
273.459 -82.0793 7.06798 -202.918 0.0345753 0.999233 0.0174399 -0.0057794
273.563 -82.0803 7.09158 -203.94 0.0327946 0.99923 0.0210232 -0.00464597
273.667 -82.0803 7.11917 -204.954 0.0317401 0.999272 0.0208377 -0.00384862
273.77 -82.0814 7.14868 -205.952 0.0314116 0.999316 0.0192783 -0.00297213
273.874 -82.0808 7.17627 -206.934 0.0308158 0.999344 0.0188854 -0.0021413
274.185 -82.0661 7.23939 -209.919 0.0288413 0.99947 0.0151201 -0.000397068
274.392 -82.0607 7.27452 -211.868 0.0289986 0.999436 0.0169297 -0.000606676
274.807 -82.0547 7.38343 -215.83 0.0302029 0.999328 0.0207601 -0.00110408
275.222 -82.0439 7.46318 -219.718 0.0282381 0.999509 0.0133397 -0.00241836
275.429 -82.0552 7.49475 -221.645 0.0317478 0.999324 0.0182883 -0.00285643
275.533 -82.0631 7.51388 -222.592 0.0335976 0.999221 0.020504 -0.00298581
275.636 -82.067 7.53345 -223.519 0.0334459 0.999245 0.0194858 -0.00326074
275.74 -82.0671 7.55242 -224.43 0.0326458 0.99931 0.0173297 -0.00357216
275.844 -82.0604 7.56979 -225.32 0.0298637 0.999424 0.015843 -0.0028562
275.947 -82.0535 7.58335 -226.195 0.0292629 0.999442 0.0160249 -0.00133999
276.258 -82.0217 7.62262 -228.749 0.0301609 0.99937 0.0175943 0.00642731
276.465 -81.9769 7.65618 -230.394 0.031135 0.999204 0.0210043 0.0134635
276.673 -81.9025 7.69111 -231.969 0.0294353 0.99912 0.0216784 0.0205468
276.88 -81.816 7.72331 -233.492 0.0290319 0.999049 0.0183457 0.0268657
277.294 -81.5771 7.76126 -236.364 0.0277041 0.998532 0.0153259 0.0439468
277.502 -81.4227 7.77351 -237.693 0.0254346 0.998137 0.0171675 0.0527426
277.917 -81.0861 7.80994 -240.077 0.0108604 0.99815 0.0210383 0.0559947
278.124 -80.9826 7.82686 -241.132 0.00704176 0.998866 0.0211871 0.0420508
278.332 -80.9453 7.84906 -242.122 0.00204814 0.999678 0.0197943 0.0157557
278.541 -81.0098 7.87221 -243.055 0.00014136 0.999441 0.022002 -0.0251541
278.749 -81.1853 7.88804 -243.917 -3.44049e-05 0.996636 0.0221939 -0.0788988
278.853 -81.3065 7.90089 -244.329 -0.00185591 0.993754 0.0218943 -0.109408
279.061 -81.6534 7.92903 -245.097 0.00553521 0.984225 0.0209956 -0.175582
279.165 -81.8654 7.9424 -245.452 0.00864002 0.977317 0.0204292 -0.210615
279.27 -82.0966 7.95472 -245.792 0.0102511 0.968889 0.0194135 -0.246522
279.478 -82.6241 7.97737 -246.42 0.0121701 0.948351 0.0220482 -0.316222
279.685 -83.2526 8.00803 -246.952 0.0172134 0.923682 0.0262103 -0.381876
279.789 -83.5915 8.02927 -247.182 0.019703 0.909846 0.027854 -0.413541
279.892 -83.9404 8.05039 -247.386 0.0211899 0.895304 0.0277075 -0.444087
280.1 -84.6689 8.08589 -247.717 -0.0229534 -0.863323 -0.0264067 0.503437
280.203 -85.0525 8.10924 -247.856 -0.0223801 -0.846401 -0.0292138 0.531273
280.307 -85.4475 8.13609 -247.981 -0.0201612 -0.828807 -0.0328231 0.558207
280.514 -86.2725 8.18931 -248.138 -0.0175309 -0.792971 -0.0304223 0.608247
280.618 -86.7094 8.20726 -248.175 -0.0208409 -0.776479 -0.026834 0.629226
280.928 -88.1178 8.28863 -248.28 -0.0120013 -0.734469 -0.0267465 0.678009
281.238 -89.6505 8.36186 -248.265 -0.0133693 -0.707012 -0.024188 0.706661
281.445 -90.7381 8.41488 -248.228 -0.0148228 -0.699581 -0.0216239 0.714073
281.858 -93.1659 8.531 -248.2 -0.0165643 -0.702104 -0.0239502 0.711479
282.272 -95.8139 8.66921 -248.198 -0.0168158 -0.705886 -0.0231746 0.707747
282.479 -97.2216 8.73297 -248.212 -0.0129072 -0.70786 -0.0199233 0.705954
282.894 -100.254 8.86626 -248.27 -0.0135667 -0.710667 -0.0260812 0.702914
283.101 -101.86 8.94702 -248.301 -0.0135577 -0.711858 -0.0265038 0.701693
283.308 -103.557 9.03866 -248.336 -0.0161779 -0.712747 -0.0274037 0.700699
283.723 -107.091 9.21076 -248.417 -0.00814925 -0.713175 -0.0207356 0.700631
283.826 -108 9.24827 -248.439 -0.00637734 -0.712646 -0.0204213 0.701198
283.93 -108.936 9.28145 -248.459 -0.00683778 -0.711696 -0.0232333 0.70207
284.034 -109.892 9.31465 -248.477 -0.00840017 -0.710608 -0.0273265 0.703008
284.137 -110.853 9.35526 -248.485 -0.010709 -0.709421 -0.0291265 0.704102
284.345 -112.789 9.44208 -248.484 -0.0128046 -0.707707 -0.0278001 0.705843
284.449 -113.75 9.48948 -248.484 -0.0135623 -0.707212 -0.0250779 0.706427
284.552 -114.735 9.5345 -248.489 -0.01392 -0.707191 -0.024747 0.706452
284.656 -115.727 9.58124 -248.502 -0.0128701 -0.707324 -0.0261513 0.706288
284.759 -116.642 9.62371 -248.52 -0.0118814 -0.707517 -0.0272269 0.706072
285.174 -120.53 9.79955 -248.568 -0.00863649 -0.708222 -0.02905 0.705339
285.381 -122.387 9.87662 -248.596 -0.00748362 -0.708868 -0.0279 0.704749
286.003 -128.186 10.1348 -248.647 -0.0137839 -0.707691 -0.0318662 0.705669
286.107 -129.092 10.1789 -248.661 -0.0127947 -0.707044 -0.0300818 0.706414
286.522 -132.93 10.3561 -248.655 -0.0165207 -0.705523 -0.0266157 0.707994
286.729 -134.814 10.4378 -248.664 -0.0139189 -0.706067 -0.0251211 0.707563
286.936 -136.7 10.5067 -248.686 -0.00599276 -0.706875 -0.0231303 0.706934
287.247 -139.507 10.5982 -248.712 -0.0108559 -0.707088 -0.0288009 0.706456
287.351 -140.353 10.6295 -248.719 -0.0147872 -0.706958 -0.0307188 0.706434
287.558 -142.178 10.7126 -248.722 -0.0159481 -0.707486 -0.0264711 0.706052
287.765 -143.993 10.7859 -248.742 -0.0113983 -0.708152 -0.0240295 0.705559
287.869 -144.901 10.8197 -248.754 -0.00924715 -0.708634 -0.0229625 0.705142
287.973 -145.814 10.8494 -248.769 -0.00751898 -0.70892 -0.0224357 0.704892
288.18 -147.525 10.9036 -248.81 -0.00626574 -0.710422 -0.02542 0.703289
288.387 -149.324 10.9685 -248.853 -0.0115819 -0.713886 -0.0293341 0.699551
288.595 -151.115 11.052 -248.918 -0.015658 -0.719462 -0.0296328 0.693723
288.698 -152.017 11.0973 -248.964 -0.0168164 -0.722972 -0.0293913 0.690047
288.802 -152.919 11.1404 -249.03 -0.0148665 -0.72665 -0.0301018 0.686187
288.905 -153.791 11.1845 -249.102 -0.0126679 -0.730385 -0.0291394 0.682297
289.009 -154.64 11.2243 -249.18 -0.0109325 -0.7341 -0.0280492 0.678374
289.32 -157.24 11.3492 -249.472 -0.012902 -0.743802 -0.0337598 0.667423
289.527 -158.919 11.4364 -249.697 -0.00925752 -0.749631 -0.0310232 0.661064
289.631 -159.756 11.4772 -249.817 -0.00856439 -0.752104 -0.0298732 0.658312
289.839 -161.457 11.5609 -250.08 -0.0123426 -0.756889 -0.0331204 0.652587
290.253 -164.825 11.7459 -250.687 -0.0113099 -0.769165 -0.0293606 0.638275
290.461 -166.503 11.8359 -251.037 -0.0177949 -0.775384 -0.0318924 0.630433
290.564 -167.341 11.8848 -251.225 -0.0212215 -0.779224 -0.0320603 0.625565
290.668 -168.176 11.9358 -251.421 -0.0218914 -0.783228 -0.0291447 0.620665
290.772 -168.992 11.98 -251.622 -0.0213627 -0.78677 -0.0245513 0.616388
290.979 -170.598 12.0644 -252.047 -0.0200002 -0.792836 -0.0188892 0.608814
291.082 -171.391 12.0986 -252.28 -0.0188083 -0.795463 -0.0207013 0.605356
291.29 -172.983 12.1816 -252.748 -0.023772 -0.799866 -0.0246493 0.599201
291.394 -173.779 12.2248 -252.993 -0.025833 -0.801842 -0.0273856 0.596349
291.497 -174.55 12.2675 -253.244 -0.0238819 -0.804023 -0.0290345 0.593409
291.601 -175.323 12.314 -253.497 -0.0219879 -0.806382 -0.0261152 0.590409
291.705 -176.107 12.3616 -253.754 -0.0215533 -0.80883 -0.0224268 0.587219
292.119 -179.181 12.5253 -254.846 -0.0228402 -0.817625 -0.0238165 0.574805
292.223 -179.936 12.5665 -255.131 -0.0206853 -0.819812 -0.0209897 0.571874
292.43 -181.433 12.6417 -255.719 -0.0189263 -0.824645 -0.0184821 0.565032
292.534 -182.181 12.6725 -256.028 -0.0189464 -0.82739 -0.0203569 0.560938
292.637 -182.922 12.7046 -256.342 -0.0184546 -0.8301 -0.021145 0.556908
292.844 -184.384 12.7708 -256.988 -0.0167558 -0.835399 -0.0216528 0.548961
292.948 -185.113 12.8061 -257.319 -0.0170523 -0.837933 -0.0223573 0.545049
293.052 -185.834 12.8405 -257.658 -0.0167979 -0.840438 -0.0233869 0.541142
293.155 -186.544 12.8727 -257.999 -0.0163413 -0.842926 -0.0237715 0.537256
293.259 -187.222 12.903 -258.334 -0.014933 -0.845581 -0.0220825 0.533181
293.363 -187.902 12.9341 -258.673 -0.013534 -0.848222 -0.0194605 0.52911
293.777 -190.595 13.0456 -260.092 -0.0217854 -0.857481 -0.0261492 0.513389
293.985 -191.886 13.1108 -260.816 -0.0237159 -0.86217 -0.0268725 0.50535
294.399 -194.281 13.2312 -262.254 0.0198696 0.87072 0.0235081 -0.490816
294.607 -195.38 13.2746 -262.943 0.0176979 0.873476 0.026193 -0.48584
295.022 -197.368 13.3703 -264.213 0.0127224 0.873853 0.0251707 -0.485372
295.229 -198.258 13.4137 -264.763 0.010927 0.870664 0.025562 -0.491092
295.437 -199.095 13.458 -265.247 -0.0135783 -0.86449 -0.0315698 0.501474
295.644 -199.86 13.493 -265.64 -0.0185474 -0.856954 -0.0347219 0.513888
296.059 -201.243 13.5618 -266.247 -0.0180238 -0.837636 -0.025549 0.545333
296.267 -201.93 13.602 -266.503 -0.0124644 -0.822624 -0.0255962 0.567872
296.474 -202.634 13.6442 -266.687 -0.0128897 -0.802752 -0.0268221 0.59557
296.682 -203.339 13.6729 -266.799 -0.0165982 -0.779277 -0.0263103 0.625908
297.097 -204.726 13.7148 -266.871 -0.00835342 -0.723703 -0.0277538 0.689502
297.304 -205.451 13.7452 -266.796 -0.00510179 -0.689657 -0.02633 0.72364
297.408 -205.825 13.7613 -266.723 -0.00477877 -0.67104 -0.0245635 0.740998
297.512 -206.208 13.7752 -266.635 -0.00456157 -0.651507 -0.0253464 0.758206
297.615 -206.6 13.7877 -266.529 -0.00454506 -0.631264 -0.0282823 0.775039
297.823 -207.395 13.8097 -266.247 -0.00380054 -0.588435 -0.0346794 0.807792
297.927 -207.791 13.8209 -266.065 -0.00337334 -0.565498 -0.036498 0.823935
298.134 -208.603 13.8425 -265.605 -0.00165977 -0.516007 -0.0389389 0.855697
298.238 -209.013 13.8572 -265.326 0.000351884 -0.490061 -0.0401655 0.870762
298.341 -209.434 13.8736 -265.006 0.00250966 -0.463512 -0.0413368 0.885122
298.549 -210.279 13.9045 -264.24 0.00427506 -0.414448 -0.0413673 0.909122
298.652 -210.687 13.9168 -263.82 0.00410284 -0.393729 -0.0402853 0.918334
298.755 -211.098 13.9295 -263.385 0.004075 -0.376069 -0.0396379 0.925735
299.065 -212.432 13.9683 -261.818 0.0044335 -0.339518 -0.0382417 0.939811
299.479 -214.282 14.0088 -259.406 0.00551698 -0.312347 -0.0366695 0.949244
299.685 -215.263 14.0286 -258.047 0.00301408 -0.305113 -0.0359692 0.951632
299.892 -216.286 14.0485 -256.619 0.00295423 -0.302322 -0.0348493 0.952564
300.306 -218.452 14.0886 -253.567 0.00336985 -0.298177 -0.0357768 0.953834
300.721 -220.713 14.131 -250.318 0.00201981 -0.295773 -0.0336071 0.954665
300.928 -221.867 14.1428 -248.663 0.00307349 -0.296668 -0.0318483 0.954444
301.135 -223.025 14.146 -247.013 0.00250957 -0.298578 -0.0306276 0.95389
301.55 -225.374 14.1561 -243.705 0.000346634 -0.301881 -0.0299211 0.952876
301.757 -226.532 14.1681 -242.113 -0.000226273 -0.303582 -0.0297565 0.95234
302.171 -228.845 14.1776 -238.932 0.00141924 -0.306116 -0.0290154 0.951551
302.586 -231.157 14.1904 -235.78 0.000998482 -0.306294 -0.0314426 0.951417
302.897 -232.891 14.2011 -233.412 0.00117335 -0.305393 -0.0319294 0.95169
303.104 -234.042 14.2084 -231.829 0.000692308 -0.304662 -0.0309641 0.951957
303.208 -234.611 14.2104 -231.044 0.00127252 -0.304372 -0.0303534 0.952069
303.312 -235.181 14.2138 -230.261 0.00175324 -0.304281 -0.0301984 0.952102
303.415 -235.743 14.2192 -229.491 0.000776276 -0.304398 -0.0307535 0.952048
303.519 -236.304 14.2249 -228.729 -0.00133056 -0.304708 -0.0319501 0.951909
303.83 -237.988 14.2559 -226.441 -0.00270007 -0.307067 -0.0327179 0.951122
304.037 -239.116 14.277 -224.933 0.000111198 -0.309983 -0.0328215 0.950175
304.244 -240.277 14.3019 -223.395 -0.000460999 -0.312002 -0.0323845 0.949529
304.659 -242.652 14.3424 -220.228 0.00104205 -0.314241 -0.0304915 0.948853
304.763 -243.265 14.3524 -219.427 0.00249121 -0.31405 -0.0318168 0.94887
304.866 -243.882 14.3631 -218.622 0.00375121 -0.31353 -0.0333818 0.948984
304.97 -244.504 14.3705 -217.807 0.00339273 -0.312905 -0.0352325 0.949125
305.074 -245.125 14.3772 -216.987 0.00232325 -0.312353 -0.0361479 0.949275
305.177 -245.746 14.3874 -216.158 0.000862057 -0.31205 -0.0355775 0.949399
305.281 -246.366 14.3975 -215.327 -0.000393194 -0.311839 -0.0345341 0.949507
305.385 -246.991 14.4086 -214.49 -0.00107044 -0.311669 -0.0331956 0.94961
305.488 -247.615 14.4193 -213.656 -0.00105212 -0.311618 -0.0322592 0.949659
305.592 -248.236 14.4291 -212.833 -0.000558399 -0.311797 -0.0320602 0.949607
305.696 -248.861 14.4388 -212.007 -0.000466292 -0.312392 -0.0320258 0.949413
305.799 -249.487 14.4472 -211.182 -0.000301405 -0.313255 -0.0316529 0.949141
305.903 -250.105 14.454 -210.375 0.000169974 -0.314037 -0.0319422 0.948873
306.007 -250.732 14.4615 -209.56 0.000577945 -0.314729 -0.0320433 0.94864
306.317 -252.545 14.4723 -207.197 0.00297851 -0.317132 -0.0315207 0.947853
306.421 -253.147 14.4741 -206.421 0.00383782 -0.317652 -0.0319007 0.947663
306.525 -253.743 14.4753 -205.656 0.00365082 -0.318083 -0.0325993 0.947495
306.628 -254.324 14.4874 -204.939 0.00267221 -0.317967 -0.0326265 0.947536
306.939 -256.028 14.5023 -202.752 0.000517646 -0.317208 -0.0339821 0.947747
307.147 -257.125 14.5246 -201.355 -0.00173441 -0.315436 -0.0338693 0.948341
307.561 -259.119 14.5518 -198.709 -0.00214661 -0.308403 -0.0329448 0.950683
307.769 -259.986 14.5658 -197.515 -0.00147324 -0.301252 -0.0314986 0.953023
307.976 -260.666 14.5694 -196.542 -0.00204095 -0.290296 -0.0316886 0.95641
308.184 -261.248 14.5678 -195.642 -0.000326806 -0.273435 -0.0335558 0.961305
308.391 -261.817 14.5711 -194.607 0.00249155 -0.247886 -0.0339713 0.96819
308.807 -262.649 14.5262 -192.501 0.00673814 -0.162673 -0.031096 0.986167
308.911 -262.785 14.5106 -191.946 0.00600268 -0.133821 -0.0306502 0.990513
309.015 -262.865 14.5121 -191.509 0.00469724 -0.103307 -0.0304836 0.994171
309.223 -262.966 14.4783 -190.53 0.00386703 -0.0324786 -0.0294772 0.99903
309.327 -262.978 14.4621 -190.085 0.00501999 0.00536272 -0.0283754 0.99957
309.535 -262.834 14.4253 -189.149 0.00733772 0.0806384 -0.0260018 0.996377
309.639 -262.724 14.4047 -188.73 0.00821251 0.118294 -0.0244452 0.992644
309.743 -262.575 14.3822 -188.327 0.00912002 0.155733 -0.0223021 0.987505
309.95 -262.014 14.3374 -187.601 0.0100062 0.223926 -0.0192923 0.974364
310.158 -261.319 14.2937 -186.816 0.00924142 0.286074 -0.0163243 0.958024
310.365 -260.561 14.2655 -186.002 0.00859427 0.341498 -0.0151408 0.939721
310.572 -259.668 14.2265 -185.278 0.00804203 0.387873 -0.0153072 0.92155
310.675 -259.22 14.2146 -184.889 0.00786458 0.407867 -0.0150615 0.912883
310.986 -257.786 14.1454 -183.82 0.00408112 0.458152 -0.0183868 0.888674
311.296 -256.193 14.07 -182.814 0.0033151 0.506906 -0.0216993 0.861722
311.4 -255.653 14.0375 -182.534 0.00364146 0.521332 -0.0222599 0.853056
311.607 -254.429 13.9831 -181.978 0.00615131 0.547665 -0.0207953 0.836417
311.711 -253.829 13.9541 -181.724 0.00729179 0.55973 -0.0195774 0.828412
311.918 -252.418 13.8747 -181.23 0.010131 0.583348 -0.0173796 0.811973
312.022 -251.701 13.8395 -181.036 0.012478 0.593056 -0.0145487 0.804933
312.125 -251.001 13.8188 -180.843 0.0162649 0.602641 -0.0102414 0.797781
312.229 -250.302 13.7963 -180.652 0.0175009 0.611414 -0.00646553 0.791091
312.54 -247.891 13.7105 -180.153 0.0174674 0.632652 -0.003218 0.774233
312.747 -246.185 13.647 -179.837 0.0181812 0.646079 -0.0065192 0.763026
312.85 -245.473 13.6008 -179.727 0.0157383 0.652103 -0.00691542 0.757935
313.058 -243.736 13.5182 -179.528 0.0171287 0.662551 -0.00328478 0.748813
313.161 -242.779 13.4866 -179.432 0.0218045 0.667111 -0.00203184 0.744636
313.368 -240.822 13.4144 -179.24 0.0283993 0.674853 -0.00429786 0.737393
313.472 -239.905 13.375 -179.17 0.0297146 0.677522 -0.00446107 0.734888
313.679 -238.015 13.2686 -179.026 0.0277702 0.679915 -0.00267941 0.73276
313.99 -235.028 13.1125 -178.825 0.0273649 0.683276 -0.00228642 0.729644
314.197 -232.764 12.989 -178.683 0.028172 0.685722 -0.00198131 0.727315
314.3 -231.935 12.961 -178.62 0.0279966 0.687148 -0.00314454 0.725971
314.508 -230.074 12.865 -178.513 0.0264639 0.68909 -0.00370015 0.724182
314.818 -227.192 12.7064 -178.391 0.0243072 0.692242 -0.00555996 0.721235
315.233 -222.951 12.4827 -178.239 0.0214591 0.695298 -0.00619018 0.718375
315.337 -221.742 12.4194 -178.203 0.0211592 0.69579 -0.00667073 0.717902
315.44 -220.541 12.3666 -178.152 0.0211458 0.697026 -0.00687602 0.716701
315.648 -218.328 12.2449 -178.084 0.0200335 0.699029 -0.00774855 0.714771
315.751 -217.227 12.185 -178.059 0.0203953 0.700018 -0.00752291 0.713795
