301.653 -228.476 13.7247 -239.849 -0.00682063 -0.300777 -0.0303188 0.953188
301.861 -229.49 13.7517 -238.423 -0.00475141 -0.302433 -0.0287343 0.952725
301.964 -229.998 13.7642 -237.713 -0.00422315 -0.303021 -0.0289944 0.952533
302.275 -231.532 13.8016 -235.582 -0.00673823 -0.303489 -0.0313512 0.952295
302.482 -232.546 13.8306 -234.177 -0.00554813 -0.303499 -0.0322005 0.952271
302.586 -233.053 13.8454 -233.474 -0.00510197 -0.303405 -0.0325238 0.952293
302.69 -233.558 13.8589 -232.77 -0.00524817 -0.303119 -0.0326173 0.95238
302.897 -234.563 13.8876 -231.362 -0.00565144 -0.302247 -0.0321505 0.95267
303.001 -235.059 13.9013 -230.662 -0.00589259 -0.301858 -0.0317005 0.952808
303.208 -236.048 13.9264 -229.273 -0.00473906 -0.301542 -0.0311275 0.952933
303.312 -236.544 13.9415 -228.577 -0.00571064 -0.301665 -0.0317395 0.952868
303.623 -238.034 13.9933 -226.505 -0.00919575 -0.303038 -0.0341711 0.952321
303.726 -238.527 14.0135 -225.82 -0.0091541 -0.304299 -0.0338363 0.951931
303.83 -239.025 14.0337 -225.137 -0.00766479 -0.305875 -0.0343845 0.95142
303.934 -239.527 14.0538 -224.452 -0.00633404 -0.307211 -0.0339309 0.951015
304.037 -240.034 14.0769 -223.761 -0.00647103 -0.308362 -0.0337597 0.950648
304.141 -240.548 14.0972 -223.066 -0.00687462 -0.309217 -0.0336346 0.950372
304.244 -241.064 14.1178 -222.368 -0.00569191 -0.310155 -0.0325979 0.95011
304.452 -242.11 14.1612 -220.949 -0.00507385 -0.311328 -0.0304593 0.949801
304.555 -242.647 14.1783 -220.229 -0.00538237 -0.31138 -0.0316891 0.949742
304.763 -243.733 14.2168 -218.777 -0.00260781 -0.310705 -0.0347839 0.949866
304.866 -244.282 14.2335 -218.043 -0.00298096 -0.310052 -0.0367049 0.950006
304.97 -244.831 14.2504 -217.3 -0.00402772 -0.309541 -0.0376626 0.950132
305.074 -245.382 14.2707 -216.551 -0.00547663 -0.309213 -0.0371507 0.950251
305.281 -246.479 14.312 -215.05 -0.00736203 -0.308836 -0.0347851 0.95045
305.385 -247.026 14.332 -214.301 -0.00731441 -0.308773 -0.0339471 0.950502
305.592 -248.122 14.3698 -212.814 -0.00673241 -0.309598 -0.0337769 0.950244
305.696 -248.668 14.3868 -212.077 -0.00653422 -0.310441 -0.033521 0.949979
305.799 -249.215 14.4032 -211.343 -0.00603013 -0.31123 -0.0339676 0.949708
306.007 -250.308 14.4356 -209.882 -0.00542763 -0.312875 -0.0338355 0.949176
306.11 -250.851 14.4501 -209.159 -0.00462152 -0.313605 -0.033416 0.948954
306.317 -251.983 14.4674 -207.659 -0.00199181 -0.315385 -0.0345562 0.948332
306.421 -252.574 14.4692 -206.881 -0.00177046 -0.316219 -0.0361441 0.947996
306.628 -253.704 14.4827 -205.402 -0.00269354 -0.317015 -0.0389119 0.947618
306.939 -255.333 14.5138 -203.265 -0.00443469 -0.316466 -0.0405034 0.947728
307.043 -255.889 14.519 -202.53 -0.00490505 -0.316124 -0.0419612 0.947777
307.458 -257.834 14.5623 -199.937 -0.00448952 -0.309964 -0.0427912 0.949774
307.665 -258.728 14.5719 -198.701 -0.00298225 -0.303695 -0.0430521 0.951792
307.872 -259.64 14.5853 -197.354 -0.00311505 -0.293341 -0.0403748 0.95515
308.08 -260.46 14.5874 -196.069 -0.000977679 -0.277139 -0.0394317 0.96002
308.287 -261.062 14.5781 -195.017 0.00205413 -0.252066 -0.0378878 0.966966
308.391 -261.296 14.5755 -194.553 0.00305524 -0.235861 -0.0372595 0.971067
308.599 -261.682 14.5592 -193.59 0.00550901 -0.194131 -0.0356534 0.980312
308.703 -261.822 14.5506 -193.127 0.00648347 -0.168508 -0.0343732 0.985079
308.807 -261.931 14.5413 -192.661 0.00573609 -0.140442 -0.0335418 0.989504
308.911 -262.03 14.513 -192.071 0.00472758 -0.108765 -0.0334129 0.993495
309.015 -262.045 14.499 -191.507 0.00393285 -0.0758949 -0.0330268 0.996561
309.223 -261.998 14.4677 -190.457 0.00546197 -0.00410421 -0.031099 0.999493
309.327 -261.903 14.4521 -189.905 0.00688064 0.0321316 -0.0299483 0.999011
309.535 -261.638 14.4166 -188.882 0.00904648 0.104634 -0.0271423 0.994099
309.639 -261.437 14.3967 -188.362 0.0100988 0.140096 -0.024878 0.989774
309.847 -261.095 14.3511 -187.324 0.0115349 0.213842 -0.0210515 0.976573
310.054 -260.613 14.301 -186.417 0.010544 0.280665 -0.0169752 0.959598
310.262 -259.97 14.2274 -185.612 0.00862956 0.337561 -0.0144989 0.941153
310.469 -259.278 14.1786 -184.813 0.00792897 0.386373 -0.0143294 0.922197
310.572 -258.867 14.1486 -184.47 0.00736087 0.406363 -0.0132375 0.913586
310.882 -257.472 14.0824 -183.425 0.0033848 0.457122 -0.0157381 0.889258
310.986 -256.967 14.0605 -183.096 0.00238688 0.47419 -0.0174428 0.880246
311.193 -255.822 14.0239 -182.515 0.0024516 0.50556 -0.0201431 0.862553
311.296 -255.189 14.0102 -182.212 0.00318323 0.520791 -0.0211293 0.853417
311.504 -253.901 13.966 -181.684 0.00595649 0.547854 -0.0198022 0.836318
311.607 -253.251 13.9568 -181.457 0.00772506 0.559827 -0.0187585 0.828361
311.711 -252.578 13.944 -181.239 0.0094604 0.571257 -0.0181525 0.820516
311.918 -251.173 13.8848 -180.798 0.0143529 0.593095 -0.0148616 0.804868
312.022 -250.389 13.8416 -180.619 0.0166867 0.603055 -0.0117426 0.797438
312.125 -249.591 13.7985 -180.449 0.0170113 0.611961 -0.00868623 0.790657
312.54 -246.331 13.6484 -179.788 0.0202013 0.641129 -0.00479348 0.767152
312.747 -244.566 13.5781 -179.52 0.019395 0.655021 -0.00596432 0.755339
312.85 -243.56 13.5503 -179.383 0.0202169 0.662165 -0.0043173 0.749073
312.954 -242.671 13.5081 -179.291 0.0204872 0.666999 -0.0033814 0.744769
313.161 -240.902 13.42 -179.151 0.0267661 0.673715 -0.00313941 0.7385
313.265 -240.044 13.3677 -179.096 0.0292407 0.676101 -0.00315149 0.736222
313.472 -238.101 13.2591 -178.943 0.0288761 0.680405 -0.00239747 0.732264
313.575 -236.991 13.2076 -178.862 0.0281448 0.682131 -0.00152761 0.730686
313.679 -236.112 13.167 -178.805 0.0289915 0.68334 -0.000424142 0.729524
313.886 -234.192 13.0772 -178.681 0.0278733 0.68541 -0.00125 0.727622
313.99 -233.289 13.0349 -178.629 0.0282245 0.686196 -0.000677377 0.726868
314.197 -231.324 12.937 -178.515 0.0277543 0.688349 -0.00258841 0.724844
314.3 -230.428 12.9 -178.46 0.0272654 0.689503 -0.00265694 0.723765
314.404 -229.114 12.8293 -178.38 0.0261336 0.690713 -0.00243526 0.722653
314.611 -227.082 12.7224 -178.282 0.0247677 0.693441 -0.00329922 0.72008
314.715 -226.109 12.6707 -178.237 0.0233239 0.695134 -0.0035476 0.718493
314.922 -224.05 12.5684 -178.163 0.0225235 0.697354 -0.00399437 0.716362
315.026 -223.059 12.5127 -178.143 0.0218474 0.697975 -0.00499703 0.715772
315.129 -222.061 12.4558 -178.124 0.0201622 0.698621 -0.00560009 0.715186
315.233 -220.965 12.4011 -178.096 0.0194638 0.699616 -0.00601469 0.714229
315.44 -218.782 12.2946 -178.047 0.0193944 0.701718 -0.00783123 0.712148
315.544 -217.685 12.2373 -178.026 0.0183317 0.70268 -0.00796568 0.711226
315.751 -215.506 12.1275 -178.001 0.0188597 0.704337 -0.00768235 0.709574
315.855 -214.414 12.073 -177.989 0.0180261 0.705022 -0.00708527 0.70892
316.063 -212.265 11.967 -177.969 0.0161427 0.706312 -0.00704038 0.707682
316.166 -211.183 11.9164 -177.963 0.0155873 0.706899 -0.00690997 0.707109
316.477 -207.989 11.7732 -177.959 0.0146102 0.708427 -0.00418148 0.705621
316.58 -206.926 11.7284 -177.962 0.014621 0.708919 -0.00362273 0.705129
316.891 -203.764 11.5937 -177.973 0.0161121 0.71011 -0.00534112 0.703886
316.995 -202.715 11.5471 -177.98 0.0163473 0.710159 -0.00483368 0.703835
317.099 -201.666 11.5013 -177.99 0.0160793 0.710123 -0.00366662 0.703885
317.306 -199.619 11.4146 -178.003 0.0159966 0.710112 -0.00196581 0.703904
317.41 -198.588 11.3714 -178.008 0.0156617 0.710088 -0.00229226 0.703935
317.72 -195.511 11.2451 -178.018 0.015141 0.710197 -0.00326315 0.703832
317.824 -194.497 11.2037 -178.022 0.0151705 0.710264 -0.00341778 0.703764
318.031 -192.495 11.1196 -178.036 0.016024 0.710448 -0.00260346 0.703562
318.135 -191.489 11.0787 -178.044 0.0161369 0.710646 -0.00266041 0.70336
318.446 -188.513 10.9491 -178.07 0.0176092 0.712418 -0.0045503 0.701519
318.757 -185.625 10.8085 -178.124 0.0196568 0.715101 -0.00468753 0.698729
318.86 -184.689 10.7597 -178.149 0.0199257 0.716081 -0.00328025 0.697725
319.068 -182.869 10.669 -178.205 0.0197828 0.718146 -0.00153477 0.69561
319.482 -179.417 10.5003 -178.345 0.0210314 0.723014 -0.000265584 0.690513
319.69 -177.802 10.4174 -178.427 0.024248 0.722801 0.00117035 0.690629
320.104 -174.767 10.2679 -178.541 0.0262553 0.715563 0.00630894 0.698026
320.311 -173.367 10.2003 -178.55 0.0279006 0.707499 0.00654198 0.706133
320.518 -172.043 10.1369 -178.516 0.0277921 0.696997 0.00762512 0.716495
320.725 -170.812 10.0744 -178.428 0.0270123 0.681817 0.00996779 0.730956
320.932 -169.704 10.018 -178.27 0.0278228 0.656231 0.0119822 0.753952
321.139 -168.718 9.96332 -178.013 0.0273416 0.619465 0.0109787 0.784471
321.242 -168.257 9.93703 -177.844 0.026414 0.596895 0.00962948 0.801826
321.449 -167.388 9.88539 -177.424 0.0257635 0.54424 0.00805974 0.838495
321.552 -166.973 9.86176 -177.172 0.0257508 0.514491 0.0091454 0.85706
321.759 -166.215 9.8108 -176.569 0.0228073 0.450243 0.00803578 0.892579
321.862 -165.884 9.78789 -176.219 0.0217111 0.416892 0.00492294 0.908684
322.069 -165.309 9.74525 -175.465 0.0181908 0.349702 0.00364133 0.936677
322.172 -165.059 9.72967 -175.053 0.014532 0.315977 0.00278344 0.948651
322.276 -164.84 9.71593 -174.617 0.010202 0.282275 0.000340574 0.959279
322.483 -164.478 9.67952 -173.689 0.00508253 0.219272 -0.00457602 0.97564
322.587 -164.325 9.66312 -173.204 0.00498967 0.191103 -0.00580927 0.98154
322.794 -164.084 9.64375 -172.207 0.00708598 0.142325 -0.0100521 0.989744
322.898 -163.988 9.63708 -171.676 0.00863819 0.122746 -0.0133288 0.992311
323.002 -163.907 9.62905 -171.104 0.00804602 0.106549 -0.0186825 0.994099
323.418 -163.602 9.57653 -168.709 0.00229123 0.0622497 -0.018388 0.997889
323.626 -163.506 9.5595 -167.432 0.004314 0.0485851 -0.0226321 0.998553
323.73 -163.458 9.54946 -166.807 0.00539636 0.0439079 -0.0215789 0.998788
323.834 -163.404 9.53922 -166.132 0.00569589 0.0399162 -0.019375 0.998999
324.145 -163.266 9.49897 -164.003 0.00679082 0.034504 -0.0183044 0.999214
324.353 -163.177 9.47239 -162.527 0.00854875 0.0297439 -0.014373 0.999418
324.768 -163.058 9.40256 -159.318 0.00907455 0.0175949 -0.0125436 0.999725
324.975 -163.025 9.36283 -157.621 0.0109723 0.0134964 -0.0132684 0.999761
325.182 -162.991 9.32141 -155.859 0.010364 0.0104363 -0.00946943 0.999847
325.597 -162.956 9.24686 -152.118 0.00594673 0.00498319 -0.00887752 0.99993
325.7 -162.969 9.23343 -151.11 0.00424715 0.00409863 -0.0124475 0.999905
325.804 -162.981 9.2205 -150.053 0.00212917 0.00362921 -0.0156567 0.999869
325.908 -162.99 9.20506 -148.991 0.00184245 0.00365725 -0.0179275 0.999831
326.115 -162.981 9.17843 -146.979 0.00692441 0.00385667 -0.0170371 0.999823
326.219 -162.974 9.15695 -146.029 0.00676042 0.00384766 -0.0151929 0.999854
326.633 -162.968 9.0672 -141.849 0.00562345 0.00435219 -0.0176995 0.999818
326.737 -162.965 9.04288 -140.775 0.0058863 0.00407156 -0.0176896 0.999818
326.841 -162.959 9.02088 -139.703 0.00762871 0.00360916 -0.0161754 0.999834
326.944 -162.952 8.99522 -138.626 0.00857176 0.00270766 -0.014416 0.999856
327.151 -162.947 8.9349 -136.511 0.00945082 0.000707127 -0.0138478 0.999859
327.255 -162.954 8.90558 -135.515 0.00725047 0.000287137 -0.0151897 0.999858
327.359 -162.963 8.87552 -134.454 0.00554757 0.000347081 -0.016289 0.999852
327.566 -162.975 8.82128 -132.335 0.00869146 0.000602848 -0.0169649 0.999818
327.981 -162.967 8.71486 -128.101 0.00257404 0.00211476 -0.0123566 0.999918
328.084 -162.969 8.69688 -127.066 0.00466451 0.00257104 -0.0131356 0.9999
328.395 -162.981 8.6249 -123.984 0.00421693 0.00417158 -0.0173329 0.999832
328.706 -162.967 8.56711 -120.756 0.00571083 0.00473632 -0.0173747 0.999822
328.913 -162.95 8.52514 -118.648 0.0041207 0.00543742 -0.0158487 0.999851
329.017 -162.937 8.50449 -117.606 0.0018584 0.00564462 -0.0144045 0.999879
329.224 -162.911 8.4766 -115.455 0.00288324 0.00582438 -0.0107733 0.999921
329.639 -162.864 8.41117 -111.095 0.00373997 0.00565006 -0.00600224 0.999959
329.743 -162.853 8.39219 -109.992 0.00591596 0.00539492 -0.00498572 0.999956
329.846 -162.846 8.36962 -108.876 0.00693696 0.00515283 -0.00545005 0.999948
329.95 -162.843 8.3469 -107.753 0.00600842 0.0050229 -0.00701511 0.999945
330.053 -162.836 8.32608 -106.612 0.00406695 0.00501125 -0.00662233 0.999957
330.157 -162.827 8.3081 -105.468 0.00227286 0.00507122 -0.00749401 0.999956
330.261 -162.815 8.29361 -104.335 0.0004478 0.00552545 -0.00711987 0.999959
330.364 -162.802 8.27957 -103.224 -0.000537589 0.00592852 -0.00675311 0.999959
330.675 -162.766 8.23161 -99.7977 0.00328433 0.00690842 -0.00618466 0.999952
330.882 -162.742 8.18959 -97.4949 0.00440115 0.00655666 -0.00644785 0.999948
330.986 -162.731 8.16702 -96.3451 0.00646658 0.00602188 -0.0062363 0.999942
331.09 -162.719 8.13987 -95.1941 0.00715628 0.00552437 -0.00578961 0.999942
331.193 -162.709 8.10979 -94.0368 0.00614546 0.0051723 -0.00571345 0.999951
331.297 -162.702 8.08296 -92.8806 0.00403991 0.00454537 -0.00598147 0.999964
331.4 -162.694 8.0597 -91.7281 0.00211035 0.00368762 -0.00581977 0.999974
331.504 -162.693 8.03588 -90.5897 0.00289674 0.0030149 -0.00734556 0.999964
331.608 -162.694 8.00938 -89.4722 0.00735492 0.00253877 -0.00800158 0.999938
331.711 -162.697 7.97956 -88.3833 0.0119047 0.0017815 -0.00967906 0.999881
332.022 -162.708 7.87415 -85.2228 0.0059274 0.000314559 -0.00867144 0.999945
332.125 -162.712 7.85079 -84.1706 0.00291164 0.000112009 -0.00912996 0.999954
332.333 -162.722 7.81119 -82.0696 0.00212312 0.000457824 -0.00950277 0.999952
332.643 -162.731 7.74911 -78.8653 0.0045722 0.00182379 -0.00894393 0.999948
332.851 -162.735 7.69461 -76.7332 0.0107633 0.00217661 -0.0104421 0.999885
332.954 -162.739 7.65968 -75.6643 0.00813145 0.00267347 -0.011962 0.999892
333.058 -162.748 7.63202 -74.5871 0.00399058 0.00325383 -0.0154244 0.999868
333.162 -162.751 7.61316 -73.5034 -0.000733566 0.0040083 -0.016414 0.999857
333.369 -162.742 7.5895 -71.3451 -0.00373223 0.0052092 -0.0166025 0.999842
333.473 -162.726 7.57484 -70.3198 0.00127982 0.00514601 -0.0131025 0.9999
333.68 -162.696 7.52537 -68.2811 0.0129555 0.00482705 -0.00815485 0.999871
333.783 -162.686 7.48983 -67.2529 0.00930944 0.00466689 -0.00748701 0.999918
333.991 -162.67 7.44302 -65.2021 -0.00145837 0.00494633 -0.00824472 0.999953
334.302 -162.658 7.42192 -62.1615 -0.00586892 0.0046089 -0.0119443 0.999901
334.405 -162.655 7.41582 -61.1658 -0.00199548 0.00446247 -0.0134811 0.999897
334.82 -162.625 7.33059 -57.1869 0.00859738 0.00732599 -0.0129912 0.999852
334.924 -162.612 7.30374 -56.1966 0.00608724 0.00814227 -0.0126388 0.999868
335.131 -162.594 7.2635 -54.2223 -0.00362976 0.00866688 -0.0144871 0.999851
335.235 -162.59 7.25529 -53.2497 -0.00549873 0.00852362 -0.0169774 0.999804
335.338 -162.589 7.24647 -52.2957 -0.00385457 0.00823179 -0.0199442 0.99976
335.442 -162.586 7.2357 -51.3555 -7.26805e-06 0.00767884 -0.0214926 0.99974
335.546 -162.575 7.21864 -50.4313 0.00467825 0.00657527 -0.0197748 0.999772
335.753 -162.556 7.16781 -48.6359 0.00765014 0.00454926 -0.0164387 0.999825
336.064 -162.539 7.09296 -46.0544 0.00333343 0.0021499 -0.0120506 0.99992
336.167 -162.538 7.07281 -45.2406 0.00669163 0.00140095 -0.0118088 0.999907
336.582 -162.561 6.96752 -42.1021 0.00867455 -0.000750642 -0.0147028 0.999854
336.789 -162.593 6.9229 -40.6196 0.00527639 -0.00192357 -0.0208927 0.999766
336.997 -162.616 6.88516 -39.2093 -0.000416911 -0.00406612 -0.0218323 0.999753
337.411 -162.669 6.82898 -36.6855 0.00351332 -0.00928578 -0.0221772 0.999705
337.619 -162.71 6.80556 -35.5396 -0.00126901 -0.00948221 -0.0262238 0.99961
338.137 -162.752 6.75712 -33.0082 0.00172994 0.00487 -0.0323934 0.999462
338.345 -162.72 6.73815 -32.103 0.00214606 0.0223792 -0.0342923 0.999159
338.552 -162.614 6.71799 -31.2707 0.00249333 0.0482693 -0.0286428 0.99842
338.968 -162.24 6.65236 -29.7338 0.00647885 0.122526 -0.0226669 0.992185
339.176 -161.944 6.62392 -29.0246 0.0101663 0.164389 -0.015172 0.986226
339.28 -161.779 6.60845 -28.6815 0.0111067 0.186159 -0.0131136 0.982369
339.487 -161.405 6.5725 -28.0177 0.0104545 0.229368 -0.00941006 0.973238
339.591 -161.186 6.5605 -27.6975 0.0100966 0.25298 -0.00776811 0.967388
339.695 -160.948 6.54945 -27.383 0.0109282 0.27837 -0.00612505 0.960392
339.902 -160.403 6.51374 -26.7682 0.0104564 0.330085 -0.00365236 0.943886
340.006 -160.097 6.49527 -26.4694 0.00988017 0.356577 -0.00378238 0.934206
340.11 -159.768 6.47798 -26.1824 0.009917 0.383286 -0.00357232 0.923569
340.317 -159.047 6.4501 -25.6522 0.0130008 0.436301 -0.0063346 0.899684
340.421 -158.652 6.43222 -25.4112 0.0154658 0.461432 -0.00740943 0.88701
340.628 -157.795 6.38879 -24.9752 0.0185235 0.509318 -0.00841565 0.860338
340.731 -157.334 6.36439 -24.7794 0.0178646 0.531968 -0.00854916 0.846533
340.836 -156.846 6.34256 -24.6001 0.0167918 0.553226 -0.00802664 0.832823
341.042 -155.805 6.30357 -24.3079 0.0173712 0.592325 -0.00449449 0.805499
341.249 -154.727 6.24838 -24.0842 0.0166938 0.626064 -0.00517042 0.779576
341.56 -152.977 6.18041 -23.8765 0.0249065 0.66252 -0.00444485 0.748617
341.767 -151.686 6.12087 -23.796 0.0277111 0.679195 -0.000168434 0.733435
342.18 -148.866 6.00597 -23.7233 0.029208 0.698847 0.00502867 0.714657
342.387 -147.324 5.94758 -23.7095 0.0282719 0.704437 0.0052581 0.709184
342.594 -145.696 5.88601 -23.7328 0.0341191 0.709627 0.00501191 0.703733
343.008 -142.199 5.71446 -23.8238 0.0411017 0.714372 0.0047956 0.698542
343.216 -140.319 5.6274 -23.8572 0.0334825 0.714504 0.00883552 0.698774
343.319 -139.354 5.58788 -23.8726 0.0300911 0.714429 0.00997297 0.69899
343.423 -138.375 5.55082 -23.8912 0.0305579 0.714625 0.00928764 0.698778
343.63 -136.401 5.46992 -23.9387 0.0374666 0.714328 0.00552723 0.698785
343.733 -135.401 5.41686 -23.961 0.0389471 0.714321 0.00623818 0.698706
343.837 -134.401 5.36441 -23.9848 0.0382098 0.714114 0.00820744 0.698938
344.044 -132.433 5.26794 -24.0193 0.0358725 0.712785 0.0112658 0.700374
344.148 -131.425 5.22553 -24.0361 0.0340163 0.711459 0.0137822 0.701768
344.562 -127.41 5.0451 -24.0466 0.0368992 0.706898 0.00856147 0.706301
344.77 -125.415 4.94824 -24.0432 0.0338526 0.704896 0.0132749 0.708378
344.977 -123.439 4.85992 -24.0261 0.0331885 0.703719 0.0137782 0.709569
345.391 -119.558 4.66625 -23.9898 0.0415416 0.703623 0.00746925 0.709319
345.599 -117.612 4.55745 -23.987 0.0389511 0.704325 0.0142355 0.708666
345.91 -114.752 4.4186 -23.9815 0.0404912 0.705432 0.014924 0.707463
346.221 -111.871 4.27162 -23.9763 0.0428943 0.705687 0.0160736 0.707042
346.428 -109.991 4.17971 -23.9772 0.0409614 0.704615 0.0199871 0.708125
346.531 -109.086 4.13859 -23.9717 0.0412188 0.704215 0.0192882 0.708527
346.635 -108.192 4.10257 -23.966 0.0410159 0.70373 0.0193493 0.709018
346.739 -107.257 4.06189 -23.9449 0.0389368 0.703359 0.0199398 0.709488
347.361 -102.073 3.831 -23.8672 0.0386091 0.702306 0.0173908 0.710614
347.672 -99.7661 3.71703 -23.8355 0.0357369 0.70309 0.0179664 0.709975
347.879 -98.3662 3.65197 -23.8287 0.0349166 0.705148 0.0194794 0.707932
348.296 -95.931 3.54437 -23.8531 0.0342739 0.710969 0.0214421 0.70206
348.501 -94.9033 3.50249 -23.884 0.0365599 0.71496 0.0196579 0.697932
348.916 -93.0316 3.41956 -23.9918 0.0352261 0.732241 0.0180357 0.679895
349.123 -92.1323 3.3809 -24.1035 0.0344961 0.74686 0.0184698 0.663829
349.331 -91.2599 3.3404 -24.135 0.0356503 0.765631 0.019105 0.642007
349.746 -89.5824 3.27592 -24.4987 0.0317949 0.812702 0.0144878 0.581631
350.161 -88.069 3.2237 -25.1611 0.0277992 0.862705 0.00716799 0.504891
350.264 -87.7084 3.20653 -25.2901 0.0281183 0.874433 0.0094853 0.484238
350.368 -87.3549 3.19109 -25.4459 0.0289761 0.885771 0.0125104 0.463048
350.472 -87.0013 3.17616 -25.6189 0.0270465 0.897128 0.014566 0.440702
350.575 -86.6559 3.16056 -25.8158 0.0252506 0.908149 0.0166154 0.417554
350.783 -85.9816 3.15129 -26.6661 0.0228584 0.929012 0.0174073 0.368933
350.887 -85.6637 3.14878 -27.1756 0.0208854 0.938919 0.0159187 0.343134
351.094 -85.1185 3.15452 -28.0126 0.0196721 0.955892 0.00926655 0.292912
351.198 -84.8866 3.16016 -28.4674 0.023333 0.963076 0.00865149 0.268077
351.301 -84.6835 3.16562 -28.9383 0.0289238 0.969298 0.00939732 0.243999
351.509 -84.3164 3.16796 -29.9022 0.0322865 0.979155 0.0116779 0.20019
351.612 -84.1463 3.16746 -30.3943 0.0299267 0.983189 0.0124169 0.179694
351.716 -83.9929 3.17104 -30.8999 0.0295758 0.986722 0.0133321 0.159146
352.129 -83.5925 3.19389 -33.0109 0.0303208 0.995594 0.0137642 0.0876558
352.336 -83.4896 3.20328 -34.0829 0.0335421 0.997761 0.00951386 0.0570819
352.75 -83.4337 3.23536 -36.3066 0.0367715 0.999207 0.010014 0.0115557
352.957 -83.438 3.2475 -37.4333 0.0387786 0.999116 0.0161656 0.00129119
353.577 -83.4475 3.3138 -40.7926 0.0473883 0.998701 0.0162345 0.00934158
353.784 -83.3797 3.33258 -41.9165 0.0500027 0.998269 0.0147286 0.02725
353.991 -83.248 3.3476 -43.0371 0.0508515 0.997181 0.0161597 0.0527563
354.404 -82.7135 3.33739 -45.1433 0.0445507 0.990513 0.0125081 0.129392
354.507 -82.5127 3.33642 -45.6443 0.0417117 0.987224 0.0104235 0.153426
354.611 -82.2812 3.33271 -46.124 0.0362624 0.98312 0.00733456 0.17918
354.714 -82.0204 3.32348 -46.5826 0.0294317 0.977976 0.00489076 0.206574
354.818 -81.7309 3.3108 -47.0242 0.0220072 0.97163 0.00379999 0.235448
355.024 -81.1052 3.28953 -47.8604 0.0130989 0.955716 0.00240221 0.29399
355.231 -80.3711 3.28104 -48.6212 0.00983324 0.934588 0.00913544 0.355479
355.334 -79.9687 3.28087 -48.9542 0.00777819 0.922693 0.0122871 0.38526
355.438 -79.539 3.27499 -49.2504 0.00325763 0.909975 0.0122545 0.41447
355.645 -78.6475 3.26892 -49.766 0.0049843 0.880724 0.00935323 0.473512
355.748 -78.1932 3.27069 -49.9941 0.0114902 0.864283 0.00925104 0.50279
355.955 -77.1903 3.26594 -50.3637 0.0162359 0.829521 0.00948393 0.558159
356.059 -76.6458 3.2552 -50.4936 0.0141979 0.812698 0.00895633 0.582444
356.163 -76.2152 3.22216 -50.5842 0.0114566 0.79768 0.00836781 0.602914
356.37 -74.9999 3.21487 -50.75 0.0127653 0.76849 0.00585672 0.639708
356.578 -74.098 3.22198 -50.8573 0.0138533 0.745813 0.0012866 0.66601
356.786 -72.902 3.20975 -50.9126 0.0119703 0.730754 -0.00502961 0.682517
357.306 -69.4362 3.11501 -50.9954 0.013093 0.715239 -0.00932856 0.698695
357.721 -66.321 3.02245 -51.0859 0.0152645 0.71603 -0.00854813 0.69785
357.929 -64.6621 2.98283 -51.1571 0.01841 0.716566 -0.00903512 0.697217
358.344 -60.8414 2.81987 -51.2572 0.0202585 0.717366 -0.00587906 0.696377
358.551 -58.4624 2.69592 -51.3268 0.0215351 0.716879 -0.00465093 0.696849
358.966 -54.9561 2.55392 -51.4652 0.0206184 0.712038 -0.00301245 0.701832
359.38 -51.4896 2.42282 -51.501 0.0208902 0.707465 -0.00143706 0.706438
359.484 -50.8065 2.41981 -51.5526 0.0192098 0.705666 0.000203699 0.708284
359.588 -49.9089 2.39493 -51.5713 0.0198356 0.704591 0.001218 0.709335
359.899 -46.9202 2.28717 -51.5622 0.0197577 0.703667 -0.00190233 0.710253
360.003 -45.963 2.25789 -51.5319 0.018378 0.704501 -0.00303421 0.709458
360.21 -43.7551 2.15118 -51.5145 0.017146 0.705316 -0.00582949 0.708661
360.313 -42.813 2.1113 -51.5192 0.0165731 0.705272 -0.00687911 0.70871
360.417 -41.9384 2.06594 -51.5179 0.0167108 0.705356 -0.00700332 0.708621
360.521 -40.9183 2.00161 -51.5137 0.0177976 0.706151 -0.0071233 0.707802
360.728 -39.2619 1.91448 -51.5527 0.0217329 0.705615 -0.00239865 0.708258
361.039 -36.6461 1.78168 -51.5733 0.0245495 0.703283 0.000359353 0.710485
361.143 -35.6086 1.74343 -51.5535 0.0222153 0.70194 0.00154455 0.711888
361.35 -33.6635 1.66099 -51.5219 0.0190398 0.698963 -0.000206307 0.714904
361.454 -33.1893 1.66727 -51.509 0.0200909 0.697511 -0.00211877 0.716289
361.557 -32.4517 1.61794 -51.5152 0.0197875 0.695613 -0.00526442 0.718125
361.868 -29.4921 1.47151 -51.3867 0.015315 0.694874 -0.00577055 0.718945
361.972 -28.4792 1.42524 -51.3362 0.0131392 0.694905 -0.0063247 0.718953
362.075 -27.4843 1.38162 -51.2863 0.0119973 0.695025 -0.00741441 0.718847
362.179 -26.5035 1.33918 -51.2359 0.0105876 0.695056 -0.00983408 0.71881
362.283 -25.5407 1.29781 -51.1896 0.00967304 0.695325 -0.0103803 0.718555
362.49 -23.7257 1.2131 -51.1037 0.0076187 0.695672 -0.0125419 0.718209
362.904 -20.3654 1.05949 -50.9695 0.00503526 0.696301 -0.0123018 0.717627
363.319 -17.416 0.918684 -50.859 0.00624242 0.6964 -0.0120216 0.717526
363.837 -14.3037 0.768016 -50.7612 0.00344435 0.700955 -0.0107249 0.713117
364.149 -12.7827 0.693991 -50.7528 0.00336896 0.707951 -0.00917047 0.706194
364.46 -11.5538 0.633002 -50.7883 0.00674565 0.717316 -0.00958604 0.696649
364.771 -10.5651 0.579321 -50.8497 0.0103735 0.727199 -0.010834 0.686263
365.081 -9.7824 0.528086 -50.9347 0.0151965 0.737863 -0.0117846 0.674677
365.392 -9.1197 0.492072 -51.0726 0.0185112 0.749736 -0.0141217 0.661327
365.704 -8.49551 0.457039 -51.2138 0.0204852 0.767398 -0.0157448 0.64065
366.015 -7.88917 0.415551 -51.4052 0.019756 0.787368 -0.00986752 0.616088
366.429 -7.05178 0.367869 -51.7627 0.0268646 0.820583 -0.0124685 0.57076
366.637 -6.55522 0.34786 -52.0933 0.0282783 0.841083 -0.00585511 0.540134
367.052 -5.46085 0.318411 -52.9331 0.0214489 0.888136 0.00241757 0.459073
367.363 -4.68534 0.298593 -53.8396 0.0242318 0.923617 0.00667999 0.382491
367.467 -4.44801 0.309745 -54.2234 0.0256118 0.93509 0.00519792 0.353444
367.674 -3.99275 0.324727 -55.0307 0.0246965 0.95627 0.00336383 0.291423
367.778 -3.79181 0.338535 -55.509 0.0251833 0.965306 0.00513729 0.259854
367.882 -3.62728 0.338177 -55.9357 0.026627 0.97317 0.00746455 0.228418
368.089 -3.33903 0.340777 -56.913 0.029344 0.985336 0.0106636 0.167746
368.192 -3.23274 0.353368 -57.4239 0.029178 0.989838 0.00972909 0.138834
368.296 -3.14654 0.36727 -57.9636 0.0285582 0.993394 0.00912332 0.110769
368.503 -3.02695 0.3859 -59.1838 0.0271957 0.99773 0.0113369 0.0605471
368.71 -2.98153 0.415366 -60.5596 0.0303462 0.999175 0.0131952 0.0235301
369.02 -2.99086 0.465852 -62.7079 0.0362871 0.999224 0.0146488 -0.00450008
369.226 -2.981 0.51089 -64.1226 0.0363362 0.999184 0.0139876 -0.0107843
369.536 -3.03052 0.577751 -66.637 0.0352773 0.999191 0.0147891 -0.0124138
369.846 -3.08106 0.654314 -69.4084 0.0354915 0.999172 0.016823 -0.0105918
370.053 -3.10302 0.70847 -71.3396 0.0355024 0.999272 0.0113484 -0.00814254
370.157 -3.10568 0.731386 -72.3377 0.0337055 0.99937 0.00857477 -0.00712502
370.26 -3.10592 0.753242 -73.3659 0.0322908 0.999421 0.00874418 -0.00628343
370.364 -3.1067 0.775275 -74.4104 0.031269 0.999409 0.0129924 -0.00594183
370.467 -3.11229 0.802358 -75.4746 0.0317443 0.999324 0.0175927 -0.00581578
370.882 -3.14838 0.916358 -79.6723 0.035965 0.999308 0.00842983 -0.00446656
371.089 -3.14975 0.949003 -81.8967 0.0337071 0.999346 0.0124297 -0.00400428
371.193 -3.15002 0.972552 -83.0368 0.0328307 0.999308 0.0171133 -0.00362215
371.296 -3.14973 1.0041 -84.1865 0.0324084 0.999282 0.0193419 -0.00347439
371.504 -3.15304 1.07105 -86.4922 0.0332855 0.999323 0.0153518 -0.00301846
371.608 -3.15277 1.09892 -87.6587 0.0337199 0.999343 0.0130094 -0.00273462
371.815 -3.15156 1.14217 -90.0077 0.0342407 0.999321 0.013512 -0.00183259
371.919 -3.14328 1.16402 -91.1985 0.0339129 0.9993 0.0157651 -0.0011166
372.127 -3.13852 1.21116 -93.5766 0.0355569 0.999289 0.0125574 -0.000161336
372.229 -3.1286 1.22846 -94.7748 0.0357977 0.9993 0.0108979 0.000285498
372.437 -3.10878 1.25365 -97.1747 0.0343989 0.999338 0.0117611 0.00113721
372.541 -3.09524 1.27014 -98.3829 0.0335911 0.999337 0.0139811 0.00131848
372.644 -3.08138 1.29123 -99.5923 0.0322321 0.999352 0.0159792 0.00115883
372.852 -3.06105 1.34254 -102.02 0.0322993 0.999349 0.0160771 4.20002e-05
372.955 -3.05365 1.36497 -103.222 0.0322755 0.99938 0.0140924 -0.000392167
373.059 -3.04934 1.38404 -104.426 0.0331341 0.999383 0.0116421 -0.000843083
373.266 -3.04518 1.41221 -106.852 0.0331495 0.999382 0.0115763 -0.00180328
373.37 -3.03952 1.42735 -108.067 0.0322879 0.999387 0.0133871 -0.00196193
373.473 -3.0334 1.44525 -108.963 0.0309577 0.99941 0.0146963 -0.00229026
373.681 -3.03104 1.49541 -111.395 0.0281562 0.999418 0.019056 -0.00274479
373.784 -3.01478 1.50957 -112.019 0.0255591 0.999502 0.0181611 -0.00352695
373.992 -3.00397 1.55552 -114.173 0.0223275 0.999662 0.0128025 -0.00378757
374.095 -2.99742 1.5747 -115.211 0.0206263 0.99972 0.0112159 -0.00299396
374.303 -2.99704 1.61385 -117.836 0.0191769 0.999735 0.0126965 -0.00132679
374.406 -2.99664 1.62707 -118.956 0.0193021 0.999715 0.0140286 -0.000212763
374.51 -2.98613 1.65849 -120.333 0.0196373 0.999691 0.0152546 3.92797e-05
374.614 -2.97677 1.68782 -121.547 0.0205621 0.999663 0.01584 -5.79842e-06
374.821 -2.96769 1.7388 -123.908 0.0206494 0.99966 0.0159304 0.000746271
374.925 -2.97249 1.76459 -124.816 0.0192788 0.999676 0.0165121 0.0017951
375.029 -2.96674 1.78824 -126.089 0.0194241 0.999662 0.0171496 0.00233538
375.236 -2.93797 1.82577 -128.227 0.0175606 0.999746 0.0137874 0.00309831
375.339 -2.92654 1.8399 -129.207 0.017841 0.999726 0.0146982 0.00359441
375.443 -2.91533 1.84925 -130.272 0.0175462 0.999701 0.0168201 0.00274113
375.547 -2.90722 1.86446 -131.327 0.0186177 0.999655 0.0184323 0.00173908
375.65 -2.89915 1.8845 -132.398 0.0189622 0.999627 0.0196574 0.000797274
375.961 -2.88656 1.96196 -135.882 0.0222394 0.999593 0.0178926 -0.000143562
376.169 -2.88656 2.00337 -138.158 0.025314 0.999517 0.0180388 -0.000466725
376.272 -2.87634 2.01756 -139.141 0.0261048 0.999464 0.0197315 -0.000258516
376.376 -2.86603 2.03381 -140.123 0.0270619 0.999404 0.0214226 0.000147355
376.479 -2.86309 2.07211 -141.45 0.0292649 0.999359 0.0206123 0.000809107
376.687 -2.85323 2.1347 -143.928 0.0322378 0.999319 0.017875 0.00177161
376.79 -2.84529 2.16514 -145.202 0.0333609 0.999266 0.0186474 0.00245858
376.894 -2.83547 2.19724 -146.485 0.0346308 0.999191 0.0202099 0.00303194
377.309 -2.79984 2.31399 -151.043 0.0391583 0.998976 0.0222162 0.00455248
377.62 -2.75318 2.39368 -154.32 0.0375987 0.999091 0.0194757 0.00482675
377.723 -2.73715 2.42427 -155.483 0.036871 0.999108 0.0201034 0.00437905
377.827 -2.72819 2.44709 -156.393 0.0351187 0.999172 0.0202874 0.00336616
377.931 -2.71247 2.47348 -157.438 0.0351111 0.99919 0.0195013 0.00234749
378.242 -2.70143 2.53145 -160.262 0.0362619 0.999134 0.0203651 -0.00148364
378.449 -2.70986 2.57012 -162.037 0.0374894 0.99906 0.021456 -0.00362803
378.656 -2.72639 2.61298 -163.718 0.0387344 0.998946 0.0239776 -0.00564325
378.863 -2.75313 2.64954 -165.301 0.0382564 0.99897 0.0231907 -0.00764034
379.071 -2.77094 2.68051 -166.809 0.0374567 0.999074 0.0188055 -0.00967904
379.486 -2.81774 2.72979 -169.614 0.0361684 0.999076 0.020627 -0.0106263
379.693 -2.82559 2.74943 -170.705 0.0348167 0.999216 0.0179397 -0.00583454
379.9 -2.80454 2.75993 -171.82 0.0310079 0.999358 0.0179106 0.00109846
380.107 -2.7592 2.76707 -172.861 0.0306374 0.999248 0.0186674 0.0146858
380.314 -2.67205 2.77179 -173.831 0.0326922 0.99855 0.0181213 0.0387301
380.521 -2.49497 2.77712 -174.754 0.0335234 0.996059 0.0194681 0.0797757
380.727 -2.21824 2.78274 -175.62 0.0345831 0.989984 0.0217479 0.135141
380.933 -1.8331 2.77845 -176.426 0.0337925 0.978741 0.0254117 0.200694
381.036 -1.59545 2.77602 -176.809 0.031825 0.971152 0.0276681 0.234701
381.243 -1.03452 2.77598 -177.533 0.0298425 0.952316 0.0294364 0.302219
381.346 -0.717385 2.77413 -177.864 0.0315528 0.94037 0.0303983 0.337319
381.553 0.0271295 2.77979 -178.448 0.0300766 0.911554 0.0293494 0.409028
381.656 0.449358 2.77863 -178.699 0.027793 0.894811 0.0290491 0.444632
381.76 0.893727 2.77689 -178.935 0.0311356 0.876155 0.0310169 0.480021
381.967 1.85106 2.75651 -179.312 0.0398375 0.833711 0.0282547 0.550036
382.174 2.87777 2.72798 -179.518 0.0440349 0.787166 0.0197705 0.61485
382.277 3.42145 2.71725 -179.571 0.0461376 0.76438 0.0174973 0.642875
382.381 3.84179 2.67702 -179.703 0.040657 0.742093 0.0139475 0.668917
382.589 4.83819 2.61853 -179.708 0.0309892 0.705852 0.01411 0.70754
382.901 6.55378 2.554 -179.545 0.0257829 0.672851 0.00671554 0.739299
383.318 9.04588 2.47059 -179.237 0.0202271 0.662874 0.00524238 0.748439
383.839 12.6972 2.34185 -178.827 0.0286472 0.664072 0.00319835 0.747113
383.943 13.4138 2.31712 -178.759 0.0266496 0.665076 0.00199267 0.746297
384.047 14.1134 2.29651 -178.699 0.0231345 0.66701 -0.00117527 0.744689
384.254 15.7468 2.23098 -178.527 0.0198568 0.673299 -0.0056923 0.739082
384.358 16.561 2.20335 -178.456 0.0175396 0.67689 -0.00596067 0.735851
384.462 17.4254 2.17377 -178.386 0.0140652 0.680566 -0.00632306 0.732525
384.877 21.0188 2.05999 -178.197 0.0132975 0.693576 -0.00565594 0.720239
385.291 24.9878 1.95747 -178.08 0.0110074 0.697481 0.000329578 0.716519
385.395 25.9784 1.93394 -178.041 0.0106391 0.698036 -0.00208506 0.71598
385.602 28.0217 1.87892 -177.978 0.0118726 0.699014 -0.00488196 0.714993
385.706 29.0903 1.84482 -177.948 0.0119513 0.699683 -0.00523175 0.714334
385.81 30.0559 1.82962 -177.935 0.0102705 0.700401 -0.00644731 0.713646
385.913 31.2207 1.78467 -177.903 0.0106988 0.701279 -0.00593631 0.712782
386.121 33.4554 1.69404 -177.845 0.00922512 0.702919 -0.00524478 0.711191
386.432 36.6633 1.58543 -177.808 0.01003 0.703667 -0.00536754 0.710439
386.639 38.7818 1.53554 -177.802 0.00733377 0.703405 -0.00597222 0.710727
387.053 43.1342 1.42167 -177.749 0.00690888 0.70166 -0.00824139 0.712431
387.157 44.2468 1.38392 -177.729 0.0080751 0.700982 -0.00846932 0.713083
387.26 45.284 1.36553 -177.698 0.00659125 0.700488 -0.00755725 0.713594
387.364 46.3654 1.32316 -177.674 0.00658834 0.699954 -0.00643785 0.714129
387.468 47.3037 1.30679 -177.638 0.00667846 0.699527 -0.00801065 0.71453
387.779 50.4676 1.20952 -177.529 0.00275943 0.699918 -0.0103414 0.714143
388.193 54.7798 1.07064 -177.442 0.00294145 0.703841 -0.00982495 0.710283
388.297 55.9759 1.01146 -177.427 0.00438224 0.705037 -0.0103668 0.709081
388.401 56.8876 0.985582 -177.434 0.00457997 0.706561 -0.0111221 0.70755
388.712 60.0069 0.8727 -177.434 0.00098043 0.710718 -0.00844918 0.703426
388.919 62.0463 0.803386 -177.458 0.00171159 0.713342 -0.00677335 0.700782
389.126 63.9992 0.738331 -177.508 0.00584186 0.715472 -0.00721144 0.69858
389.541 67.6872 0.590484 -177.601 0.0109123 0.716915 -0.00511129 0.697056
389.748 69.3613 0.518419 -177.655 0.0130805 0.716219 -0.00375739 0.697743
390.163 72.8214 0.389675 -177.689 0.0156475 0.70425 0.0011454 0.709779
390.37 74.4847 0.334376 -177.6 0.0185982 0.695008 -0.00266774 0.718756
390.577 76.194 0.255132 -177.497 0.0194748 0.68641 -0.00762149 0.726914
390.992 79.6473 0.0957852 -177.201 0.0153549 0.679812 -0.0138856 0.733094
391.096 80.5988 0.0406665 -177.122 0.0150402 0.680255 -0.0152192 0.732663
391.199 81.5007 -0.00540183 -177.052 0.0159119 0.680984 -0.0144467 0.731983
391.406 83.3243 -0.0783351 -176.911 0.0109567 0.682431 -0.00978472 0.730802
391.51 84.3268 -0.114821 -176.846 0.0042015 0.683783 -0.00595955 0.729649
391.614 85.3258 -0.143765 -176.759 0.00155946 0.685927 -0.00466032 0.727654
391.717 86.2594 -0.163404 -176.709 0.0017006 0.687941 -0.00998093 0.725696
392.132 90.2402 -0.247599 -176.541 0.00172536 0.696424 -0.00717508 0.717592
392.34 92.2662 -0.296989 -176.48 0.00836432 0.699119 -0.0143216 0.714813
392.754 96.6897 -0.451624 -176.387 0.0076826 0.706425 -0.0219995 0.707404
392.962 98.9579 -0.561621 -176.409 0.0125423 0.709932 -0.0175279 0.70394
393.377 103.601 -0.741573 -176.494 0.00775299 0.717346 -0.0113367 0.696582
393.791 108.246 -0.931488 -176.623 0.00776109 0.719161 -0.00698126 0.694765
393.894 109.398 -0.974255 -176.654 0.00938699 0.71861 -0.00699421 0.695315
393.998 110.631 -1.02042 -176.698 0.0147505 0.716844 -0.00765667 0.697035
394.205 112.833 -1.12114 -176.753 0.020939 0.713125 -0.0029746 0.700718
394.308 114.041 -1.17766 -176.755 0.0196275 0.710817 0.00011316 0.703103
394.412 115.186 -1.21688 -176.75 0.0178485 0.70847 -0.000568334 0.705515
394.619 117.415 -1.30748 -176.722 0.0156011 0.705414 -0.00722511 0.708587
394.723 118.511 -1.35761 -176.713 0.0154715 0.704527 -0.00881606 0.709454
394.827 119.607 -1.40728 -176.705 0.0148813 0.703927 -0.00806345 0.710071
394.93 120.707 -1.4543 -176.7 0.0137254 0.703329 -0.00458876 0.710717
395.034 121.905 -1.50899 -176.674 0.0121135 0.702629 -0.00152439 0.711452
395.241 124.198 -1.59388 -176.616 0.0112039 0.702375 -0.00468834 0.711703
395.345 125.365 -1.64585 -176.581 0.0133351 0.702295 -0.00851275 0.71171
395.656 128.792 -1.78671 -176.521 0.0138028 0.700198 -0.00152901 0.713814
395.76 129.985 -1.83036 -176.492 0.0137149 0.698999 0.000713263 0.714991
395.863 131.186 -1.87023 -176.453 0.0124838 0.698082 0.00102697 0.715908
396.174 134.35 -1.97142 -176.327 0.0115203 0.695638 -0.00553813 0.718279
396.278 135.369 -2.00742 -176.283 0.0135667 0.695132 -0.00631788 0.718726
396.692 139.661 -2.16187 -176.104 0.0101351 0.693339 -0.000402 0.72054
396.796 140.608 -2.18297 -176.075 0.0102697 0.693454 -0.00156629 0.720426
396.899 141.708 -2.21759 -176.039 0.0115531 0.693831 -0.00328348 0.720038
397.003 142.782 -2.25991 -175.988 0.0107544 0.693955 -0.00386119 0.719928
397.107 143.747 -2.28942 -175.933 0.00935356 0.693368 -0.00312444 0.720516
397.211 144.797 -2.32794 -175.881 0.0120723 0.693278 -0.00202214 0.720566
397.418 146.816 -2.39975 -175.781 0.0171813 0.692455 -0.00467615 0.721241
397.522 147.879 -2.44055 -175.718 0.0157696 0.691692 -0.00216611 0.722017
397.729 149.842 -2.5134 -175.628 0.0136461 0.692152 -0.00459113 0.721608
397.936 151.923 -2.59733 -175.498 0.0115225 0.693813 -0.011916 0.719965
398.351 156.134 -2.77197 -175.34 0.0111294 0.699434 -0.00956611 0.714547
398.454 157.18 -2.81605 -175.321 0.0138553 0.700881 -0.00860954 0.713091
398.558 158.223 -2.8629 -175.308 0.0164499 0.702152 -0.00757585 0.711797
398.662 159.275 -2.90795 -175.299 0.0188208 0.703354 -0.00637691 0.710562
398.765 160.339 -2.95358 -175.294 0.0189765 0.704401 -0.00246572 0.709545
398.869 161.404 -2.99781 -175.292 0.018957 0.705017 0.00170009 0.708935
398.973 162.449 -3.03518 -175.284 0.0186965 0.705428 0.00268405 0.70853
399.076 163.494 -3.06969 -175.281 0.0204182 0.705885 0.00320564 0.708025
399.387 166.67 -3.18172 -175.25 0.014339 0.70853 -0.000852454 0.705534
399.594 168.829 -3.25421 -175.245 0.0121115 0.711757 -0.00579747 0.702297
399.802 170.989 -3.3302 -175.27 0.00985134 0.715002 -0.00630384 0.699024
400.009 173.181 -3.40294 -175.319 0.00899129 0.717567 -0.00460073 0.696416
400.32 176.486 -3.50455 -175.417 0.00970814 0.719464 -0.00336255 0.694454
400.527 178.695 -3.57134 -175.489 0.00851603 0.720438 -0.00209449 0.693464
400.631 179.789 -3.60552 -175.526 0.00856485 0.720874 -0.00186752 0.693011
400.734 180.882 -3.63734 -175.567 0.00986198 0.721237 -0.00221981 0.692614
400.838 181.972 -3.66971 -175.61 0.0109563 0.721601 -0.00147668 0.692221
400.942 183.034 -3.7051 -175.65 0.010803 0.722039 -0.00147658 0.691766
401.045 184.119 -3.7406 -175.695 0.0120006 0.722796 -0.00179883 0.690955
401.356 187.385 -3.85185 -175.849 0.012166 0.726111 -0.000649052 0.687469
401.564 189.531 -3.92039 -175.97 0.00991134 0.729378 0.000565357 0.684039
401.667 190.59 -3.95267 -176.034 0.0087522 0.731447 -3.9253e-05 0.681842
401.771 191.636 -3.98609 -176.107 0.00896314 0.733728 -0.000781623 0.679383
401.875 192.658 -4.01856 -176.185 0.00938208 0.736004 -0.00170089 0.67691
401.978 193.651 -4.05106 -176.269 0.00982343 0.738159 -0.00150853 0.674554
402.289 196.549 -4.15435 -176.551 0.0127597 0.741814 0.000450168 0.670485
402.497 198.438 -4.2142 -176.746 0.0119343 0.743287 0.00463503 0.66885
402.704 200.253 -4.27577 -176.941 0.0152807 0.744427 0.00382781 0.667518
403.118 203.682 -4.39581 -177.318 0.00736342 0.750028 0.00470763 0.661348
403.326 205.252 -4.43324 -177.522 0.00752392 0.755721 0.00129606 0.654849
403.533 206.715 -4.484 -177.761 0.00932153 0.762937 0.00231243 0.646401
403.741 208.06 -4.52942 -178.026 0.0163724 0.773159 -0.00275505 0.633995
403.948 209.331 -4.57737 -178.339 0.0198797 0.782848 0.00316275 0.621887
404.156 210.519 -4.62735 -178.675 0.0226702 0.791213 0.0109221 0.611023
404.57 212.682 -4.69515 -179.322 0.0316902 0.797386 0.0158219 0.602429
404.777 213.672 -4.72376 -179.605 0.0326512 0.796203 0.0180406 0.603879
404.984 214.602 -4.75725 -179.847 0.0313659 0.792296 0.0184559 0.60905
405.192 215.465 -4.78333 -180.051 0.0310256 0.786633 0.0172865 0.616398
405.399 216.269 -4.80856 -180.22 0.033209 0.778219 0.0170074 0.626884
406.02 218.618 -4.90039 -180.452 0.0280994 0.737809 0.01234 0.674312
406.227 219.385 -4.93154 -180.464 0.0265758 0.725246 0.0103847 0.687898
406.85 221.791 -5.02107 -180.442 0.0187748 0.712078 0.00153664 0.701848
407.057 222.626 -5.05494 -180.448 0.0168354 0.714375 0.000153413 0.69956
407.576 224.692 -5.13054 -180.536 0.0119247 0.729807 -0.00412351 0.683537
407.887 225.916 -5.1742 -180.651 0.00718032 0.740909 -0.00286184 0.67156
408.509 228.129 -5.2527 -180.984 0.00945342 0.761124 -0.00464044 0.64852
408.82 229.061 -5.28515 -181.176 0.0165699 0.765385 -0.00348044 0.64335
409.44 230.888 -5.36625 -181.398 0.0163234 0.74193 -0.00374684 0.670268
409.647 231.489 -5.39415 -181.406 0.0187664 0.722741 -0.00588315 0.690839
409.854 232.142 -5.41579 -181.36 0.017014 0.698972 -0.00797331 0.714903
410.267 233.541 -5.473 -181.055 0.014711 0.634795 -0.00753193 0.772504
410.371 233.909 -5.48755 -180.929 0.0135922 0.615284 -0.00768165 0.788151
410.474 234.281 -5.50096 -180.779 0.0125698 0.594825 -0.00871335 0.803709
410.681 235.042 -5.52789 -180.411 0.01579 0.550633 -0.0101275 0.834537
410.784 235.434 -5.53968 -180.185 0.0178631 0.526641 -0.0100023 0.849841
410.991 236.224 -5.57578 -179.629 0.0182051 0.474962 -0.00757898 0.879785
411.095 236.611 -5.59423 -179.293 0.0171764 0.447627 -0.00740781 0.894024
411.199 236.987 -5.61347 -178.92 0.0161461 0.419165 -0.00738336 0.907736
411.406 237.719 -5.65559 -178.07 0.0147556 0.361207 -0.00508023 0.932355
411.509 238.065 -5.67693 -177.589 0.014189 0.331591 -0.00377178 0.943309
411.613 238.394 -5.69653 -177.068 0.0133149 0.302922 -0.00370771 0.952915
411.82 239.001 -5.73055 -175.914 0.0102924 0.251147 -0.0046423 0.967883
411.924 239.276 -5.74876 -175.297 0.00899842 0.229248 -0.00472179 0.973315
412.132 239.786 -5.78151 -173.984 0.00627375 0.18928 -0.00392657 0.981895
412.443 240.435 -5.82848 -171.831 0.00909031 0.140195 -0.000825025 0.990082
412.858 241.134 -5.90649 -168.535 0.00974129 0.0882131 0.0068262 0.996031
413.065 241.381 -5.94465 -166.749 0.00807571 0.0684114 0.00645787 0.997604
413.481 241.788 -6.02697 -162.887 0.0102374 0.0559354 -0.00143804 0.998381
413.792 242.129 -6.09831 -159.728 0.00914343 0.0540805 2.68214e-05 0.998495
413.896 242.242 -6.1224 -158.632 0.0083321 0.053448 1.17907e-05 0.998536
414 242.354 -6.14649 -157.515 0.0076771 0.0526351 -0.000447084 0.998584
414.103 242.467 -6.17039 -156.376 0.00718439 0.0518247 -0.00127291 0.99863
414.311 242.684 -6.21384 -154.124 0.0051727 0.0501897 -0.00248047 0.998723
414.414 242.791 -6.23705 -152.994 0.00597424 0.0491388 -0.00243973 0.998771
414.621 243.006 -6.28624 -150.675 0.00734853 0.0463096 -0.00184682 0.998898
414.829 243.214 -6.33908 -148.276 0.00526415 0.0431895 -0.00109523 0.999052
415.036 243.414 -6.37471 -145.795 -0.000659477 0.0396973 0.000595735 0.999211
415.45 243.743 -6.45988 -140.929 0.0131764 0.033944 -0.00137729 0.999336
415.554 243.815 -6.5035 -139.744 0.0127953 0.0324543 -0.00336407 0.999386
415.761 243.947 -6.57773 -137.333 0.00227759 0.0287957 -0.00435405 0.999573
416.176 244.138 -6.65557 -132.599 0.00152602 0.0178771 -0.00506763 0.999826
416.279 244.169 -6.67712 -131.397 0.00124401 0.0149647 -0.00448549 0.999877
416.486 244.216 -6.7157 -129.026 -0.000106769 0.00930404 -0.00316694 0.999952
416.59 244.228 -6.73196 -127.859 -0.000672848 0.00632662 -0.00267937 0.999976
416.694 244.236 -6.74867 -126.659 -0.000397709 0.00325396 -0.00219324 0.999992
417.108 244.204 -6.81522 -122.031 0.000209566 -0.00723739 0.000278637 0.999974
417.522 244.091 -6.88802 -117.569 0.000854487 -0.0170231 0.00537243 0.99984
417.626 244.05 -6.90401 -116.442 0.00112775 -0.0195859 0.0064534 0.999787
418.041 243.823 -6.96841 -111.981 0.000548591 -0.0276847 0.00791092 0.999585
418.144 243.751 -6.98406 -110.854 0.0014362 -0.0293781 0.00699175 0.999543
418.248 243.676 -7.00147 -109.72 0.00165905 -0.0309222 0.00694601 0.999496
418.455 243.523 -7.03902 -107.477 0.00164927 -0.0340811 0.00766275 0.999388
418.559 243.446 -7.05789 -106.34 0.0023894 -0.0359395 0.00838963 0.999316
418.973 243.068 -7.13733 -101.879 0.00207707 -0.0427944 0.00620472 0.999062
419.077 242.964 -7.15803 -100.732 0.00219745 -0.0445433 0.0060476 0.998987
419.491 242.512 -7.23479 -96.2405 0.00117837 -0.0516771 0.00675548 0.99864
419.595 242.387 -7.2527 -95.108 0.000789667 -0.0534851 0.00645459 0.998547
419.699 242.253 -7.26925 -93.9691 0.000716009 -0.055335 0.005498 0.998452
419.802 242.115 -7.28627 -92.8251 0.00110532 -0.0571286 0.00459215 0.998356
419.906 241.973 -7.30371 -91.6868 0.00188287 -0.0589513 0.00359808 0.998253
420.113 241.674 -7.34028 -89.4037 0.00279739 -0.0626278 0.000630673 0.998033
420.216 241.518 -7.35984 -88.2619 0.00210517 -0.0645977 -0.000471615 0.997909
420.32 241.358 -7.37903 -87.1109 0.00146036 -0.0665017 -0.00119511 0.997785
420.735 240.684 -7.44857 -82.5519 0.00158882 -0.0756883 -0.00155617 0.997129
420.942 240.307 -7.47936 -80.2709 -0.00126065 -0.080819 -0.00292383 0.996724
421.149 239.905 -7.50195 -77.9831 -0.00107481 -0.0864036 -0.00478875 0.996248
421.563 239.026 -7.55228 -73.3979 0.000652142 -0.097525 -0.00425436 0.995224
421.77 238.543 -7.57723 -71.0922 -0.00179308 -0.102556 -0.00626558 0.994706
422.185 237.514 -7.60857 -66.4914 -0.00170446 -0.112877 -0.00339659 0.993602
422.6 236.393 -7.64943 -61.9258 -0.0043926 -0.124217 -0.000638266 0.992245
422.91 235.502 -7.67172 -58.552 -0.00205453 -0.130339 0.00183501 0.991466
423.014 235.195 -7.68473 -57.4395 1.64307e-06 -0.13217 0.00177346 0.991225
423.118 234.886 -7.70012 -56.3176 0.000316946 -0.133935 0.00247851 0.990987
423.532 233.596 -7.73916 -51.8278 -0.00354893 -0.140932 0.00193488 0.990011
423.636 233.262 -7.74715 -50.7105 -0.00344395 -0.142709 0.00189842 0.989757
423.843 232.584 -7.76803 -48.4734 -0.00170167 -0.147518 0.00339893 0.989052
423.947 232.238 -7.78124 -47.3539 -0.000685778 -0.150193 0.00439198 0.988647
424.361 230.783 -7.82439 -42.8735 -0.00670939 -0.15994 0.00624472 0.987084
424.672 229.646 -7.83954 -39.5526 -0.004365 -0.165998 0.00899609 0.986075
424.776 229.255 -7.8493 -38.4519 -0.00267787 -0.167653 0.00820413 0.985808
424.879 228.859 -7.86121 -37.3515 -0.00227521 -0.169128 0.00712436 0.985566
424.983 228.459 -7.87418 -36.2485 -0.00326718 -0.170396 0.00545183 0.985355
425.293 227.264 -7.90472 -32.9828 -0.00366303 -0.174004 0.00395727 0.98473
425.604 226.052 -7.93374 -29.7389 -0.00444884 -0.177585 0.00363657 0.984089
425.708 225.642 -7.94147 -28.6564 -0.00609848 -0.178833 0.00322981 0.983855
426.019 224.402 -7.95702 -25.4436 -0.00304003 -0.183997 0.00337165 0.982916
426.226 223.555 -7.97652 -23.3142 -0.00358528 -0.187504 0.00331598 0.982252
426.33 223.125 -7.9847 -22.2477 -0.00504976 -0.189383 0.00313465 0.981885
426.537 222.247 -7.99367 -20.1226 -0.00561842 -0.193454 0.000419113 0.981093
426.744 221.35 -8.00168 -18.0201 -0.00313956 -0.197227 -0.00350062 0.980347
427.055 219.985 -8.02381 -14.8748 -0.00301204 -0.203785 -0.00551999 0.978996
427.159 219.522 -8.02915 -13.8335 -0.00498333 -0.206472 -0.00617442 0.97842
427.573 217.623 -8.02937 -9.72084 -0.00559569 -0.21672 -0.00701967 0.976193
427.78 216.65 -8.03093 -7.69685 -0.00498859 -0.221257 -0.00768291 0.975172
427.884 216.159 -8.03282 -6.69462 -0.00445271 -0.223221 -0.0083668 0.974722
427.988 215.662 -8.03516 -5.69059 -0.00450705 -0.22504 -0.00885055 0.974299
428.299 214.168 -8.03241 -2.70375 -0.00807419 -0.230782 -0.00762877 0.972942
428.506 213.16 -8.02219 -0.725552 -0.00868794 -0.23477 -0.00499858 0.971999
428.61 212.651 -8.01509 0.258206 -0.00965861 -0.236695 -0.00398021 0.971528
428.817 211.618 -8.00181 2.21927 -0.0095522 -0.240448 -0.00250819 0.970612
428.92 211.094 -7.99467 3.19713 -0.00775748 -0.242403 -0.00221824 0.970142
429.024 210.562 -7.9888 4.17533 -0.0072974 -0.244319 -0.00264913 0.969664
429.127 210.023 -7.98351 5.15744 -0.00863833 -0.246129 -0.00369087 0.969192
429.335 208.936 -7.97086 7.11178 -0.00726864 -0.249743 -0.00523216 0.968271
429.438 208.381 -7.9647 8.08833 -0.00616259 -0.251761 -0.00657784 0.967747
429.542 207.823 -7.96104 9.07069 -0.0055187 -0.253737 -0.00621496 0.967238
429.853 206.125 -7.9602 12.03 -0.00550624 -0.260202 -0.00152371 0.965537
429.956 205.548 -7.96315 13.0164 -0.00624846 -0.262564 7.85555e-06 0.964894
430.06 204.965 -7.96335 14.0057 -0.00605714 -0.264794 0.000687034 0.964286
430.578 201.924 -7.96427 18.9404 -0.00753308 -0.275866 -0.00162837 0.961165
430.889 200.044 -7.96372 21.8449 -0.00578874 -0.281698 -0.00683841 0.959461
431.2 198.149 -7.9568 24.7212 -0.00707926 -0.287472 -0.00708875 0.957737
431.511 196.226 -7.93877 27.5483 -0.00727005 -0.292764 -0.0112894 0.95609
431.615 195.579 -7.9294 28.4833 -0.00751794 -0.294357 -0.0120152 0.95559
431.718 194.931 -7.92254 29.4185 -0.00796563 -0.296063 -0.0118835 0.955061
431.925 193.637 -7.91226 31.2721 -0.0038412 -0.299863 -0.0101199 0.953921
432.029 192.982 -7.91084 32.1932 -0.00333899 -0.301408 -0.0107452 0.953429
432.236 191.666 -7.90729 34.0327 -0.00644224 -0.304381 -0.0119731 0.952453
432.34 191.011 -7.90259 34.9408 -0.00683806 -0.306478 -0.0110027 0.95179
432.547 189.685 -7.88971 36.7493 -0.0062809 -0.311614 -0.010365 0.950131
432.651 189.011 -7.88179 37.6469 -0.00738404 -0.31369 -0.0117356 0.949424
432.754 188.335 -7.87247 38.545 -0.00906698 -0.315596 -0.0120699 0.948773
433.065 186.292 -7.82742 41.225 -0.0105688 -0.322839 -0.0079535 0.946362
433.169 185.597 -7.81145 42.1125 -0.0116508 -0.325202 -0.00800455 0.945539
433.272 184.895 -7.79439 42.9959 -0.012496 -0.327467 -0.00947619 0.944732
433.687 182.049 -7.72525 46.5131 -0.00989684 -0.336126 -0.00597903 0.941746
433.79 181.324 -7.71127 47.3909 -0.0102706 -0.337896 -0.00542571 0.941112
433.894 180.593 -7.6982 48.2672 -0.0106894 -0.339624 -0.0055029 0.940485
433.998 179.853 -7.68371 49.1451 -0.0110057 -0.341246 -0.00592557 0.939891
434.101 179.108 -7.66703 50.0247 -0.0120088 -0.342894 -0.00583156 0.939279
434.205 178.359 -7.65077 50.9066 -0.0128038 -0.344756 -0.00511179 0.938591
434.309 177.61 -7.63437 51.7872 -0.0126059 -0.346624 -0.00338948 0.937913
434.62 175.321 -7.59667 54.4031 -0.00890322 -0.353054 -0.00408985 0.935552
435.034 172.172 -7.55593 57.8794 -0.00861128 -0.360941 -0.00751194 0.932519
435.138 171.376 -7.54358 58.7496 -0.00975347 -0.362812 -0.00795695 0.931778
435.553 168.107 -7.48639 62.2101 -0.0108149 -0.371227 -0.00876882 0.928438
435.656 167.278 -7.4704 63.0672 -0.0095453 -0.373324 -0.00872927 0.927611
435.863 165.604 -7.44053 64.7836 -0.00856802 -0.3774 -0.00708275 0.925984
436.174 163.035 -7.3931 67.3525 -0.011613 -0.383099 -0.0101543 0.923578
436.278 162.165 -7.37311 68.1986 -0.00984953 -0.384658 -0.0121183 0.922927
436.381 161.291 -7.35359 69.045 -0.00805281 -0.386018 -0.0135498 0.922357
436.485 160.411 -7.33616 69.8932 -0.00695175 -0.387299 -0.0148419 0.921808
436.589 159.529 -7.32007 70.746 -0.00716912 -0.388411 -0.0152158 0.921333
436.692 158.648 -7.3047 71.5963 -0.00745743 -0.389354 -0.0152239 0.920932
436.796 157.765 -7.28746 72.4511 -0.00835706 -0.390186 -0.0144479 0.920585
437.107 155.083 -7.22798 75.0117 -0.00893823 -0.392533 -0.0166809 0.919543
437.314 153.284 -7.18869 76.7042 -0.00602332 -0.393497 -0.0190984 0.919108
437.418 152.383 -7.16918 77.5508 -0.00607588 -0.393942 -0.0202277 0.918892
437.522 151.477 -7.1503 78.406 -0.00770492 -0.39426 -0.0217049 0.91871
437.936 147.849 -7.03804 81.8221 -0.008869 -0.392448 -0.0240778 0.919416
438.144 146.076 -6.98878 83.5541 -0.0111051 -0.391259 -0.0147922 0.920095
438.247 145.19 -6.96699 84.4233 -0.0134492 -0.390607 -0.0113485 0.920389
438.351 144.303 -6.94483 85.2883 -0.0141554 -0.389589 -0.0092203 0.920834
438.454 143.416 -6.92109 86.1506 -0.0139771 -0.388482 -0.00788992 0.921317
438.558 142.527 -6.8967 87.0101 -0.0136216 -0.387732 -0.00962071 0.921621
438.662 141.643 -6.87295 87.8689 -0.0142831 -0.386765 -0.0111464 0.922
438.972 138.993 -6.80293 90.4455 -0.00986847 -0.38536 -0.0139004 0.922609
439.18 137.246 -6.77051 92.1679 -0.00797432 -0.384984 -0.0117126 0.922814
439.283 136.382 -6.75859 93.024 -0.00774856 -0.3847 -0.00992568 0.922956
439.491 134.637 -6.7345 94.7573 -0.0108264 -0.385052 -0.00670279 0.922807
439.594 133.766 -6.72042 95.6246 -0.0128649 -0.385303 -0.00537586 0.922685
439.905 131.143 -6.66706 98.2024 -0.012539 -0.386776 -0.00442572 0.922078
440.009 130.261 -6.64875 99.0587 -0.0129737 -0.386921 -0.00595956 0.922002
440.113 129.379 -6.62894 99.9131 -0.0139472 -0.386947 -0.0077767 0.921964
440.216 128.497 -6.60753 100.77 -0.0138619 -0.386943 -0.00857162 0.921959
440.32 127.617 -6.58563 101.626 -0.0131329 -0.386978 -0.00886262 0.921953
440.527 125.859 -6.54376 103.345 -0.0116799 -0.386829 -0.00772742 0.922045
440.631 124.979 -6.52507 104.207 -0.0116694 -0.386602 -0.00726041 0.922144
440.734 124.097 -6.50718 105.07 -0.0126544 -0.386466 -0.00737413 0.922187
440.838 123.213 -6.48856 105.934 -0.0130031 -0.386332 -0.00802578 0.922233
440.942 122.331 -6.46868 106.796 -0.0123469 -0.386037 -0.00823175 0.922364
441.045 121.452 -6.44935 107.657 -0.0109509 -0.38576 -0.00840525 0.922496
441.149 120.57 -6.43378 108.517 -0.00891732 -0.385631 -0.00867239 0.922569
441.252 119.692 -6.42035 109.381 -0.00863259 -0.385394 -0.00806387 0.922676
441.356 118.816 -6.41015 110.24 -0.00894988 -0.385229 -0.00864213 0.922737
441.459 117.942 -6.39681 111.1 -0.0099435 -0.385037 -0.00884831 0.922805
441.667 116.199 -6.36583 112.815 -0.0118512 -0.384756 -0.0108383 0.922879
441.77 115.322 -6.34508 113.672 -0.0128608 -0.384507 -0.0128848 0.922942
441.978 113.575 -6.29875 115.376 -0.0110948 -0.384188 -0.0164673 0.923041
442.081 112.707 -6.27583 116.225 -0.0092178 -0.384 -0.0177274 0.923117
442.392 110.096 -6.21795 118.781 -0.00653543 -0.383953 -0.0201102 0.92311
442.496 109.227 -6.19961 119.636 -0.00704134 -0.383697 -0.0204822 0.923205
442.599 108.356 -6.18014 120.493 -0.0080708 -0.383608 -0.0216518 0.923207
442.703 107.486 -6.15902 121.352 -0.00882146 -0.383497 -0.0217037 0.923245
442.806 106.619 -6.13658 122.21 -0.00812777 -0.383496 -0.0211154 0.923265
442.91 105.753 -6.11474 123.068 -0.00741735 -0.383475 -0.0197609 0.92331
443.117 104.022 -6.07889 124.791 -0.00750611 -0.383624 -0.0163635 0.923314
443.221 103.152 -6.06275 125.652 -0.0067691 -0.38384 -0.0157757 0.92324
443.324 102.28 -6.04475 126.514 -0.00825336 -0.38381 -0.0156714 0.923242
443.428 101.402 -6.02355 127.38 -0.0107904 -0.383688 -0.0175426 0.923233
443.532 100.529 -5.9963 128.242 -0.0125743 -0.383465 -0.0179508 0.923295
443.635 99.6588 -5.96763 129.103 -0.0125413 -0.383593 -0.0175218 0.923251
443.739 98.7912 -5.93932 129.965 -0.0114208 -0.383609 -0.015447 0.923296
443.843 97.9231 -5.91451 130.828 -0.0109636 -0.383743 -0.014441 0.923262
444.153 95.3098 -5.83576 133.426 -0.0158501 -0.384171 -0.0127658 0.923038
444.464 92.6996 -5.75293 136.007 -0.010445 -0.384838 -0.0089897 0.922881
444.568 91.8176 -5.73391 136.867 -0.00911042 -0.384645 -0.0105746 0.922959
444.672 90.9333 -5.71609 137.735 -0.0105485 -0.384216 -0.0117234 0.923109
444.775 90.0514 -5.69577 138.608 -0.0122785 -0.383892 -0.0121874 0.923216
444.879 89.1771 -5.67263 139.478 -0.0121224 -0.383602 -0.0103918 0.92336
444.983 88.3083 -5.65055 140.349 -0.0111271 -0.383565 -0.00812916 0.923411
445.294 85.672 -5.6016 142.962 -0.0102696 -0.382945 -0.00899154 0.92367
445.397 84.787 -5.58363 143.838 -0.0118176 -0.382489 -0.0106462 0.923823
445.604 83.0213 -5.53636 145.589 -0.0137399 -0.382233 -0.0117883 0.923889
445.708 82.1415 -5.51116 146.464 -0.0118561 -0.382171 -0.0113864 0.923945
445.915 80.3834 -5.46857 148.207 -0.0108974 -0.382156 -0.012231 0.923953
446.019 79.4982 -5.44969 149.085 -0.0113122 -0.382144 -0.0126536 0.923947
446.123 78.6162 -5.42828 149.964 -0.0121381 -0.382212 -0.0124958 0.92391
446.33 76.859 -5.3829 151.712 -0.012742 -0.382376 -0.0129496 0.923828
446.433 75.9833 -5.3608 152.583 -0.0121774 -0.382324 -0.0135083 0.923849
446.744 73.3514 -5.29299 155.186 -0.0116309 -0.382439 -0.0172481 0.923747
447.159 69.8651 -5.18431 158.627 -0.0124012 -0.382453 -0.0211551 0.92365
447.47 67.2763 -5.09412 161.202 -0.0130813 -0.381254 -0.0210976 0.924137
447.574 66.4217 -5.06587 162.063 -0.0131243 -0.380555 -0.0193544 0.924462
447.677 65.5733 -5.03821 162.925 -0.0133818 -0.379742 -0.0172755 0.924834
448.092 62.2082 -4.93478 166.359 -0.0165025 -0.377023 -0.0140301 0.92595
448.506 58.9075 -4.827 169.763 -0.0121221 -0.374551 -0.00891349 0.927084
448.713 57.2672 -4.78915 171.459 -0.0148043 -0.373707 -0.00806648 0.927393
449.128 54.0359 -4.69944 174.797 -0.0167518 -0.372831 -0.00988601 0.927695
449.439 51.688 -4.63016 177.219 -0.0154671 -0.372977 -0.0122244 0.927631
449.542 50.9209 -4.60797 178.005 -0.0158005 -0.373428 -0.0135981 0.927425
449.853 48.6763 -4.53657 180.297 -0.0156747 -0.375363 -0.017083 0.926588
449.957 47.9423 -4.51265 181.042 -0.0134615 -0.375916 -0.0171933 0.926397
450.061 47.2121 -4.48951 181.782 -0.0120696 -0.376391 -0.0172131 0.926222
450.164 46.4903 -4.47016 182.515 -0.0121589 -0.376864 -0.0167612 0.926037
450.268 45.7782 -4.45141 183.242 -0.0131205 -0.377445 -0.015666 0.925806
450.579 43.7183 -4.39947 185.347 -0.015712 -0.379775 -0.011042 0.924879
450.683 43.0493 -4.38273 186.017 -0.0157506 -0.380462 -0.0111994 0.924595
451.097 40.5073 -4.31903 188.512 -0.0168779 -0.387214 -0.0151856 0.92171
451.304 39.3106 -4.28256 189.644 -0.0163056 -0.392596 -0.0168978 0.919411
451.512 38.1516 -4.24379 190.706 -0.0143831 -0.401518 -0.0171222 0.915578
451.823 36.4376 -4.19121 192.156 -0.0150391 -0.423837 -0.0184091 0.905427
452.03 35.2905 -4.15524 193.02 -0.014715 -0.444473 -0.0204791 0.895437
452.237 34.1226 -4.10891 193.808 -0.0153787 -0.470034 -0.022054 0.882239
452.547 32.314 -4.03788 194.78 -0.0141649 -0.517681 -0.0265437 0.855045
452.754 31.0722 -3.97873 195.286 -0.014621 -0.554686 -0.0298297 0.831396
452.858 30.4429 -3.95238 195.486 -0.0139349 -0.573085 -0.0324182 0.818736
452.961 29.8095 -3.92268 195.656 -0.0138296 -0.591849 -0.0339281 0.805216
453.168 28.5336 -3.85059 195.91 -0.0162035 -0.631302 -0.0338487 0.774628
453.272 27.8888 -3.81434 195.982 -0.0179709 -0.651 -0.0353689 0.75804
453.479 26.6036 -3.73918 196.026 -0.0196071 -0.690252 -0.0350644 0.722453
453.583 25.972 -3.70138 195.997 -0.0194579 -0.709254 -0.0345221 0.703838
453.79 24.7199 -3.61884 195.834 -0.0189119 -0.745624 -0.0324101 0.66531
453.894 24.1013 -3.5783 195.703 -0.0196015 -0.762889 -0.0325192 0.645413
454.102 22.8875 -3.494 195.34 -0.0196443 -0.795039 -0.0357977 0.605182
454.205 22.2941 -3.45443 195.117 -0.0201332 -0.80927 -0.0372753 0.585907
454.309 21.7157 -3.41385 194.872 -0.0199818 -0.822177 -0.0374314 0.567648
454.413 21.1644 -3.37361 194.609 -0.0176469 -0.833331 -0.0376714 0.551206
454.724 19.5259 -3.25059 193.71 -0.00815904 -0.854084 -0.0362621 0.518806
455.14 17.3763 -3.11004 192.513 -0.0110831 -0.860607 -0.0352942 0.507925
455.555 15.2756 -2.97343 191.365 -0.0151634 -0.858623 -0.034161 0.511243
455.97 13.2652 -2.84498 190.341 -0.0198666 -0.851268 -0.0316758 0.523398
456.177 12.3177 -2.78617 189.882 -0.0205648 -0.847468 -0.0304051 0.529576
456.385 11.4126 -2.73057 189.461 -0.0215337 -0.843992 -0.0294171 0.535115
456.903 9.36461 -2.60823 188.558 -0.0248564 -0.835556 -0.0308987 0.547972
457.214 8.32377 -2.54754 188.133 -0.0267277 -0.831524 -0.03013 0.554027
457.939 6.52912 -2.43985 187.418 -0.0252282 -0.828745 -0.022732 0.558596
458.353 5.66524 -2.39218 187.016 -0.0232656 -0.83895 -0.0208056 0.543313
458.664 5.07475 -2.36266 186.692 -0.0227874 -0.852578 -0.0177333 0.521802
458.974 4.49869 -2.32758 186.321 0.0220542 0.869643 0.0148942 -0.492963
459.181 4.07308 -2.29967 186.019 0.0234202 0.882263 0.0117042 -0.470027
459.388 3.62817 -2.27449 185.634 0.0223 0.895376 0.0158474 -0.44447
459.595 3.15542 -2.25231 185.195 0.0262667 0.908206 0.0196388 -0.417237
460.01 2.22919 -2.18511 184.13 0.0286488 0.933403 0.0215287 -0.357035
460.424 1.31732 -2.10098 182.771 0.0361408 0.956466 0.0178132 -0.289049
461.045 0.0765317 -1.95846 179.938 0.0515887 0.98294 0.0187322 -0.175548
461.356 -0.358923 -1.8772 178.16 0.0527379 0.991302 0.0149161 -0.119651
461.667 -0.689487 -1.81375 176.144 0.0555089 0.995341 0.0125749 -0.0778248
461.978 -0.89138 -1.759 173.973 0.0541012 0.99736 0.0124896 -0.0467942
462.394 -1.0746 -1.68563 170.735 0.0490781 0.998192 0.0122596 -0.0324665
462.601 -1.18108 -1.64616 169.056 0.0509887 0.998098 0.0129729 -0.0321278
462.705 -1.23095 -1.62797 168.191 0.0500294 0.998153 0.0126771 -0.0320354
463.016 -1.38112 -1.57141 165.443 0.045789 0.998403 0.0100828 -0.0315006
463.12 -1.43394 -1.55601 164.509 0.0455602 0.998413 0.0110837 -0.0311762
463.223 -1.49154 -1.53797 163.564 0.0467752 0.998363 0.0120195 -0.0306263
463.431 -1.5931 -1.50372 161.657 0.0475391 0.998408 0.0120425 -0.0278805
463.534 -1.64323 -1.48589 160.705 0.0487108 0.99841 0.0112462 -0.0260496
463.638 -1.68847 -1.46746 159.749 0.0496288 0.998412 0.0112466 -0.0241692
463.949 -1.79811 -1.4026 156.684 0.0502964 0.998437 0.0162024 -0.0181874
464.156 -1.85357 -1.35238 154.588 0.0493205 0.998546 0.0152485 -0.0155248
464.26 -1.87408 -1.32804 153.552 0.0484298 0.998639 0.0125669 -0.0147318
464.363 -1.89848 -1.30588 152.488 0.0488327 0.998642 0.0114669 -0.0140623
464.571 -1.94656 -1.26582 150.315 0.0501135 0.998522 0.0170231 -0.0123437
464.674 -1.9734 -1.24227 149.256 0.0530916 0.998371 0.0174222 -0.0115497
464.882 -2.01585 -1.19377 147.085 0.0535209 0.998417 0.0135061 -0.0108337
464.985 -2.03231 -1.17428 146 0.0525827 0.998477 0.0127651 -0.0107404
465.193 -2.05856 -1.14192 143.853 0.0489586 0.998626 0.0145135 -0.0118079
465.296 -2.07682 -1.12185 142.781 0.0486102 0.998619 0.0156647 -0.0122787
465.711 -2.16872 -1.01318 138.307 0.0434001 0.998777 0.017807 -0.0156031
465.918 -2.22943 -0.959339 136.062 0.0418853 0.998834 0.016231 -0.0177078
466.022 -2.26703 -0.93352 134.939 0.0423313 0.998781 0.0172446 -0.0186454
466.125 -2.30446 -0.909766 133.818 0.0421207 0.998773 0.0170948 -0.0196675
466.229 -2.34034 -0.884131 132.698 0.0409935 0.99884 0.0147997 -0.0204831
466.436 -2.42693 -0.839147 130.446 0.0421539 0.998804 0.0136643 -0.0206622
