70.03807  4.62095569371179e-05  7.56287301239491e-06 -2.94165865373987e-05 3.79598608197933e-08 -2.90893534859274e-06 -2.40996905770756e-06 0.999999999992864
70.246449999 -0.0183383917036477 -0.0335341577488826    1.96186902572506 0.000535686334902411 0.00218906071574609 -0.00224344957955143 0.999994943980877
70.45492 -0.0144288923172994 -0.0675575052993459    3.92807805780676 -0.00190594727273438 0.00436578219380214 -0.000906292070923912 0.999988242903641
70.66333 0.00143784664780953 -0.0943194343332723    5.89847989837543 -0.00345828204276414 0.0065319151319013 0.000409132596688573 0.999972603114976
70.767539999 0.0104445623993123 -0.106111395751295   6.87164737098585 -0.00389097532321986 0.00776423137399227 0.000676305597941355 0.999962059096716
70.976259999 0.0281519236569101 -0.126164577838033   8.82569717254473 -0.00385804741232697 0.00992165075588506 -0.000549736924848481 0.999943185438931
71.18447 0.0573985104182805 -0.152598321427749    10.793033481705 -0.000848494674755373 0.0116826445486451 -0.000701466580168598 0.999931149538694
71.392799999 0.0901653344438422 -0.184411619311357   12.7631618171213 0.000689702387067715 0.0124334443476913 -0.000679581036460577 0.999922232947085
71.60151  0.128541285175963 -0.220251177828237   14.7229507611608 -0.00136175915768311 0.0126100615139857 0.00153102223096063 0.999918390635725
71.80946  0.166049639053741 -0.251643510949404   16.7129509022814 -0.00103789463521945 0.0120841696569673 0.00279069821369803 0.999922550811766
72.017799999  0.197283472431485 -0.278155778558801    18.680343379569 -0.00329996158983209 0.0109197169474904 0.00424698104132051 0.999925913849285
72.22605 0.220989793510083 -0.29887600780708  20.6762827194324 -0.00624828175978726 0.0108314568492816 0.00365393351556357 0.999915140043112
72.434619999  0.253515463534497 -0.319675531700759   22.6375640835812 -0.00019139568440846 0.0115678140633327 0.00484889265534025 0.999921315547131
72.642979999    0.2883169744375 -0.351661300290056   24.6387360098692 -0.000147733002427496 0.0120899841014534 0.00616389201160152 0.99990790420651
72.851339999  0.323583894340295 -0.382080405801575   26.6534588356006 -0.0032575920471135 0.011314228934492 0.00684849241181423 0.999907232931814
73.05956  0.346746478088083 -0.406097080066826   28.6476330598089 -0.00328778284086275 0.00995925433336135 0.00674247389507586 0.999922268370341
73.267989999  0.369490884777487 -0.429495859181399   30.6622400815003 -0.0040402226167999 0.00703272985280416 0.00836200237105966 0.999932144812022
73.47628  0.377644747619079 -0.452082324660837   32.6855804295743 -0.00337518955860794 0.00379294625686768 0.00968964953785507 0.999940164382834
73.6846  0.368487526359392 -0.477295376793953   34.6882873007429 -0.00287607841152702 0.00130986812579573 0.00977663256090203 0.999947213543912
73.89296  0.348397168525818 -0.501906959681844   36.6971133398159 -0.00224434269176117 -0.000550145874999522 0.00936979428021926 0.999953432526007
74.10133  0.324145105402404 -0.525800848719036    38.731959196889 -0.00397456559939561 -0.00218382608795807 0.00808242192189816 0.99995705317168
74.309809999  0.295376746160825 -0.549823910261548   40.7714261868178 -0.00355454142239621 -0.00272439133136342 0.00700519756692755 0.999965434469711
74.51819  0.270149755142042 -0.574695987842242   42.8116076799986 -0.00274222394195248 -0.00311292053690184 0.00691492747417767 0.999967486327236
74.726709999  0.245363323685742 -0.601428647130806   44.8559665779195 -0.00325351560864524 -0.00403050904056879 0.00757085050499441 0.999957925042694
74.935079999  0.204222474866206 -0.627436581059762   46.8449978779114 -0.00395634129795582 -0.00544242082478373 0.00795802925439396 0.999945697120342
75.143429999  0.170829142305415 -0.654455854641009   48.8855575767055 -0.00317136168337268 -0.00686309838593196 0.0085284919098243 0.999935050476461
75.351709999  0.121741423444238 -0.683342045643708   50.8444529444848 -0.00266718785566402 -0.00852407371593854 0.00930688876425445 0.999916800587808
75.560079999 0.0684886226707383  -0.72090404555822   52.8416012963525 0.00112261399206302 -0.0107838020319659 0.0108727848313589 0.999882109001642
75.768339999 0.00792623493124079   -0.76256068205542    54.7882477563144 0.00213547619467268 -0.0129371724967091 0.0111898513925838 0.999851417229092
75.976579999 -0.0586688913249854  -0.806347017071842    56.7729195834641 -0.00105542765894869 -0.0153516979874533 0.0122458790116225 0.999806606243723
76.185 -0.135712393343059   -0.8428109947711   58.7394443456386 -0.00138787392068113 -0.0159667340739605 0.0111642180704764 0.999809230525437
76.393299999 -0.215173374607353 -0.877640208096729   60.6747872674939 -0.00200603893071528 -0.0157487756189085 0.0100547590159343 0.99982341125593
76.6019  -0.29202902406889 -0.906908012867962   62.6096537862811 -0.00378535283978663 -0.0156830804861315 0.00879111219645798 0.999831199971622
76.810119999 -0.36698910602044 -0.93102430869017  64.5008586033869 -0.00302655363781085 -0.0159682812159527 0.00858414142800307 0.999831068973169
77.01832 -0.448825794203409  -0.96010983820117    66.404997589675 -0.00356742329534115 -0.017539264208128 0.00769454799999253 0.999810202805085
77.22668 -0.535290824189761 -0.986657343997193   68.2332061818548 -0.00445798192126565 -0.0192883599159622 0.00700558721654563 0.999779479343667
77.436109999 -0.626639821202927   -1.0115416709706   70.0520044557578 -0.0039333516559274 -0.02138318571255 0.00652327346649724 0.999742334312604
77.64333 -0.723573121830929  -1.03746196827559   71.8161458831655 -0.00346307442324777 -0.0235153042863632 0.00620306728403733 0.999698234236776
77.851699999 -0.822678575951294  -1.06315093200681   73.5517149794462 -0.00342864879136736 -0.025035006764742 0.00609437347501772 0.999662118625939
78.0601 -0.928772282336758  -1.08947490440656   75.2980941103575 -0.00414894330040296 -0.0264498674560711 0.00549507014772359 0.999626427714433
78.26858 -1.03509903568619  -1.1150791943524  76.9386419099474 -0.00444654782283107 -0.026753581197395 0.00412150021276023 0.999623672859727
78.477149999 -1.13111108934442 -1.13836821061092  78.5339186545353 -0.00365234268261564 -0.0247139132576363 0.00298762548623774 0.999683428380393
78.68571 -1.21208962204351 -1.16379160908935  80.0588958838948 -0.00273542665939721 -0.021933784172208 0.00279890753488123 0.999751765524567
78.89417 -1.27734902463849 -1.18932086615256  81.5799789758705 -0.002207796821611 -0.0191828388482264 0.00369300452201118 0.999806734346453
79.102739999 -1.33455501998684 -1.21615650051456  83.0633574742912 -0.00143686149014247 -0.0165457056424702 0.00438061235775171 0.999852481763796
79.311289999 -1.38529438796022 -1.24116139579555  84.5239142122215 -0.00218882642102046 -0.0143986968693069 0.00513240661194233 0.999880765376419
79.52132 -1.43060910996282 -1.26637322864002  85.9499618624843 -0.00298209568683833 -0.0131264394899581 0.00560490996805566 0.999893688686893
79.83262 -1.49434387717425  -1.2994158767641  88.0032737151197 -0.00277464644073947 -0.0111369764084838 0.00623267208389522 0.999914707808771
80.145309999 -1.53777822795725 -1.32963818504176   90.013587869455 -0.00482429194083822 -0.00840758733156794 0.00694738455516346 0.999928883736426
80.3538 -1.56330913953227 -1.35207224743531  91.2590365590146 -0.00490638141586259 -0.00560718329751145 0.00721276859359418 0.999946229997436
80.66669 -1.57047912021148 -1.36967755955058  92.9620908959458 -0.0053717130902145 -0.000545871358357453 0.00921356324495104 0.999942976861815
80.979569999  -1.5642029312943 -1.39354791491342  94.6156008975708 -0.00680157757635462 0.00687219515418521 0.00944212267852819 0.999908674727627
81.29255 -1.51062751472972 -1.40749475963075  96.0886552256704 -0.0057842005083862 0.0189801874183986 0.0114796032078012 0.999737222584131
81.605649999 -1.40703242578556 -1.42377927005216  97.4491761475453 -0.00331512732550193 0.0364890463311171 0.0121997663161944 0.999254084370182
81.91858 -1.24235719831966 -1.43737587222822  98.6924238978563 -0.00200126906068483 0.0577027022677868 0.0150486650355816 0.998218378288934
82.231549999 -1.02653773698069 -1.45667128630917  99.8108164256207 -0.00305873215619295 0.0853270497986492 0.0173228473227722 0.996197700103191
82.54474 -0.740787552364664  -1.47044596180416    100.78619774482 0.00111258724702471 0.119696466670461 0.0220237835784914 0.992565600337385
82.857879999 -0.389895495641656  -1.47590565043117   101.764745171831 -0.0023978225592089 0.160515295307551 0.0246668000392622 0.986722169303562
83.17127 0.0480811449367522  -1.48107066727807   102.658146999118 -0.00543585575609546 0.208820781995079 0.0268556891561348 0.977569999764268
83.48474 0.567408394057519 -1.48228089120241  103.468418670745 -0.00194928487033923 0.263663429632639 0.0273172061667801 0.964225889721952
83.693229999 0.976851675442596 -1.47102966171412  103.983618699089 0.00262847421816681 0.302916053533403 0.0235681048051866 0.952722152608474
83.901949999  1.46543095537875 -1.45585780628031  104.490582298406 0.00431156359197705 0.343053598982302 0.025024558124484 0.938972528956708
84.11077  2.03461569214342 -1.44828978828477  104.975971602296 0.00298600818073138 0.383982030552665 0.0292401493598744 0.922872633483738
84.31931  2.68029604869359 -1.43929934242302  105.500700220715 0.00139188060307224 0.424894503893943 0.0296060618724501 0.90475753897357
84.527959999 3.38588592192741 -1.4347808412407 105.898782537214 0.00100682955758555 0.464908973142564 0.029677321419966 0.884860378579076
84.73726  4.17849775135959 -1.41536704001221  106.348205671338 0.00211348524485793 0.50260183604713 0.0264607564990566 0.864110384122116
84.944929999  5.07359313695115 -1.39379982753324  106.748593836565 -0.000841500860443952 0.538486339760083 0.0233294386883085 0.842310804310724
85.15425   6.0851528275124 -1.37477140849828  107.095312839634 -0.0031737825935599 0.574251991778917 0.0236151498761789 0.818331779743596
85.36198  7.1584235036852 -1.3483011713772 107.362742120347 -0.00410765233575313 0.607236299435528 0.0216161800926672 0.794216560264476
85.57007  8.33395602502648 -1.31396462850467  107.577800405666 -0.00245996178725024 0.634420741545708 0.0204656394821204 0.772713031393406
85.77809  9.60650294976094 -1.28745210389103  107.749349149075 -0.0014115623676132 0.654501825628912 0.0219849154648627 0.755739393727829
85.98583  10.9085371461142 -1.25828778062758  107.881052751045 0.000851582684354472 0.666116495425919 0.0244172096426244 0.745447442279931
86.19355  12.2825472629954 -1.22563354647651  108.003768452627 0.00164752574633146 0.673713828431693 0.0265421096437439 0.738513696186121
86.401449999  13.7154866009295 -1.19398242699334  108.118073610078 0.00262271000717096 0.676973366586171 0.0289820154025612 0.735431998969592
86.608969999   15.198028427066 -1.15652303527579  108.240950687913 0.0043934638712515 0.676816431385996 0.0308291345907366 0.735492882454701
86.81672  16.7406032188386 -1.11963266732591   108.38605881801 0.00328006392642444 0.674907041924217 0.0309408557893946 0.737246491605597
87.02455  18.316584993056 -1.0866533122462 108.537682827392 0.00611949238162248 0.672563527069065 0.0312362697998146 0.739354549129444
87.23286  19.9280561757154 -1.05312838473251  108.710540316007 0.0064529601652319 0.670964972137563 0.0293910998431712 0.740878214499221
87.440899999  21.5541529327218 -1.02578105117381  108.884027739798 0.00297463585314826 0.669828798951245 0.0321608023400596 0.741812789341029
87.648939999    23.199265432682 -0.992760850512389   109.069228727044 0.000968479710925191 0.669197048089804 0.0315910156603733 0.742412540710681
87.857179999   24.8395630821538 -0.955610429821358   109.259607224657 0.00101486550821391 0.668612411568685 0.0286398983997002 0.743058658090977
88.06568   26.4654604906237 -0.919511515761271   109.447407387909 -0.000218198487669925 0.668111483548529 0.0290228675377866 0.743494903210431
88.273849999   28.1722670648248 -0.882142854710352   109.641646743214 -0.000661032929684064 0.667259401796345 0.029871164637015 0.7442258845761
88.48206   29.7908482112273 -0.844110046412945   109.830463249598 -0.000604438890364795 0.665779301751553 0.0316156827995285 0.74547837300217
88.690449999    31.446945254863 -0.803064599472084   110.033238635245 -0.0018754773578016 0.664464894220964 0.0330908943136732 0.746584141035774
88.89883   33.0522604641659 -0.759810905742496   110.236357074415 -0.00193797558377654 0.662941921093897 0.0337184226432499 0.747908631773575
89.107429999   34.6657705781157 -0.715171653779138   110.448517151265 -0.00224372206147144 0.661663782829204 0.0335412126857681 0.749046721676977
89.315719999   36.2977850654017 -0.672861263916449   110.663805489391 1.08554742407819e-05 0.660676112074843 0.0321791302597802 0.749981052021684
89.52419   37.8488831095993 -0.635970932749636   110.876476362847 -0.00120615460234567 0.660642453659628 0.0311549856134222 0.750052971786053
89.73269   39.3934127397529 -0.601171181525391   111.081076671973 -0.00293939423034635 0.660971641844419 0.0327045587690992 0.749692110452531
89.94118   40.8766392460678 -0.565478136305462   111.277283942073 -0.00268581347997678 0.661127487374803 0.0316562309317809 0.749600636930509
90.1496   42.2930330295212 -0.534680520784014   111.471516046496 -0.00236063316623793 0.660370610585208 0.0299690815665898 0.750337882714467
90.357969999   43.6305908606508 -0.503379471605079   111.654435248553 -0.00344047695765567 0.659003779761131 0.031434300348336 0.751474594474395
90.56632   44.8357034425354 -0.476413617094334    111.83277872059 -0.00391013549850953 0.656738185509656 0.0318095325870509 0.753437336591744
90.77468 46.0313071931968 -0.4509801829446 112.010162054776 -0.00297590397937753 0.654606065187355 0.0315395119571799 0.755306098612302
91.087509999  47.6019307982233 -0.41804325502011  112.261335484108 -0.00284428360849081 0.652241653841688 0.031239601027127 0.757361751326458
91.40035   48.9948598438536 -0.387375621148944    112.46807023501 -0.00386172104401732 0.656655368470257 0.0303703803769728 0.753569143586392
91.713819999   50.3214886949698 -0.351949093779191   112.601096947569 -0.00510576733198329 0.67055936505735 0.028028709878557 0.741308613531759
92.02688   51.6531029268059 -0.324457813661689    112.64461183857 -0.00407258433864959 0.692759348224416 0.027310001622081 0.720640037269571
92.2359   52.4713213271197 -0.303631879685234   112.598731993773 -0.00298535123189009 0.712638758827739 0.0229568019358307 0.701149108492168
92.44485    53.305825140396 -0.284513350478328   112.508039981676 -0.00266061517408011 0.736000108262515 0.0233389922829682 0.676573760357049
92.65403   54.0802910154583 -0.260251952760759   112.328315343272 0.000450023874558312 0.761040159161888 0.0277175529665468 0.648112190040356
92.862949999  54.8310196564387 -0.23988523747941  112.089415099507 0.00358016884066946 0.786321882673677 0.0329507487584575 0.616927327467226
93.072029999  55.5525744170386 -0.22518316616099  111.805009336534 0.00287724960806984 0.812102297466853 0.0342389377397306 0.582502596583231
93.280829999   56.2313760624761 -0.206799070649588   111.484659409467 0.000610129802004374 0.837971077697059 0.0285727997267803 0.544965774889239
93.48971   56.8840537288999 -0.175822469267159   111.072268562528 0.00437479013431909 0.86303677857239 0.0253898464826167 0.504483632775397
93.698449999   57.5108571915215 -0.143890980253679   110.580106155164 0.00734601184498932 0.886513637329591 0.0233303512057277 0.462055517931827
93.907229999   58.1564380949075 -0.122568433499663   110.056403545292 -0.00643356371876604 0.909197025181153 0.0164951975665488 0.415989527652871
94.115819999   58.7199178346852 -0.113105970433006   109.431576393413 -0.00924019830240569 0.928887063439738 0.0159730476257246 0.369903100634719
94.3245    59.2053676314752 -0.0798047693377956    108.715464639104 -0.00273640457435494 0.94695658894547 0.0133130878443915 0.321073967233117
94.533079999    59.6667513711346 -0.0558817391953139    107.952844708874 -0.0123614339511959 0.962700010892878 0.00795919171124737 0.270171307219747
94.741609999    60.079722105659 -0.056738243381989    107.08473644828 -0.0205576538006445 0.974965068678328 0.00994148909027161 0.221182423627974
94.949969999     60.406550700204 -0.0473453500969723     106.12739416531 -0.0181257592942837 0.983839551839311 0.00892591804884526 0.177908743668251
95.15809    60.6745475753939 -0.0283339587472402    105.111489468826 -0.0159793698182098 0.989694184668451 0.00582471999915226 0.142183519476041
95.469849999    61.0391240349422 -0.0118144659245079    103.421093601751 -0.0190801638377758 0.994657940295288 0.00956516014725206 0.100995231901396
95.67789     61.2162693645387 -0.00287599847984565     102.241442402317 -0.0220231486692762 0.99680810999774 0.00843989683575665 0.0762714947200159
95.885909999   61.3452704336713 0.0105847901290377    100.97713794649 -0.0176368940374067 0.998269393176636 0.00633258535147225 0.0557409811380296
96.093729999   61.4639361094503 0.0273245597652537   99.6148163247974 -0.0185043359849203 0.999032509138311 0.00934495017242034 0.0387853985520829
96.301479999   61.5412700524519 0.0309728976900418   98.2272809166454 -0.0188474864122011 0.999413457282883 0.0110170759234684 0.0263844214625651
96.509209999   61.5909987872062 0.0541342996532791   96.7738973562999 -0.0136179766614187 0.999654785031327 0.00909685435169955 0.0205452845325817
96.717079999   61.6582699781223 0.0688296786923519   95.2501223719329 -0.0147369259986376 0.999669989204337 0.0114620775716132 0.0176452960886127
96.92488   61.7255491264283 0.0889058741720063   93.6717426959007 -0.0156777369368939 0.999673827605797 0.0115355920638871 0.0165341186716327
97.132729999  61.7782986853541 0.109552714709982  92.0741080952677 -0.0135212914180096 0.999698440118549 0.0136819125659405 0.0152646248387587
97.34058  61.8428442596272 0.127081151287934  90.4628823138112 -0.012648078141928 0.999638718384688 0.0157054009049391 0.0177707402195232
97.54846  61.9199412165184 0.150977149595593  88.8440962204445 -0.0113422762129378 0.999609443195751 0.0142166301655659 0.0212179469064823
97.756479999  62.0077801680464 0.171251403026556  87.2329615193235 -0.0115629294196092 0.999513472473246 0.0155152954539267 0.0244620648083774
97.964519999  62.1091806242502 0.192285337209159  85.6091533768901 -0.0116732298674595 0.999452577268434 0.0140119964899631 0.0276033594026378
98.17395   62.225741224623 0.218030471820801  83.9525078552552 -0.0134475121831126 0.999371046893422 0.0134872252913652 0.0299127030067687
98.380719999  62.3518919773342 0.236222670713317  82.3098874785794 -0.0172387801823619 0.999221922332412 0.0158030268743274 0.0317590731878755
98.588989999  62.4787323060359 0.260525755042682  80.6651182043252 -0.0192055770613472 0.999164807581676 0.0139942251483028 0.0332414614978333
98.797259999  62.6111368572881 0.283315663307272  78.9810312785281 -0.0200368684741444 0.999135190057441 0.0139443972567191 0.0336593178151151
99.005459999  62.7296508007684 0.302676088676177   77.336349310247 -0.0196687600767457 0.999131866154162 0.0153577738422982 0.0333585475546265
99.213719999  62.8500822717563 0.323401878294298  75.6627136195557 -0.0193309666059388 0.999155830052002 0.0153704998825818 0.0328281698627134
99.42206  62.9738585499455 0.347407240792889  73.9960340488288 -0.0207401442936787 0.999150902891207 0.015619800874639 0.0319897090796544
99.630629999  63.0975776059735 0.371876841228904  72.3369067459358 -0.0237557592613416 0.999149160716911 0.015848833522787 0.0297562265177514
99.838859999  63.2054363287118 0.396493457998594  70.6843530734735 -0.025515601004562 0.999146514610983 0.0170471311460213 0.027651252517571
100.0472  63.3107448456725 0.426532693657915  69.0339153558608 -0.0275388596307094 0.999077250195963 0.0207498389784465 0.0256067087592529
100.2556  63.4035429009506 0.458358537610687  67.4118798841236 -0.0265582235064913 0.999151267667614 0.0195131949939158 0.0247111372362367
100.463899999  63.4942688902663 0.490890214272995   65.788031657678 -0.0254018287209168 0.999242447780324 0.0160235706329017 0.0247491986899098
100.6722  63.5838834667808 0.513182434845712  64.1864035118874 -0.0248873323912198 0.999264310826909 0.0157822300018503 0.0245434107295719
100.8807  63.6718273056763 0.535248512553189  62.6320498280043 -0.0268493272262121 0.999238491946546 0.0162802091270566 0.0231625696042366
101.0896  63.7580383664681 0.559899042424263  61.0162558364486 -0.0273497355851874 0.999219807337318 0.018758493866144 0.0214449876676825
101.2972  63.8339048738298 0.582928195638245  59.4755646395662 -0.028151227520908 0.999236856334132 0.0179897433812675 0.0202381438285285
101.609899999   63.938734867461 0.623193748015184  57.1791940861832 -0.0265105154735667 0.999276255410409 0.0179901661750297 0.0205063859144317
101.8181  64.0227573052227 0.651766900701214  55.6297208443041 -0.0285299100482348 0.999173297904788 0.0197724789803422 0.0211616176527369
102.026499999  64.1015349711179 0.684891823725007  54.1243006957448 -0.0283302708765415 0.999162801957678 0.0200277079560976 0.021679064790011
102.338999999  64.2206752787641 0.728596628349707  51.8670744738083 -0.0295217106849198 0.999182521797799 0.0177203114408418 0.0211836563054099
102.547399999  64.2867050849256 0.752472427800918  50.3882000444327 -0.0276579346583877 0.999216256276449 0.0188449637894668 0.0211371517259099
102.7556  64.3615851729594 0.768686756426435  48.9316550794812 -0.0276663109062539 0.999340631770967 0.00920468791088793 0.0216367893391483
102.9641  64.4270462855876 0.780814076154506  47.4792445500228 -0.0242541880255681 0.999422320696884 0.00844211233824931 0.0222596045639318
103.172399999  64.5167995886134 0.784364009247078  46.0128058186578 -0.0258106168900083 0.999280480280275 0.0140359291026578 0.0239859642459093
103.3807 64.5992626576161 0.80311686694532 44.5915607455408 -0.0251454369759075 0.999234490951023 0.0151948358276578 0.0258312999539459
103.5892  64.7058346154323 0.818178508966843   43.178305458874 -0.030509082116369 0.999069798480463 0.0157864807347302 0.0260676178166555
103.797499999  64.7907600419839 0.840839655588773  41.7606566145641 -0.0317702534687805 0.999073886842237 0.0144940076938332 0.0251384837539145
104.006  64.8735827533831 0.856241950451712  40.3805951457848 -0.0331097033900724 0.999060761892225 0.0149965339842419 0.0235890982703239
104.214399999  64.9379184562664 0.874654821436368  39.0040421131637 -0.0311519838819667 0.999137448965674 0.0160391225385133 0.0222858368202173
104.4227  65.0109274885939 0.891587117729401  37.6610302087575 -0.0320517124818961 0.999098177168099 0.0168020477780877 0.022208360966578
104.630799999  65.0867729792594 0.908994042363791  36.3459207869479 -0.0331223761815922 0.999064115410167 0.0152308745554151 0.0232770693186071
104.8392  65.1648531150907 0.925499344805973  35.0392019353466 -0.032982319882947 0.999089809161651 0.0129062451828355 0.0237728551031619
105.047499999  65.2376264648062 0.938570910720684  33.7396948631099 -0.0328184852353198 0.999083911027099 0.0132193993627866 0.0240734965084384
105.256  65.3172916837319 0.951596659690515  32.4559459522301 -0.0341911797329123 0.999016272139512 0.014698041981908 0.024112627207385
105.464399999  65.3745028527933 0.965819014815718  31.1872788433162 -0.0315439137896071 0.999132742881175 0.0152103692518787 0.0225252807484378
105.672799999   65.440045377427 0.981712094899154  29.9279836431935 -0.0334882929292673 0.999126538091218 0.0156211600763882 0.0195108809747345
105.881399999  65.4846482985777 0.996130695152878  28.6699711909773 -0.0317246609318532 0.999242732066673 0.0149484428767783 0.0168538528606657
106.0899 65.5207319835894 1.01077620791899   27.39286041611 -0.0318231737296533 0.999367820871933 0.0114933520506082 0.0109154513465102
106.402799999 65.5492299108508 1.02928400080864 25.4040029795241 -0.0332066051260246 0.999379733644784 0.011427722788503 0.00262230966013251
106.7155 65.5413763570445 1.04663337415445 23.3546498128379 -0.0335491758198988 0.999356387981135 0.010929671477382 -0.00646566968692946
106.924 65.5142463653736  1.0595437432452 21.9233059983534 -0.0329521074479492 0.999296911650295 0.0133025353936135 -0.0119533900221718
107.1324 65.4700486446769 1.07705281469154  20.445486460078 -0.0320166460385471 0.999264797774298 0.0115149216936461 -0.0176693204148531
107.340699999 65.4030239162936 1.08950807929764 18.9311224235363 -0.0295975133340139 0.999270858451579 0.00913650114787959 -0.0223218054973601
107.549199999 65.3237327894003 1.10236661196016 17.3366843263366 -0.0277705355379225 0.999191167040131 0.0113424181241504 -0.0267798173260145
107.757499999 65.2316623226207 1.11830416180554 15.6804856240723 -0.0254586089489935 0.999141812090307 0.0141327117782609 -0.0294578516031527
107.9658 65.1337096680154 1.14718312240953 14.0121952674295 -0.023656314145839 0.999146047269031 0.0149309103563303 -0.0304076132512376
108.278199999 64.9806502526935 1.18411305069861 11.3489980690335 -0.0196114402480042 0.999311207046935 0.0114500680769762 -0.0293495966382896
108.486299999 64.8768126196697 1.20764459585306 9.53868774801946 -0.0145296981348741 0.99944994742211 0.0124212108020584 -0.0270998891558897
108.6945 64.7906064896073 1.23367325291366 7.65273912198862 -0.0112756155740118 0.999579603161249 0.0138751818377137 -0.0228244773520997
108.9026 64.7311105549089 1.26163766200741 5.73176011979553 -0.0111683882990725 0.99966890126946 0.0146060556244585 -0.0180005021209936
109.110699999 64.6890203378184 1.29256325201427 3.77064075304866 -0.0109059682278139 0.999763147493887 0.0136768139203072 -0.012948109171626
109.318899999 64.6668041887395 1.32124219854541 1.78539889743486 -0.0114732666826014 0.999784662080073 0.0152780493337947 -0.00809782869776848
109.527199999   64.6616353506758    1.3409343961698 -0.226775104057079 -0.0118544650355844 0.999877772238975 0.00875449614258077 -0.00522216798229282
109.7355  64.6552220172994  1.34611113131558 -2.24844361710606 -0.0111209987701658 0.999887547173805 0.0092453519420316 -0.00396734931340654
109.943799999  64.6471227366848  1.35914223119985 -4.27597882944363 -0.00844577586348996 0.999858167358138 0.0142655374089023 -0.00296790830784125
110.152  64.6518128073051  1.38561720978169 -6.31101730621982 -0.0087083424786536 0.999820162338257 0.0166999122674613 -0.00221826135396541
110.361099999  64.6583509350682  1.41092543005889 -8.31166186961839 -0.00868882848716512 0.999857477480206 0.0144205740631765 -0.00125540038544345
110.5685  64.6676004296184  1.43203061624766 -10.3344510392152 -0.00868313644954153 0.999871092798188 0.0135039500257316 -0.00021038454870958
110.776899999  64.6895220154865  1.44981516879119 -12.3340563412843 -0.00975020516346907 0.999857685213136 0.0137128274794697 0.00122522733294613
110.9852  64.7146187129066  1.46625738015849 -14.3200906920075 -0.00991667284094443 0.999879593922334 0.0114217638458009 0.00346418361583741
111.193299999  64.7546626718247  1.47984023697036 -16.3604904920522 -0.0107520937624753 0.99980372892456 0.0154965847812591 0.00606234017405823
111.4016  64.7983894760435  1.50410787211512 -18.3239989183522 -0.0109040980834428 0.99977401775385 0.0160039610005167 0.00876854044891873
111.609899999 64.8612521431071 1.53066407311095 -20.299747675869 -0.0141766971846762 0.999708466749313 0.0164282446128525 0.0105884628540632
111.8187  64.9405252312042  1.56050379364954 -22.2644181764936 -0.0196340277187784 0.999571561129948 0.0181839336768256 0.0118551124758152
112.026399999  65.0000516889623   1.5889425029016 -24.1955358748171 -0.0204802398733153 0.999604850570267 0.0154794492753706 0.0114494166338937
112.2347  65.0593044918573  1.60764911441752 -26.1223858847132 -0.0208301564324671 0.999646520082682 0.0118078820895077 0.0115547994419667
112.442999999   65.113418323972  1.61990825499942 -28.0431091232081 -0.0202750087288004 0.999644794569261 0.0133742848375273 0.0109698321186395
112.6517  65.1709440976156  1.63671713156901 -29.9462394199266 -0.0220532761318877 0.999587614269326 0.0158597665345897 0.00931247639865948
112.8597  65.2209808017916  1.66409000865995 -31.8173427559593 -0.0246005717885212 0.999554651481776 0.0156062492304956 0.00646185374170881
113.0681  65.2478911223469  1.68478640601886 -33.6929440659758 -0.0254335216219139 0.99954322086343 0.0161400583849474 0.00244624593990503
113.2762  65.2638785352873  1.70931044850906 -35.5683646304512 -0.0266080254090514 0.999519645164164 0.0158028058913226 -0.00166229982169493
113.4846  65.2612179533458  1.73474800759055 -37.4508636436292 -0.0264457471421673 0.999535791868205 0.0138014083851374 -0.00619228221907724
113.692899999  65.2359614990203  1.75093444336117 -39.3222166355269 -0.0271711938200156 0.999447885038109 0.0141745781130488 -0.0128348219529079
113.901399999  65.1758646486124  1.77467522885092 -41.1997426336229 -0.0270967646384675 0.999276625558732 0.015949431137722 -0.0213917415014434
114.1097  65.0797789182025  1.79738802281911 -43.0630554080115 -0.0272223545724319 0.999009645607161 0.0173287969698757 -0.030633057159933
114.3181  64.9504031386607  1.82643718857359 -44.9687802594834 -0.0271687303494393 0.998681335789554 0.0174413467138575 -0.0399155240676916
114.526499999   64.776079350412  1.84910056199768 -46.8603473341053 -0.0255174256112124 0.998318317546845 0.0160215853129971 -0.0495248083759249
114.734999999  64.5614037352373  1.87219971411057 -48.7066174919911 -0.0242724360169279 0.997769609714325 0.0154409348689878 -0.0602348097921742
114.943299999  64.3023722004302  1.88839393378266 -50.6296785577912 -0.0208765370631322 0.997155290940888 0.0148181260019855 -0.0708937168628815
115.151799999  64.0039542372108  1.90707326570098 -52.5000765124038 -0.0165757389368762 0.99667790450667 0.0141941640092212 -0.0784660770968466
115.359899999  63.6851354038488  1.92126249453042 -54.3761417368551 -0.0112623531224179 0.996464728787576 0.0138743379322537 -0.0820896243832933
115.567999999  63.3687706124614   1.9322768101997 -56.2630280009563 -0.00654510873332696 0.996598332780177 0.0113587725538165 -0.0813627859497928
115.775899999  63.0726700538422  1.94320282330689 -58.1599411508282 -0.00239394182336291 0.996992666872035 0.0115992195307197 -0.0765855688247623
115.9838  62.7947186742171  1.95796222427643 -60.0482439026572 0.00205094329541208 0.997381689775755 0.016886551978259 -0.07028799964392
116.1919  62.5488321402167  1.98270120039097 -61.9239819220224 0.00425481863830151 0.997761892379466 0.015544288872443 -0.0648958990780753
116.4  62.3263705897165  1.99894994935645 -63.7712053222266 0.00527447525089883 0.998184309461553 0.0109208344812855 -0.0589999968629129
116.608  62.1405285794044  2.00962390238948 -65.6474068499242 0.00338528165537721 0.998529173531098 0.0127625128984428 -0.0525846721006545
116.8161  61.9744941201078  2.02385642342211 -67.5410760321974 0.00452392055301693 0.998826497869521 0.0149755546120881 -0.0458355109123657
117.0245  61.8355742958608   2.0396189786954 -69.3667832410065 0.00323126716637179 0.999052830927625 0.0136650746829373 -0.0411857458583293
117.2329  61.6986336210192  2.05148676669055 -71.1870787483027 0.00415905404635814 0.99912863479325 0.0116075022154395 -0.0398740429093164
117.441199999 61.5628948749486 2.06308779702402 -72.957630233394 0.00552820718234617 0.999069190017021 0.0166473632416274 -0.0394088540963099
117.6496 61.4435057143745 2.07855710485951 -74.620313971829 0.00576022174675369 0.999028069587571 0.0199903879771079 -0.038860267756221
117.858099999  61.3234114154806  2.10367797760325 -76.2633315861822 0.00670775646523264 0.999130100228012 0.0149740162458904 -0.0383383314586548
118.0665  61.2086659553192  2.12442267806414 -77.9263149142458 0.00506121715519405 0.999168356889594 0.0129643225104265 -0.0383262966291086
118.275  61.0868331010627  2.13584224046029 -79.5599291994614 0.00581921430965685 0.999095887953808 0.0148154267921282 -0.0394213970779455
118.379199999   61.022312441231  2.14738517066868 -80.3812164850918 0.00636738262425204 0.99902498721932 0.0170596643184042 -0.0402181451996088
118.587699999  60.8860369033953  2.17309867410184 -82.0042788715213 0.0092061953655865 0.998874431676874 0.0204455615384732 -0.0417982621943801
118.796199999  60.7500879059234  2.20059373262915 -83.6021099186999 0.0103992207406595 0.998903416410841 0.0160931045722855 -0.0427180626428961
118.9007   60.685108880147  2.21214358509804 -84.4126942366353 0.0108067546120946 0.998973487049501 0.0129265227812959 -0.0420486769791742
119.109399999  60.5630959412956   2.2307566136849 -85.9931471054368 0.0118175835962537 0.999064289916828 0.0133773909291579 -0.0393946029661315
119.317099999  60.4634685929537  2.24720129962196 -87.5811741747895 0.010696701664628 0.999188502234169 0.0171310254535769 -0.0348488958712528
119.5254  60.3772958241842  2.26700577550061 -89.1533588601634 0.00946230884616884 0.999333861819343 0.0172227746600958 -0.0307518026389736
119.7338  60.2991919534879  2.28841777353217 -90.6889662594782 0.0101322766209912 0.999467735739614 0.0150272260272633 -0.027124982284416
119.941999999  60.2305638191944  2.30987477338548 -92.2434098439198 0.0102783274949713 0.999483400643041 0.0178627184542391 -0.0246619365085947
120.254599999  60.1405308075344  2.34076657940328 -94.5370247014211 0.0084490476967034 0.999542708435088 0.0181501528567998 -0.0226618524958116
120.463099999  60.0935592152578  2.36435248638107 -96.0307733800932 0.00488940941595519 0.999628985775508 0.0147799874118854 -0.0223503119686815
120.6714 60.0454051110672  2.3792208061078 -97.462335654079 0.00243458769484705 0.999592827355272 0.0172693668045852 -0.0225836501216849
120.8799 59.9914165150033 2.39333974666862 -98.802217702511 0.00238635529464004 0.999514814509608 0.0209300961371229 -0.0229427975609523
121.192499999  59.9248182616769  2.41513301046596 -100.624787437541 0.000706992437783588 0.99958979135093 0.0175555592765345 -0.0226175048841755
121.4008  59.8812502883715  2.42910663437688 -101.704934248477 0.00109694484436384 0.99964131353607 0.0156587600679759 -0.0216989450670565
121.7137  59.8327150128836  2.43523855835037 -103.160754624928 -0.00130119260604848 0.999666139632368 0.0146364140898571 -0.0212530363221849
122.026499999  59.7739233613533   2.4393123576997 -104.545543507809 -0.00209236436760604 0.999594363203536 0.0112216819579399 -0.0260922386372773
122.339399999  59.6851999377914  2.44430927955379 -105.860025152458 -0.000954664666449517 0.999373193197703 0.0110957563089263 -0.0336034748967097
122.757699999  59.5507222535466  2.44356276379352 -107.335644322402 0.000396630634161133 0.998993170312985 0.0125588972845116 -0.0430669531212481
123.278  59.3852085128117  2.44356006370484 -108.944481841929 0.00199690199752976 0.998481312024501 0.0110600090922157 -0.0539329038632567
123.695099999  59.2286574158864  2.44519123467476 -110.159336798023 0.000651802488482163 0.99777246241055 0.0107671578660771 -0.0658312746359188
124.112399999  59.0185307341468  2.44488276496418 -111.358454152162 -0.000875555199842675 0.996227369692643 0.00718050422418401 -0.0864794868015363
124.5297  58.7060688686483  2.44368381346494 -112.602908953819 -0.00537723142306021 0.993067647029858 0.00579798649326425 -0.117277948299874
124.947  58.2873500161819  2.42793982260896 -113.947157825407 -0.00710730819967075 0.987423128811158 0.00236271217105105 -0.157922349432038
125.26  57.8439367072143  2.42104652562252 -115.018768429213 -0.0137528844090191 0.980246943422157 0.00136612050876287 -0.197293998379843
125.572999999  57.2307899544392  2.39759259723748 -116.168806984347 -0.0142940339641219 0.969787319281092 0.00185173898625653 -0.243525783064861
125.8867   56.447930671139  2.37337255150194 -117.301649707916 -0.0151646897225224 0.955851126769318 0.00240816110502257 -0.293449921450895
126.094599999  55.8216531694223  2.35721752133294 -118.063314466362 -0.0147063996989226 0.94431678699844 0.00215647692175729 -0.328701805909437
126.3031  55.0992876945204  2.33630299814406 -118.851482027443 -0.0159131756644432 0.931200645317513 0.00318306994394097 -0.364145571257226
126.5117  54.3127956154209  2.31118594403073 -119.540185200556 -0.0172187588489548 0.916630306567165 0.00270697598006831 -0.399355815917749
126.720299999  53.4306999039035  2.28520373333938 -120.231918718967 -0.017091263078647 0.900871653955497 0.000959651946205387 -0.433747888633485
126.928799999   52.466454280616  2.25238372406304 -120.879959342174 -0.0171651520241669 0.884837610146136 -0.000424911521846582 -0.465583054542431
127.1371  51.4053455906074  2.21082134284272 -121.499740045446 -0.0173324623591505 0.867803971753048 -0.000985736244859738 -0.496603343406244
127.3456  50.2922719226638  2.17434341467897 -122.033346234723 -0.0166484522984771 0.848655597875388 0.00103305234219889 -0.528682738543346
127.5541  49.0940528692567  2.13416016916214 -122.488610045975 -0.0119280003102043 0.827838820635675 0.00269630577116167 -0.560832719973008
127.7626   47.848259355474  2.09337281432495 -122.882173002236 -0.0131405180790599 0.804802632809922 0.00340062355688932 -0.59338729744262
127.971299999 46.5084912863084 2.06159366500536  -123.1810499175 -0.00921627853954738 0.78098681620157 -0.0019444584198613 -0.624476478508735
128.179699999 45.1916797057804 2.01054748301501 -123.34611199642 -0.0109889106191035 0.755565049267508 -0.0065489760409176 -0.654948708741081
128.387799999  43.8046527282038  1.95534204832722 -123.441626666506 -0.0121352148150856 0.733075357847799 -0.0129273847280581 -0.679916273523296
128.5961   42.361136360442  1.88793811855556 -123.461576144135 -0.00958215812908027 0.712699388984631 -0.0143362386793576 -0.70125760990313
128.8042   40.869221087655  1.81999067844567 -123.423293643984 -0.00807977164063071 0.694978017778602 -0.0133540267132022 -0.718861559735463
129.0124  39.4071362788772  1.75323147746971 -123.313442589066 -0.00759559760567866 0.679941459571155 -0.0121906273397633 -0.733125710269612
129.2204  37.8870758954239   1.6936254247568 -123.149042349645 -0.00586533292109739 0.665087125595212 -0.00879929944522564 -0.746690890239393
129.4285  36.3462557163616  1.64173286189065 -122.921193891573 -0.00406957054771587 0.650019436925952 -0.00397339671907981 -0.759896297090951
129.636699999 34.7422235171611 1.60052314767126 -122.63878367719 -0.0061333264903407 0.636349916683183 -0.00100617968543411 -0.771375494455139
129.844799999  33.2079826783232  1.54788215767852 -122.298547273726 -0.0112785191058701 0.62555069382095 -0.00587494633525809 -0.780079873777336
130.052899999  31.6031181893803  1.49278103913775 -121.922008634908 -0.0124301622187525 0.617057746862416 -0.00740437237827443 -0.786784852023715
130.260999999  29.9497219821623  1.42268503053025 -121.494988438715 -0.00749344085541857 0.611815285310035 -0.00996221471563192 -0.790902433479065
130.468999999  28.3502148826989  1.35453078061466 -121.061191403304 -0.00781985961576648 0.608352752091252 -0.0114215229668667 -0.79354604632101
130.677699999  26.7032628857047  1.28060208784898 -120.614124698285 -0.00762068121658047 0.606036752074461 -0.0134187125205694 -0.795286940988674
130.8853  25.0418483733758  1.20513008386125 -120.161046722971 -0.00646709907639722 0.606109804031006 -0.0147175863935119 -0.795218507542286
131.0934  23.3773795822433  1.12638566892534 -119.708743971722 -0.00417422388257047 0.608389493579534 -0.0169607224979379 -0.793446364822075
131.3025  21.7039344886771   1.0503456767178 -119.283369714494 -0.002095175152284 0.612898261622082 -0.0176404103300012 -0.789962117487351
131.5095  20.0671350675949 0.974925051073259 -118.887840732811 -0.00166152452995128 0.617907992299242 -0.0171516773675934 -0.786061557610111
131.613499999  19.2484918208728 0.939140579922043 -118.702914451067 -0.00164967534309792 0.620488553702745 -0.0168089041966006 -0.78403360516935
131.821599999  17.6154721115131 0.867926132655891 -118.346316221139 -0.00127700828539957 0.625599772788766 -0.0171545245930452 -0.779954495994779
132.029799999  16.0343855584224 0.797310885228178 -118.024915736213 -0.00121686607754699 0.63005022817831 -0.015820020054226 -0.776392269522883
132.237999999  14.4920762503435 0.729561797433291 -117.724373655111 -0.000574133763695466 0.633402096097412 -0.0144552345502515 -0.773687599243987
132.448  13.0014834139569 0.661551979877428 -117.445600433606 -0.00146707440715614 0.634653581511965 -0.0134117417594723 -0.772678978845482
132.654899999  11.6343127413539 0.603515282050237 -117.182297616532 -0.0024472530237348 0.634759907507975 -0.0131648666967983 -0.77259339698056
132.865499999  10.3043218460357 0.544028651473522 -116.924464832509 -0.00256137937833944 0.633956042122256 -0.0127667329024635 -0.773259456148686
133.072499999  9.02503040141546 0.483669145394885 -116.671569596894 -0.00293606864215334 0.631511036825202 -0.0124587739934986 -0.77526122618087
133.280499999  7.83390901322309 0.434543852458101 -116.417359917196 -0.00334233126770044 0.627893651985932 -0.0122741712528702 -0.778195178176736
133.4892  6.67858659567885 0.382885489371235 -116.153282656063 -0.0042483292193466 0.621973691171104 -0.0124123692684107 -0.782928229328194
133.698   5.5566404717144 0.330930481800659  -115.86688238182 -0.00464962140207355 0.612408415419297 -0.0122016518922127 -0.790433699582416
133.906599999   4.4890237578975 0.281407005894996 -115.544671532841 -0.00444459009035854 0.597490559406738 -0.0125701874741614 -0.801765094915971
134.115499999  3.49988969268323  0.22966306658214 -115.173657220322 -0.00435763336019681 0.577457449666008 -0.0138639343653236 -0.816291428462067
134.3246  2.54468296542883 0.189414620485846 -114.756495249196 -0.0060938384876905 0.54956566003823 -0.0136919090950646 -0.835316097094126
134.5336  1.67834115326026 0.141707519055476 -114.268998071334 -0.00798102733706501 0.514223787388246 -0.01549612463434 -0.85747890341865
134.742799999  0.901113964064464 0.0963474853042068  -113.705951352798 -0.00923531206129442 0.47392997489007 -0.0188683144116993 -0.88031191893731
134.951899999  0.154543818002409 0.0493397013271204  -113.073626931397 -0.00843608979422666 0.429421304645838 -0.0206229340077303 -0.902829369315245
135.160699999    -0.4901672634691 0.00473296507837451   -112.382053100636 -0.00731768936646503 0.380426106274787 -0.0182476604539098 -0.92460232098719
135.369499999   -1.03849537721409 -0.0348506844359275    -111.62908179544 -0.00630059334543207 0.331176555835285 -0.0194679106382027 -0.943346909595805
135.5783   -1.50814685511255 -0.0651399464789293   -110.820962398246 -0.00515114534679801 0.280765503920079 -0.0195271412298118 -0.959563905253585
135.787  -1.93342426042963 -0.094233254527688  -109.943755349117 -0.00348157740644969 0.230317323907929 -0.015985325032229 -0.972978046160481
135.995499999  -2.23350094997573 -0.124178259968765  -109.036994120433 -0.00293358229826393 0.181071431184844 -0.017166698396422 -0.983315735341268
136.204  -2.48116461972643 -0.144278470736258  -108.064292680778 -0.00155762715683388 0.136131325467562 -0.0161776650418106 -0.990557478987403
136.4121  -2.66960922991591 -0.159492138403832  -107.018343415665 0.00251156864870579 0.0991364443953106 -0.0172138573963366 -0.994921776085496
136.6202  -2.80267563034581 -0.176417930972671  -105.922435298458 0.00486046592881283 0.0698324413567207 -0.0165407055546839 -0.997409750837071
136.828  -2.92402274167287 -0.183535661066697  -104.767767623715 0.00179455579889275 0.046941516719763 -0.0148405579953444 -0.998785778541084
137.035899999  -2.98731488008061 -0.192738660372965  -103.593995044282 -0.000430199148748505 0.0299915843590219 -0.0126722767850417 -0.99946972600345
137.243699999 -3.03450011056297 -0.20738303368819 -102.339620489542 0.000930559273672553 0.0171477661967982 -0.0120038107224594 -0.999780474255243
137.451699999  -3.06190125273095 -0.219466088112046  -100.993590072422 0.0022343494811203 0.00477864491827451 -0.0109387675983192 -0.999926255080129
137.6596  -3.04792843503763 -0.231942916291276  -99.6442282531291 0.00185915535031479 -0.00442470921068365 -0.0119534719574687 -0.999917036557507
137.8675  -3.03037424192498 -0.242433285506369  -98.2073233327402 0.0014215607001969 -0.00815844613651746 -0.0125242815950148 -0.999887274292628
138.0755  -3.02612395267706 -0.254327694956295  -96.7040060649611 0.00117972989488436 -0.0078980396592896 -0.0115245280828455 -0.999901702398482
138.2835  -3.01108236269907 -0.270596684394158  -95.1718392995315 0.00148716518105901 -0.00777413938060038 -0.00956287808585361 -0.99992294826118
138.387699999  -3.00872240200296 -0.278761827146632  -94.3758944190486 0.00143719247066882 -0.00805055830699786 -0.00869555078980884 -0.999928752654513
138.5959  -2.99398516583659 -0.293205351390374  -92.7537853093999 0.00116320392282909 -0.00941121056335559 -0.00758809956065186 -0.999926245688863
138.8041  -2.97303262333694 -0.310773018650813  -91.0909702053518 0.0014095674597577 -0.0109522293234934 -0.00728292562976978 -0.999912506565796
139.0124  -2.94092536065764 -0.326644336430299  -89.3626781295827 0.00197946273868431 -0.0127758707324136 -0.00662789193782525 -0.999894459381967
139.220799999    -2.904423742784 -0.343823448040392  -87.5974697057318 0.002287732052617 -0.0152659102482315 -0.00598197361883552 -0.999862957738695
139.4293 -2.85236714407725 -0.35839892665381 -85.7782290343699 0.00229538587441842 -0.0186155965906992 -0.00562655602418008 -0.999808247932856
139.637699999  -2.78821135035658 -0.372649070278865   -83.939944489122 0.00232788658562951 -0.0215147402372499 -0.00640474752205705 -0.999745305618259
139.846  -2.71107205835705 -0.392338105790113  -82.0475529714127 0.00259259472133525 -0.0223753689960709 -0.00723240765095618 -0.999720117630165
140.0543  -2.64053904755705 -0.411831997148139  -80.1454021295026 0.00252236784162157 -0.0218141362086532 -0.00761163402626302 -0.9997298855938
140.262599999  -2.58296785298222 -0.431496591129122  -78.2458484774469 0.00276773453970795 -0.0212896556491987 -0.00693565671450804 -0.999745461041857
140.4709  -2.51274762678552 -0.454645278369867  -76.3066319003659 0.00332962563643062 -0.0205309720821571 -0.0062582434823094 -0.999764085755734
140.6791 -2.45867036127827 -0.47699771383035 -74.3985117352924 0.00326085538849187 -0.0200963945637125 -0.00506522907540031 -0.999779898378683
140.887499999  -2.39777484361441 -0.503536608252495  -72.4569815541419 0.00190524095107866 -0.0199050902464793 -0.00476036475763965 -0.999788725864906
141.095799999  -2.33339806279683 -0.525605385855729  -70.5582699258822 0.00519399225036774 -0.0207139538290061 -0.00439170459431347 -0.999762305496676
141.304  -2.26708223300062 -0.541573816335996  -68.6362434140894 0.00564756160175413 -0.0214120207900611 -0.00449481634597585 -0.999744680925913
141.5124 -2.19659619648111 -0.55724801828761 -66.7205478198017 0.0051129574529131 -0.0217416881568781 -0.00476296652760123 -0.99973920139806
141.720699999 -2.12563716294177 -0.57476010382358 -64.8484783773412 0.00540169772449997 -0.0221897505834704 -0.00468955737458974 -0.999728185399595
141.928899999  -2.05546485435591 -0.593215957157489   -62.971291829793 0.00476121267309139 -0.0225457531493392 -0.00443997698844435 -0.999724615318215
142.1372   -1.9831185028279 -0.611593472184931  -61.0763008214448 0.00380997993125038 -0.0223124077141759 -0.00453287790971138 -0.999733511258263
142.345499999  -1.91486136566967 -0.633296151771863   -59.216238987223 0.00372206714399546 -0.0220691456378038 -0.00439888741988386 -0.999739840566765
142.553899999 -1.84364431588222   -0.652766907889 -57.3340384512962 0.00421083204919329 -0.0222043132712982 -0.00459029489110674 -0.999734047913952
142.7624  -1.77407678398671 -0.673127463350254  -55.4519724175206 0.00426754737819518 -0.0224189911012914 -0.00441272585871851 -0.999729815864202
142.970799999  -1.70004526432946 -0.690591180999569  -53.5858750864597 0.00284482374902062 -0.024497868996393 -0.00430587666471879 -0.999686561287397
143.1792  -1.61148075531215 -0.716576555583034  -51.6843609671821 0.00269743990735107 -0.026686180310566 -0.00463139667000358 -0.999629492243633
143.2835  -1.56301363792503 -0.728399403082372  -50.7513817736361 0.0031260922903796 -0.0276990548894088 -0.00532068381734514 -0.99959725901432
143.491999999  -1.46354589603458 -0.748490069425779  -48.8372801737972 0.00319487939863477 -0.0293890020952918 -0.00575761069091884 -0.999546361716455
143.7005  -1.35057899434118 -0.766486711187029  -46.9352689150009 0.00486957735973253 -0.0299933486780427 -0.00995609624408165 -0.999488650460321
143.908899999  -1.25293972985679 -0.784439971208267  -45.0167470398298 0.00367780380183888 -0.0298289088344339 -0.00907976128533203 -0.999507012427599
144.1174  -1.15308144706199 -0.802238646584047  -43.0652830853322 0.000805438297493485 -0.0287304514398939 -0.00913838490658071 -0.999545097707206
144.3257  -1.06441872553953 -0.828884380082415  -41.0947126725441 0.00119481470501787 -0.0261355888424868 -0.00845104534175612 -0.999621970169878
144.533999999 -0.987788871865184 -0.856195071186508  -39.1251621733975 0.00136009759377064 -0.0212477337227472 -0.00999131546446273 -0.999723390524335
144.742199999 -0.936046095061617  -0.88259557590723  -37.0996346265086 0.00140536422820161 -0.0160782733827273 -0.009194849911595 -0.999827469522377
144.9505 -0.907716181720922 -0.907313121443262  -35.0494703097275 0.00262232192947995 -0.0113764196248538 -0.00767320539262547 -0.99990240644936
145.158899999 -0.892847964702058 -0.933757183937503  -32.9920719936395 0.000414668063404871 -0.00801155919132661 -0.00712135521856677 -0.999942462979532
145.3673 -0.88221303731927 -0.96481028859066 -30.9227321934417 -0.00220200130753865 -0.00632694330970094 -0.0072462122160939 -0.999951305507982
145.5756 -0.863347310580504  -1.00655665510662  -28.7959859250943 -0.00129764748051422 -0.00532867788288879 -0.00966391690030065 -0.999938263100868
145.6799 -0.856246998503548  -1.02334110201978  -27.7264748879076 0.000334464822405653 -0.00517342209606575 -0.0103859971894709 -0.999932625180056
145.888299999 -0.851867170538175  -1.05259525427391  -25.5911805389521 0.00271832171048055 -0.00464677380470962 -0.0108655774814824 -0.999926476020252
146.200899999 -0.851725792993633  -1.08842557701069  -22.3542639559658 0.0035947534350638 -0.00402764691083647 -0.00870399259750487 -0.999947546784813
146.4093 -0.854012228419003  -1.11331519056883  -20.2031054373522 0.00258566871648159 -0.00431937389012336 -0.00761024525013822 -0.999958369880326
146.6175 -0.852666342961074    -1.143810276868  -18.0501250489495 0.00201706027742982 -0.00499076298246172 -0.00727472981020937 -0.999959050190996
146.825899999 -0.845902728341759  -1.17526107975054  -15.8820190161837 0.00204684230615448 -0.00551176432388711 -0.00719929700860437 -0.999956799573458
147.034199999 -0.835937156601082  -1.20640352238593   -13.704548191145 0.00188789769010397 -0.00580091284901552 -0.00747054680384468 -0.999953487009712
147.2425 -0.824081965377666  -1.23741884401333  -11.5416219790049 0.00270038271243751 -0.00602728851423336 -0.00722628849963602 -0.99995207909224
147.450799999 -0.81526024872553  -1.2670730800351 -9.42623289148992 0.00212752332984063 -0.00596622752519271 -0.00689849697864748 -0.999956143294812
147.659099999 -0.805224034272199  -1.29644557477886  -7.23568993507957 0.00297233802424728 -0.00532305547755889 -0.00646483626160227 -0.99996051731014
147.7632 -0.801834889469555  -1.30853485874882  -6.17819025252409 0.00404900343917182 -0.0051373182975403 -0.00652704214225512 -0.999957304714923
147.971699999 -0.802166552235504  -1.33291412515684  -4.04171304847169 0.00385190938154608 -0.00480835440599451 -0.00581224176973278 -0.999964129540472
148.1799 -0.802645043942015  -1.35451142356497   -1.8860499330764 0.00454721258128476 -0.00546813434354189 -0.00362231117741905 -0.99996815010593
148.284199999 -0.803025461554801   -1.3655506262475 -0.805104734299995 0.00400065221719771 -0.00655655684862802 -0.00176591619131935 -0.999968943459812
148.4925 -0.790130630582149  -1.39085167232811   1.33967518834978 -0.000443136591598915 -0.00961965047015391 0.00123454083452892 -0.999952869821234
148.700899999 -0.76021028635495 -1.42750186089156  3.52338365846345 0.000285593909357687 -0.0131851539516557 0.00170168046359891 -0.999911583308739
148.9093 -0.699936198999689    -1.457911208747   5.71000041681565 0.00286223288631053 -0.0164346157748924 -3.04163684160229e-05 -0.999860845369035
149.1176 -0.626551649259291  -1.48218799681085   7.88904786153467 0.00433654415916724 -0.0198626500493896 -0.00130739653088665 -0.99979245857932
149.326099999 -0.543681423025657  -1.50190418053859    10.033996140087 0.00417359999257483 -0.0225732336760425 -0.00107213053448495 -0.999735905487357
149.5343 -0.452056419826919   -1.5273507221346   12.2215092152569 0.000803989395577052 -0.0245535820072281 -0.00199995387010321 -0.999696191548304
149.7425 -0.352703364474421  -1.56076587934961   14.4083031751771 0.000568496760114374 -0.025055695164865 -0.00336199784638712 -0.999680241838219
149.950899999 -0.249759442443828   -1.5939190514201   16.5935526257822 0.00178044750832574 -0.0246131427884523 -0.0072110496851839 -0.999669457356372
150.158899999 -0.149667359858803  -1.62288350906552   18.8424434401768 0.00208612126653213 -0.0234899646341735 -0.00946863315342786 -0.999677055176197
150.367099999 -0.0624198655119168   -1.64282073238162    21.0861041777742 0.00662377786448246 -0.0213404390722746 -0.0108814623539687 -0.999691104793898
150.575299999 0.00383649520282895   -1.66101572401344    23.3035789646963 0.00167004844159317 -0.0181163860707429 -0.0125401247562059 -0.999755846577072
150.7835 0.0631488471137741  -1.69103529184735   25.5436310845639 -0.000572374623914708 -0.0147940903680119 -0.0132823799500681 -0.999802173262459
150.9918 0.101785598831613 -1.72287731465268  27.8307840290011 0.00236256419315676 -0.011614866436352 -0.0131417194669149 -0.999843391925731
151.200099999 0.123726208410652 -1.74391668913985  30.1425587279046 0.00298522975799192 -0.00910868196755902 -0.011592513988151 -0.999886860567505
151.408299999 0.146277693962366 -1.77124551823412  32.4640372169664 0.00381327706312266 -0.00708881494506764 -0.0124585812901264 -0.999889989635336
151.6165  0.15956574093036 -1.79341388972194  34.7781770730215 0.00268502826769805 -0.00507207703676784 -0.0137852081746061 -0.999888510131664
151.8246 0.160826572501987 -1.82046505574034  37.1284243025777 0.00196493455672942 -0.00297676949615435 -0.0133593856224169 -0.99990439777578
152.0329  0.14676071576316 -1.84870869221197    39.47923059047 0.00463116314111784 -0.000393169729278333 -0.0129710849889557 -0.999905069844
152.241199999 0.122668073247937 -1.87036290082886  41.8508592483599 0.00435168387360385 0.00240471029789006 -0.0121854386396051 -0.999913393900196
152.449399999 0.0832809114705582  -1.89565902565906   44.1895134303182 0.00397143165102264 0.00402072461433487 -0.0114964941404673 -0.999917942696647
152.6576 0.049787200290792 -1.92496764194506  46.5576866284991 0.00442215275225146 0.005599735903294 -0.0109785952571241 -0.999914275310154
152.8659 0.00224066507098803   -1.95341215593751    48.8443924764594 0.00431832982135906 0.00671134255735115 -0.0117177378666684 -0.999899497213555
153.074299999 -0.0539459317781603    -1.9812228211587     51.172807700418 0.00344751756159372 0.00787580628149224 -0.0117848502207694 -0.999893596140786
153.282499999 -0.103436773510602  -2.01983306144261    53.454193638618 0.000113700885235294 0.00868753276826512 -0.0123733764819466 -0.999885700168247
153.4908 -0.162044608512484  -2.06607296066365   55.7161930299658 -0.00134437689488954 0.00986840232297763 -0.0131487075717548 -0.999863950132991
153.699 -0.221026784617967   -2.1107295627141   58.0518409766491 0.00212186409258569 0.0115678047615915 -0.0145930019435101 -0.999824348513301
153.907299999 -0.293853031569733  -2.14917784903806   60.2834329168853 0.00276880131850737 0.0128641997872901 -0.0140772995445932 -0.999814320631898
154.1156 -0.377709667718137  -2.18113912748897   62.5363773246435 0.00481863956517772 0.0140616759221723 -0.011684572964571 -0.999821244392035
154.3239 -0.461775321735655  -2.21039401914253   64.7027472472677 0.00502439730253948 0.0151231886400137 -0.0101718371860731 -0.999821273191046
154.532199999 -0.550914230713327  -2.23772508353751   66.8253850350298 0.00523582497993518 0.016327176915586 -0.00871120456940291 -0.999815045068685
154.636799999 -0.594536521042783  -2.25353061900487   67.8461830252391 0.00549937070983553 0.017239785018862 -0.0083777801247767 -0.999801159998567
154.8446 -0.687286006899167  -2.28087523251187   69.8523077656224 0.00619930653774382 0.019085841585911 -0.00747680097208551 -0.999770672052663
155.052799999 -0.779440168112437  -2.30232299888784   71.8303324890661 0.00583223034200145 0.0208906631067414 -0.00681565019656192 -0.999741522693039
155.2612 -0.883132956430817  -2.33097179265848   73.6900720907507 0.00536946906260214 0.0226964191084268 -0.00673614811584433 -0.999705289407934
155.4695 -0.988187366970509   -2.3563715363526   75.5206718395632 0.0054790828374663 0.0238383341247279 -0.00569261759204368 -0.999684604053883
155.677899999 -1.09179384982901 -2.38088002979297  77.3075562202058 0.00535857850586158 0.023331866604741 -0.00389188059641886 -0.999705838185693
155.8864 -1.1781125696006 -2.4010966395782 79.0219149311957 0.00446002824819104 0.0197395991463655 -0.00237262905685921 -0.999792391951912
156.094999999 -1.24264478357508 -2.42727516486215  80.6760999903708 0.00381050801903995 0.0134352497848116 -0.00136955168025851 -0.99990154436327
156.3035 -1.26912812301031 -2.45189012853589  82.2834593006303 0.00351194927827411 0.00364539413638106 -0.00150936986124426 -0.999986049460931
156.5123 -1.24676434323219 -2.47599815074313  83.8221748373774 0.00290070963717315 -0.00779199708406792 -0.00319145691781152 -0.999960341847508
156.7209 -1.19368912837424  -2.4980622396799  85.3715492386098 0.00387616150151889 -0.0189677097359575 -0.00589827016921367 -0.999795184909588
156.929499999 -1.10367149197623 -2.51901825916065  86.8438879713682 0.00515685224516839 -0.0294396265895563 -0.00862464691168201 -0.999516048258775
157.242099999 -0.921827663800578  -2.54100417426766   88.9944347288605 0.00517908507646104 -0.0418863299845699 -0.014244732281909 -0.999007407400171
157.554599999 -0.725709879509744  -2.55894556146014   91.0525353704308 0.00650937709623242 -0.0453797905402725 -0.0209525942486108 -0.998728837780603
157.9712 -0.519276953613283  -2.58052519895808   93.5444008199682 0.00745730719437446 -0.0390816134124173 -0.0261336376738374 -0.998866381977301
158.2835 -0.414229512406312  -2.59186481031524   95.1438468719092 0.00881282963774868 -0.0321787849011709 -0.0290173827978818 -0.99902194737234
158.700299999 -0.329394864764648  -2.60971891571936    97.150104309032 0.00655376877280513 -0.02336667443481 -0.0295742115478579 -0.999267938368911
159.116999999 -0.294228854417768  -2.62760196372788   98.6600806433213 0.00372338196657867 -0.0160956363610048 -0.0283998148028055 -0.999460112979018
159.6381 -0.290861313977078  -2.65481651812322   99.8942668044019 0.00240976475948448 -0.00977646450484467 -0.0261064428554303 -0.999608457055574
160.472199999 -0.291531076492322  -2.69195077367405   101.654192769041 -0.00257209147341854 -0.00203415113729927 -0.0262073064575403 -0.999651150983604
161.201799999 -0.322169841195244  -2.72000201885324   103.023854174567 -0.00127069474727933 0.00601005517649956 -0.0255250251706959 -0.999655309425039
161.7228 -0.383471112753856  -2.75625640853415   104.249491366547 -0.0070528544707879 0.0142049821416613 -0.0215861807888694 -0.99964119189093
162.0354 -0.433149017088264  -2.77899548775718   105.217475495657 -0.0102931769506751 0.0189800251431039 -0.0206421874266884 -0.999553755058762
162.348199999 -0.516923288307741  -2.80822088575744   106.375282596766 -0.01254608766259 0.0189894307880945 -0.015394764694984 -0.999622427931013
162.660799999 -0.564668220849896  -2.84762408150476   107.779503599476 -0.00683904741316572 0.0173816795308748 -0.0144511010708618 -0.999721096268858
162.8693   -0.608603760356 -2.86603297704961  108.802562708828 -0.00174877475588109 0.0163511503369614 -0.0136518624525232 -0.999771578072256
163.077899999 -0.623152938512725  -2.88549075635661   109.898967928673 0.000961361111500494 0.0158016188788456 -0.0224992389468273 -0.999621512809941
163.2863 -0.662347274028672  -2.89586790392232   111.090745781766 -0.000470760212927194 0.0167453127519748 -0.0245246154789152 -0.999558860758721
163.494699999 -0.718504121268304  -2.90107881291248   112.401354152038 -0.000925080096047433 0.0184166193993533 -0.025590873363169 -0.999502415983686
163.703 -0.758297847366167  -2.91428789104716   113.721481646624 0.0017294459337881 0.0214292609172471 -0.0304981207399895 -0.999303587717282
163.911399999 -0.846534769685813  -2.94114209088198    115.15643499608 -0.00434394216377117 0.0242754641957347 -0.0284483680205022 -0.999291009847247
164.1199 -0.937198528881419  -2.96768117810437   116.604878010428 -0.0124674151169815 0.0250457869334001 -0.0264745343868863 -0.999257910224475
164.328399999 -1.02015545321464 -3.01228988988838  118.183300336315 -0.0068595287953869 0.0263584415351572 -0.0284061620942027 -0.999225334636598
164.5369 -1.12016169751627 -3.05326283333935  119.820735894775 -0.0057406960382409 0.0276817276315481 -0.026770294024659 -0.999241771405781
164.745399999 -1.23051908349643 -3.09238399953974  121.504537152663 -0.00943301937636225 0.0286484268909662 -0.0258115332622279 -0.999211714569425
164.9539 -1.34530134234588 -3.14140081961253  123.264825133524 -0.00676177636514686 0.0292380248395009 -0.0245578431943772 -0.999247881469615
165.162299999 -1.46203477788457 -3.18432482750722  125.068139226175 -0.00410592641851196 0.0300659027041619 -0.0247579873527711 -0.999232818178561
165.3708  -1.5836010782019 -3.22566884406703  126.912557303414 -0.00261850396838757 0.0299881881806925 -0.0245288433458491 -0.999245809523724
165.579299999  -1.7066158105293 -3.26639903891048   128.81350836592 -0.00512354038748408 0.0285315516876839 -0.0235422757668386 -0.999302487309978
165.7878 -1.82294703776664 -3.30929567930923  130.766248891621 -0.00412364618314911 0.0269655782486539 -0.0233373346834482 -0.999355403218367
165.891999999 -1.87970476439411 -3.33086684260506   131.73601506769 -0.00330178466588934 0.0260286816479027 -0.0231600821611335 -0.999387420645258
166.100599999 -1.98758059541738 -3.37454918088215  133.757044567792 -0.00284447326338188 0.024536371172499 -0.0236810782151255 -0.999414369516523
166.308899999 -2.08909153536994  -3.4198612941167  135.774652053239 -0.00321091567464821 0.0237843774477875 -0.0248473290464533 -0.999403123693942
166.5174 -2.19546415294959 -3.46669904176418   137.81574823972 -0.00338933041688452 0.0240413670242489 -0.025093502092551 -0.999390234724986
166.725699999 -2.31192204180131 -3.51323963021135   139.86859699115 -0.0026200537138212 0.0249063619203625 -0.0237199847706487 -0.999404908321402
166.933999999 -2.43217499481283     -3.5643373286  141.963714368236 -0.00469810487392571 0.0256218489436313 -0.0228772035298151 -0.999398860428587
167.1425 -2.55799654299959 -3.61485532601896   144.05982748277 -0.00269659032788017 0.0262085472654158 -0.02098840178385 -0.999432502694104
167.350999999 -2.67882543827353 -3.65918084012209   146.18445106165 -0.00195655218640432 0.0263140716104573 -0.0221164138744041 -0.999407127138964
167.558999999 -2.79821903005912 -3.70526102013434  148.305856300837 -0.000457448731731198 0.0260505707665375 -0.0228758571486901 -0.999398746078415
167.7674 -2.92231954287597 -3.74840358195511  150.453078061273 -0.000760936770048264 0.0261858844758799 -0.0221150734159448 -0.999412149194343
167.975599999 -3.05374137642522 -3.79790773700324  152.583409200431 -0.0030514515870736 0.0259348474216261 -0.0199155750802284 -0.999460575611491
168.183899999 -3.18678320911865 -3.84563264480111  154.719943787494 -0.00168429394544878 0.0261122598763275 -0.0164468324961779 -0.999522293267589
168.392099999 -3.31312206608747 -3.88342018833107  156.862458467311 0.00566577621620786 0.0265788035352532 -0.0162959687928736 -0.999497827703294
168.496399999 -3.37923474788858 -3.89461678373016  157.914314272174 0.00523695207013657 0.0266613029968472 -0.0152267576096123 -0.999514829859079
168.7047 -3.50890652758223 -3.92502205233896  160.040740848533 -0.00168450131956298 0.0265418218442509 -0.0143583631848717 -0.999543161426831
168.913 -3.63133398394326 -3.97038992794373   162.19593106272 -0.003689630886426 0.0259064710432602 -0.015111660136656 -0.999543335283629
169.1217 -3.74781046554209 -4.02259582940546  164.334384118437 -0.00221723125441589 0.0256969077341169 -0.0170490311042286 -0.999521927401733
169.3299 -3.86616967740332 -4.07390529852997  166.458665698583 -0.00270273815774221 0.0260345396064414 -0.0185927405549963 -0.999484471091265
169.433999999 -3.92939215802827 -4.09708468395646  167.540495706758 -0.00397179421347437 0.0264860929793935 -0.0192044471927064 -0.999456802937193
169.6423 -4.05138865797048 -4.15547123249244  169.680892945136 -0.00309944789995969 0.027459643519983 -0.0204021954558161 -0.999409881790776
169.850699999  -4.1822031606408 -4.20424579926823  171.834028346613 0.000802454733596419 0.0283835806498326 -0.0209068964843203 -0.999378121681323
170.058999999 -4.31968133272888  -4.2497776739742  173.963548345285 -0.00326086345293663 0.029024644572337 -0.0195233865686835 -0.999382696545163
170.2674 -4.46197502780882 -4.30332817019092  176.123375947007 -0.00407556197079099 0.029450107500006 -0.0182474154510972 -0.999391371181588
170.475799999 -4.60397243974874 -4.35575966632833  178.280054392825 7.20056032097724e-05 0.0300198376002244 -0.0182342513744342 -0.999382967756837
170.6841 -4.75307346505943 -4.39846970754803  180.463021381216 -0.00177751349046434 0.0308680162334056 -0.017523159693102 -0.999368272907428
170.8924 -4.91479836102165 -4.44930154763049   182.60877817203 -0.00269807228674213 0.0323395237022283 -0.0135476556659298 -0.999381477033973
171.100699999 -5.07886610602438 -4.50089734286124  184.781617336931 -0.00422803239000886 0.0347488294220675 -0.0136194105898654 -0.999294328139157
171.308899999 -5.23977575014619  -4.5558533871305  186.953011158044 -0.00456375328823362 0.0377306888361982 -0.0166165836458852 -0.999139357859458
171.5173 -5.42884935889229 -4.62388000251485  189.131019133819 -0.00832702714757343 0.0398008946811001 -0.017165899595564 -0.999025465787806
171.621399999 -5.52755008437193 -4.66163765286925  190.245908186661 -0.00878799200902159 0.0409757646947758 -0.0169359878008645 -0.998977942810219
171.8298 -5.72764735944691 -4.73398821709786  192.423031389121 -0.00510354564340423 0.0432057043172934 -0.0159815287547847 -0.998925328377939
172.038 -5.93039172774196 -4.79247313367302  194.592195574395 -0.00239395516250524 0.0454335343205105 -0.015425977896558 -0.998845384503409
172.247199999 -6.15598825295533 -4.85090097377289  196.804873283099 -0.00661320365560485 0.0478806019826628 -0.0168255279025289 -0.998689448778743
172.3512 -6.26901661000815 -4.88649117527537  197.904003602711 -0.00795014011057705 0.0491819038601953 -0.0169479169682807 -0.998614391902773
172.558699999 -6.50738688520774 -4.96052286304988  200.111263034893 -0.0066520376112293 0.0519176357858851 -0.01665511723692 -0.998490318711127
172.766899999 -6.75697992814114 -5.02909482058566  202.288623715705 -0.00561354501052988 0.0543929670739534 -0.0157842214890726 -0.998379062078773
172.9752 -7.01781382524325 -5.09720003456821  204.501972879197 -0.00571924316677149 0.0569442099553755 -0.016305459349218 -0.998227819290551
173.1834 -7.28449995942448 -5.16849265414948   206.68629631326 -0.00707805702264591 0.0596665272422122 -0.0175770051213603 -0.998038504030081
173.3916 -7.56928063260293 -5.24057344339131  208.884617897192 -0.00705360194470091 0.0617691999629348 -0.0180313919177048 -0.997902641313798
173.599899999 -7.84965162358654 -5.31847299597367  211.048706390597 -0.00806798041619565 0.0635871843144153 -0.0195305164157491 -0.997752542773759
173.808099999 -8.15014201764681 -5.39380048047398  213.288474318511 -0.0059889335259384 0.0655066968125814 -0.0205391899025968 -0.997622747849142
174.0164 -8.46029261961056 -5.46457828514615  215.508474844612 -0.00602474627674242 0.0670561899308525 -0.020935072539375 -0.997511349590585
174.2247   -8.776766363238 -5.53792501215902  217.727406303505 -0.00705218938413084 0.0684344398211713 -0.0208632998451323 -0.99741251084535
174.433099999 -9.09323629767493 -5.61460882453502  219.926270304437 -0.0079892027504978 0.0696503621249484 -0.0222024879116125 -0.997292358952885
174.6414 -9.41591494226293 -5.69371272732408  222.157509495812 -0.00671083151803664 0.0703302233436801 -0.0233935489351345 -0.997226837932566
174.8497 -9.73266623965901 -5.76963932268095  224.385289076707 -0.00577341800935174 0.0702442271099971 -0.0260419331061152 -0.997173121339672
174.9538 -9.90041038863506 -5.80454027996699  225.509819320714 -0.00750582650154767 0.0703792205846899 -0.0249910560302932 -0.99717895836049
175.1621 -10.2271993770954 -5.88684866653563  227.748647317574 -0.00971984573179985 0.0698804464225497 -0.0239708761218079 -0.997219958135961
175.370399999 -10.5603783840345 -5.97281554625591  229.988070979602 -0.00775236326267923 0.0700402023970035 -0.0222917490681422 -0.997264934125087
175.578599999 -10.8932427743933 -6.04967131680823  232.246119150165 -0.00566073453579677 0.0705811618445762 -0.0218362754904571 -0.997250937703189
175.787299999 -11.2278796763607 -6.12120507427235  234.515143752992 -0.00655281008252471 0.0713377802798716 -0.021250459266726 -0.997204291890943
175.995399999 -11.5680031144971 -6.20127116382738  236.744934990735 -0.00780130724016172 0.0716805397779662 -0.019718678194271 -0.997202192914133
176.203399999 -11.9102703137424 -6.28295835472385   239.01352244592 -0.00759554669564888 0.0718491156221309 -0.0189796316130141 -0.997205989672418
176.411599999  -12.250304138736 -6.36197148387362  241.281141107739 -0.0068533753596007 0.0717553346854874 -0.0189510826264459 -0.997218661908029
176.619799999 -12.5881052148214 -6.43525046301975  243.582521796026 -0.00648524061519527 0.0714950385949223 -0.020108507610458 -0.997217152395682
176.828 -12.9209597811706 -6.51817077965464  245.838616665323 -0.00917421789892042 0.0717467877658382 -0.0209003803877446 -0.997161675091294
177.0362 -13.2642000299616 -6.60462530969775  248.118270515755 -0.00789328316066928 0.0716984870226828 -0.0196709147913012 -0.997201122217017
177.244499999 -13.5993023695572 -6.68270330513799  250.382608182419 -0.00705999653664399 0.0719463221820018 -0.0211932781818112 -0.997158326512543
177.452499999 -13.9355487841341 -6.76458078216218  252.661543936812 -0.00661773222856757 0.0727000477928872 -0.0239968122920202 -0.997043159382223
177.660899999 -14.2797486282146 -6.84720495928254  254.933436396827 -0.00739510697981918 0.073122213358793 -0.0240996808110065 -0.997004342864702
177.868999999 -14.6212535328733 -6.92829175610399  257.174504443948 -0.00679837249700322 0.0732916695042914 -0.0241486435672268 -0.996994963039698
177.9736 -14.7915062943195 -6.96306477048175  258.309241149662 -0.00414422853363528 0.0734995080098703 -0.0237581126703567 -0.997003610712875
178.181399999 -15.1295567519615 -7.03643758204547  260.559171506637 -0.00422377502912139 0.0734385246877321 -0.0259285944048958 -0.996953685387832
178.3897 -15.4734505557776 -7.11926733875928  262.784912140329 -0.0128620061505486 0.0726289180713309 -0.02418595339129 -0.996982772527252
178.598 -15.8045451376498 -7.21472793656782  264.997668216264 -0.00749036270409846 0.0725530897316888 -0.0249416636943854 -0.997024501729573
178.806199999 -16.1375677819928 -7.28501538601245  267.239056262108 -0.00208355259537207 0.0726317823408056 -0.0251395365048433 -0.997039761848494
179.014499999 -16.4604923313566 -7.35824402393363  269.407522212439 -0.00755422593642543 0.0722356876773162 -0.0269458163916853 -0.996994915772027
179.2227 -16.7746534806891 -7.44721698129877  271.551738337036 -0.0118137133862947 0.073228986013229 -0.030639402287459 -0.996774387116246
179.4308 -17.0906407101133 -7.51917101931921  273.754196263688 0.00319538900577703 0.0742839733802928 -0.0341969697376104 -0.996645497681449
179.6389 -17.4228577341068 -7.55951953858804  275.862214504532 0.0020478582359338 0.0739836852173075 -0.0312484907456226 -0.996767652175989
179.847199999 -17.7505604474378 -7.63630442592587  277.913478946544 -0.00953133353517707 0.0738900099522307 -0.0286629074056584 -0.996808837164557
180.055499999 -18.0707510399568 -7.72045594202715  279.965372675122 -0.00723055012618369 0.0742893720184659 -0.0272702865496037 -0.996837569427175
180.2637 -18.3930841197652 -7.78279586191254  282.010494068231 0.00104695408107426 0.0748358095313085 -0.0247578265297782 -0.99688793528885
180.4719 -18.7037379383157 -7.82277243028825  284.032104602516 0.000139149883098022 0.0757458713232808 -0.0249989781758329 -0.996813721166072
180.6802 -19.0155867463802 -7.89030588976525  285.986534213499 -0.00197193517298286 0.0760704813938252 -0.0263859577160473 -0.996751310291385
180.888399999 -19.3177021039729 -7.94558601931099  287.926238585974 -0.00516803734219608 0.0756419759293063 -0.0269940709975072 -0.996756190348734
180.9927 -19.4728242934861 -7.97898263923227  288.923984424607 -0.00399731833151718 0.0749148428548413 -0.027191246955196 -0.996811127473612
181.2013 -19.7675600618328 -8.04327059120127  290.814947426694 -0.00706129446713724 0.0733450840258425 -0.0255111159358217 -0.996955274690595
181.409199999 -20.0582978500496 -8.11579665051568  292.709045692071 -0.00716675117410964 0.0727929129359251 -0.0241434799334589 -0.997029047661408
181.6175  -20.343413987318 -8.17818403759293  294.588898374771 -0.00517822022763864 0.0735912001211043 -0.0242318498528546 -0.996980611021457
181.8256 -20.6362507474834 -8.25539992279416  296.427358087372 -0.00684420296883975 0.0755153637988741 -0.0223127293153968 -0.996871470565059
182.033899999 -20.9383093260676 -8.32230454590592  298.263246707859 -0.00654808311312368 0.078894783551511 -0.0215471317883825 -0.996628545069625
182.2418 -21.2432712114943 -8.37735636375808  300.060596504717 -0.0042339404879639 0.0830575072084105 -0.0219218309711769 -0.996294613842281
182.450099999 -21.5720187632789 -8.44360198050369  301.865907033698 -0.00485945102675344 0.0881922483608904 -0.0231121671192143 -0.995823448607143
182.658199999 -21.9036746272507 -8.50401425908627  303.617356739767 -0.00897109161208031 0.0944150985592933 -0.0255512214579927 -0.995164531000443
182.866399999 -22.2696888138183 -8.56691314193388  305.346873447143 -0.00467664819366159 0.10112277851926 -0.0253900650255833 -0.994538916897782
183.0747 -22.6484420730201 -8.63434421089554  307.085304996345 -0.00384431902134646 0.107975165066016 -0.0255113508515999 -0.993818774182675
183.283099999 -23.0504142326744 -8.69613227631391  308.773307324211 -0.00772997388790454 0.112952231518903 -0.0234924604792738 -0.993292577843619
183.4915 -23.4684678692769 -8.76032830183753  310.448570450362 -0.00677150779706419 0.114801864710049 -0.0174954880805943 -0.993211249653402
183.700299999 -23.8787798715947 -8.82500768245348  312.098000493198 -0.00547951316352583 0.114363171236368 -0.013141365975517 -0.993336974294499
183.9087 -24.2765305217199 -8.87638350459197  313.751454545116 -0.00393658037833151 0.113335294965141 -0.011977269978593 -0.993476803581216
184.1174   -24.67024838866 -8.92624109938345   315.36475111651 -0.00473187808022907 0.110915696625015 -0.00770627457561308 -0.993788675174047
184.326099999 -25.0249430510761 -8.97783073283623  316.924158878318 -0.00589362486660226 0.104100522089612 -0.0033885436869261 -0.994543545682281
184.534699999 -25.3340401565705 -9.03225672379939  318.448727166564 -0.00492210356553711 0.0916640556963487 -0.000121255298101981 -0.995777816125133
184.7433  -25.588384253211 -9.07321517111011  319.932498968733 -0.00502640226552536 0.0791971648397156 -0.00127697453999612 -0.996845481354879
184.951899999 -25.7881114191663 -9.12196813235767  321.397857377253 -0.00386363540914858 0.066779460843086 -0.00142774970320136 -0.997759258269106
185.1604 -25.9539384590768 -9.16325791485369  322.822638650352 -0.00245905566451456 0.0532575278556183 -0.000688064165850505 -0.998577545982109
185.3691 -26.0667897078141 -9.20122984824443  324.198218536746 -0.00234529915516732 0.0387996503820546 -0.00165081322472304 -0.999242894154269
185.577699999 -26.1154216314942 -9.23251897979526  325.510480407001 -0.00227749695754762 0.0242655516041587 -0.00288262331049568 -0.999698797886546
185.890399999 -26.1485807795426 -9.28774759095028  327.432898019563 -0.00382537242954949 0.00192641583383012 -0.00654929378966356 -0.999969380630561
186.203 -26.0700363900696 -9.33662142231734  329.208404333288 -0.00466138808308941 -0.0195453777682924 -0.00829240056436358 -0.999763714965648
186.5157  -25.954141392724 -9.39233494008642  330.887071093941 -0.00242971805000671 -0.0384897135073103 -0.0112201203450632 -0.999193048076179
186.828 -25.7684184375149 -9.43672935086175  332.488015392765 -0.00246267494490543 -0.0506923761951414 -0.0141076923669876 -0.998611631838867
187.140299999  -25.622450259449 -9.46962823698835  333.965536052399 -0.00133774993612938 -0.0512298968590435 -0.0177414719711355 -0.99852839131655
187.348299999 -25.5362764836285 -9.49198139124473  334.907082268749 -0.00134208717972362 -0.0464871449734269 -0.0185987031762867 -0.998744828469405
187.556199999 -25.4718880636016 -9.51468255995002  335.784604086124 -0.000779939284627898 -0.0360167561937948 -0.0204332809663712 -0.999141964886341
187.764199999 -25.4302053114601 -9.54162253033562  336.618134113566 -0.00145069334915442 -0.018990228637857 -0.0216009144757775 -0.999585247589668
188.075999999 -25.4882006661324 -9.56355692647845  337.756116719788 -0.00120324427497161 0.0144743709490416 -0.0222595605187621 -0.999646715972376
188.387799999 -25.6417406008002 -9.58921575426992   338.79669189111 -0.00111146711749789 0.0608748562350348 -0.0215044723117283 -0.997913109539004
188.595699999 -25.8229751160504 -9.61030472887127  339.439092943408 -0.00377158298770852 0.096615254905509 -0.0171840864725394 -0.995166305123628
188.803699999 -26.0249004967138 -9.64180529766091  340.051614941957 -0.00815280813654321 0.134375885721211 -0.0159590603646362 -0.990768369220781
189.011699999 -26.3009100820537 -9.65720572515929  340.624619721592 -0.00926020114811905 0.16986310893056 -0.0144110128084372 -0.985318778674687
189.219899999 -26.6036426512047 -9.67888537229281  341.159849086889 -0.010532063675275 0.205039702728711 -0.0100165786366899 -0.978645729614183
189.4283 -26.9401191125795  -9.7084956283205  341.646646872714 -0.0136508258833998 0.238910085201891 -0.00452620281052284 -0.970935188171509
189.6365 -27.3025247330465 -9.72960846690647  342.132642358082 -0.012784681947805 0.270785957996905 0.00144961779604159 -0.962553590958674
189.844799999 -27.6669043921239 -9.75705000955342  342.582928206401 -0.011996294232822 0.301256051865085 0.00179065039238761 -0.953466136635441
190.0532 -28.0528354832385 -9.77754481437538  343.017466872467 -0.0140183984184715 0.329192970935921 0.00562518266722458 -0.944141848300415
190.3665 -28.7118267523429  -9.7976051775533  343.622898860735 -0.0165800247215228 0.360588225875096 0.0123751393521365 -0.932495624690272
190.678899999 -29.3565431845308 -9.84933119859592  344.239095725962 -0.0172973817354481 0.386875594135102 0.00701855396319527 -0.92194295655858
190.9918 -30.0391276667871 -9.88306335516856  344.846600888227 -0.0219129147315753 0.41150035148959 0.000902892067973382 -0.911145690698159
191.304399999 -30.8149956206702 -9.91568757704674   345.39576281318 -0.0214783206343574 0.438057756044098 0.000144806504227719 -0.898690193082919
191.616899999 -31.6653541786042 -9.96437249813299  345.932235481468 -0.0164107795801963 0.472719264354583 -0.000898046939064794 -0.881059803267251
191.824999999 -32.2700449297649 -9.99749173101093   346.27270426993 -0.0158010577597797 0.497021854233217 0.000940441239759949 -0.867593636766961
192.033999999 -32.9560655361595 -10.0276045039151  346.551805133302 -0.0153455440840706 0.52365798307439 0.000949725386817956 -0.851789838552278
192.241399999 -33.6808880090439 -10.0490457993046  346.828767587168 -0.0162054958441787 0.551140919049928 -0.00166704935383332 -0.834253133167444
192.4497 -34.4850828147974 -10.0681090947442  347.055233785074 -0.0207620236484294 0.578885785673279 0.00111014320128019 -0.815143516873885
192.6579 -35.3712435606225 -10.1056204906587  347.278984430594 -0.0174142036480948 0.605338951813618 0.000505458257293248 -0.795777131765196
192.866299999 -36.3280632581915 -10.1374374179422   347.47704179837 -0.0174589146806361 0.625867376958303 0.00137257075311613 -0.779732857334507
193.075099999 -37.3932711446558 -10.1702727481724  347.626012206357 -0.0188269688536893 0.637964518148703 0.0050278752645281 -0.769819160126195
193.2837 -38.5337054530801 -10.2023649956636  347.815763189817 -0.0154976916628092 0.646652510766468 0.00241720650624461 -0.7626234385234
193.492199999 -39.7640188274833 -10.2412139188763  347.985031722339 -0.0137617936987479 0.658188243775012 -0.00201373713883795 -0.752724912337365
193.7005 -41.1200799185635 -10.2705678167005  348.119863631392 -0.013737012777306 0.670112504643048 -0.00279747910814985 -0.742127145246431
193.909099999 -42.5702900652856 -10.3113616079747  348.211026753119 -0.00999985630460221 0.681833431348658 -0.00242667766808608 -0.731435086665042
194.1175 -44.1344289824068 -10.3477548313727     348.271434947 -0.00931968964040752 0.691560063833166 -0.00309734270799459 -0.722252191387623
194.3262 -45.7979470965502 -10.3873748839331  348.303862493267 -0.0103714161808367 0.698390852204422 -0.00435938022073233 -0.715628148613283
194.534899999 -47.5911082864753 -10.4303721890572  348.315973920577 -0.0101896481859186 0.702312278988651 -0.00298960163908229 -0.71178978366766
194.7435 -49.4079297016949  -10.480818457401  348.321523084239 -0.0100073486725313 0.704355332232049 -0.00337280456393953 -0.709769006873504
194.9521 -51.3531690043094  -10.530749686845  348.321328821341 -0.00914661231676804 0.705644370807098 -0.00379535809076347 -0.708496970133497
195.160599999 -53.3867888746821 -10.5796010799414  348.319436822449 -0.00649654983429781 0.706834388178799 -0.00421273490151211 -0.707336691677169
195.2648 -54.4438699706438 -10.6031525567427  348.316890812036 -0.00499842085237641 0.707412382965333 -0.00478878560668427 -0.70676714959646
195.473299999 -56.6365669348406 -10.6517733607514  348.297485822463 -0.00653866250789217 0.708577430896174 -0.00702255883287918 -0.705567823801953
195.6819 -58.8937000811309  -10.710717427641  348.265064936685 -0.00873813684863533 0.709664703146004 -0.00636335376930492 -0.704456642953926
196.0985 -63.6616351453112 -10.8292858647819    348.1889143529 -0.000785726236630446 0.711713971084623 -0.00105594197512854 -0.702468142326599
196.202799999 -64.8533422462076 -10.8553453195529  348.168901921533 -8.99527708305396e-05 0.712522869536518 -0.00189221230541557 -0.701646329591011
196.306999999 -66.0427680252816 -10.8836638657019  348.143555543121 -0.000806462731083643 0.713116138332355 -0.00267187748069523 -0.701040358280849
196.515399999 -68.4202332671316 -10.9487235236638   348.07798605584 -0.0030654667178966 0.71479148990339 -0.00286346867747666 -0.699325052763468
196.7237 -70.7997222486791 -11.0069031913532  347.996035858177 -0.00450368966087373 0.71635249016244 -0.000391011182321789 -0.697723923717515
196.931999999 -73.1769893248365 -11.0670404230094  347.909916998359 -0.00417110440143791 0.718071552978124 0.000186652906856448 -0.695956760045011
197.1405 -75.5476143032892  -11.125176180076  347.818950904249 -0.00288642332906066 0.719911067148952 -0.000908357970054779 -0.694059722821185
197.557199999 -80.2901034893877 -11.2374970140966  347.590674181216 -0.00447851397922968 0.722156067449165 0.00163311462876632 -0.691713734210551
197.7656 -82.6507811269211 -11.2934222249415  347.468946546953 -0.00522808692582168 0.722634021065003 0.0025809703154329 -0.691206248017733
197.973899999 -85.0204930742289  -11.346898781055  347.349211631207 -0.00598372064676201 0.723189060071168 0.00158930318183375 -0.690622366127827
198.182199999 -87.3711638344687 -11.4079097142022  347.226006791122 -0.00413006423333686 0.723912262133775 0.00187499854669995 -0.68987713665713
198.390399999 -89.7185658500899 -11.4624348118194  347.093670638795 -0.00450172421354434 0.724786785837717 0.00244612586682058 -0.688954182817972
198.5987 -92.0262865723035 -11.5135873808351  346.949958559865 -0.00560394131804791 0.726020451815373 0.00328138247244815 -0.687642444818944
199.014999999 -96.6175301405319 -11.6210518508136  346.648560853246 -0.0080420419915414 0.728315792353302 0.0022770095434015 -0.685190664995465
199.223299999 -98.9112565207841 -11.6797107359454  346.490643645727 -0.00769285657105483 0.728711566232847 0.00391571767509935 -0.684766339966662
199.6399 -103.465069387467 -11.7874476600715  346.174425560523 -0.0088428599336955 0.728363960159801 0.00283868991991842 -0.685127497045669
199.848199999 -105.727214020809 -11.8491456604669  346.022207280001 -0.0102146431018884 0.726300222636518 0.0039294621199395 -0.687290482250331
200.0568 -107.968187289991 -11.9121783741645  345.894192894444 -0.00987577883949398 0.723392665200141 0.00263233332860452 -0.690361203826082
200.264999999 -110.181231470968 -11.9733391653046  345.793750912061 -0.00710022223841234 0.721224763082356 0.000391343076676477 -0.69266461928668
