170.058999999  8.24840195403604e-06 -3.08691777785983e-05 -0.000137363617627667 -8.53728266640875e-07 2.41713136009547e-06 -1.18727799058289e-05 0.999999999926233
170.2674 -0.0206813533236273 -0.0374035244217063    2.16053925948056 0.000757526324063049 -0.00044542849085601 -0.00130719335615791 0.999998759495659
170.475799999 -0.0385476913607173 -0.0713064582559313    4.34016341776751 -0.00335001093638207 -0.000946409613527452 -0.00115795749640869 0.999993270412359
170.6841 -0.0605969451257732 -0.0974087349846045    6.49871611862415 -0.00157451060293619 -0.00180996608586482 -0.00193625586634796 0.999995247914884
170.8924 -0.0988462054428781  -0.129801152977754    8.68168618892204 -0.000774396773106381 -0.00332007105433969 -0.00592762685354681 0.999976620065548
171.100699999 -0.139827218683231 -0.163945924634624   10.8559766343195 0.00068887931569913 -0.00573861875253841 -0.00588120132035782 0.999966002007634
171.308899999 -0.181010526612838 -0.202123138339792   13.0296318535125 0.0010256629418665 -0.00874266405667507 -0.00285189664041448 0.999957189346761
171.5173 -0.241107871415479 -0.250111996854609   15.2218297651806 0.00478980836840694 -0.0108363829423049 -0.00241273651594511 0.999926901949851
171.621399999 -0.275263159499973 -0.278444808660297   16.3343488019405 0.00520105202330387 -0.0120240683299395 -0.00267143982339718 0.999910613128953
171.7255 -0.312313395908785 -0.306323025994031   17.4170313229419 0.00356386406643933 -0.0131279148974711 -0.00343525355147543 0.999901573034265
171.933899999 -0.392065196953054  -0.35065379582281   19.6281192903627 -0.00107501676613482 -0.015261918544965 -0.00385362118303601 0.999875526145658
172.1425 -0.480932035650166 -0.386320639743349   21.8114875972506 0.000395913066607751 -0.0176681495727136 -0.00318681776279506 0.999838748967086
172.3512 -0.578824190806436 -0.434198942110538   24.0301661074655 0.00417552733493747 -0.0202288533971138 -0.00254992495684819 0.999783404715455
172.558699999 -0.690098723427628 -0.487233609982729   26.2411011471941 0.00281407741379655 -0.0229697473268591 -0.0027613934736027 0.999728386304067
172.766899999  -0.82146972753891 -0.533659253149226   28.4179541426686 0.00168074960576896 -0.0254296623633233 -0.00352319408567016 0.999668992445142
172.9752 -0.952562325262483 -0.578339865803093   30.6541393338776 0.00179499950089283 -0.0279597895635183 -0.00311589206810181 0.999602580709442
173.1834  -1.09587669173999 -0.625811018879379   32.8505381965406 0.00314370864853038 -0.0307137848909999 -0.00188743845579055 0.999521494561112
173.3916  -1.25410700791006 -0.677061614235921   35.0757218615194 0.00306569875577027 -0.0328241786783808 -0.00135069129585745 0.999455526983693
173.599899999  -1.41466817095926 -0.730714886680941   37.2811682136326 0.00410750220567063 -0.034664524165225 9.90187252096691e-05 0.999390558983484
173.704    -1.498202142522 -0.757170654331968   38.3921186088824 0.00367549274375805 -0.0357911817203294 0.000895622965781549 0.999352130094121
173.912299999 -1.67483699940675 -0.80806909796693  40.6217369774116 0.00129935171402328 -0.0374489223720011 0.00169107423930381 0.999296267463367
174.120499999   -1.8639421088736 -0.852943934973964   42.8508595362342 0.0027967872622549 -0.0388560240426886 0.00119705099767394 0.999240188566049
174.329  -2.05277031196466 -0.905717504096581   45.1069646763677 0.00335324910700515 -0.0401066260460802 0.00208912447733541 0.999187594912259
174.5372  -2.24659445931452 -0.959064482647674   47.3298796833928 0.00397552603304128 -0.0412555858338332 0.00308039985837204 0.999135968208022
174.745599999 -2.43707489412328 -1.01010159448815  49.5988627986815 0.00171370663257911 -0.0413873779544017 0.00652336391721651 0.999120410100224
174.9538 -2.63643877531599 -1.05799368877451  51.8291522578106 0.00354259558479708 -0.0414331837635184 0.005675802714463 0.999118875091091
175.1621 -2.83860975497629 -1.11634572432975  54.0851249172897 0.00571936723334372 -0.0409621472750029 0.00458578843109331 0.999133805790564
175.370399999 -3.04136661681369 -1.17485005456599  56.3477782625045 0.00377064686951222 -0.0411331466730349 0.00295659262149989 0.999142184589876
175.578599999 -3.24349726132945 -1.22696252550528  58.6222952282093 0.00164732951779915 -0.0416284062418592 0.00252137981991631 0.999128622722333
175.787299999 -3.44912669400702 -1.27482333616489    60.88132081947 0.00248646754001756 -0.0423837202467663 0.0019645421391632 0.999096380891954
175.995399999 -3.66462830497191 -1.32646365581072  63.1724237174623 0.00371480606160394 -0.0427858622168663 0.000459671003159295 0.999077253726083
176.203399999 -3.87450198294777 -1.38321712559758  65.4364397150959 0.00347490025102821 -0.0429214139701153 -0.000308883607959828 0.999072360683634
176.411599999 -4.08851449985054 -1.43561623468508  67.7202110579989 0.00274350936753694 -0.0428115275485609 -0.000333306930446987 0.999079343781964
176.619799999 -4.29369897628149 -1.48432515456124  70.0339223851955 0.00237141964369883 -0.04254594380609 0.000830600977043846 0.999091351747446
176.828 -4.49866442576047 -1.54099192392787  72.3047834205429 0.00510274512361071 -0.0428427052427395 0.00159632457632333 0.999067523417479
176.932199999 -4.60542044043303 -1.57084617018658  73.4686993992296 0.00552446458682642 -0.0428537960097559 0.00103062608061289 0.999065548534462
177.1405  -4.8207788004141 -1.63160117507199  75.7629030302066 0.00288473929481925 -0.0428297393478416 5.32688613908573e-05 0.999078219594955
177.244499999 -4.91811720639505 -1.65501602328578  76.8901857234324 0.00299133329286376 -0.0430217224660165 0.0019141377018767 0.999067825224117
177.452499999 -5.12259531254906 -1.71112064319069  79.1854330826956 0.00262674454131131 -0.0437611699294679 0.00474382134500229 0.99902730512162
177.660899999 -5.33418587979519 -1.76691657895971  81.4475303253694 0.00339037772428783 -0.0441938260306221 0.00483880756636476 0.999005503999351
177.868999999 -5.54930323195588   -1.821107879523  83.7111201620415 0.00280448631125127 -0.0443663664325598 0.00483248823227371 0.998999703425175
178.0773 -5.76126947310955 -1.86794211276238  86.0079241810019 -0.00195912306875038 -0.0444726992036414 0.0054143064330902 0.998994007063202
178.2855 -5.97254329309136 -1.91979667974772  88.2687134304263 0.00523754113952376 -0.0442129838835636 0.00540015539852867 0.998993803054151
178.493799999 -6.18419980785575 -1.98743989209854  90.4837156079014 0.00775318603210077 -0.0438322853926408 0.00528095680108224 0.998994860026254
178.7021 -6.38700696422923 -2.04706963746356  92.7432388001096 -0.00039018909322982 -0.0434112483419789 0.0066223699592966 0.999035262383658
178.9104 -6.59406379983257 -2.08828379520639  94.9522708378387 -0.00101996116198401 -0.0435362524308019 0.00558296771915217 0.999035727526777
179.1184 -6.78655636552477 -2.14660928992564  97.1172921196421 0.00814748018384416 -0.0433697303269614 0.00981795627195871 0.998977623769753
179.326699999 -6.97781996906253  -2.2090720271181  99.2982911494447 0.000534034841912367 -0.0451527973686173 0.0126877953953056 0.998899374083588
179.534799999 -7.17634686596846 -2.23645410311298  101.476116717931 -0.00875887579828319 -0.0450686332338618 0.0134851818002466 0.998854469011876
179.7444 -7.39167351509748 -2.26633761988018  103.579835901472 0.000142605586119818 -0.0448441618041002 0.0096795708199488 0.998947089051505
179.9513 -7.60007647734251 -2.32766027254484  105.674987458995 0.0071704493672733 -0.0452559709235548 0.00832608175606055 0.998914990434236
180.1596 -7.80299342374191 -2.37868624679871  107.738533218677 -0.0014951280577336 -0.0455761162478663 0.00682753123920939 0.998936417915089
180.367799999 -8.00515092362932 -2.40687693675359  109.765764970202 -0.00510201127860412 -0.0461031855999974 0.0056715915701946 0.998907552683183
180.575999999  -8.2004123831531 -2.43511926082188  111.757272373918 -0.00357534118626 -0.0468075059885925 0.00667946895953881 0.998875196915485
180.7843 -8.39348750491646 -2.47217366417621   113.72038140465 0.000607479982912116 -0.0468300468710001 0.00747109453523314 0.998874747115261
180.9927 -8.58339195632813 -2.50941064552065  115.699836718725 4.63986064075008e-05 -0.0458696939101297 0.00788665138275055 0.998916297673498
181.2013 -8.77163481119077 -2.55218140742512  117.615030926369 0.00308140504531146 -0.0443481549253936 0.00605258771732509 0.9989930491648
181.409199999 -8.95386193346728 -2.60293942442401  119.524309757127 0.00316690272838382 -0.0438097529604788 0.00466874266457743 0.999023963233407
181.6175 -9.13217519372471 -2.65228031044759  121.416545795749 0.00116334046154212 -0.0445778830142411 0.00478223678042268 0.998993788367233
181.8256 -9.31965127334585 -2.69943789961241   123.27353812051 0.00273498960939104 -0.0465182119625332 0.0028600977587357 0.998909603331781
182.033899999 -9.51587769641729 -2.74417261429315  125.121586063417 0.00236709950126722 -0.0499157206169425 0.00209965322295919 0.998748421341223
182.2418 -9.72444375623061 -2.78350560766051  126.927774575738 2.51213101482851e-05 -0.0540656312594254 0.00261309364537019 0.998533964683746
182.450099999 -9.94394313838667 -2.82090662695352  128.758589326015 0.000548870756064916 -0.0591927393252967 0.00375970223167221 0.998239341536482
182.658199999 -10.1772520946333 -2.85956878401316  130.525112549797 0.00458277731116779 -0.0654960116395723 0.00612351223242417 0.997823518067882
182.866399999 -10.4437810595011 -2.90787834748578  132.278791768282 0.000131325824607355 -0.0720882608795046 0.00611666783871656 0.997379492355566
183.178799999 -10.8749784413248 -2.96346340784377  134.888006686373 0.00137034339549116 -0.0819279419408154 0.00582945360859658 0.996620264674036
183.3871 -11.1940602583516 -3.00485095510554  136.572133953192 0.00328746644356586 -0.085383691172289 0.00143983416002237 0.996341680711878
183.5959 -11.5180251378504  -3.0419194973411  138.286080274189 0.000849446393461278 -0.0857531491353782 -0.00391829429322901 0.996308347262042
183.804499999 -11.8301989182188 -3.07712110728685  139.954236054362 -0.000157855382562429 -0.085011991112239 -0.00720664186734475 0.996353853187615
184.0129 -12.1300844954415 -3.10667162530155  141.623027033329 -0.0023489371837541 -0.0836040629718112 -0.00921212493183587 0.996453701836143
184.221599999 -12.4159163886795 -3.12848176008293  143.221483136763 0.000488228039633938 -0.0795170258634705 -0.0139239147904039 0.996736138016536
184.430299999 -12.6646454830187 -3.16180454932924  144.782599964495 0.000226252860216582 -0.0690997984120301 -0.0179121124767416 0.997448907411142
184.639 -12.8562162923858 -3.19251583485333  146.305354577769 4.14745553124825e-05 -0.0562277927258817 -0.0187824737591559 0.998241279593527
184.8479 -12.9963542774453 -3.22144032359638  147.796431005832 -0.000348206059086055 -0.0439526295499433 -0.0174659672672308 0.998880866317704
185.056199999 -13.1000414331506 -3.24749469722185  149.248967881129 -0.00117469999463722 -0.0313842425990514 -0.0185145258564742 0.999335209891414
185.2648 -13.1565168681581 -3.27460662943365  150.660447836063 -0.00208418972577074 -0.0169264712807112 -0.0182096118825694 0.999688731935224
185.473399999 -13.1658989330549 -3.29941825048023  152.017854225685 -0.00172456454780393 -0.00240341894238041 -0.0175326588024474 0.999841915169506
185.6819 -13.1335297604891 -3.32334924928766  153.316536995131 -0.000859952261398582 0.0121512241476143 -0.0155032378324888 0.999805610031536
185.994599999 -13.0108321176005 -3.37110261222288  155.186035126398 0.00164725817082432 0.0340398692600228 -0.0126850222172108 0.999338613310137
186.307199999 -12.8257934990186 -3.41133525710393  156.928925258988 0.00162647260963525 0.054914822826479 -0.0107494526992072 0.998431853502007
186.619799999 -12.5886176818462  -3.4591050298276  158.581211480995 0.000119899790188693 0.0728172545291652 -0.00901003001383422 0.997304593605196
186.932199999 -12.3280527884544  -3.4945477338839  160.120175463117 0.000617357812824172 0.0810517660688529 -0.00418233359503787 0.996700927145225
187.2443 -12.0937335801752 -3.52986255187891  161.570002266027 -0.000410536604508362 0.0787106147780859 -0.00191094247643725 0.996895590761542
187.4523 -11.9658643697167 -3.55117685651566  162.480965886216 -0.000813831471006019 0.0710685548661465 -0.000637227935443552 0.997470897885313
187.660099999 -11.8703077172951 -3.56975595022578  163.326552399208 -0.0010511667533413 0.057173842350331 0.00124777976379939 0.998362904882297
187.867999999 -11.8304664093437 -3.58171279262878   164.12688929284 -0.000905654325974198 0.0380551934007905 0.00133147751643161 0.999274341316284
188.1799 -11.8395402136731 -3.60066464940547  165.236432008031 -0.0022860644436609 0.000605144954491762 0.00348404849498948 0.999991134518216
188.4918  -11.989261357087 -3.61650194313615   166.25478799851 -0.00234354218451429 -0.0494768032094669 -0.000790879885713983 0.99877221039795
188.6997   -12.15562817952 -3.63173135498315  166.870487793608 0.00136951711692038 -0.0865662646951593 -0.00380239838430035 0.996237897294678
188.9077 -12.3597921696461 -3.64397428952906  167.473275467288 0.00287339885899938 -0.123323489687734 -0.0044007235125256 0.992352605731855
189.1158 -12.6052044406898 -3.65098563114651  168.046831877897 0.00319622892435372 -0.159045991076611 -0.00593368537342404 0.987248169520213
189.324099999 -12.8978214956149 -3.65759040690922  168.589957485088 0.00479803721392644 -0.194169068309204 -0.0110005094067461 0.980894663327119
189.532399999 -13.2222516399204 -3.66892721895709  169.084932511729 0.00566174808178188 -0.226999630204908 -0.0167173992561008 0.973734892595313
189.7406 -13.5592401541658 -3.67656382891157  169.572411309458 0.00246242893343451 -0.258117800472589 -0.0190954977889115 0.965921580402433
189.9489 -13.9148011105662 -3.68087045130428  170.021459473012 0.00410889515299056 -0.288073130800273 -0.021020891852632 0.957368847622102
190.157499999 -14.3072217055902 -3.67009104305544   170.47351262947 0.00364347468253486 -0.313922347962701 -0.0261199715129934 0.949082310250266
190.4703 -14.9238539763664 -3.67300084425111  171.140907543232 0.00740960003298553 -0.343646827412839 -0.0291355390973931 0.938617641107361
190.783199999  -15.544392240293 -3.68916034628949  171.777389700946 0.0073534450920712 -0.368157393591348 -0.0227931644713162 0.929454965042786
191.0962 -16.2248023517602 -3.68997382458746   172.40951484947 0.0118422569703064 -0.393238480064912 -0.0161603206997452 0.91921820194172
191.4088 -16.9765306062382 -3.69606651546904  172.997850150067 0.00736274690836768 -0.423178145659133 -0.0164782248678665 0.905866720384221
191.723099999 -17.8216982719443 -3.70953008443712  173.559494403219 0.00376504730494686 -0.45945637017855 -0.015484239723658 0.888057378011873
192.033999999 -18.7949484653723  -3.7147381649291  174.082614756063 0.00207844919014218 -0.498844231908086 -0.0161594245918019 0.866538507706298
192.241399999  -19.488400302707 -3.70871571867858  174.387246099644 0.00251947313735265 -0.526934072717043 -0.0131186527425894 0.849801174519758
192.4497 -20.2903576704271 -3.69178570164792  174.665065465247 0.00664296954582956 -0.555072773573206 -0.0156131701775147 0.831628712774138
192.6579 -21.1589479370627 -3.69486677951365  174.934766512523 0.00275764771554217 -0.581994540020005 -0.0143424442145931 0.813061525999067
192.866299999 -22.1301663493444 -3.68846518361698  175.182336970358 0.00240836656669767 -0.60309336743454 -0.0148241020876972 0.797529206941189
193.075099999 -23.1612105550344 -3.67594861377401  175.398363078919 0.00347156398948234 -0.615309878098699 -0.0182670409814087 0.788065998106386
193.2837 -24.2889065283466 -3.66289199115776  175.650725719471 6.49061559812672e-05 -0.624248416742607 -0.0154296429636229 0.781073515169702
193.492199999 -25.5122749831963 -3.65244046249189  175.891524047582 -0.00170649808369284 -0.636038212310349 -0.0107402970283206 0.77158092664677
193.7005 -26.8816072383293 -3.62972859996118  176.104582421637 -0.00189092672433303 -0.648303318747957 -0.00969737121442435 0.76131806249953
193.909099999 -28.3176938152518 -3.61162149344564  176.281154730259 -0.00584363126179541 -0.660254470944373 -0.00961973653731019 0.750957619470363
194.1175 -29.8867168831369 -3.58644779697165  176.433355612797 -0.00663356750902585 -0.670231053134316 -0.00873961059328708 0.74207139171595
194.3262 -31.5674413113666 -3.56010798920851  176.566838449329 -0.00567977271447953 -0.677216842950358 -0.00733728597154818 0.735724983972159
194.534899999 -33.3051095679463 -3.53793987612397  176.678604939366 -0.00595755611558613 -0.681269091427217 -0.0087126866881988 0.731956980758936
194.7435 -35.1526935317467 -3.51317492835264  176.791576808688 -0.00614259884907267 -0.683381490511996 -0.00825045804050841 0.729988997757572
194.9521 -37.0877819644084 -3.48748414342351  176.903869841201 -0.00699968956460642 -0.684710809578856 -0.00780712634061213 0.728739432424353
195.160599999 -39.1421638795105 -3.45487118368048  177.021897039479 -0.00963291015323574 -0.685844664854837 -0.00726115058072297 0.727647976994631
195.368999999 -41.2583815528387  -3.4213697710277  177.134080330988 -0.010637676650614 -0.687040695243983 -0.00617732264741299 0.726514806180199
195.577499999 -43.4844668346914  -3.3857597755746  177.240908113114 -0.00813823579409276 -0.688225020410968 -0.00409058647846906 0.725440112966429
195.7861 -45.8061471336044 -3.35979747655474  177.335322519664 -0.00755987524217825 -0.689244737713361 -0.00634710351494249 0.724461354454283
195.890199999 -47.0066367015804 -3.34199826375114  177.390523287449 -0.00991428325467567 -0.689651023848016 -0.00731380605873223 0.724037071242809
196.0985 -49.4030489909374 -3.30406723450159  177.491347378257 -0.0155034990153241 -0.69076674454678 -0.0101912470383036 0.722839598133867
196.202799999 -50.5972506781195 -3.28419434435029  177.542383321959 -0.0161958108893087 -0.691551110800655 -0.00933901582716147 0.722085548701397
196.306999999 -51.7773445572146 -3.26666678139296  177.585376595406 -0.0154791039067977 -0.692207142936855 -0.00852218972246823 0.721482529859021
196.515399999 -54.1598933161717 -3.23784851022956  177.658549075679 -0.0132898289696175 -0.693982010819205 -0.00829181647111209 0.719821918869452
196.7237 -56.537530773962 -3.2065888617183 177.715886659901 -0.0118896088498969 -0.695599839016423 -0.0108931087981316 0.71824845376961
196.931999999  -58.919516285156 -3.17242475095769  177.768166170331 -0.0123293098063859 -0.697385838356028 -0.0113217966568732 0.716500382065927
197.1405 -61.2914921206027 -3.13580429511388   177.81645716763 -0.0135770472227365 -0.69924740699967 -0.0101330811137059 0.71467898266291
197.3488 -63.6772248615787 -3.10176313018176  177.848329032511 -0.0134817865170268 -0.700530347109211 -0.0113671954707318 0.71340469656324
197.557199999 -66.0496404185925 -3.06612637778295  177.866399672106 -0.0120938608310795 -0.701588602546864 -0.0127546227415867 0.712365419504103
197.7656 -68.4255167307024 -3.02751474278657  177.883167206687 -0.0114073353791608 -0.702107146012857 -0.0136007435745575 0.711850017905069
197.973899999 -70.7746388520742 -2.99392228558358  177.896180544746 -0.0106145478013503 -0.702703061386052 -0.0127302714973792 0.711290151120657
198.182199999 -73.1488171074587  -2.9595187238611  177.912145320955 -0.0124800805706278 -0.703405345406338 -0.0128839599512116 0.710562573753161
198.390399999 -75.4592187899272 -2.92250592436739  177.916079794419 -0.0120595575411491 -0.704291923132345 -0.0134802125537911 0.70968002504788
198.5987  -77.785376812878 -2.88628496359033  177.911322432761 -0.0110760552293676 -0.705574116637151 -0.0142973049641869 0.708405303483127
198.8069 -80.0904001062068 -2.84929904557216  177.898734472565 -0.0108422120021307 -0.706866063503163 -0.0147374969624007 0.707110755744619
199.014999999  -82.387430859908 -2.81450489883753   177.87507048546 -0.00854034953011258 -0.707988270229787 -0.0133684741981639 0.706046001011655
199.223299999 -84.6884504632156 -2.78683615049668  177.850480214306 -0.00902051374780914 -0.708407148790027 -0.0149497960619727 0.705588013980265
199.4318 -86.9802385043772 -2.74987689280181  177.822797600539 -0.0097832450652666 -0.708662317854974 -0.0157295990988578 0.705304605883584
199.6399 -89.2535229198603 -2.71703659721145   177.79627634632 -0.00778885609237958 -0.708074460131353 -0.0139589048797695 0.705956827012122
199.848199999 -91.5130164759947  -2.6909933556466  177.776870431139 -0.00639969487077126 -0.705980617265621 -0.015163203966298 0.708039892376334
200.0568 -93.7167930365033 -2.66608856041706  177.785907283162 -0.00666392239553849 -0.702984138852495 -0.0139246416989452 0.711037971569507
200.264999999 -95.9761629743414 -2.64233479779916  177.818067726681 -0.00937582845659782 -0.70067230548019 -0.0115871372323127 0.713327521146204
200.473299999 -98.1865508097217 -2.60958663501774  177.853175309171 -0.0121982143742597 -0.698859158497916 -0.0153782417089837 0.714989922888151
200.6816 -100.403885638913 -2.55788206340843  177.883851294983 -0.0124023769127167 -0.697306873994682 -0.0212421834546771 0.716350524651694
200.8898 -102.618240712155 -2.50385400148455  177.915710282027 -0.00571847999718147 -0.696693655990021 -0.0190551948351229 0.717092844922871
201.098 -104.793939012779  -2.4725722705286  177.973733510491 -0.00561117879444102 -0.696985614333923 -0.0150879711283142 0.71690440172406
201.306399999 -107.031527044111  -2.4353610463154  178.025364365085 -0.00887835901618049 -0.696980756976291 -0.0171454443099781 0.716829849326428
201.5147 -109.251142991598 -2.38894536862547  178.066857185659 -0.0099176789294782 -0.696472230053141 -0.0199940669843855 0.717236578609095
201.723299999 -111.430283392652 -2.34239199168896  178.119604268878 -0.00882688817550709 -0.696160542959115 -0.0195755770182904 0.717564896895332
201.931299999 -113.615659419568 -2.29815379625471  178.170873199825 -0.0090676981698744 -0.696662727318515 -0.0182071697992683 0.717110396091794
202.1396 -115.802782522867 -2.25509011010049  178.213905907355 -0.00964634057468857 -0.697790983106844 -0.0184307805036147 0.715999300515251
202.3479 -117.957997550324 -2.21446738967852   178.24483839125 -0.00939568073598747 -0.698998499601355 -0.019587086484371 0.714793092287283
202.556199999 -120.128988326297 -2.17055473033929  178.270740319079 -0.00918256358204544 -0.700373006930343 -0.0195785910442217 0.713449374841786
202.7646 -122.280957690773 -2.12562182973377  178.286572881846 -0.00863525170008911 -0.701724568131371 -0.0197197136017097 0.712123020133729
202.9729 -124.408163365428 -2.08454843047702  178.294134204743 -0.00750055972704893 -0.702789761517425 -0.0203281130062145 0.71106754990765
203.181299999 -126.539772054781 -2.04289996849763   178.29587746979 -0.0070650759276351 -0.703503065272754 -0.0213413487601204 0.71033658830661
203.3897 -128.651558041657 -1.99876198333241   178.29630957092 -0.00663551954493067 -0.70379260330532 -0.0222133693282898 0.710027117535784
203.598099999 -130.772475110718 -1.95653392367882  178.297744472226 -0.00566791908742263 -0.70355842562824 -0.0221841496751579 0.710268456236035
203.806499999 -132.871998470496 -1.91557972463272  178.301021090031 -0.0044559347887083 -0.702930510995608 -0.0226838668435621 0.710882749503486
204.014999999 -134.936598462334 -1.87544052337403  178.314762096293 -0.00379100838394899 -0.701010292692117 -0.0239712844368644 0.7127380832519
204.223399999 -137.050775226402 -1.83503039950459  178.344639751191 -0.00430644204904372 -0.698837256419102 -0.0243478560807315 0.714853219550541
204.4319 -139.107731729149 -1.79544194651658  178.386301633915 -0.00410636742563712 -0.69690785734101 -0.0236038853258065 0.71676037329114
204.6405 -141.157182807921 -1.75770754290603   178.43477025255 -0.00377608347477692 -0.695488232528764 -0.023375095583435 0.718147244312803
204.8488 -143.189726334793 -1.72081804771936  178.491625969795 -0.00389483143862143 -0.694396470056375 -0.0233010726032512 0.71920472236829
205.057099999 -145.171684251057 -1.68493584578078  178.549556667352 -0.00385025971501342 -0.693476921004128 -0.023185181076623 0.720095398480789
205.265299999 -147.201696935912 -1.65005917928316  178.621093420067 -0.00365362734910514 -0.692811623775723 -0.0222782616204179 0.720765137910826
205.4736 -149.187531724328 -1.61492936382092  178.687065646864 -0.00498784660947935 -0.693087637910512 -0.0224462925389123 0.720486510292237
205.6817 -151.165205700413 -1.57923236722035  178.737288685138 -0.00600779905717427 -0.695616755326724 -0.0214227467175391 0.718068452156399
205.8897 -153.136866482929 -1.54220999141585  178.767822484158 -0.00658484931101494 -0.700976307202247 -0.0209594914552193 0.71284609574479
206.0977 -155.106161957723 -1.50298425572764  178.752378681803 -0.00722203636091489 -0.707764043863142 -0.0212528097081341 0.706092216700343
206.3058 -157.047281686049 -1.46038298769795   178.68935607883 -0.00786836408555655 -0.715055992339485 -0.0222482667004786 0.69866875648968
206.5137 -158.996009800434 -1.42039331521904  178.598849150646 -0.0080292114369113 -0.722938254420137 -0.0207062334956174 0.690555619739707
206.7221 -160.915334820254 -1.37788961691054  178.458687092468 -0.00784211830005899 -0.731753763599801 -0.0188961681703079 0.681261965374975
206.9298 -162.820087736148 -1.33801623953981  178.263981870875 -0.0104452389777332 -0.743023110836995 -0.018926243670623 0.668916550135615
207.137599999 -164.728318583557 -1.29647852413032  177.997153408544 -0.0102028020029617 -0.755937911474931 -0.0169040886408023 0.654345496365209
207.345599999 -166.592244323629 -1.25672168540181  177.641591939439 -0.00996133589013941 -0.769072966445759 -0.0180321645836583 0.63882891693319
207.553699999 -168.486461758386 -1.20974584934263   177.20387566577 -0.0102757060378962 -0.782377600961671 -0.0183316291975064 0.622449717446999
207.761599999 -170.323194755985 -1.16795733577279  176.694310009071 -0.0102746668699398 -0.796190507917554 -0.0176991649526792 0.604699798150022
207.9695 -172.178877685698 -1.12203590309959  176.088072866863 -0.00904845264377458 -0.810196297086276 -0.0164751211301458 0.585857197682325
208.1776 -174.023199842324 -1.07891344440841  175.386083369878 -0.00917717240285325 -0.823764965543207 -0.0170738671967439 0.566599985977088
208.3857 -175.799674414507 -1.03533831213024  174.604574374642 -0.010738435364168 -0.83699893417684 -0.0181617302909581 0.546797605833824
208.5937   -177.58807235218 -0.986921902043589   173.725399966364 -0.0120387295474023 -0.850000139361406 -0.0169595800118448 0.526371736249485
208.802199999  -179.362719762091 -0.931278834755248   172.739304601304 -0.0121547380144971 -0.862186139445379 -0.0177304843076246 0.506135311175074
209.010199999  -181.160149812494 -0.875194039297345   171.647982681858 -0.010370988949112 -0.872791703025614 -0.0169999731099831 0.487686463449751
209.218199999  -182.815309785141 -0.824250955923631   170.508332309074 -0.00876905263981315 -0.882601889614163 -0.0164604278050042 0.469751064375362
209.4266  -184.518707800167 -0.777639695943418    169.27801221117 -0.00760577317843804 -0.890261797646032 -0.0168736894340818 0.455072919949425
209.635199999  -186.209169782875 -0.728263806574458   167.978955438218 -0.00487866133385637 -0.89522775109779 -0.0188961824265196 0.445181318810309
209.8437    -187.9101424624 -0.675692630355553   166.634868365579 -0.0033301689451466 -0.898012013125442 -0.0194174497900522 0.439529631425277
210.052199999  -189.672436133622 -0.627514300613574   165.240389291545 -0.00264243796709786 -0.899588246173692 -0.0177917366199682 0.436368489897903
210.2607  -191.361227098301 -0.588240116051034   163.864668563115 -0.00238960181529314 -0.900505051555408 -0.017281435710986 0.434495447509088
210.3648  -192.258814784612 -0.566717358008071   163.143513019077 -0.00181361298482523 -0.900792788870559 -0.0178048372141934 0.43388022552142
210.5749  -194.012937487899 -0.526872450173036   161.720630216649 -0.00169262419962357 -0.900845429692697 -0.0186971322448557 0.433733863182156
210.7817  -195.794922277278 -0.483404060429951   160.280611729228 -0.000529961573727381 -0.899948373420477 -0.01890981292859 0.435585885094516
210.9901  -197.546131788188 -0.448323041629706   158.880476273278 0.000616900056853798 -0.897752796465698 -0.0206691480410009 0.440014002267654
211.1987  -199.337879095928 -0.409860391231533   157.492683784233 0.00103226712716875 -0.894925584780301 -0.0212621903195906 0.445707360712192
211.4069  -201.141230385851 -0.369064874477142    156.14333525672 0.00178497601663326 -0.891551931683058 -0.0211416059864012 0.452421263281407
211.615299999 -202.962914290122 -0.33483418372591  154.823519852449 0.00116420698340748 -0.887571580268825 -0.0215262389364501 0.460165139442843
211.8239  -204.806987756072 -0.296358608229385    153.54960188947 -0.00117913391699411 -0.8838322867302 -0.0208839377956434 0.467336024417784
212.0319  -206.621074341248 -0.259209857041739   152.334080275701 -0.00494613496441029 -0.881732203394758 -0.0182351261470229 0.471371761373061
212.2401  -208.458505753497 -0.223194294611579   151.106341321822 -0.00725514279368486 -0.880777354649508 -0.0175559805590272 0.473149449948185
212.448399999  -210.256927809578 -0.185819024284704   149.910577668171 -0.0088840024528747 -0.879890489761415 -0.0168298428539894 0.474795278954356
212.656399999  -212.060405362528 -0.140455336659464   148.726722792912 -0.0115199733067355 -0.879371972123145 -0.0155305084622257 0.475742607053611
212.864599999  -213.837557224752 -0.110400248383291   147.564499338533 -0.0138774787567143 -0.879091071878555 -0.0137670787450857 0.476252843004215
213.072699999  -215.608746349225 -0.072474535639639   146.404021259815 -0.0152692818999059 -0.878874255819511 -0.0133584266037311 0.476621908777425
213.280799999   -217.387043129027 -0.0303826840676091    145.245501845796 -0.0174718521812399 -0.878527936036695 -0.0131590134380003 0.477189941584899
213.489   -219.123684663789 0.00444117831720447    144.109872732836 -0.0187200617432929 -0.878275643298238 -0.0129724328340181 0.477611944641003
213.6971   -220.82132656147 0.0443339073739022   142.997774883234 -0.0188503765210513 -0.878318133431104 -0.0134118264980396 0.47751653657345
213.9051  -222.418945394541 0.0878277646863523   141.938440756133 -0.0205401008819573 -0.879979871803864 -0.0135099226620064 0.474374336853799
214.1131 -223.948423777019 0.114568997638676  140.908578211052 -0.0222376623482245 -0.882725333348549 -0.0141083442030125 0.469150750678105
214.3211  -225.35660584336 0.147495294323084  139.923291922711 -0.0226152100810549 -0.886313315918442 -0.0123006227275867 0.462369930876955
214.5292 -226.663288718491 0.176154303138293  138.971819844903 -0.0226306712757569 -0.889385741715704 -0.0140976475620423 0.456379350413264
214.7374 -227.835078611736 0.207973001932039  138.084826972365 -0.0216345953108434 -0.892460685652879 -0.0141795385371583 0.450382958754661
215.0525 -229.485033775609 0.242303929930197   136.81563633653 -0.0210072569240725 -0.896520360055539 -0.0142482019432693 0.442274719946548
215.3622 -230.919536403236 0.275478667061527  135.653670525977 -0.0221973709907626 -0.901298710343451 -0.014673836302922 0.432380145222332
215.674 -232.160110536197 0.311646509188897  134.565143963495 -0.0224350373173581 -0.908937522140728 -0.0131164956098208 0.416121625835716
215.986199999 -233.333003870141 0.333509032985448  133.458161878351 -0.0219891082776434 -0.917542234015279 -0.0115221723436603 0.396862655662999
216.2983 -234.321469925203 0.354039027832965  132.412694597411 -0.0234342009605818 -0.927604948624124 -0.00996817049671203 0.372693618258112
216.610299999 -235.082816110511 0.370311372997865  131.439714307391 -0.0241980110018146 -0.940379665311483 -0.0104300699655354 0.339104342308873
216.9231 -235.668474453679 0.374237464842109  130.524425107462 -0.0177522496090008 -0.953158387928462 -0.0115491323147234 0.30172928710719
217.338999999 -236.203115822981 0.377777168900447  129.474801153109 -0.0125188525843588 -0.966439516768345 -0.00740251363288144 0.256482244123163
217.651399999 -236.507204880036 0.382005824055736  128.669824797608 -0.0094937186627537 -0.976221614753918 -0.0108531005466974 0.216294795133236
217.963699999 -236.723751527371  0.38814187821532  127.868017491263 -0.00651577292123575 -0.984669080578628 -0.0126130607103967 0.17385412608044
218.2761 -236.872766867945  0.38966182325111  127.025573009468 -0.0029247987960627 -0.991330391368442 -0.0118005212797392 0.130829080860567
218.5885 -236.979509477165 0.402394306968571  126.114629685484 -0.00448875503599776 -0.99627835573358 -0.0103080535281591 0.085457784943692
218.9008 -237.021675571868 0.413521925897349  125.073049998462 -0.00600942952410016 -0.999207858507174 -0.00718675603748207 0.0386767732878638
219.109 -237.017216456316  0.41782313992727  124.280686108017 -0.00724682044544119 -0.999931466037041 -0.00610994061525428 0.00687134980363026
219.317299999 -236.927120583215 0.424678182235909  123.473975977653 -0.00544731588732746 -0.999682432099601 -0.0045701858927129 -0.0241759198781745
219.525599999 -236.810685108884 0.429575278719169  122.556576045835 -0.00434183193802879 -0.99850992981881 -0.00633753434567963 -0.0540268841140666
219.7355  -236.64390900655 0.433809762103315  121.548262024125 -0.00615768493445642 -0.996726626255021 -0.00854926634097011 -0.080156256621446
219.942399999 -236.40413244553 0.44021910236597 120.499488501703 -0.00721629886373267 -0.99467953074068 -0.00999938635212959 -0.10227692031339
220.151399999 -236.095178524774 0.453521776771413  119.360316395206 -0.00732289620773898 -0.992047808018683 -0.00943249292969462 -0.12529385409344
220.359199999 -235.714012635579 0.473089338578707  118.126424183228 -0.00994973365806044 -0.988529170110835 -0.0121701262084088 -0.150209755569303
220.567599999 -235.241456282159 0.490333496775287  116.846819398262 -0.0152316270502857 -0.984037113059675 -0.0176194583586778 -0.176432741705524
220.7758 -234.670285462109 0.513466672263746   115.51939624341 -0.0202753498465475 -0.978448742981938 -0.0190329925168015 -0.204608681979825
220.984199999 -233.994802204723 0.539103626844946  114.160311822231 -0.028470937618065 -0.971919626053137 -0.0153246793157881 -0.233081102639719
221.1927 -233.174534358395 0.556556900117251  112.715313259137 -0.0301774041953684 -0.965559415349742 -0.0147796631274726 -0.258003684592552
221.401399999 -232.263347359256 0.558044353655832  111.319133902968 -0.0285147317507524 -0.959843175075075 -0.0173559223522334 -0.278544002438186
221.610099999 -231.254189759285 0.567499763146903  109.847347104333 -0.0265927181231185 -0.955587292851799 -0.0169464819808093 -0.29301633031534
221.8188 -230.166398854051 0.580076181163011  108.334903850458 -0.0230634485263838 -0.953181160835706 -0.0146824135437422 -0.301161383152784
222.0277 -229.013252851214 0.594876197231818  106.725082057259 -0.0192557670021278 -0.952604168457296 -0.0149251419686247 -0.303235475847005
222.241199999 -227.868767810954 0.597439474632721  105.148410971411 -0.0185479514217941 -0.952924978711867 -0.0130799281648539 -0.302355542241655
222.445199999 -226.674498395421 0.607456328159562  103.452111985084 -0.0188873809142686 -0.953216328980783 -0.0123321721641483 -0.301446205045466
222.653899999 -225.468720051992 0.610460386698628  101.762174213205 -0.0171495550590676 -0.953595714995751 -0.0145646620820024 -0.300248190205129
222.8624 -224.214501355673 0.624649385764553   99.985068442552 -0.0152551349514957 -0.954187592141433 -0.0147743257346222 -0.298454417223188
223.070899999 -222.936152674748 0.643479056521181  98.1531727640171 -0.0142421444502219 -0.955007995489604 -0.0120906616230954 -0.295991056915412
223.2794 -221.638179122288 0.649042880998007  96.2717374112139 -0.0122141502100834 -0.956045417547884 -0.0113549869012923 -0.292743980967688
223.487999999 -220.320002033412  0.66374501458146  94.3295913082254 -0.00851715188542806 -0.957419182393667 -0.0146716353010791 -0.288202551040054
223.6963 -219.026983588499 0.693098128661256  92.3626740771976 -0.00850226824102224 -0.959189147800531 -0.0145236650030508 -0.282263978097325
223.904699999  -217.73599505946 0.713537224502617  90.3337287052257 -0.0102124783601182 -0.960866508661241 -0.0158317848239986 -0.276370426073753
224.1133 -216.460131567366 0.738778561260562   88.270319974387 -0.0114933891023644 -0.962561915168732 -0.0180308153041027 -0.270217229600766
224.3213 -215.198706530621 0.764163532991989  86.1799496452884 -0.0110008122418369 -0.964514033613222 -0.0159944028562982 -0.263316995597402
224.425499999 -214.573408848471 0.774985566950576  85.1203886606854 -0.0106210031328715 -0.965584017272866 -0.0152080086485757 -0.259429019873626
224.529599999 -213.961218250376  0.78433642266347  84.0598647279804 -0.010198531547066 -0.966613699402605 -0.0157937596561484 -0.255547457896605
224.6337 -213.360192656351 0.794111256571224  82.9952847304539 -0.00974045824884345 -0.967588880416556 -0.0168599464922634 -0.251778919235937
224.8417 -212.168418635539 0.820310129064479  80.8375433247482 -0.00879135324374775 -0.969322512952357 -0.017761530157633 -0.244992053010565
224.945799999 -211.580399166482 0.835324713989054  79.7505244571879 -0.00823534795219751 -0.970033233980052 -0.0192706887699572 -0.242066818404836
225.0498 -211.021977002827 0.851411003064836  78.6999199072695 -0.00785889163967562 -0.970564334324733 -0.0204403992516611 -0.239844326256461
225.257699999 -209.882673854039 0.887535405502131  76.5374311387107 -0.0114162739377221 -0.971187903253899 -0.0192245500312768 -0.237263865640704
225.4659 -208.774804484301 0.913131781125978  74.4107955239221 -0.0143616468156679 -0.971313490035052 -0.0154717452433663 -0.236863826439991
225.673699999  -207.64847926194 0.933785156411526   72.270604602781 -0.0131326074503825 -0.97142955837436 -0.0180246208526527 -0.236277931219291
225.881699999 -206.537969523032 0.959956828111404  70.1552333926681 -0.0119902881333722 -0.971672360048054 -0.0183104283551626 -0.235316352858391
226.0899 -205.420497278304 0.982019300957619  68.0001682623559 -0.0149034639925758 -0.971703319443195 -0.0148898512780972 -0.23526333771545
226.297799999 -204.316036693565 0.992097983805322  65.8689804519458 -0.0167984349179371 -0.971881231778991 -0.0133314363913471 -0.234492977941351
226.505899999 -203.188094464423  0.99480832454872  63.6941997052632 -0.0165810657017231 -0.971960012666697 -0.0152263129301651 -0.234066147555991
226.7141 -202.088185179355   1.0038481584153  61.5597194546058 -0.0176854525508631 -0.972090389055877 -0.0156752318589541 -0.233413340191674
226.9221 -200.988730677951  1.00990009584581  59.4234820314421 -0.0183234690639614 -0.972188988695085 -0.014100685788785 -0.233053623447
227.1302 -199.870412878918  1.01807866177854  57.2543067276759 -0.0171225368796788 -0.972321627724378 -0.0162507109927228 -0.232450823578775
227.3384 -198.784162233366  1.02704677078944  55.1363615083673 -0.0171669205985797 -0.972253425895017 -0.0178918947460114 -0.232612236941573
227.5463 -197.694919215445   1.0393959765239  53.0182282423732 -0.0188991776953051 -0.971861383600803 -0.0160740781916361 -0.234243241435613
227.7545 -196.591992776483  1.04649135666929   50.899885237233 -0.0188733462453238 -0.971443234919427 -0.0164675737664279 -0.235946301401464
227.9626 -195.477554072108  1.05847730979296  48.7871680921974 -0.0180565207874288 -0.971087238983969 -0.0168506671658369 -0.237443869905314
228.170899999 -194.388652878624  1.05963280892368  46.7246284182638 -0.0151024104685447 -0.971269827157236 -0.0145484219268597 -0.23705523295517
228.275 -193.834778301413   1.0652907632907   45.678074465012 -0.0119180916504262 -0.971705404255932 -0.0171642736371478 -0.235269960134603
228.4832 -192.762562676468  1.08834440736267  43.6117201554267 -0.00653475603703684 -0.973295550652584 -0.018597183890281 -0.22870770165163
228.691699999 -191.747442960323  1.10840776571121  41.5621497057853 -0.0038642159257772 -0.975594482832792 -0.0116888591677958 -0.219234676711628
228.9001 -190.78564363297 1.12264898840626 39.4968045537546 -0.00112559527755514 -0.977912632981741 -0.0144648380976529 -0.208509912831017
229.1091 -189.857338546935  1.14405824125348  37.3690054209648 -0.00130341400868271 -0.979965997959021 -0.0154117824884461 -0.198563392690171
229.2125  -189.4156536119 1.15575198728947 36.3172543967089 -0.00277568324135254 -0.980755892073617 -0.0132336481236306 -0.194769212923312
229.4206 -188.57113958995 1.17317005950219 34.2289419901946 -0.00726564063893647 -0.981736136964343 -0.0159996905339408 -0.189434362635853
229.628899999 -187.722637887423  1.19990104606895  32.1214769284225 -0.0048110677578947 -0.982572067065857 -0.0156601140742271 -0.185158708885484
229.837099999 -186.887104994328  1.21673315573031  30.0087362311286 -0.0035001787332187 -0.983521179328518 -0.0106646465527944 -0.180444184929805
230.045199999 -186.071329015842  1.22543402901678  27.8848077668371 -0.00292198544989321 -0.983991324758706 -0.0126410339494119 -0.177743464187373
230.253299999 -185.270060807763  1.24334768476339  25.7695799366375 -0.00281306187366957 -0.98413560239527 -0.015229693845821 -0.176740655216496
230.4616 -184.43491334338 1.27347231932312 23.6080271402078 0.00396050887739093 -0.984523369785703 -0.0162768323898047 -0.174450891206065
230.6699 -183.65962504071 1.29561677377069 21.5251109912401 0.00600199206223484 -0.985553491931892 -0.00938180127473368 -0.16899784743298
230.878199999 -182.917872950797  1.29799720569494  19.3908223746586 0.00295519008583301 -0.98664597103831 -0.0067023663527538 -0.162714698078263
231.0867 -182.203904680701  1.29939749660654  17.2281536955582 0.00154807282966794 -0.987869943747709 -0.0102012765678598 -0.154940348737178
231.295199999 -181.521358579685  1.30712728511369  15.0559491229299 0.0015879491425874 -0.989158688786932 -0.0112226599753096 -0.146412495088081
231.503299999 -180.872657664658  1.31768002618932  12.8585679953896 0.000528958453511432 -0.990393679719751 -0.0107907090171982 -0.137853690458516
231.7118 -180.269774416869   1.3271654348165  10.6811820593635 -0.00041599598144334 -0.991392188400911 -0.0118443657987299 -0.130388138739007
231.920099999 -179.694110106835  1.34031960955616  8.48574250091507 -0.0010943983342584 -0.992243820109491 -0.0132231781666804 -0.123596728540776
232.128199999 -179.147693073014  1.35807026213014  6.27754380997715 -0.0037399961892222 -0.99285516175428 -0.0139392748386392 -0.118449722766079
232.3365 -178.620449941429  1.37127617552156  4.07679128901178 -0.00700573639069915 -0.993165447265769 -0.0119748669192416 -0.115887516917374
232.5446 -178.097446987354  1.38457804175329  1.87298249510691 -0.00742498282682926 -0.993445643423294 -0.0147875976351747 -0.113101503745439
232.7529  -177.593447628363   1.40403388788748 -0.307230927857674 -0.00777899680716604 -0.993748051128476 -0.0169976908676473 -0.110069871409927
232.9609 -177.106401606484  1.42973191754893 -2.48063040486318 -0.00884131282388877 -0.994091778474089 -0.0162626824548486 -0.106952757407869
233.169099999 -176.630394344174  1.45437056268777 -4.66495441866502 -0.00946596457352114 -0.994293096837942 -0.0176625136096277 -0.104783914357588
233.3771 -176.162536403462  1.48203552374509 -6.83304866368439 -0.00936013883664598 -0.994523010640489 -0.0167562826375541 -0.102740430696524
233.585299999 -175.696406942887  1.51017991870804 -9.00950153845364 -0.00859635094292678 -0.994722875274635 -0.0160766776740307 -0.100965561409794
233.7932 -175.256260821946  1.53443476390648 -11.1594076168549 -0.00964169357387619 -0.994866954208616 -0.0183322047036179 -0.099049035529902
233.897199999 -175.033683604835  1.55033579856443 -12.2453015036293 -0.00991207860152331 -0.994952404548637 -0.0185563577534526 -0.0981179135918042
234.105199999  -174.60745415722  1.57891177947421 -14.3893933374632 -0.0125747879888065 -0.995108089803122 -0.0165707737313896 -0.0965772942950979
234.313199999 -174.189447128916  1.60589081017765 -16.5165247966331 -0.0136001196053744 -0.995274734474955 -0.01724593792437 -0.0945823307369583
234.521299999 -173.772536598149  1.63239982073172 -18.6474024236418 -0.0121430695476613 -0.995426430109024 -0.0196840437702812 -0.0926893010180465
234.729299999 -173.369624752227  1.66421877706631 -20.7627325164106 -0.0121669379388748 -0.99566188975904 -0.0176262790577829 -0.0905465691742403
234.9379 -172.981018138593     1.69273174035  -22.857752357145 -0.0125107878655676 -0.995882227366325 -0.0159012404013838 -0.0883697909727506
235.145399999 -172.605252593136  1.70808671558738  -24.944250403147 -0.0119353164489754 -0.996199815490645 -0.013913653692111 -0.0851462628575285
235.353499999 -172.237661846875  1.72380123308096 -27.0171611904995 -0.00943532770918446 -0.99646910586049 -0.0153770017920265 -0.0819990455584992
235.561499999 -171.886644772083  1.74299101620412 -29.0988643663523 -0.00869989066627351 -0.996671985000788 -0.0156188177996702 -0.0795318725262087
235.769399999 -171.553300462828  1.76502921275078 -31.1637899362939 -0.010177026734797 -0.996859681449337 -0.0128866900204839 -0.0774670048980918
235.977599999 -171.232258155979  1.76973820353444 -33.2014552275253 -0.0108323927454297 -0.997015636707926 -0.0133879727517657 -0.0752545122427602
236.0816 -171.076244764122  1.77530755509797 -34.2129814457172 -0.0114844051871661 -0.997079644354776 -0.0139949635872938 -0.0741918610431157
236.2905 -170.772448765613  1.78989892268678 -36.2372918998331 -0.0122697081224986 -0.997200831578718 -0.015426931070844 -0.0721246529214299
236.4978 -170.475389684981  1.80898644497165 -38.2606751390137 -0.013273350186575 -0.997339815248732 -0.0148355854220584 -0.0701214410835565
236.7059 -170.192880401366  1.81790756713998 -40.2157541992526 -0.0136927782020773 -0.997462304370904 -0.0133497593158682 -0.0685801947387393
236.913999999 -169.911883322563  1.83937569073759 -42.1583837605738 -0.0139603807019531 -0.997531090969486 -0.014319460603254 -0.0673185217300175
237.122099999 -169.653540461193  1.83366072787719 -44.0263543867463 -0.013738546029404 -0.997614746525679 -0.0149626524624076 -0.0659711217033052
237.330199999 -169.402954396686  1.84548037530441 -45.8671747986397 -0.0138384457015394 -0.997697797051907 -0.0147802742749646 -0.0647236175649477
237.538299999  -169.16419637523  1.86876306054954 -47.6821895034375 -0.0148972487452348 -0.997682293052272 -0.0188042451764984 -0.0636750694787561
237.747399999    -168.938063995  1.89171461861179 -49.4256096797815 -0.0155514588484344 -0.997676279674102 -0.0228282812981909 -0.0622821216425585
237.954599999 -168.717189474608  1.93726621028602 -51.0991216757677 -0.0153081045591628 -0.997780339486193 -0.0215960764807538 -0.0611037277934856
238.1627 -168.518054994165  1.95116652561087 -52.6889638973443 -0.014236962496426 -0.997922837010694 -0.018775677352729 -0.0599566027335604
238.371 -168.330413397949  1.97168020404881 -54.2111800849309 -0.0151422325221354 -0.997983733900185 -0.0168991826460818 -0.0592756045163939
238.579299999 -168.140722884074  1.99538189072836 -55.6638423311256 -0.0147918808733887 -0.99790469646473 -0.0188214114466813 -0.0601096623265931
238.787499999 -167.971957076785   2.0054590028846 -57.0379845642462 -0.0151516154666925 -0.997808733167101 -0.0202927643096506 -0.0611258069957955
238.9958 -167.799873375136  2.02454567170758 -58.3582672355907 -0.0150453913221301 -0.997818666449364 -0.0194160266574988 -0.0612744889330989
239.3086 -167.571961298963  2.04870781343524 -60.2005024943541 -0.0160756813558099 -0.998008451875483 -0.0171306475853046 -0.0585426627969419
239.6211 -167.386448602399  2.06592532663421 -61.8457833647169 -0.0190233534673965 -0.998105429121654 -0.0182368438912064 -0.0555974990950319
239.933699999  -167.21355799816  2.07693833418965 -63.3977146608558 -0.018232586247579 -0.998290628091541 -0.0168839321362486 -0.0528992202110799
240.246199999  -167.07963017319  2.07694522694953 -64.6641275409299 -0.0192707884889753 -0.998446710556054 -0.0108084559898327 -0.0511466535554719
240.6628 -166.924200695167  2.07241390638499 -65.9947884700282 -0.0195056613167407 -0.998384279311583 -0.00844390851060597 -0.052697821673695
241.183099999 -166.708396651379  2.06261621437134 -67.4221040571043 -0.0167083045422746 -0.997254741568263 -0.00959921165890927 -0.0714959307546059
241.599099999 -166.464743875127  2.05965034190878 -68.4087067273453 -0.0159723390197348 -0.994461398122338 -0.00983165150553573 -0.103415427569961
242.224199999 -166.156573544832  2.06249972956623 -69.3942716683572 -0.0117250085920209 -0.991478342324476 -0.0144163796703869 -0.128939477555272
249.4156 -166.133506910858  2.05863527891861 -69.4318188729529 -0.0125945563162361 -0.991226617877071 -0.00900152779508724 -0.131263634189116
250.352699999 -165.897736189915  2.05482399761801 -69.9745489842423 -0.0111240447040548 -0.987353478038541 -0.00302181074933275 -0.158114622013319
250.768499999 -165.526608209395   2.0508501732009 -70.7080304695054 -0.0119445308847636 -0.978762731176583 -0.00544666233650854 -0.204575604877736
251.08 -165.042881949821  2.03216373997258 -71.4229964618544 -0.0115969810987238 -0.966699467172946 -0.00923309857330727 -0.255484637674506
251.287599999  -164.63064564717  2.04722895976751 -71.9614370198981 -0.00764197114090953 -0.955381070100241 -0.010280799334095 -0.295098146954962
251.4952 -164.089539827652  2.02859080765026 -72.5238324540588 -0.00452217858035268 -0.940798389292184 -0.010565805413115 -0.338771758507246
251.702799999 -163.473094521221  2.05344729572197 -73.0966387161168 -0.00452615152638141 -0.922826221873339 -0.0104103523999171 -0.385049221188991
251.910599999 -162.746951584777  2.05497440093028 -73.6471938800308 -0.00511003831836093 -0.902177346819346 -0.00895744953272113 -0.431242027743424
252.1185 -161.872775082648   2.0494766026635 -74.1993903613631 -0.00416145920541096 -0.879581001457038 -0.0131082844877264 -0.475550330681101
252.3266  -160.90525054841  2.06690507903291 -74.6734287629233 -0.00527674918710362 -0.855265552081768 -0.0125399200610269 -0.518011333606851
252.534699999 -159.765503374842  2.06464219110525  -75.127907430799 -0.00539185005427607 -0.830566600864869 -0.0141901022657353 -0.556712394759141
252.7432 -158.517051690245  2.08211325150364 -75.5179962198013 -0.00770317627826506 -0.80784400229963 -0.0166715961466988 -0.589110165338931
252.951699999 -157.151194561994  2.08761409974627 -75.8704448561761 -0.0145942792129432 -0.785858950145016 -0.0198288605341151 -0.617915474625087
253.1602  -155.69932506058  2.09447330540769 -76.1171561664133 -0.0188631549000317 -0.763582420549275 -0.0215661769669275 -0.645074389839156
253.368699999 -154.105426795498  2.08983651545803 -76.2946835172521 -0.0203629478565326 -0.742582566284196 -0.0216755379335983 -0.669093904964512
253.5772 -152.471233048476  2.07636440549936 -76.3593747117801 -0.0218896546564754 -0.723670568161967 -0.0186481851542907 -0.689546225416112
253.785799999 -150.723906199778  2.05324658152039 -76.3553906314829 -0.0203852190211204 -0.708564416525984 -0.0154529863033702 -0.705182327978347
253.994599999  -148.85772683231  2.02420573678848 -76.3024888975826 -0.0187606365942907 -0.698586755887843 -0.0123668281437383 -0.715172457924898
254.203499999 -146.932216939626  1.98753634816623 -76.2059365824956 -0.0169111701372152 -0.692976532315034 -0.0106481608192391 -0.720683116672223
254.412299999 -144.896916243661  1.95490324959346 -76.0993364654836 -0.0147285815479398 -0.69084843036903 -0.0101113657575802 -0.722778856514736
254.6211 -142.773274930086  1.92262386594324 -75.9877330259197 -0.014659439707901 -0.690800766140495 -0.00888586640143962 -0.722841921657461
254.8297 -140.548445101175  1.89574186976674 -75.8793488904709 -0.0136586126195817 -0.690380235899418 -0.0115210378447574 -0.723225993633907
255.038199999 -138.256422741694  1.86704078147804  -75.755813712941 -0.010969471528935 -0.689576038849263 -0.0141513406998466 -0.723991917700558
255.2467  -135.93533730359  1.84804017573352 -75.6277891864597 -0.0098607948207892 -0.688616139078996 -0.0153825710026736 -0.72489582302203
255.455199999 -133.595517146162  1.83255276224792 -75.4932993949026 -0.00886453906896755 -0.687385474495523 -0.0165393929493858 -0.726050327374435
255.6636 -131.290492883431  1.80763263884714 -75.3466756539771 -0.00785223788985651 -0.686175672417298 -0.0170224903472379 -0.727194281994275
255.872 -128.98515144403 1.78406497432792 -75.190813061866 -0.00967486277268101 -0.685028623264952 -0.0136097043270187 -0.728324761549534
256.080399999 -126.639190987364  1.75830509233543 -75.0277080826872 -0.00771202663450213 -0.683917936231183 -0.0144514455670654 -0.729375031700079
256.288599999 -124.351542996644  1.73491377505776 -74.8645606225159 -0.00720750665369928 -0.683216417538822 -0.0159771642522394 -0.730005554003332
256.392699999 -123.201189464888  1.72366911412527 -74.7804018040018 -0.00764933641471713 -0.683129921543262 -0.0150795208691374 -0.730101092996763
256.601099999 -120.899769415758  1.69662561329799 -74.6160108312847 -0.00907041186166858 -0.683316652664581 -0.0141767245910745 -0.729928147354108
256.8093 -118.644327869635   1.6617730371965 -74.4612649889564 -0.0124586394662636 -0.683367420649512 -0.0129690230629374 -0.729853105178211
257.017699999 -116.332370358836  1.62070529417376 -74.3021781098296 -0.0117320050809473 -0.683193298094588 -0.0159890602083481 -0.729968237287811
257.225999999 -114.065012431847  1.59873949267941 -74.1474999608787 -0.00883609762556699 -0.683054510717817 -0.0208712525807487 -0.730015650231217
257.4341 -111.839109449796  1.58574085481487 -73.9989338418346 -0.0136822656244083 -0.683084123886665 -0.0213651718949815 -0.729898900349403
257.642299999 -109.595017004534   1.5505052080309 -73.8397643500345 -0.0163872361927843 -0.683242184882514 -0.0172339556475506 -0.729804471115154
257.8507 -107.370690897482  1.51026740678365 -73.6736264723929 -0.0136907168298187 -0.683857334662249 -0.0149455404164674 -0.729334176439711
258.059 -105.176104775664  1.47847433316197 -73.5124947514146 -0.0107790773622656 -0.684075786967291 -0.0149479374779553 -0.729178090963693
258.2672 -102.953099011848  1.44239960710548 -73.3606701908527 -0.0106352353230252 -0.683801231242797 -0.0166935960312478 -0.729399816131047
258.4755 -100.748028579608  1.41611187737982 -73.2107735846439 -0.0106772997746349 -0.683309525324117 -0.0188418518173125 -0.729807558532348
258.683699999 -98.6188840983883  1.38970823415912 -73.0628343168777 -0.0129175548115412 -0.682914158697143 -0.0177811104928492 -0.730167940092076
258.891999999 -96.4198469368196  1.35662257627627 -72.9022747013916 -0.0129846424873419 -0.682470990059836 -0.0163446279872331 -0.730614535799954
259.1003 -94.2741754784747  1.32763058073404 -72.7400368882198 -0.00917506982333345 -0.682031480376719 -0.0182408275286389 -0.731037721379649
259.3086 -92.1472326592018  1.31143360080627 -72.5730285794482 -0.00845136475106789 -0.681699768396372 -0.0170390935792109 -0.731384761594181
259.516999999 -90.0096902048033  1.28761656297924 -72.4119819483756 -0.00943616010601172 -0.681288552832473 -0.0166961885561535 -0.731763694063586
259.725199999  -87.90192826525 1.26338608763159 -72.251841546349 -0.0105177304176623 -0.680880336016835 -0.0168681890500715 -0.7321248592765
259.933499999 -85.7649932180968  1.24325499544157 -72.0819479302195 -0.00949852903939437 -0.680527401481851 -0.0179228395524203 -0.732441810385525
260.1417 -83.668459522272 1.21849596214648 -71.921029098456 -0.00963427722377234 -0.68118867433284 -0.0174694831500177 -0.731836038892261
260.350099999 -81.5795026032944  1.19647214001961  -71.765886683108 -0.0106070075982211 -0.681998155216435 -0.0176469688059887 -0.73106401372462
260.558299999 -79.4929674297659  1.17699087015167 -71.6170092549859 -0.00979463308682782 -0.682714156163535 -0.0184002242727608 -0.730388169320478
260.7667 -77.4135315624242  1.15688482250441 -71.4647045374125 -0.0082717288297598 -0.683888178144245 -0.0181420637887915 -0.729314338141103
260.975 -75.3609162932851  1.13276914895387 -71.3262686922575 -0.0111666428608603 -0.685168658604736 -0.0145375230075128 -0.728153744601929
261.183299999 -73.3262697338441  1.09882715842187 -71.2021118572862 -0.0136762192832095 -0.686384593210943 -0.0124778196107431 -0.72700306412458
261.3917  -71.282411603418  1.06322177556441 -71.0781079515905 -0.00907462569250437 -0.688741557235393 -0.0152775726328952 -0.724789151602005
261.600099999 -69.2809821907575  1.04061929403408 -70.9827888554026 -0.0077948823077304 -0.691130840479971 -0.0179231401791754 -0.722465336326509
261.808299999 -67.2457217148072   1.0152112360799 -70.8992427864886 -0.0162395952814056 -0.692480577660277 -0.0133425610124059 -0.721130294172985
262.016599999 -65.3003690341514 0.965019643373421 -70.8133639317757 -0.0191633797653161 -0.692901113783085 -0.0103997920019122 -0.720702890045855
262.120699999 -64.2527023592795 0.937134469065439 -70.7651175963728 -0.0173597655360132 -0.692955867004869 -0.00972857318872703 -0.720705321048608
262.225 -63.2545760575061 0.912050150016449 -70.7201228386741 -0.0160615623828034 -0.693088016479128 -0.0105887306605194 -0.720596215928068
262.329099999  -62.181014344479 0.893553003897819 -70.6671493417601 -0.0125053926256463 -0.692887115973805 -0.0112363748062136 -0.720850056221123
262.5373 -60.1015527743683 0.867047863098605 -70.5723274041286 -0.00894349222249355 -0.692217042908471 -0.0153221178030753 -0.721471282976632
262.6415 -59.0584939325954 0.866173904088074 -70.5201443093537 -0.00698690046286816 -0.691556188840002 -0.0167836839750879 -0.72209385044552
262.8498 -56.9053771575302 0.867311953794384 -70.4126676735221 -0.00472213172343562 -0.690351044324221 -0.0203989333405944 -0.723171501506393
263.0581 -54.7517232197802 0.876353394792837 -70.3043840922332 -0.00915937701821429 -0.689533985296548 -0.0200080782638206 -0.723918963515867
263.266599999 -52.5672099771618 0.861345713168595 -70.1897900626693 -0.0170996482797145 -0.689172448524373 -0.0141781918985759 -0.72425680328052
263.475 -50.3363203301242 0.815529034215687 -70.0693255600352 -0.0189243388262626 -0.688865158601896 -0.0132621481869425 -0.724521068078659
263.683199999  -48.063061383457 0.776909920212407 -69.9407930376337 -0.0156129813817233 -0.688206589306662 -0.0169024578008483 -0.725149799812119
263.8915 -45.7609668551946 0.746593379100884 -69.8025635117659 -0.0153179686320385 -0.68744346444385 -0.0156280415430426 -0.725908125969089
264.099899999 -43.4427923885528 0.708821928523071 -69.6588783569601 -0.0147922719839448 -0.68627361561513 -0.0156043413211514 -0.727025596338962
264.3081 -41.1151354574238 0.676863075549614 -69.5081375727124 -0.0123415589922107 -0.684949903649641 -0.0176547356840585 -0.728271670271415
264.5163 -38.7852740291172 0.646792943612517 -69.3472451334944 -0.0122935159782015 -0.683776751247008 -0.0177788774276344 -0.72937105470151
264.7246 -36.4700785819925  0.61558909359427  -69.183593918366 -0.0123203395385158 -0.682610078901196 -0.0178655843184742 -0.730460478269098
264.932799999 -34.1598208216301 0.586981191782055 -69.0120105778156 -0.0110868540041652 -0.682200389799424 -0.0181562977912921 -0.730855703046995
265.1412 -31.9005849524563 0.559075093942542  -68.847042496023 -0.0125183240674598 -0.682235045601438 -0.0163880886564875 -0.730842024425206
265.349499999 -29.5743748564606 0.529034076545046 -68.6778006544307 -0.011183030194349 -0.68154934694223 -0.0193232403570708 -0.731431500484082
265.5577 -27.3133870405984 0.509645474710837 -68.5033897322588 -0.0100270770532285 -0.680276650259041 -0.0214749682802435 -0.732572155200749
265.766  -25.105024820142 0.488157138888703 -68.3163276414578 -0.0114282340638829 -0.679496149728837 -0.018937013294494 -0.733345598948648
265.974199999 -22.8689773169342 0.461114636798028 -68.1388566125534 -0.0116224087544998 -0.679871377711439 -0.0177767122067524 -0.73302374987896
266.182599999 -20.6906499908239 0.430563513101783 -67.9707593551331 -0.011018194101581 -0.680897998395847 -0.0192076642108784 -0.732043428230069
266.391 -18.5571360622228 0.402106716069009 -67.8123031773106 -0.0111950351373035 -0.681991034409117 -0.0187813081854837 -0.731033626201079
266.599199999 -16.4077495742997  0.37740041878722 -67.6533832896371 -0.0100228587589065 -0.683157613885598 -0.0186496104226979 -0.729963977825972
266.807599999 -14.3209914722227 0.352146345993826 -67.5044851340772 -0.0101431938543167 -0.684126566686181 -0.0169443465144294 -0.729095909667453
267.016 -12.2436135053908 0.325686571688867 -67.3722712538363 -0.0109552161241516 -0.685348964487499 -0.0155589063082435 -0.727966139700245
267.2243 -10.2100748825642 0.293595484190274   -67.23975007442 -0.0135996979321812 -0.686616291674066 -0.0144591078947752 -0.726748959698461
267.4327 -8.17106647471486 0.260121539113502 -67.1278181108008 -0.0132798298896898 -0.687823894422375 -0.0171426093946677 -0.725553628150862
267.641099999 -6.13037680590372 0.224909839376394  -67.008930456181 -0.0127502483832215 -0.688548151400785 -0.0138696832023121 -0.724945864362709
267.8493 -4.07928816689081 0.187308092264481 -66.8766968847547 -0.0122400348862566 -0.688962514740849 -0.0062384827063825 -0.72466676214759
268.057599999  -1.9895128689411 0.142289031001809 -66.7471296012611 -0.00984694070655751 -0.687744353479196 -0.00581286084282177 -0.725862902113771
268.266 0.0906924086541423  0.101061462806036  -66.6328964977478 -0.0121574299946956 -0.686110013922942 -0.0098690042727322 -0.727329257245471
268.474199999   2.19611596303637 0.0722302314138391  -66.5036818827371 -0.00978960165592896 -0.684742108844879 -0.0153162121960022 -0.72855872907958
268.682599999    4.308745138863 0.068323281718882  -66.367870780671 -0.00776971714692307 -0.683211185668912 -0.0234413841811666 -0.72980313015224
268.8908   6.49531372376565 0.0691503135342459  -66.2165106217132 -0.0113057685171113 -0.682119878195742 -0.0213617288295339 -0.730840836235823
269.099199999   8.64975026601052 0.0547069176813737  -66.0536858671651 -0.014616621818769 -0.681808462363787 -0.0171256121628699 -0.731184168608554
269.307599999    10.852440634844 0.0241145089227541   -65.884424274896 -0.0142192992265322 -0.682683883763397 -0.0145642586124703 -0.730430290137465
269.516    13.0076008333971 -0.0134466526662913   -65.7324457069873 -0.0166246145891026 -0.682910797240854 -0.015297492528649 -0.730152348434189
269.724199999    15.3130490179527 -0.0523978256380064   -65.5720931506399 -0.0162010746782076 -0.683172238028462 -0.0153949368266169 -0.729915210340598
269.932599999    17.5409522026562 -0.0927282223078973   -65.4044086318744 -0.0136490334502491 -0.683791434357355 -0.0146278441796225 -0.729403183678301
270.141    19.851363029435 -0.128678314657179  -65.2553442916914 -0.0142361576891817 -0.684346734364536 -0.0166211362754569 -0.728828249183411
270.349199999   22.0691243751827 -0.174197766329471  -65.1075202143746 -0.0181806610116492 -0.684682618422905 -0.0143442858948737 -0.728473346840432
270.5575   24.3468042910665 -0.221953084872634  -64.9578637871949 -0.0141157958689446 -0.685015844408187 -0.0157537173622711 -0.728221022496601
270.765899999   26.6277557622566 -0.254889240632857   -64.806970544822 -0.0122368483610858 -0.685814537768977 -0.0142652430137834 -0.72753362957919
270.9741   28.8588483571573 -0.295878986413247   -64.660075419836 -0.0110628472888584 -0.685777896335141 -0.0146044574662494 -0.727580236214624
271.182299999   31.0787130519472 -0.330101184748981  -64.5156158132309 -0.0112292802786525 -0.685481205242675 -0.013987013352191 -0.727869345405451
271.3906   33.2920857272654 -0.358712260055103  -64.3716720024464 -0.00797673435814834 -0.685511344828132 -0.0154869889258025 -0.727853502426771
271.5989   35.4355759800332 -0.386641122663525  -64.2316411416502 -0.00740005361083419 -0.686098085306674 -0.0169286291567376 -0.727274417300613
271.8072   37.5247788487326 -0.411702632905362  -64.1059268139369 -0.00758818432094643 -0.68701614485551 -0.0165486316015224 -0.726414054764018
272.015499999   39.5255816945199 -0.437935424990753  -63.9873486756074 -0.0102812755909913 -0.687932418141147 -0.0135938312447633 -0.725574593818434
272.2237   41.4606784858104 -0.476014679713688  -63.8710308747489 -0.00794810689050045 -0.688237064433729 -0.0138330607827667 -0.725310428138104
272.432099999   43.3692195753306 -0.505041454649185  -63.7671422324892 -0.010803330943206 -0.68805572556927 -0.0144121402865605 -0.725434281492292
272.640499999   45.2775272059083 -0.535120863542339  -63.6564177687658 -0.0104310402153648 -0.688368409191154 -0.0131885838367116 -0.725166317394877
272.848799999   47.1822670662031 -0.564287644460418  -63.5566095244577 -0.0111993038462457 -0.688740010774302 -0.0150821085554275 -0.724764998570914
273.0572   49.0669093576275 -0.590531143169509  -63.4655609888258 -0.012661385790921 -0.689700094765108 -0.0166509540663783 -0.723792936080157
273.2656   50.9149352024762 -0.618717263609219  -63.3832431643735 -0.0144203213747897 -0.690893978190736 -0.0180328383977792 -0.722587283288702
273.4741   52.7639954821926 -0.648351047490318  -63.2927215313333 -0.013908885871539 -0.692292987957164 -0.0167930967085547 -0.721287011959935
273.6825   54.6218052552018 -0.679314720701235  -63.2264637555248 -0.0183541639288034 -0.693372115492609 -0.0164638968226125 -0.720157742598934
273.890899999    56.499258478903 -0.722160446099284  -63.1520864887077 -0.0261804111808469 -0.692827034776731 -0.01135817947954 -0.720538880083368
274.0991    58.365165722029 -0.789405323882272  -63.0544200567121 -0.0241077208906888 -0.689321307952003 -0.0111647473711339 -0.723968438961903
274.307299999    60.293910444892 -0.841972282914738  -62.9200239357754 -0.0178075310953545 -0.683323510550809 -0.014740981900558 -0.729749666130389
274.5156   62.2330231830104 -0.870274763236257  -62.7452451665234 -0.00898751502144993 -0.67754723653966 -0.0176016417742967 -0.7352136757692
274.723999999    64.193646531779 -0.881387334241912  -62.5571605496526 -0.00890095977322268 -0.673391099038548 -0.0182896827004006 -0.739006554881275
274.932599999   66.1727150380868 -0.890300461636753  -62.3420694667471 -0.00842751190773145 -0.673542930788867 -0.0122119485562337 -0.738999164911469
275.1412   68.2099618288008 -0.905748347665015  -62.1599631951535 -0.0113452756765226 -0.675674102432076 -0.0137441951491732 -0.736984999251772
275.349899999   70.3268974091171 -0.928246893567465  -61.9904690317784 -0.0162924976603403 -0.676986547995618 -0.015312031206309 -0.735655700754981
275.5584    72.454689489508 -0.966984243331599  -61.8130448568495 -0.0190552020191748 -0.678263288835775 -0.0132695941434502 -0.734451991735985
275.7669  74.6535088080256 -1.00971315362587 -61.6283924821689 -0.0157465307181836 -0.67903177901177 -0.0141248858918026 -0.733804045683176
275.975399999  76.9065169467536 -1.04037610421672 -61.4496178191931 -0.0148624747063507 -0.679686706123337 -0.0164099375505341 -0.733168331499936
276.183899999  79.1923281231614 -1.07192619530245 -61.2745519273884 -0.018084076032386 -0.680270789912827 -0.01714145738164 -0.732537227056937
276.3922   81.525369401811 -1.11185092235867 -61.1013789163512 -0.0215277444713826 -0.680327666539675 -0.0152063777328403 -0.732434016437592
276.600599999  83.9009901870111 -1.16256412629205 -60.9123859516807 -0.0165942872408513 -0.680812358713885 -0.0167008583433475 -0.732079396776061
276.809  86.2604666156566 -1.19654097226828 -60.7275797164067 -0.0139098533437705 -0.680882235840126 -0.0184296201855969 -0.732028855986648
277.0174   88.619779821154 -1.23505580480581 -60.5477005715917 -0.0129327039061432 -0.681029220772944 -0.0181742768346096 -0.731916416870542
277.1215  89.7909568975109 -1.25688465725814 -60.4546900681189 -0.0134585054754773 -0.681185975919763 -0.0162481990523247 -0.731806347928304
277.3299  92.1222969742134 -1.29804099296804 -60.2801634147472 -0.0161119520700001 -0.681285550149391 -0.015021607243328 -0.73168624114026
277.5382  94.4607850356884 -1.34609804015031 -60.1128717173689 -0.0172850275314658 -0.681490847512942 -0.0170811790374338 -0.73142305535307
277.7466  96.7632214227199 -1.38987702387229 -59.9429784196927 -0.0139703364129215 -0.681646695056547 -0.0198916261564663 -0.731277605309945
277.9549  99.0569214578106  -1.4238697039686 -59.7645514707786 -0.013916840881688 -0.682007653231922 -0.0153213350948606 -0.731052076916462
278.1632  101.321849049739 -1.46466155723288 -59.5912560939237 -0.0118829074161167 -0.68257728765168 -0.0134523081482197 -0.730592963488495
278.3715  103.580048302427 -1.50954081869561 -59.4282018790357 -0.011364356018828 -0.681990413805577 -0.0158963022209077 -0.731100016731826
278.5799   105.77706223777 -1.54735750014061 -59.2666710001948 -0.0109453628636846 -0.681034934890282 -0.0177396325474613 -0.731954180210655
278.788099999  107.893460098709 -1.58165983505752 -59.0945177594445 -0.0120848118713071 -0.680149277970189 -0.0158220670055138 -0.732803233613457
278.996199999  109.984857006845 -1.62274779174659 -58.9274037329913 -0.0109633580709231 -0.679131344158555 -0.015941845378391 -0.733761732258596
279.204499999  112.000184812094 -1.65221769538176  -58.757940972142 -0.00722497416752838 -0.678118849879583 -0.0193342164276824 -0.734662380458805
279.4128  113.912008172347 -1.67059563406205 -58.5924438621103 -0.00693991552139216 -0.677604018032677 -0.0191865817617264 -0.735143868503866
279.620999999  115.826551518109  -1.6911380093449 -58.4219812513865 -0.0103564992261539 -0.677252276610379 -0.0159719810363276 -0.735504583650987
279.8294  117.705018963804 -1.71702276387529 -58.2567344204409 -0.0108367023848811 -0.676966329666925 -0.0163547353724964 -0.735752456339501
280.037699999  119.571671754348 -1.73815820128405 -58.0940682026926 -0.0097800234949597 -0.677559358955032 -0.0157611448294279 -0.735234148109669
280.2461  121.452394024627 -1.77487523977954 -57.9267583961997 -0.010880111533845 -0.679159990856734 -0.0105485029458776 -0.733833808895511
280.4546  123.307835416666 -1.81389005048556 -57.7724475818557 -0.0117339396988272 -0.680926365228908 -0.00627475002478662 -0.732230993134966
280.663  125.183872403046 -1.86032440637223 -57.6273710955569 -0.00948540440778055 -0.683046100520931 -0.0048669329587658 -0.730297449420403
280.871399999  127.065257842438 -1.90323433271096 -57.5072731787109 -0.00945496536508822 -0.685316058487796 -0.00721779374322689 -0.728148616054564
281.0797  128.940992508731 -1.93560998840608 -57.3994432458477 -0.00906761530654639 -0.687703640628234 -0.00864995837857157 -0.725883364762807
281.288099999  130.889702713922 -1.96325701389947  -57.296991539984 -0.00802303268948413 -0.689884778358374 -0.0100653240683872 -0.723804747696006
281.4966   132.84454036239 -1.98643786469657  -57.199585581902 -0.00536527007424121 -0.692590668871072 -0.0102826180634426 -0.721237580160319
281.704999999  134.817205870099 -2.00625149424827 -57.1186681252932 -0.00742376852681988 -0.695459343500357 -0.00748480430069339 -0.718488111873463
281.9134  136.849820510388 -2.02597159708762 -57.0621003964634 -0.00668991051579859 -0.698330800901186 -0.0110759913310661 -0.715658200558082
282.121899999  138.939425509061 -2.05314139173897 -57.0208501965204 -0.01271494722887 -0.700979276578237 -0.00734763185772439 -0.71303043149006
282.330199999  141.029198384916  -2.0961561578413 -56.9893997138985 -0.0136762058798791 -0.704046113724865 -0.00657221248695148 -0.709992138804841
282.538599999  143.192130660344 -2.13914813377808 -56.9739042776636 -0.0101834339005145 -0.707087749370526 -0.00924525411861157 -0.7069920350615
282.747  145.362838367248 -2.17693396288827 -56.9768837940945 -0.0128049615793287 -0.710111998717101 -0.00680700482031044 -0.703939377306265
282.955499999  147.569468446932 -2.23281644608503  -56.998459126679 -0.0143935354952905 -0.71308872670199 -0.00481540363481135 -0.700909484794089
283.1637  149.800172838638 -2.28879049031148 -57.0348342681242 -0.0118969343831633 -0.716056618183021 -0.00662815406980552 -0.697909342309017
283.3722  152.081680510107 -2.32721407679671 -57.1032767331701 -0.00983461406211315 -0.718928327258727 -0.0100634456587637 -0.694941772879348
283.7889  156.674055219045 -2.39573261967964 -57.2826232214077 -0.0145991225357031 -0.722258585249729 -0.00965040072312569 -0.691401671548551
283.997099999  159.010284568918 -2.44353402118934 -57.3767672971037 -0.014726473612533 -0.722874349995299 -0.00930003233257664 -0.690759954320187
284.205399999  161.388438247795 -2.49066420000016 -57.4765978578193 -0.0134760878809475 -0.723255119353308 -0.0112412778825314 -0.690357922425915
284.413599999  163.805367897926 -2.53260815271536  -57.585098341352 -0.0154461300219017 -0.723122146321809 -0.0109978879298166 -0.690459864892501
284.621899999  166.203666390165 -2.58622604128897 -57.6809111141175 -0.0153047604436908 -0.722757004790489 -0.0117508047522831 -0.69083282704408
284.8301  168.642000156295 -2.63236509299372 -57.7837444141674 -0.0134061003409257 -0.722278735465617 -0.0159227518521851 -0.691288775217196
285.246399999  173.450696437051 -2.71301183914941 -57.9594588039395 -0.0142086534915878 -0.721043404424393 -0.0138152106440079 -0.69260642724198
285.4546  175.831046941272 -2.75981589026623 -58.0381035714139 -0.0138680049880382 -0.720135368512255 -0.0134995551948511 -0.693563617460513
285.870999999  180.586067241805 -2.85439484984537 -58.1719230948709 -0.0121249913342112 -0.718492770285186 -0.0113781797349916 -0.695335646043681
286.0792  182.932173300307 -2.90269279468953 -58.2300447870555 -0.0119011499155639 -0.717212231333062 -0.012085888462871 -0.696648339664282
286.287399999   185.21634280305 -2.95625555112571 -58.2830162064108 -0.016664829124624 -0.715606004283932 -0.0102426613012279 -0.698230204153688
286.4956   187.53778847922 -3.00643077938717 -58.3302347944636 -0.0124324174993164 -0.714245702852088 -0.0166539360600248 -0.699586418797677
286.912199999  192.063133255838 -3.05082646584511 -58.3658408952096 -0.0079432269412655 -0.713326895584977 -0.0108989523009874 -0.700701689750781
