0.1042283  2.54070095728136e-05 -1.41258442911023e-05 -9.41222962917746e-05 -1.65368529455704e-06 -4.90644810843485e-06 2.54339148165699e-06 0.999999999983362
0.4169786 -0.0132284504653073 -0.0370330749715695    1.68689975474425 0.00227831693097373 -0.00253030298874432 0.00147170262035246 0.999993120441408
0.729727 -0.0316110529770329 -0.0725097379276989    3.39815767797884 0.00328333603841754 -0.00478112957334516 0.00335310855720022 0.999977558331918
1.042605 -0.0673972049330705  -0.120553500282957    5.19623178676989 0.00673382750893721 -0.0065797795753874 0.00234276547222747 0.999952935651354
1.355353999 -0.117388958306151 -0.158211497342202   7.08045024809229 0.00519601159072932 -0.00839173231083747 -0.000522732909981542 0.999951152328291
1.668106 -0.173276873920128 -0.201531739656362    9.1139165450654 -0.00298307123249142 -0.00978875610737286 -0.00249887049820835 0.999944517053884
1.876603 -0.216577510664728 -0.207380586628206   10.5014256518391 0.00370203893060307 -0.0107112082192835 -0.00350877183695614 0.999929624246845
2.085104999 -0.257839769416931 -0.217893061778677   12.0187452699142 -0.00170542353167683 -0.0114697707707278 -0.00193175780649869 0.999930899712986
2.293607 -0.301194576192093 -0.229543809348366   13.5648493675967 -0.0067418160639098 -0.0119638215101656 -0.00124071975980221 0.99990493323391
2.502107 -0.346656293269237 -0.227279283747563   15.1951211351396 -0.00497801926930311 -0.011788472925168 -6.96556601950259e-05 0.999918119836988
2.710605999 -0.395024128574098 -0.232901919867327   16.9178275992472 -0.000466505476833412 -0.0110530636669801 0.000168343339419293 0.999938790035037
2.919103999 -0.437554672565098 -0.255056271291625   18.6728276101398 0.00538120236435083 -0.0101809164007101 0.000997498867900785 0.9999331960678
3.127480999  -0.48694296961374 -0.293084840109164   20.5234787897362 0.00547283022867504 -0.0102328364647191 0.00025359355981459 0.999932634169663
3.335979 -0.542643031939509 -0.338588386479297    22.422372613313 0.0072088130611424 -0.0101689747609504 -0.0019403675452453 0.999920426804228
3.544357 -0.602900347344231 -0.390234161037001   24.3625615382984 0.00757556307759808 -0.0101926483320735 -0.004573944916253 0.999908895745977
3.752729 -0.656629234719355 -0.446854875997563   26.3441697136004 0.00757291809984296 -0.0103855413496738 -0.00500158859991906 0.999904883253304
3.961233 -0.712587487262118 -0.503356664684791   28.3653879046105 0.00605117794277899 -0.0107102278324899 -0.00579634420678824 0.999907534054583
4.169605999 -0.768597197021094 -0.559032335953536   30.3900411282262 0.00596421952381227 -0.0109281966995472 -0.00599922141615303 0.999904501412394
4.377982 -0.829043939989636 -0.612646450438714   32.4869755666893 0.00598780435298549 -0.0112098039278385 -0.00652713420632458 0.999897936298492
4.586356999 -0.889612641511103 -0.663485444134845   34.6049468641165 0.00280673630607951 -0.0117146643183174 -0.00637581688383019 0.999907114601292
4.794755 -0.954829148842939 -0.705491557514926    36.738576013575 0.00143784725273588 -0.0122447157010735 -0.00637122056913746 0.999903698903618
5.003109  -1.02168817367043 -0.746364357879736   38.9061926387446 0.00242684890343012 -0.0128390412212787 -0.0064440966872563 0.999893865889177
5.211513  -1.09086370767892 -0.790300057124465   41.0756108424906 0.000802438989715479 -0.0135898018544445 -0.00627484649158185 0.999887643527377
5.419857999  -1.16851295274798 -0.833920232192673   43.2689542031835 -0.000380859519676203 -0.0141362441063073 -0.00692628670490132 0.999876016364566
5.628235 -1.24695140337624 -0.87783944272734  45.4022292532422 0.00351561054968443 -0.0143402590065826 -0.00815155538561554 0.999857764683999
5.732479999  -1.28742485335562 -0.902758404602069   46.5044308119592 0.00365861876848997 -0.014291741040124 -0.00834799100729666 0.999856325525268
5.940858  -1.36334989489006 -0.951649875295383   48.6966670988523 0.00127823357006606 -0.0141209201557346 -0.00896383586659368 0.999859297791171
6.149353999  -1.43731431350165 -0.998129348493516   50.9125126002457 0.00106956234242129 -0.0139193373903963 -0.00819642738377711 0.999868954744146
6.253480999 -1.47295905072842   -1.018886829497  52.0041303637651 0.0019652942827585 -0.0137226134422396 -0.00780805760203983 0.999873422856704
6.357731 -1.50964018910251 -1.04261639857939  53.0824675453559 0.00306312611434272 -0.0135979507652097 -0.00789805285032008 0.999871658641532
6.566109 -1.57742353193745 -1.10075187461558  55.2530872918282 0.00597696835687501 -0.0134781002371652 -0.00663570921627865 0.999869283469822
6.774485 -1.64339593994625 -1.16399023267313  57.4357190258207 0.00565839510555587 -0.0132842393914815 -0.00500463385758868 0.999883225776176
6.982859 -1.70785110289893  -1.2173526648165  59.6450734497942 -0.000302991396266315 -0.0130282899322395 -0.00367761930857539 0.999908319284261
7.191235999 -1.76937451622461  -1.2574837974528  61.8272592344412 0.000828038994627409 -0.0128392611848952 -0.00126591734467558 0.999916429096415
7.399506999 -1.83781186543737 -1.30808098663984  64.0342058955275 0.00441855287318846 -0.0128730434680173 -0.0016052393103721 0.999906087764813
7.607858 -1.90962088014012 -1.36446386217121  66.2181065756722 0.00693813599463945 -0.0124589463145076 -0.00323267341231497 0.999893087659006
7.816232 -1.98675621714868 -1.42551092042296  68.4296863494223 0.00411721724194338 -0.0119733462839734 -0.0059250930283557 0.999902285612725
8.024606999 -2.05011504074605 -1.48248692166703  70.6293759201486 0.00327690167651145 -0.0119978780287564 -0.00482123111192392 0.999911030326586
8.232862 -2.11262628939476 -1.53563666010088  72.8329860232639 0.00150001217259941 -0.0123233695274958 -0.00348934451789901 0.999916851044029
8.441112 -2.17687186213921 -1.58734804097526  75.0433007170599 0.00126279115602933 -0.0129305454931732 -0.00257550495646096 0.999912282715821
8.649487 -2.24991632613077 -1.63856021568814  77.2142572146757 0.00421869296376623 -0.0135249649698725 -0.00306679310085955 0.999894930846395
8.857734999 -2.32732521830376 -1.69496307094429  79.4095217950553 0.00118731378624299 -0.0140799860718271 -0.00450381608651934 0.999890023912055
9.065986999 -2.40721199590357 -1.74131554603112   81.565205094813 -0.00115232077198766 -0.0145969841276653 -0.00575177565151691 0.999876250987126
9.274359999 -2.4837323169774 -1.7790808445728 83.7075104897386 0.000342930028168661 -0.01518408991426 -0.00567885181048708 0.999868529585058
9.482609999 -2.56027598982495 -1.82719772649019  85.7929247850475 0.000191739810425875 -0.0158403218831266 -0.00478394386721614 0.999863071285043
9.690863 -2.63535864594762 -1.87107199703397  87.8154755106638 -0.00191678578988193 -0.0164468193620916 -0.00415550212252515 0.999854269314892
9.899108999 -2.71523110107256 -1.91103795173077  89.7967816124593 -0.00251672638311187 -0.0179898612261512 -0.00339239604693392 0.99982924673688
10.10749 -2.80216886192254 -1.95017113241933  91.6547177663815 -0.00169702819906176 -0.0212535991533313 -0.00278613870040009 0.999768794296693
10.315739999 -2.89966997152983 -1.98704668106296  93.4313892631783 -0.00239981988586533 -0.0243589920308927 -0.00325291600434534 0.999695102973513
10.52411 -3.0055443520814 -2.0192771878679 95.1002394832287 -0.00368783198785694 -0.0273584713100665 -0.00409563747650544 0.999610493990768
10.73249 -3.11523892037469 -2.05070028744303   96.706112989791 -0.00432540372350675 -0.0299500183062186 -0.00593689381600065 0.999524407194693
10.94086  -3.2285724509068 -2.08308009556977   98.173408336645 -0.00186475407545941 -0.0325726720854081 -0.00756308275271088 0.999439014399943
11.14924 -3.34169938499581  -2.1127697160929  99.4989906361434 0.00134311771562958 -0.0348186664537896 -0.009737648241657 0.999345303039897
11.462109999 -3.49136486829483 -2.16064282064375  101.274974571173 0.000909132584248402 -0.0333098903994838 -0.0138154891602514 0.999349166677384
11.775109999 -3.57699998121371  -2.1977390793817  102.833808798287 -0.00210248721869851 -0.0220466424543674 -0.0153875844758725 0.999636307537888
12.08824 -3.57064274887473 -2.22625216896738  104.139221344083 -0.00243988755045709 -0.00193871154535444 -0.014609275025224 0.999888422489991
12.40164 -3.48505846669245 -2.26458986920958  105.407760059027 0.00333234881117943 0.0297234010671672 -0.0126450002069318 0.999472620360442
12.715239999 -3.26979897073378 -2.29708765158298  106.531913719719 0.00630907821573192 0.0747779359618957 -0.00862833703643537 0.997142922366364
12.924369999 -3.06358159241427  -2.3265665594851  107.264330172192 0.00739584912055627 0.112048765290855 -0.0055066564196989 0.993659927916818
13.133359999 -2.79961085085251 -2.35805072885868   107.95308544415 0.00848392537908619 0.153994270031367 -0.00440517992799946 0.988025496734508
13.34237 -2.48523511299147 -2.38661250442275  108.604780201965 0.00796510000767703 0.200848465119992 -0.00528341389174674 0.979575692214981
13.55124 -2.10930626689076 -2.41239148948957  109.206337251262 0.00783558610227953 0.249853608353484 -0.00380431832026789 0.968244444933869
13.760009999 -1.68785323095651 -2.44539992733118  109.748405303995 0.0107447749171791 0.298790842946793 -0.0037213365566296 0.954250875628289
13.96874 -1.20613449509323 -2.47035576267259  110.282576574532 0.0139782821612524 0.349728822849522 -0.00808758179684886 0.936711774836202
14.17749 -0.640643463698417  -2.49519006238141   110.742387982365 0.0155791756909035 0.401147774571595 -0.00938894611266227 0.915832735783092
14.38612 0.00279289362880775   -2.51936357271375    111.169420927277 0.0147412094120014 0.451710062007648 -0.00675580624398463 0.892017418948818
14.594739999 0.690730406670674 -2.54974866516991  111.501346805186 0.012532829594757 0.501591280863132 -0.00491379867706548 0.864999982501152
14.803369999  1.44323903191876 -2.58239906251496  111.790374763797 0.0100095581687975 0.550486969869894 -0.00389804422556365 0.834774646236901
15.01199  2.21560514978508 -2.61515710875384   111.98355966751 0.0117871942440743 0.594985512128569 -0.00841052070403017 0.803605976552218
15.22024    3.069306040518 -2.64844391112412  112.122039679873 0.0153224450411606 0.630864981439854 -0.0062676675552421 0.775716001004408
15.428119999  3.98288158003581 -2.67662260060002  112.204756133026 0.0200872723691624 0.656348174847105 -0.00261853382236362 0.754186129641922
15.73989  5.48122373560928 -2.73711120153631  112.318065446272 0.0109170441787678 0.685230015459148 -0.00425750458538679 0.728232461316412
15.94776  6.57878227983875 -2.77733945351907  112.313256530504 0.0145333222770466 0.700678458665069 0.000730872586113674 0.713328778286421
16.25953  8.35823502352913 -2.82576450939329  112.270830601469 0.0196332955247107 0.715741994499736 -0.00274505666262496 0.698083373015214
16.46712  9.64334022117099 -2.87098981484371  112.215707514567 0.0213405766128903 0.718768944932015 0.00157006463650045 0.694919648943807
16.778639999  11.7111759610597 -2.94893630590742   112.16294816094 0.0196314243187559 0.717454667722403 0.00107939212771201 0.696327682815488
17.090489999  13.9230314282873 -3.02929095646433  112.114617928904 0.0196264966011372 0.716399567020529 -5.7886619819873e-05 0.697414122063143
17.298619999  15.4533963660254 -3.08489017235213  112.090020944926 0.0186104867392339 0.716048812159544 0.000739934830632433 0.697801691660806
17.610869999  17.8668987097306 -3.17398670928162  112.031722308769 0.0158667689513962 0.717031497130931 0.00158407606644682 0.69685835610132
17.81912  19.4791188162271 -3.22365041802489  111.982004747157 0.0158063142268828 0.717806303300951 0.00447482979992471 0.696049026484662
18.13162  21.9970492776611 -3.30762386258489  111.924529052869 0.0170845703282675 0.719067515543312 -0.000263295524789118 0.694730131937959
18.33987  23.6669902645635 -3.37065077610833  111.874583331633 0.0157717725887067 0.719916532624848 -0.00113510991881746 0.693880500351681
18.548249999  25.3757921869241 -3.43521304257492  111.827083808289 0.0108914459077159 0.720402086702633 0.000718264733904469 0.693470759279946
18.756499999  27.1220728242791 -3.48840090615747   111.78375206675 0.00632039487765603 0.720548253077808 0.000986632703092961 0.693375290986792
18.9649  28.7541136239516 -3.54737850440024  111.726793321143 0.0143950280177149 0.719854035091537 -0.00360550105784765 0.693966823193244
19.173269999  30.4321575951631 -3.60925038275443  111.674141276651 0.0156064651417571 0.719206186099583 -0.00218336292040881 0.694617976335359
19.381799999  32.1536754959169 -3.67538181757235  111.621474841684 0.0133584876603786 0.718734692311721 0.00316827954804684 0.695148872458058
19.59034  33.7814077703141 -3.73308436573015  111.581868872782 0.0125050361609571 0.719162484530867 0.0012464443682085 0.694728285943822
19.798649999 35.4236431339273 -3.7917142692841 111.533650671919 0.011632339826847 0.720583708018988 0.000379954726528774 0.693270267674999
20.00713  37.0610639123881 -3.84921105235437  111.480752839686 0.0109131509887827 0.72206628077532 -0.000794240245088836 0.691737347903976
20.215659999  38.6558298767452 -3.90743883787964  111.418131932044 0.0097415057829882 0.723498673328644 -0.000482149158428535 0.690256865441381
20.42461  40.2290029942287 -3.96311343451675  111.350310826819 0.00996812994891959 0.724809617603426 -0.00100367029288097 0.688876365729614
20.63312 41.7983391112703 -4.0169785732951 111.274541169658 0.0104805607992543 0.725562020769667 0.000247779010398367 0.688076921911738
20.84131  43.3191271248482 -4.07198897206015   111.19942203217 0.00965391618330949 0.726512311670122 0.000265491281767469 0.687085578664289
21.049749999  44.8137882655429 -4.12060178796597  111.128403840657 0.00803954023082586 0.727264750121707 0.000100701136363511 0.686309943744493
21.258279999  46.2465318397909 -4.17013367492315  111.056783341386 0.00905177377558315 0.727602462994068 -0.00053513631678054 0.685939089763518
21.46685  47.6445862394681 -4.22081610035663  110.984718570671 0.00993386557482568 0.72767231922508 -0.00276680324756296 0.685847402086006
21.675509999  49.0451078511808 -4.27397154254156  110.908635440886 0.0108419868809588 0.727682665275022 -0.00228868111982506 0.685824432283835
21.88389  50.4214050107782 -4.32370985942768  110.841919936739 0.00958424766601109 0.727934887166825 -0.00332200374437687 0.685571226447858
22.09253  51.8053841329794 -4.37784748776618  110.769773621588 0.00912677053996164 0.727794624666335 -0.00297716632177801 0.685727951046909
22.30121  53.1589839496117 -4.42644784184026  110.696542699559 0.00773455602123769 0.729369287078638 -0.00362038222520166 0.684066891862264
22.509769999  54.4875274423198 -4.47609563454429  110.609359235081 0.00872985898692927 0.733179335481071 -0.00497104961165969 0.679961131426909
22.822679999 56.4913926833952 -4.5488777806344 110.436151052005 0.00909917473795289 0.740030330905847 -0.00721778420400127 0.672473209837875
23.135719999  58.5677694161295 -4.62639946314393  110.234001113899 0.00690141355570474 0.744714733682439 -0.00860026720101108 0.66729181872049
23.343939999  59.9891445268719 -4.67349621310381  110.077410563611 0.00564430968236347 0.746199312155439 -0.00533000296349613 0.66567733878762
23.552379999 61.4311351445586 -4.7174183423842 109.922993220597 0.00414183048663563 0.747220934234936 -0.00465456154195995 0.664546503819065
23.76076  62.8972295712383 -4.76332219306226  109.748136946058 0.00929629898633971 0.747386284830428 -0.00472343788918855 0.664307917465263
23.969259999  64.3847681212731 -4.81477462677511  109.565458226372 0.0140525011352122 0.747812127486219 -0.00399624557119291 0.663749635945448
24.177659999  65.8950807963457 -4.87054568123962  109.397455265907 0.0110890961411162 0.747926833059021 -0.00193111278073452 0.663685735224514
24.386169999  67.3974839161396 -4.92537227435415  109.222325130219 0.0110381085817168 0.748298796966621 -0.000195345784017996 0.663269954435802
24.594629999  68.8858880290532 -4.97672869204931  109.052684184646 0.0108279228928885 0.749612691644725 -0.00155894630957898 0.661786323746102
24.803129999  70.3562000845189 -5.02719643360054  108.867721589331 0.0114975634392574 0.750934793883819 -0.00105459740082918 0.660275419195617
25.012019999  71.8670502318842 -5.07818703924134  108.682746275835 0.0106123568511434 0.752142748358746 -0.00195651002394844 0.658911857566657
25.22015  73.3905293857333 -5.13068829305443  108.490116571428 0.0108905772897281 0.752808060631767 -0.00304306943632904 0.658142962358893
25.42874  74.9444670900522 -5.18282790097563  108.289383333479 0.0105276794302003 0.753598174685067 -0.0023891061025508 0.657246720227025
25.637139999  76.4876146173414 -5.23159344609985  108.089589100414 0.00727760754064684 0.754547720279203 -0.00270723994086293 0.656199241924161
25.84577  78.0822858043197 -5.28175179997895  107.868818174301 0.00810691940666412 0.75580200181697 -0.0017541164268031 0.654747688031624
26.054249999  79.6789272490675 -5.32975938865371  107.642043041843 0.0100333665338567 0.757027242830464 -0.00322697895544202 0.653298302290251
26.262799999  81.2986855896973 -5.38538369442752    107.4044514099 0.0136598091755612 0.757533825484665 -0.00514132099190726 0.652632729548798
26.47127  82.9509730577087 -5.45218854230553  107.157043354035 0.015811443715537 0.75723529037641 -0.00299701220833566 0.652943895885403
26.67976  84.6388684005511 -5.51740243804495  106.920774526709 0.0145536863928627 0.756989825677122 -0.00170118569994992 0.653262351586951
26.88831  86.3319429295436 -5.57661586247903  106.686041754523 0.012554692913855 0.75586522507578 0.000229630124334076 0.654606819760523
27.096689999 88.0362614722737 -5.6339490578274 106.456750982786 0.0109471937619893 0.754778102340478 0.00114677180671322 0.655887841090585
27.305189999  89.7388967773412 -5.69219928476432  106.228962388277 0.015079199816873 0.753639772379818 -0.00215666434931261 0.65711114738609
27.513639999  91.4646586422846 -5.75685212553116  106.015176761059 0.0142574812873889 0.752680541678913 -0.00382712897191823 0.658220388235665
27.72241  93.1973231970698 -5.82569626311553  105.792595317871 0.0133575406276317 0.752136474178664 -0.00172457432543489 0.658869733833529
27.93064  94.9396394419806 -5.89356524147765  105.577391964507 0.0127616233414195 0.751756736582004 -0.00213010410373163 0.659313592025657
28.13915  96.6676034425734 -5.95758207784515   105.35379844835 0.0136154504641951 0.751177726384014 0.000710887896746397 0.659959193838224
28.347629999  98.3909094048215 -6.02319974733629  105.137546065869 0.0156403111629604 0.750678878245867 0.000437127088414497 0.660481953835349
28.556139999  100.103953926324 -6.08734862452732  104.938598613484 0.0120528555245164 0.750261251059748 -0.00143890737557367 0.661030039693759
28.7648  101.804213051621 -6.15668272468977  104.745378202544 0.00871253973780664 0.75075475132313 -0.00380817580743376 0.660512598527903
28.973269999  103.487700035397 -6.21993994440803  104.549560277629 0.00975396122688611 0.751463983450924 -0.00799743739557732 0.65965353240285
29.181799999  105.154497615614 -6.29667683128831  104.335761071144 0.0103514321565638 0.751750334923825 -0.0071036449887805 0.659328309738098
29.39027  106.796487740204 -6.37328627499807  104.126997095373 0.0124727472988999 0.752116448785286 -0.0075842740681697 0.658868542903884
29.59879  108.422202117462 -6.44906087546985  103.925083145865 0.0122372868900638 0.752729906939715 -0.00906434985215599 0.658153305522243
29.807269999  110.011465367711 -6.53050095339483  103.718717644194 0.0115728065055786 0.754504944971609 -0.00969264445135083 0.656120728834651
30.01591  111.587944887716 -6.60956302818851  103.502735549838 0.0121539908977015 0.756636035050783 -0.0119628099899936 0.653613863183021
30.224419999  113.160829386553 -6.69136659473742   103.27245040922 0.0122587401655219 0.758655296920797 -0.0108751234168832 0.65128610873735
30.432919999  114.707839725377 -6.77891602629655  103.043615898547 0.0128000295479474 0.760113143163985 -0.0140484038756415 0.649512749052308
30.6414  116.240729466894 -6.86790145739911  102.805625924388 0.016677689859988 0.761494124537442 -0.017084869085264 0.647731935451872
30.85003  117.774567880187 -6.95904332673886  102.557589079155 0.0137127932354961 0.763573877822125 -0.0132954385304711 0.645437931736
31.058389999   119.29350304678 -7.05036860842612  102.306040716329 0.0134353859249641 0.764865809350471 -0.0140915180870929 0.643895343366993
31.26689    120.7905312897 -7.13799388217385  102.058327430298 0.0142567484916589 0.766540161374251 -0.0176661911663799 0.641795007625065
31.47539  122.271020822448 -7.23844165863626  101.792997478251 0.0184475255866879 0.76772758645237 -0.0194704901216718 0.64021476225886
31.6839   123.75504057634 -7.33789464856202  101.528522077093 0.0182904077287468 0.769434230381561 -0.0193563088751952 0.638170635025601
31.892589999  125.227170795716 -7.44015407427996  101.236926732554 0.0187110415495875 0.772642843667895 -0.0149979063544641 0.63438789069299
32.101219999  126.680468065481 -7.53556996676553  100.941357635497 0.0174740805788853 0.77736479431369 -0.0156627935370108 0.628612209528398
32.30993  128.124926554798 -7.63181137595863  100.609673227402 0.0176224588793076 0.784507286939405 -0.0164539084545123 0.619650735962277
32.51859  129.532312577435 -7.72449879729664  100.240820644423 0.0190580952759778 0.792086935460781 -0.0153997919795229 0.609916323837777
32.727139999  130.940306054905 -7.82137176439775  99.8330785208097 0.0212332902060958 0.798777525651772 -0.0125631695672376 0.601120436078396
32.93576  132.327757228674 -7.90743409072703  99.3970807682654 0.024796464716159 0.803873530357941 -0.00849627783773265 0.594222429558448
33.144179999  133.691414982498 -7.99564761200124  98.9626916128783 0.0252882193121385 0.807318111371132 -0.00623781553090497 0.589541400304993
33.35251  135.047596414323 -8.07189140502972  98.5068101511619 0.0279618529570657 0.808233157949384 0.000610499711938298 0.588198031670011
33.56085  136.394457091386 -8.14674972906081  98.0713024032901 0.0305948235854903 0.808412593621306 0.000872314666570294 0.587819933577766
33.769249999   137.69979435854 -8.21813379645783  97.6516038312251 0.0321802264867126 0.807744810372819 0.000303336043723542 0.588653261543913
33.97778  139.009594313268 -8.29460253279446  97.2331384503058 0.0319114171272652 0.806602253017399 0.00346395789785146 0.590222388494259
34.18594  140.298051905316 -8.36460576180797  96.8331612538093 0.0334237375096925 0.805403011213923 0.002975956262255 0.591776974022101
34.394019999  141.557859587867 -8.43567851694533  96.4544463062368 0.0346453955180665 0.80243605426727 0.00376355024779849 0.595719658120247
34.602299999  142.812046874759 -8.50771225941735   96.092637418315 0.0340035303745593 0.799238818748279 0.00576550177501567 0.600023190816159
34.810659999  144.033497915687 -8.57321888895211  95.7542196925076 0.0335547368443804 0.796804213706297 0.00694255507554317 0.603265219935823
35.019539999  145.262412789589 -8.63182625458991  95.4132806289681 0.0344161469327278 0.794297079595115 0.010357459266234 0.606465498783339
35.22751  146.457800227148 -8.69649758588851  95.1083885689845 0.0327614530366252 0.792185627145954 0.00866724340205776 0.609338574382182
35.436219999  147.621799619905 -8.75101542608897  94.8104192278029 0.0360005696452588 0.788963344496814 0.0070455222367838 0.613344243179986
35.64415  148.783960220222 -8.81312430236093  94.5505810514057 0.0346420262770614 0.784187803379502 0.00564023319906572 0.619530150045752
35.852389999   149.92526743637 -8.87579737265365  94.3150790769896 0.0339639087718772 0.776850889349714 0.00691862753495657 0.628729895273421
36.060639999  151.082088159698 -8.93878754104289  94.1156201113609 0.0333374962648289 0.767623329318071 0.00709199349202114 0.639994327519973
36.26877 152.192865469689 -8.9971446562696 93.9763642855651 0.0326421452164756 0.75472796920052 0.00678337936384473 0.655190177449671
36.476889999  153.326464268358 -9.06243628767135  93.8978878373245 0.03012171201685 0.740077395027387 0.00287470116441379 0.671840656649973
36.68515  154.461637471685 -9.12884058777735  93.8685936333616 0.0270034335181627 0.726371596427207 -0.00235698556492314 0.686767473822885
36.893639999  155.571463953267 -9.19045603437234  93.8754233212575 0.0209099418896568 0.717870437170013 -0.00709856947455981 0.695826429563379
37.102919999  156.685439706564 -9.25476239524054  93.8700860497014 0.0137030038845987 0.719202577932977 -0.0102827973682536 0.6945891905705
37.31166 157.792277723322 -9.3143437359491 93.8102980740736 0.0108606763754217 0.728196374641638 -0.00948281937586804 0.685216872095345
37.52067  158.869846064661 -9.36850835460445  93.7129162237414 0.0113683782673206 0.736605101577299 -0.007526005793883 0.676185657599049
37.729649999  159.933311350229 -9.41567951329835  93.6014368660524 0.00821233261257882 0.746832981904441 -0.00930018521292959 0.664895902595125
37.93854  160.972458791083 -9.46199566046423  93.4330140614983 0.0085561009080356 0.757565282326541 -0.00781092225730194 0.652656590899265
38.147939999 161.995134030326 -9.5075532406932  93.251523346511 0.00809967805210859 0.766883655254898 -0.00589998528777675 0.641707912287159
38.355859999  162.999015463544 -9.54847131232743  93.0450392894011 0.00703689781909186 0.775287984191137 -0.0059153987118605 0.631540997636738
38.564399999   163.97995912057 -9.58869919032695  92.8059320069294 0.0113454467786601 0.781887435542212 -0.00420486950921522 0.623302204432991
38.77266  164.947205308699 -9.62876359897083   92.572682191057 0.0119902415058719 0.785761904345856 -0.00381627725906916 0.618401083290841
39.085299999  166.379470016083 -9.68576673103948  92.2186815593481 0.0115994112141632 0.78746426190902 -0.00194289880492946 0.616248095347808
39.293669999  167.310593786628 -9.72498539206905  91.9823954720327 0.0118877336997323 0.788822671485747 -0.00229161560179343 0.614501605559748
39.71079  169.252438113103 -9.79204709099184  91.4823635261546 0.0119863726495521 0.794254399317389 -0.0040112651992614 0.607453854862393
40.023699999  170.781895753487 -9.85197424053738  91.0366074915054 0.0142097739508149 0.79946891903404 -0.00335446180903301 0.600529997093219
40.33655  172.374785816002 -9.91309633614621   90.546828082154 0.0170875163615775 0.80438874570742 -0.00267547395482388 0.593851500295279
40.64932  174.016408581825 -9.97937140195691  90.0224285654746 0.0169503928724325 0.808246876354679 -0.000698846701676602 0.588599339668048
41.17043   176.75789045833 -10.0831478412995  89.1174138369708 0.0164667520703353 0.810939481140128 0.0041490898524337 0.584883568804792
41.69127  179.518857121727 -10.1753094239238   88.208807342277 0.0179896332341475 0.807842842714964 0.0044836753848236 0.589106281773798
42.10793  181.566503691519 -10.2529666908206  87.5834766950391 0.0205478789830939 0.803599537444325 0.00337364702239037 0.594806007530466
42.52458   183.45146922042 -10.3269792744262  87.0368498311129 0.0178410692667595 0.796696517907275 0.00926182925506196 0.604045174735046
42.940919999  185.084524433618 -10.3848944292668  86.6675664247959 0.0166508963837395 0.781124372365433 0.00795410434572405 0.624102711715295
43.252899999  186.252714665841 -10.4251427886887  86.4965320600519 0.0198794170116608 0.759246809744303 0.00518369051476177 0.650478454697019
43.56508  187.426597100696 -10.4649959061792  86.4619110659192 0.013977032277904 0.728501518022158 0.00236119285273079 0.684897514651956
43.87706  188.577931133091 -10.5021388995886  86.5313008783427 0.00640597089945337 0.694583924052102 0.00131298400107671 0.719381965341245
44.085169999 189.317229480048  -10.52464110006 86.6444798061805 0.004412792001574 0.67109063521537 0.00252479914248711 0.741357883874092
44.293149999 190.054977990082 -10.541596901247 86.8065718702244 0.00425324674337492 0.644329125806364 0.00168319057420972 0.764734630050998
44.501139999  190.780944784688 -10.5545649439825  87.0202253106295 0.00689695665226497 0.613254461089438 0.00039889938709919 0.789855201174316
44.709449999  191.518352813944 -10.5716943982296  87.3345233830648 0.0063915183475061 0.578575488229141 -0.00378439297343657 0.815595016710774
44.917459999  192.257291442212 -10.5926161440909  87.7285299230407 0.00732259399158116 0.539142063987038 -0.0089997604860774 0.84213491720046
45.12534  192.980815855409 -10.6233849753326  88.2000091427023 0.0117481678735615 0.497793417597402 -0.0080518988316711 0.867178678747072
45.229309999 193.338278760924 -10.635250885114 88.4620836365437 0.0137449935519017 0.475595477163644 -0.00654366381684819 0.879532374456788
45.43744  194.079035941573 -10.6705043293594  89.1171854793876 0.0105721722419655 0.432131099488397 -0.00874090993529101 0.901706459177563
45.645679999  194.762861418852 -10.7071491493552  89.8625994231284 0.00850326292629355 0.387025773111541 -0.0107240271671226 0.92196732084621
45.8539    195.4503243914 -10.7413424190977  90.7210559272478 0.00883381635740116 0.343356977950818 -0.00996852618670045 0.939110524840772
46.0625  196.129853298364 -10.7757649899868    91.70546083306 0.00833354162666779 0.303803321423575 -0.00923544168562823 0.952653557487102
46.27111 196.731540635131 -10.810881590085 92.7630276401628 0.00668768474924172 0.269258647434609 -0.00986004842330083 0.962994203045621
46.479939999  197.334725643594 -10.8437070845847  93.9327033923834 0.00348659405714581 0.241815182824076 -0.00932218437746768 0.970271280568518
46.688929999  197.941772442742 -10.8721123576784  95.2090180140953 0.0015290861664044 0.221809659634074 -0.00696040796532559 0.975063941241531
46.89782  198.519403697097 -10.8976550894286  96.5336812824891 0.00207342204323528 0.204039136740064 -0.00272322252444668 0.978956748614811
47.106529999  199.072799535335 -10.9230104216293  97.9484870504031 0.00267965823394856 0.186608568770287 -0.00118242298688022 0.982429978863193
47.31528  199.607783149757 -10.9489191505317  99.4629566267209 0.00259340168588539 0.17142302945528 -0.00167527390230286 0.985192677955649
47.524299999  200.107571025111 -10.9785793321007  100.997365758335 0.000771533500529694 0.164906794405832 -0.00466144621138069 0.986297837782315
47.73328  200.639505682748 -11.0049331535414  102.595145658376 0.000171240645961604 0.163817641529758 -0.00464362337286056 0.986479694551408
47.94218  201.201145481375 -11.0349635691366  104.245759142808 0.0015134663401387 0.163692024505037 -0.00234063275674434 0.986507552921607
48.15084  201.780574627957 -11.0643053264813   105.95386811924 0.00196425961367583 0.163947247969792 -0.00203426163599785 0.986465054295842
48.359389999 202.365074720837 -11.097058180414 107.687171464675 -0.000188475933955226 0.164801617104248 -0.00129296120157633 0.986325868933781
48.56792  202.967330827266 -11.1308185651672  109.446325876654 -0.000712896248886605 0.165489228769684 5.68794189567137e-05 0.986211338256099
48.776449999  203.567236956415 -11.1606882067324  111.186357196382 -0.00064701413615506 0.165783052633391 0.00162229685321313 0.986160701399717
48.984999999  204.173950182493 -11.1941116023496  112.963020685333 -0.0027745748946651 0.166087640173302 0.00324208464040907 0.986101762701498
49.19328  204.780529022715 -11.2191939318171  114.723803350242 -0.00203346227149682 0.165892005797397 0.00513701538904493 0.986128449298873
49.407809999   205.37598877755 -11.2476254800337  116.457259634026 -0.000449019107048543 0.165524705192219 0.0056063438225348 0.986189606141646
49.610179999  205.971876104901 -11.2783861759103  118.227514427487 -0.000281367099194902 0.164364374112773 0.00583427026692297 0.986382397777619
49.818559999  206.560272663927 -11.3095294034092  119.992527126741 -0.0010836329327412 0.163176851081948 0.00526971545092253 0.986582166425946
50.026949999  207.145737758575 -11.3391512352009  121.757322824739 -0.000996604656589408 0.161745199396232 0.00487291435547118 0.986820020042721
50.235329999  207.726116929804 -11.3681340364142  123.521369965766 -0.00155326806644326 0.16021820638846 0.00546663543921148 0.98706526106279
50.443669999  208.298768493508 -11.3953647589812  125.272061070765 -0.00232172355352069 0.158581040729508 0.00622878945432749 0.987323586927214
50.65203  208.857640228228 -11.4226183967051  127.008215412752 -0.00222970693225443 0.156704442533998 0.00762311915809919 0.987613605693748
50.86032  209.398710950335 -11.4498020515178  128.717860717052 -0.0017117189117484 0.154859346954278 0.00761262727334206 0.987905714420794
51.06871  209.929602827173 -11.4704010912239   130.41672519738 -0.00428470353607318 0.15251538379204 0.00852484050563783 0.988255041027734
51.277039999  210.432600087558 -11.4945144116291  132.048682258678 -0.00463995090532064 0.150182208236398 0.00905990533634547 0.988605934283288
51.48545   210.90143764648 -11.5160202548412  133.616961921271 -0.000752264092586027 0.147795272253367 0.00767568235563774 0.988987904627081
51.693899999  211.335840023355 -11.5445323476902   135.09713344966 -0.0011264586928251 0.145156268242295 0.00704576201528819 0.989383012851145
52.006529999  211.943698994463 -11.5850785783885  137.246135153038 -0.00538508094160766 0.139100458360865 0.00758265885282154 0.990234601835227
52.21524   212.29072573936 -11.6065625001273     138.539146154 -0.00474470910763178 0.135292777422633 0.00650033812366551 0.990772979908633
52.423589999  212.596951081294 -11.6262245004931  139.716652062194 -0.00272405202626938 0.132906466036112 0.00494125530823688 0.991112523794513
52.73649  213.020218035541 -11.6593596067622  141.337243336533 -0.000387225182432237 0.131353702013111 0.00349705464523116 0.991329322492237
52.944899999  213.276841724484 -11.6812777981285  142.317621499106 0.000231834965024541 0.130746378825816 0.00305339802206365 0.991411119282513
53.25757  213.634711472885 -11.7147806430595  143.719538278217 8.18288925087344e-05 0.12620688027005 0.00367336507805925 0.991997138637777
53.570099999  213.939987575121 -11.7468022088068  145.082401829072 0.000416006072162618 0.110347138500506 0.0066982919816628 0.993870448724695
53.777929999  214.070428336981 -11.7661237140318  145.953558570917 0.00135137080337207 0.090010222209152 0.00572430030243452 0.995923474008349
53.98599  214.136434426055 -11.7817326019078  146.803246343978 0.00033699471854675 0.0620486667992336 0.0047852389813335 0.998061596731829
54.193809999  214.136269003831 -11.7981218501211  147.646057653833 -0.00185082111493169 0.0270247223084283 0.0036456709461538 0.999626404177433
54.40158  214.056686261326 -11.8224060850633  148.466580630809 -0.00375383709630928 -0.0134307167532158 -0.00029112180987496 0.999902715169152
54.609439999  213.902126473192 -11.8268850306213  149.239760684507 -0.00478006360322961 -0.0582236718774814 -0.00535397913213651 0.998277761914241
54.8173  213.683551974224 -11.8344070273812  149.999538999921 -0.0084126747242703 -0.107633648130588 -0.00789576703064414 0.994123675181857
55.025329999    213.3903165963 -11.8337667256688  150.722848022428 -0.0122422148454854 -0.161332457407483 -0.00755663256308221 0.986795249110395
55.23328  213.026498160224 -11.8382848781585  151.395559476042 -0.0157170425233374 -0.216712410104776 -0.0106482386932833 0.976050880279112
55.44133  212.582969563309 -11.8278708174813   152.01874980008 -0.0164821559207015 -0.274459578365728 -0.0134103264004293 0.961363844507035
55.64941   212.08542460368 -11.8123735314359  152.588993305799 -0.0183779406622642 -0.332094346568234 -0.0133167719391014 0.942973096042275
55.857759999  211.514571221792 -11.7856915367573  153.068321261155 -0.0214684775100942 -0.38799414379866 -0.011801230625562 0.92133619260673
55.96186  211.211681339953 -11.7750016098118  153.283709280094 -0.0230902668127247 -0.415281172672553 -0.0116846616263386 0.909324945157068
56.066  210.893625213073 -11.7625918692119   153.49063130601 -0.0250991472114728 -0.44197407491895 -0.0113499890690164 0.896604777846364
56.274309999  210.231776039417 -11.7359441432582  153.792683189104 -0.0240808281093581 -0.49256116628792 -0.0146540218392817 0.869821171751174
56.48284  209.530392162892 -11.7036554345834  154.044230421121 -0.0206705312657395 -0.540089689183372 -0.0170193722547154 0.841181429742155
56.587119999  209.169872763641 -11.6910815116352  154.130568860885 -0.019667375954422 -0.562084778954812 -0.0171369762716049 0.82666814359491
56.79569  208.426841072033 -11.6638777316607  154.283159329256 -0.0164881887015239 -0.599962074917386 -0.0185924091584416 0.799642401712074
57.004559999  207.671763395165 -11.6337579734092   154.39984825543 -0.0154504132796837 -0.629314931927535 -0.0176058948536526 0.776797292508755
57.213709999  206.898667444492 -11.5967652201086  154.498890530064 -0.02041799725685 -0.650491677914682 -0.0133564162649657 0.759121392463891
57.422829999  206.048245993431 -11.5627671263619  154.555193873338 -0.0190541501157542 -0.6663575826411 -0.0181308829920501 0.745168291395981
57.73657  204.707080986242 -11.5124451009364  154.620297400321 -0.0186823639541091 -0.682803442291928 -0.0163499250735693 0.730180189009171
57.945059999  203.696915712457 -11.4639461543992  154.664357513509 -0.0188634173084022 -0.695378013776837 -0.0102987005288226 0.718322717314891
58.15382  202.632926707677 -11.4286910243015  154.631132825159 -0.0194627405026893 -0.706197474973176 -0.0132410811400327 0.707623488759297
58.36258  201.470047510015 -11.3862314104156  154.575760168055 -0.0175438502831724 -0.715175718174261 -0.0175618963894332 0.698503747481987
58.571559999 200.226353558018 -11.334490189469 154.515141572103 -0.0169080805418867 -0.719608609468038 -0.0186865078311916 0.693922459945591
58.780439999  198.904059489166 -11.2787909117812  154.447744975376 -0.0154841792891277 -0.721716361982876 -0.0206675486638759 0.691707008400357
58.98942  197.515145594239 -11.2237812323481  154.361440220229 -0.0114239545662914 -0.721488426830517 -0.0239705015335093 0.6919171614203
59.198419999  196.047437065159 -11.1620496601626  154.301136290814 -0.00793802617689124 -0.716479936690579 -0.0274366128127923 0.697022754533623
59.40751  194.518996004933 -11.1017141814634  154.274409770168 -0.00663028318989965 -0.709796322903588 -0.0292530758216901 0.703768056175
59.5123 193.730033062473 -11.069768018962 154.273076920056 -0.00566850998480346 -0.706345315869219 -0.0298172304209431 0.70721644177309
59.72072  192.079458321432 -11.0036255942753   154.29252686517 -0.00367817162310426 -0.69909328084779 -0.0313136221974403 0.714335014395809
59.92931   190.37914402778 -10.9373979495252  154.349506968389 -0.00310405617218392 -0.691486044817347 -0.0330881297717685 0.721624965149037
60.137819999  188.626011941432 -10.8717166637215  154.444035142552 -0.00391121793197396 -0.684177068254531 -0.0349774501024088 0.728466210357939
60.34631  186.855050796679 -10.8026982255529  154.572053529661 -0.00465846967333195 -0.677773731218239 -0.0361024804273226 0.734368898332305
60.554789999 185.065756205573 -10.735063423051 154.727204325103 -0.00524660829701709 -0.672816039533836 -0.0357428048489904 0.738927264315581
60.76324  183.282282734477 -10.6680950950203   154.89874268912 -0.00583149581958925 -0.670482577116287 -0.0343217085660878 0.741108040545448
60.971469999  181.510228909298 -10.6023248623513  155.067798036396 -0.00550494739430892 -0.669453530006022 -0.0342953438783485 0.742041438266711
61.179819999  179.702573525142 -10.5376127880169  155.243285265236 -0.00474679926125918 -0.668630607127778 -0.0343309078157668 0.742786623383363
61.388179999 177.901257664636 -10.473791893726 155.422475789558 -0.004648945444295 -0.668031501860163 -0.0347290634019883 0.743307602533387
61.596569999  176.105051252762 -10.4111446005545  155.600149077149 -0.00420736681240761 -0.66807662307615 -0.0352263365306045 0.743246277473561
61.805109999  174.300251434436 -10.3487741284822  155.775517495146 -0.00379665830722581 -0.668521974473006 -0.034137399820705 0.742898777065821
62.01323  172.514324391442 -10.2872534481237  155.946333008789 -0.00290889827882455 -0.668971379121559 -0.0351555918765527 0.742450615587874
62.221589999  170.708055361287 -10.2227754516855  156.119086051383 -0.00525287034053134 -0.669495744222837 -0.0369567628316078 0.741877384411806
62.42992  168.888171605907 -10.1509645926892  156.289584414355 -0.00423777379904313 -0.669725381961422 -0.0369377553510949 0.741677528484906
62.638449999  167.092632701903 -10.0839625958302   156.46200482782 -0.00411831997429575 -0.669345038094672 -0.0371026857330876 0.742013241209362
62.84955  165.295019067929 -10.0167942336184  156.640749657807 -0.00430805364440164 -0.668048150248859 -0.0377918141084082 0.743145267366529
63.05552  163.505668552815 -9.94829661108764  156.822715819787 -0.00387208136717184 -0.667079778230227 -0.0373339925397166 0.74404015312565
63.263939999  161.731049607702 -9.88599648742998  157.008569327316 -0.00332378540095784 -0.666670112946903 -0.0367745459111015 0.744437737978808
63.472299999  159.951226531581 -9.82288099423416  157.193251009524 -0.00319118194816465 -0.666205953734765 -0.0370540711960808 0.744839874989196
63.680819999   158.19617112463 -9.75875747761654  157.381319567595 -0.00398120558796713 -0.665606607444433 -0.0371822905391526 0.745365327472804
63.889569999  156.414742910456 -9.69601821624259  157.573009876667 -0.00422891245209666 -0.665288056668479 -0.037069300784727 0.745653931051853
64.09783 154.669801434085 -9.6312419777552 157.763196516075 -0.00311375025463626 -0.665104053995099 -0.0350539130865846 0.745920991188715
64.306309999  152.891138172109 -9.57169159576061  157.955747829691 -0.00223221877923418 -0.664569634291924 -0.0350952374004438 0.746398380684354
64.51514  151.113400489756 -9.51254945214684  158.155041537441 -0.00317794953306238 -0.663811986607394 -0.0349230050021605 0.747076924282051
64.72337  149.304745292916 -9.44928401958623  158.359466897481 -0.00336410696529016 -0.663068464492654 -0.0349587257960071 0.747734432583119
64.931709999  147.479416494006 -9.38112406739496  158.579807327214 -0.00716057099702467 -0.662170401293419 -0.033839205094169 0.748554603267192
65.140169999   145.65431516874 -9.31569662915468  158.791626216614 -0.0052993209912649 -0.661593272968237 -0.0334195369674239 0.749099054137096
65.34901  143.811992453283 -9.25003456840477  159.009933803493 -0.00362878203291124 -0.661401369329261 -0.0318472104777197 0.749346926179807
65.557259999   141.93035924425 -9.18899403527868  159.225778941289 -0.00366903548178497 -0.662361657150783 -0.0326976082892315 0.748461381587097
65.76555  140.077065049731 -9.12927351618687  159.430895918619 -0.0051015194887962 -0.664961703134475 -0.0316864544805363 0.746187561184088
65.97396  138.177279391486 -9.06472042707515  159.619222362404 -0.00505063721068532 -0.668470240365393 -0.032051200832593 0.743030786263119
66.182329999  136.223875868436 -8.99725465231337  159.791183423088 -0.00555434696455993 -0.672365648247669 -0.0333465574165886 0.73944681444628
66.390839999  134.288465791509 -8.92818857290488  159.941626683135 -0.00389964935378082 -0.675131228826834 -0.0334317029202135 0.736929398136309
66.599379999  132.327417984826 -8.86212512660982  160.091558193448 -0.00106581915353504 -0.676135040129442 -0.0317459320191278 0.736092702951827
66.80768  130.345041707156 -8.80435510043433  160.252333287027 -0.00330433512924907 -0.676838625690462 -0.0296558446637434 0.735526401307308
66.911929999  129.354447437375 -8.77446154961654  160.330514024111 -0.00491343420679864 -0.677138959704729 -0.0296686682410709 0.735240407988499
67.017939999  128.376248264648 -8.74182255563182  160.405403787401 -0.00663886486130215 -0.677427796310978 -0.0302316798682119 0.734937787701076
67.224689999  126.360634879302 -8.67439804522755  160.556331948632 -0.00853002069334817 -0.677905714171314 -0.0316821091230248 0.734416316133002
67.433189999  124.385777909278 -8.60007591960711  160.696920517409 -0.00832795279315679 -0.678157820588186 -0.0330010981514597 0.734127743038059
67.64172  122.437960422853 -8.52577817138362  160.832956730272 -0.00735050807524363 -0.678487879741069 -0.0331141295446721 0.73382805990232
67.85004  120.456570201344 -8.45481238556354  160.968720834788 -0.00571962547124337 -0.678902762594088 -0.0330623640669121 0.733461113426534
68.058599999  118.500335651229 -8.38777603685662  161.101871986346 -0.00536598100522788 -0.67914191958953 -0.0327803624280487 0.733255008263282
68.26697 116.536087153144 -8.3211868246234 161.234971773983 -0.00500140851695821 -0.679168294955123 -0.0331225844294009 0.733217776272039
68.475449999  114.573763398856 -8.25416130815753  161.370959737665 -0.00482311653329456 -0.678914607291475 -0.0328812315263288 0.733464735462095
68.683819999  112.594828891987 -8.18721151701233  161.511017990578 -0.00524233900804482 -0.678874798405555 -0.0335013147882466 0.73347064554691
68.89224  110.629214027144 -8.12082488638015   161.64895651932 -0.00473498576141588 -0.678792233055941 -0.0337350690056922 0.733539793993448
69.100449999  108.683094163909 -8.05292933388388  161.787304987139 -0.00439462498745259 -0.678738718360646 -0.0340018225418767 0.733579113343066
69.30884  106.704975654353 -7.97979380345488  161.925068125529 -0.00586109617479957 -0.678776092138276 -0.0354045368476896 0.733467915497141
69.51724  104.754605170068 -7.90914729417472  162.062097335582 -0.00511310940490689 -0.679051410061516 -0.0353063496876511 0.73322336315574
69.7256  102.774499152137 -7.83406827726803  162.194824138108 -0.00487406570510904 -0.679360459602594 -0.0367042082943984 0.732869981992397
69.93392  100.801885087026 -7.75958908979275  162.320136416031 -0.00185086931431748 -0.679711247444538 -0.0372359190793194 0.732531692632127
70.142349999   98.88035996978 -7.6913009471962 162.441644872562 0.00303949653581326 -0.678671232219209 -0.0376984388732789 0.73346775506861
70.35078  96.8786870349452 -7.62872185418224  162.585075650945 0.00128379332731477 -0.676974486642986 -0.0390537774172387 0.73496850189556
70.559169999  94.9263536348745 -7.56147435406364  162.744269841058 -0.000872410630921973 -0.67535596731032 -0.0393554588928248 0.736440563910876
70.767539999  93.0266694128387 -7.49212223415282  162.907631870142 -0.00196071811400948 -0.673580314278655 -0.0395370783879812 0.738053206234678
70.976259999    91.04275001756 -7.41649392129568  163.078178601896 -0.00112677393021696 -0.672031837793772 -0.0403828915186697 0.739419475970593
71.18447  89.0980656033914 -7.34747630338654  163.255370642858 0.00126815331860135 -0.670836740168994 -0.0384383767461474 0.74060715026235
71.392799999  87.1530098185838 -7.28305315431811  163.436318366402 0.00247250211078095 -0.670321279391738 -0.0373917432095948 0.741124231602019
71.60151  85.1707781039796 -7.22382418276114  163.628315780658 -0.000530783010903022 -0.670151322332476 -0.0372240394962228 0.741290290189351
71.80946  83.1920392428036 -7.15889420752946  163.813830818181 -0.00118368324494511 -0.67050646288244 -0.0360672813058085 0.741025528133858
72.017799999  81.2246877937104 -7.09056358239245  163.994262267425 -0.00385263049520793 -0.671290369271927 -0.0365539627713266 0.740282517128926
72.22605  79.2580396914862 -7.01527466319159  164.167559120066 -0.00556190915721919 -0.671208752519348 -0.0390516170944972 0.740218107661689
72.434619999  77.2825416298119 -6.93787857624937  164.350009897037 -0.00201792024928339 -0.670925949379847 -0.033934269513948 0.740744735924039
72.642979999  75.3151667688462 -6.87458284197707  164.535137524826 -0.0027944818932662 -0.670518379672979 -0.0329772660048251 0.741154365377765
72.851339999  73.3251023555968 -6.80881798856782  164.718966176805 -0.00558161531058077 -0.670960110355324 -0.0345951876643104 0.740664936980931
73.05956  71.3343445199399 -6.73474583134249  164.894262406062 -0.00555742503873528 -0.671972748280808 -0.0347183882945661 0.739740747903686
73.267989999  69.2982896941601 -6.65842184782058  165.071591964041 -0.00732775920176072 -0.674094172186529 -0.0340403649150357 0.737824236878737
73.47628  67.3160783182442 -6.58504945607375  165.227961963423 -0.0079134610437409 -0.67647469602511 -0.032610299727524 0.73570097942284
73.6846  65.3095722209261 -6.50881015269446  165.374384470762 -0.00766449641773287 -0.678351962647761 -0.0322116187063893 0.733990655176827
73.89296  63.2931148348788 -6.43300347784386  165.512052663103 -0.00695415665780314 -0.679760703376209 -0.0321027531320138 0.732698054516324
74.10133  61.2712933014403 -6.35779125432908  165.637412010846 -0.00749848807902281 -0.680849052490331 -0.0341913468581748 0.73158683161985
74.309809999  59.2311434894456 -6.27709902596923  165.765472320392 -0.00642329835481624 -0.68127934935957 -0.0347261919570945 0.73117117077098
74.51819  57.2179621569132 -6.19945576655873  165.890542589172 -0.00577293285756348 -0.681631342196692 -0.0342121657280866 0.730872707314723
74.726709999   55.153660246444 -6.12365528013898  166.026524056859 -0.00666800804171765 -0.682254454631224 -0.0340601081034709 0.730290562612298
74.935079999  53.1305816240421 -6.04789221660111  166.146978078659 -0.0074706276465766 -0.683263572450841 -0.0342855387562126 0.729328171755677
75.143429999  51.1291547895059 -5.97343331160027  166.260189262742 -0.00736164486757151 -0.684305638623577 -0.0332996714851023 0.728397371639826
75.351709999   49.146183308265 -5.90249165391026  166.366547156337 -0.00757220018632754 -0.685551691180997 -0.032416915160196 0.727262458892737
75.560079999  47.1802895939115 -5.83673004691975  166.459337766564 -0.00593325087122735 -0.687322985085737 -0.0286899028542378 0.725760842275984
75.768339999  45.2337275354152 -5.78063375539995  166.547748568905 -0.00550907950056476 -0.688904389509376 -0.027775145835133 0.72429892546628
75.976579999  43.2372358055482 -5.72084739976358  166.629741617683 -0.00862924418870063 -0.690535774949614 -0.0291577828203362 0.722658773807162
76.185 41.2967572433601 -5.6579241248439 166.700653527112 -0.00820229828636569 -0.690943470367997 -0.0302093516918645 0.722230737457917
76.393299999  39.3462577353746 -5.58989560911699  166.771868705087 -0.00788784540819534 -0.690793281783854 -0.031402019921049 0.722327029040162
76.6019  37.4196280534566 -5.52098374606012  166.840131770593 -0.00835660995682018 -0.69068222385689 -0.0335201762751612 0.722332769920216
76.810119999  35.5135478432064 -5.44467550030755  166.911103740949 -0.00767422523859916 -0.690933360306297 -0.0331611457230121 0.722116705454993
77.01832  33.6259278025584 -5.37831167428756  166.972435219385 -0.00752929759036265 -0.692040376837532 -0.034156104763471 0.721010947913934
77.22668  31.7933264176968 -5.31033831805488  167.025201940126 -0.00773868992953117 -0.693267470050301 -0.0353181195308732 0.719772851725482
77.436109999  29.9750395329226 -5.23989054096566   167.07131245595 -0.00714416281784636 -0.694775292059441 -0.0352657289592552 0.718326237055506
77.64333  28.2187819909838 -5.17500736681657  167.107512201043 -0.00662001912545242 -0.696337269935895 -0.0352324512337966 0.716818844775346
77.851699999  26.4771407528646 -5.10941695324402  167.140584321973 -0.00660229167183288 -0.697428046364086 -0.0352406617774212 0.715757379037719
78.0601  24.7365672133203 -5.04278040589593  167.157327144466 -0.00677875649017655 -0.698456707554982 -0.0361648283660126 0.714705800536947
78.26858   23.104637197227 -4.98275252251757  167.187822655566 -0.00604870212950412 -0.698611299097287 -0.0374357286148042 0.714495788790409
78.477149999  21.5013333237411 -4.92096632010647  167.213586472687 -0.00464506123284295 -0.697202455787268 -0.0377069967226217 0.715866846172181
78.68571  19.9634169615285 -4.86468076925934  167.246058418103 -0.00369359266001834 -0.695259865409473 -0.0372536273930239 0.717782867007931
78.89417  18.4473719176374 -4.81317334381915  167.297811251033 -0.0038411338367626 -0.693286631188949 -0.0362040863247774 0.719741729260514
79.102739999  16.9642618468667 -4.76293728875059  167.352691363729 -0.00364935383231578 -0.691397380162254 -0.035153766567285 0.72160969894917
79.311289999 15.5043667167579 -4.7132436894955  167.41397462323 -0.00469469017005394 -0.68983277463553 -0.0350738454652491 0.723103400826696
79.52132  14.0762966830976 -4.66502784806474  167.477155645494 -0.00555259228905723 -0.688874956220316 -0.0352749567283584 0.724000097264594
79.83262  12.0223480922741 -4.59327731571808  167.549282357078 -0.00570143715969068 -0.687487591470465 -0.034704129187221 0.725344007079268
80.145309999  10.0162442587205 -4.52065858280636  167.679825634408 -0.00764045479225761 -0.685367122747763 -0.0355349599321483 0.727290036457011
80.45824  8.17134119191522 -4.45358821707607  167.790416287073 -0.00787552146692411 -0.682181513254271 -0.035430154501191 0.730281495923154
80.77093  6.54038056401836 -4.39963715082627  167.894845734239 -0.00978664291113837 -0.67810989686072 -0.0347334984802473 0.734074092638744
81.08396  4.93242821997106 -4.33317684466045  168.058382092298 -0.0104570983010748 -0.671645222485128 -0.0345359234379433 0.73999365821628
81.396839999  3.52234283881671 -4.28433550158225  168.232796086453 -0.00940071331406968 -0.661218654420484 -0.0319873478836869 0.749452017951062
81.709819999  2.21374309386934 -4.24032469762925  168.455045421616 -0.00872336225142729 -0.647061378853241 -0.0294726059804546 0.761818115067037
82.022819999  1.06069728627736 -4.21394634612111  168.716335207716 -0.00871313902153957 -0.629440957166223 -0.0275433273819816 0.776511125333558
82.33601 -0.0321774617627142   -4.18827067877965    169.038413078302 -0.00983213356975369 -0.605522833924983 -0.0243353136469024 0.795395008316391
82.64906 -0.98552766740427 -4.17010070221538  169.408202303215 -0.00858734809563126 -0.576555857357798 -0.0199866238300307 0.816768103972588
82.96217 -1.83856408823597   -4.149079222854   169.82176813828 -0.0124641157122372 -0.539090778235444 -0.0217441293082148 0.841874676826452
83.27572  -2.7268230599378 -4.13838160327409  170.386404656162 -0.013141088349224 -0.495530935677068 -0.0191366820359804 0.868280018763913
83.48474 -3.23144030811694 -4.13031387038661  170.783569867026 -0.00933370068894202 -0.462167304532771 -0.0170569569405706 0.886579564885346
83.693229999 -3.70843059718543 -4.12107835837241  171.228834357623 -0.00184751059712979 -0.425400082038612 -0.0162940241536335 0.904856818332612
83.901949999 -4.18100852580252 -4.10425739326203  171.745580502597 -0.000214146709210147 -0.386939714933596 -0.0135465761376905 0.922005477978976
84.11077 -4.62224327019262 -4.10665993973622  172.348334354487 -0.00254400031503023 -0.346021994932297 -0.0107974962611662 0.93816081838881
84.31931 -5.03352883445339 -4.11145500276312  173.016641622251 -0.0023103747193802 -0.30342578248827 -0.0108557676541546 0.952790432885782
84.527959999  -5.4674510432974 -4.12129976464035  173.794842245349 -0.00137801950114003 -0.260838215875926 -0.01007803101517 0.965328938492872
84.73726 -5.81054877733169 -4.13057629977729  174.618448170449 0.00305600229429658 -0.219208779318518 -0.0110169283616809 0.975610987642686
84.944929999 -6.14207813580829 -4.13858366387151  175.529636447071 0.00435553984745377 -0.177866660014083 -0.0144164942136045 0.983939350378193
85.15425 -6.39298365134124 -4.15860692002924  176.540987868699 0.00388099299363295 -0.135217924640513 -0.0149661982594026 0.990695242574101
85.36198 -6.60153296331613 -4.17962368510409  177.660164386219 0.00567241237872619 -0.0946955221055891 -0.0161711275781909 0.995358767713333
85.57007 -6.71837788656803 -4.20112733186092  178.835533941288 0.00870201458752735 -0.0600956905538258 -0.0149948041879117 0.998042052604169
85.77809 -6.79063800715874  -4.2367051058169  180.103116020123 0.00921553178609065 -0.033765603620018 -0.0125392837041846 0.999308623174173
85.98583  -6.8286382240441 -4.27472451777685  181.430471726026 0.00961606738441063 -0.0184257161738568 -0.00880654458403952 0.999745202041014
86.19355 -6.84785019903301 -4.30947242877455  182.831851296368 0.00899168513406567 -0.008312952705937 -0.0064668321419677 0.999904107651232
86.401449999 -6.85522534418105 -4.35650786100297  184.254863409851 0.0081937849665448 -0.00376458291103673 -0.00386412817596496 0.999951878000571
86.608969999 -6.86603466022435 -4.39591520059129  185.741620798033 0.00822905729325269 -0.00399370650019694 -0.00134130663980035 0.999957265997379
86.81672 -6.89707111180681 -4.43766451872727  187.282970021685 0.00726671148707241 -0.00656666629095627 -0.00211811285513384 0.99994979243756
87.02455 -6.93111024413521 -4.48401658541019  188.891397513456 0.00905084035149851 -0.00989222965841832 -3.56902497113187e-06 0.999910108994093
87.23286 -6.98069684480546 -4.53478149186423  190.487162514916 0.0104838536659945 -0.0120666107322484 -0.00126407621016916 0.999871435650145
87.440899999 -7.03446968156699 -4.58837770607802  192.133977980785 0.00603584382520497 -0.0134184175426495 -0.00159447217373607 0.999890480161931
87.648939999 -7.09630738696403 -4.63464473471693   193.77988679426 0.00493072037700353 -0.0141865695356521 -0.00341535408764648 0.999881375263001
87.857179999  -7.1622092927535 -4.68298171520065  195.426601898544 0.00695264563930346 -0.0151021808925662 -0.0055467219991624 0.999846397566129
88.06568 -7.23023909046395 -4.73056049427707  197.109677333105 0.00571832312348688 -0.015719830917835 -0.00611794681038045 0.999841366629425
88.273849999 -7.29404877128183 -4.77447748930641  198.742813916072 0.00483046574905484 -0.0167856761895736 -0.00586064534324707 0.999830265850993
88.48206  -7.3622887823624 -4.82173417211382    200.4431763751 0.00359609058356399 -0.0187326386108414 -0.00457314146878356 0.999807602871821
88.690449999 -7.43479385090792 -4.86352381060482  202.068291495151 0.00159471028713179 -0.0204046783259368 -0.00439380627484693 0.999780876226353
88.89883 -7.52207031191315 -4.89710200127286  203.733163621401 0.00109285425635715 -0.0223948096057819 -0.00403138681053583 0.999740479370861
89.107429999  -7.6061920173735 -4.93455136638933  205.325158847702 0.000935507586285937 -0.024106300751409 -0.00442524258513109 0.999699168909178
89.315719999 -7.69893118689102 -4.97295735905704  206.933019025975 0.00346521018776626 -0.0255482500192827 -0.0038951584383145 0.999659995688558
89.52419 -7.80035126695621 -5.01317482741448  208.554163048212 0.00329515234223461 -0.025602408929637 -0.00554463684133259 0.999651397053162
89.73269 -7.88564965086322 -5.05259859448925  210.076155427262 0.000974492738744932 -0.0250327284063987 -0.00553477282008934 0.999670835406467
89.94118 -7.97120856772789 -5.08952612196703   211.56738592897 0.0018709479208658 -0.0248734605362996 -0.00613168921919953 0.999670052018238
90.1496  -8.0596692605781 -5.12755040304646  212.992970359175 0.0032240299882802 -0.025952166626403 -0.00717559979016905 0.999632233096593
90.357969999 -8.14119144231303 -5.16238295576107  214.340858311654 0.00138909080707091 -0.0276892182947505 -0.00689596145455943 0.999591828364244
90.56632 -8.22706802150677 -5.19724645710386  215.599044624384 0.000641371146713012 -0.0306107732650003 -0.00694347283214675 0.999507057197797
90.77468 -8.31194416318179 -5.22698283244811   216.73439815186 0.00160233239139527 -0.0335377147584796 -0.0065604266824228 0.999414636185318
91.087509999 -8.44116619719667 -5.26972122916457  218.340907936712 0.00172822193312519 -0.0366466499594684 -0.00682075389447142 0.999303514259811
91.40035 -8.54254343097757 -5.30659494968709  219.753464430968 0.00172697713283637 -0.0307877122911595 -0.00799447409690345 0.999492482565914
91.713819999 -8.58255225045603 -5.34072903588492   221.08984580124 0.00290673738854678 -0.0122726408373676 -0.0100879570383282 0.999869574638324
92.02688 -8.51838405691833 -5.38418358698107  222.409776773216 0.0049612834792327 0.0180064483185022 -0.009143064613564 0.9997837555465
92.2359 -8.41327720077916 -5.41371999030321  223.232464940478 0.00939393607695032 0.0457929136631113 -0.0109475186299179 0.998846792485751
92.44485 -8.25936194600003 -5.44473770309931   224.05173583839 0.0102607633422487 0.0795821489600852 -0.00941453445637489 0.996731039369949
92.65403 -8.02338202365902 -5.47391193806704  224.814731633449 0.0104804917601854 0.117157897250811 -0.00301599592186255 0.993053417582777
92.862949999 -7.73135884788096 -5.50778210511927  225.543138754689 0.0101448544373746 0.156769329402464 0.00413870979675748 0.98757446826473
93.072029999 -7.39348273332296 -5.54872587464827  226.222896782771 0.00970347860517193 0.19903022735148 0.00595456492819034 0.979927218858571
93.280829999 -7.02221844164212 -5.58281061218125  226.897800363774 0.012860453352942 0.243653996372318 0.00173199137293565 0.969775406471642
93.48971 -6.55517435691579 -5.60926937147304  227.514812293766 0.0186906535385651 0.289552195018714 0.0033516473433883 0.956973851414045
93.698449999 -6.02058754307792  -5.6371840799496  228.108988536695 0.0230712923991266 0.335201764268291 0.00561445776460323 0.941847105724952
93.907229999 -5.45602580879487 -5.67860620646657  228.684922436768 0.018446168354686 0.383632523521677 -0.00704117638886652 0.923274741127732
94.115819999 -4.78806692790612 -5.73263986822327  229.209994238241 0.0172781258387473 0.429346966682089 -0.00750698828627386 0.902943128715901
94.3245 -4.04278449907869 -5.76347948370984  229.628366697367 0.0245698936176533 0.475645514458628 -0.00330532323504055 0.879287631973358
94.533079999 -3.24401901253282 -5.80239259154703  230.034664470651 0.021712869052976 0.522142723440222 -0.0118206146001585 0.852499736508107
94.741609999 -2.35024936351815 -5.86903804402458  230.375680750962 0.0147583363698023 0.564696102592393 -0.0141758249741793 0.825045180102798
94.949969999 -1.37283167607438 -5.92577312386993  230.629614107279 0.0174804053102196 0.600547730282276 -0.0116489625307974 0.799312930431476
95.15809 -0.340723793873906  -5.97232369578677   230.819523745806 0.021355344470138 0.629063023365805 -0.0111312939666978 0.776981181362239
95.469849999  1.36739385733543 -6.05812377169232   231.05877686531 0.016772204504195 0.66088632312552 -0.00891445904724907 0.750245622100919
95.67789  2.55743359187736 -6.11954567371291   231.14227487786 0.015368397740729 0.679272159082688 -0.0108402486113667 0.733645442469365
95.885909999  3.82690468841903 -6.17572880873473  231.174857903285 0.0200475393570467 0.694137966583898 -0.00863932105423326 0.719510904465124
96.093729999 5.19495969574697 -6.2305325890856 231.191957442763 0.0173536550222274 0.706257928126236 -0.00641257042752503 0.707712843289366
96.301479999  6.57770396594719 -6.30256501374138  231.159155944469 0.015997516304124 0.714972397026224 -0.00493932035102583 0.69895218296901
96.509209999  8.03000196062854 -6.35434347520618  231.099288421118 0.0211426128013342 0.718923129127516 -0.00255724830137263 0.694763258103477
96.717079999  9.55063258803332 -6.41859633276082   231.05014388638 0.0187264789439583 0.720943251001279 -0.00146797798897446 0.692739484122777
96.92488  11.1298328412557 -6.47818316950179  231.004482467314 0.0179575083558415 0.721751142424555 -0.00205309944415372 0.691916614257219
97.132729999  12.7267295083169 -6.54200405647097  230.930121907683 0.0180886417795199 0.722535243454488 0.00105815783967811 0.691096594772918
97.34058  14.3437701567932 -6.60727081751243  230.879074821551 0.0173710711455226 0.720765590980087 0.00302758284650402 0.69295457462123
97.54846  15.9558733716389 -6.66924760230748  230.830355400246 0.0193315020395995 0.718359546597182 0.00270503683584212 0.695398114476377
97.964519999  19.1981994232326 -6.79843090015034  230.776286464569 0.0192184800377167 0.713916808471933 0.00207441133175938 0.699963668645678
98.068569999  20.0113891509391 -6.82886732231006  230.770958254076 0.0194217407075809 0.713063531292077 0.000554860793586435 0.700830142373072
98.27666  21.6704750706272 -6.89538017455039  230.767064656979 0.0155865490008708 0.711671698057245 3.76135171622643e-06 0.702339272474787
98.484859999 23.3306145509123 -6.9606341734683 230.769794760586 0.0137728574093203 0.710558601754565 -0.00175261270509279 0.703501037824455
98.69307 24.9785402181352 -7.0274187242856 230.772772882569 0.0135876057902662 0.709993215554064 -0.00371729057014565 0.704067605125322
98.90137  26.6420522007355 -7.09704852658463  230.772357047972 0.0125458275637595 0.709942611879537 -0.00351067069331357 0.704139024085219
99.317989999  29.9783291600242 -7.23047832737941  230.761568595167 0.0120657966339178 0.710706483612903 -0.00265366746104533 0.703380173697821
99.52634  31.6423742142486 -7.29799937141938  230.758849250013 0.00991290124584323 0.711770422873803 -0.00406012648093264 0.702330488362777
99.943089999  34.9405334976179 -7.42080484987873  230.730317852692 0.00496070304635662 0.715002831901065 -0.00453575009914542 0.699089242350204
100.1513  36.5773429849433 -7.47582882652253   230.70499335076 0.00276508338170678 0.715979284601347 -0.0035477956623019 0.698107034402014
