0.1037595     0.001279896459579 -4.44762485173776e-05  0.000885825317089463 1.19663658867278e-05 -9.07890422458121e-05 6.42639250049787e-05 0.999999993742152
0.3116055    0.0881950559693564 -0.000318454549252255      1.22750914496795 0.00514399426866 0.0253890231889027 0.00248268228261255 0.999661329207628
0.415086 0.182486676737708 -0.02626861171083  2.26995589773243 0.00643349659468922 0.0487132480716239 0.00162054611010233 0.998790770589208
0.5188692   0.330613385206776 -0.0553153499211536    3.30719179230553 0.0066141091270537 0.0719645266973163 0.00305964382035326 0.997380568808807
0.7264318  0.770954432471016 -0.120660852845396   5.35135431143128 0.00905512958901279 0.118159069377729 0.00555344643283771 0.992937862197143
0.9339528   1.40094136066686 -0.188985147497838   7.34610183083734 0.0109016182012739 0.162660336189558 0.00741191097879644 0.986594057009739
1.037695   1.77785151386934 -0.225405456148118   8.30824744839757 0.010529885186526 0.185622674693828 0.00782022289768093 0.982533555799138
1.245136   2.66327735986758 -0.299369081869446   10.1811015307369 0.0101511663358556 0.232172672341777 0.00855820068507926 0.972583961023794
1.452733999   3.73350698777938 -0.372774236333969   11.9657116835842 0.0108745887264753 0.277180516833132 0.0102108471314395 0.960702057356497
1.660095    4.9666331339371 -0.436486045826478   13.6251449526614 0.0118446217476515 0.321451005799448 0.0124513300746413 0.946770257341004
1.867714   6.38290912103462 -0.510454513147398   15.2420232514028 0.0128165022896543 0.365051801332596 0.013039678978235 0.930807652732309
2.074936999   7.94122774354871 -0.570693087173726   16.6985586867945 0.0144524461025831 0.408418014031465 0.0142001688794537 0.912570111180528
2.282427999   9.56667980416792 -0.627513622497071   17.9350516551816 0.0184704205900484 0.450344055250505 0.0155893358307647 0.892527897643604
2.489649  11.4765560637899 -0.69331534917455  19.1991215591449 0.0199499251522082 0.489408844163462 0.0184803885140028 0.871630345376627
2.697006   13.4316589688576 -0.754900300416332   20.2355996499639 0.0218496071127232 0.523608327554908 0.0197209898692967 0.851450525011728
2.904386999   15.3331554970041 -0.788791656613032   21.0149441553125 0.020939427998874 0.553702036609818 0.0216084926257598 0.832171056968255
3.111717   17.6886693142749 -0.850624773905202   21.9338996414426 0.0204812981011236 0.58153682419111 0.0206895822394331 0.812999003520034
3.319074   19.9317320007406 -0.890727772222731   22.5674090108777 0.0211436658882706 0.606889857580314 0.0211148780594705 0.794224028900842
3.526551   22.2414097575079 -0.927180598728893   23.0616009052386 0.0201561484012417 0.631013101766737 0.0220256764503252 0.775197435920201
3.733924   24.3316815234337 -0.941079983424698   23.2974884902142 0.0206821745986544 0.652725738898373 0.0237759338446965 0.756938612044106
3.94129   27.1172675409113 -0.968267075896053   23.6588028353596 0.0233824901068626 0.670548153600434 0.0270699738057679 0.741003137225212
4.148625   29.4235217627535 -0.976191325270469   23.7378226982194 0.0260625647995894 0.684321873435135 0.0315884260935905 0.728029180453108
4.355973999   31.9045457981648 -0.979866127836616   23.7903661487805 0.0272885134513087 0.695081613518108 0.0343386077861955 0.717591630105861
4.563216999  34.5122333750128 -0.97031222273657  23.8304154412839 0.0266489853883707 0.704170762338709 0.035017543080817 0.70866574682404
4.770559   37.0883728847106 -0.972845440638866   23.7760368709549 0.0287312586302579 0.711903719728997 0.0334846849186195 0.700889709219247
4.977966999   39.7818166011754 -0.960653765421724   23.7128249842259 0.0300789646297977 0.71795811696173 0.0327363007458585 0.694665194744232
5.185268999   42.6526594999471 -0.955548887007655   23.6128964217342 0.0309485592275709 0.721821944516767 0.032296226719658 0.690631754870455
5.392622   45.6190410534291 -0.952571886743674   23.4816054403919 0.0316280677332612 0.724684574554209 0.0314458214725627 0.687635872425633
5.600025999   48.5144040148634 -0.948217453440345   23.3112313573582 0.0306294002680354 0.726512720442621 0.0326347401670716 0.685693867996871
5.80734   51.5283776638699 -0.938228461108398   23.1237185557441 0.0312540808975712 0.727972950719497 0.0337823743437655 0.6840594393996
6.014714999  54.6017731098914 -0.92413589161083  22.9244029498044 0.0321027721363321 0.72854486835721 0.0339438132387116 0.683402958988586
6.221927    57.788260698053 -0.919616875578066   22.7371979219328 0.0325460189798521 0.728339324279216 0.0332304533672002 0.683636103732146
6.42928   61.0451787622964 -0.920343539390643   22.5278956244858 0.0320111862396619 0.727528016772657 0.0333803184481753 0.684517365087748
6.636673   64.4543899625782 -0.916096974285821   22.3386970608364 0.0327869896332716 0.726778507876886 0.0330178403242617 0.685293977807595
6.844096999   67.7074058595033 -0.913936720309647   22.1530612205412 0.0331223482090123 0.72612270297265 0.0331799620423247 0.685964882771475
7.051471   71.3102086804539 -0.919162522842484    21.953389272172 0.0330592377322638 0.725522898457373 0.0358065903044832 0.686470318881553
7.258923   74.7744856282178 -0.920628291211578   21.7590881827089 0.035152002279121 0.724938718533827 0.0360510625104098 0.68697053211777
7.46621   78.3404567889677 -0.926810931869785   21.5677730007637 0.0348681796426574 0.724672304831037 0.0361100862900627 0.687262920815175
7.673572   81.8237773687855 -0.924281192889488   21.3823586056878 0.0348553721861539 0.72453309729045 0.0368026950752128 0.687373592448585
7.881024   85.6541465615352 -0.925175517557924   21.1771814514051 0.035659998328308 0.724476796809514 0.037063602122105 0.687377643513073
8.0884   89.2719477180863 -0.928202210629374   20.9904561867527 0.0359293517845867 0.72512236951437 0.0363034251727905 0.686723155449799
8.295863   93.1235697623766 -0.940835906525429   20.7839229658328 0.0348805823155043 0.725942887969033 0.0354528169417743 0.685954346990676
8.503235   96.8741430407614 -0.946484257128241   20.5739803629528 0.0336435510644837 0.726475214019456 0.0349756948279525 0.685476896516913
8.710698   100.759118911545 -0.947840004732095   20.3421597058796 0.0337775911242755 0.728023964753657 0.0338376579079027 0.683882441644406
8.918106999    104.67071177588 -0.953729683029815   20.0863505064457 0.0333041374858272 0.731035849076862 0.0334680688752441 0.680703540578833
9.125548    108.63447522535 -0.969675759643858   19.7964293794245 0.0321274818098416 0.734354180012879 0.0323591796353752 0.677233081518835
9.332782999   112.658531476124 -0.986210076279225   19.4526233948299 0.0331971780976616 0.737629519904094 0.0312817016371968 0.673663190233139
9.540126  116.596117222188 -1.01100067464454  19.0838297804078 0.0319627546720816 0.741016872595184 0.0301102293174273 0.670049066064178
9.747566  120.802227428962 -1.02645004181443  18.6607578760969 0.0305374974126789 0.744854022988285 0.0295214414490794 0.665874184951412
9.954853999   124.75368281984 -1.04690126403741   18.195483499997 0.0311952883926503 0.748554862148602 0.0296992628736469 0.661672446245534
10.05845 126.885268186705 -1.0577848327063 17.9385946460594 0.0313141969922632 0.750468917961476 0.0292347497620494 0.659515847911794
10.26595  131.104574725607 -1.07686109443602  17.3845927876181 0.0309502166429954 0.754350408995517 0.0291956972318891 0.655091715564464
10.47333  135.203708455604 -1.09895626601076  16.7975631114576 0.0308282109993334 0.758042830852476 0.0282829688269828 0.650861553384494
10.577009999  137.271690193065 -1.10496373153618  16.4812405048343 0.0310468575237076 0.759695426547025 0.0293237108800228 0.648875235697635
10.680799999 139.436356650598 -1.1069963393713 16.1367145864211 0.0316119083292702 0.761084863240669 0.0302469897943515 0.647175121436304
10.888379999  143.579725527856 -1.10797284105642  15.4501623804507 0.0324868081993854 0.76327544149828 0.0304474362703973 0.644537168302327
11.09628  147.681607542804 -1.12322091968245  14.7595202401749 0.0318533771766374 0.765753239885603 0.029575624868932 0.641663946611275
11.19965  149.827279216717 -1.12811568909824  14.3911612536734 0.0316286397705602 0.767291921554679 0.0288577236848065 0.639867148748022
11.303359999  151.910148714961 -1.13820410714613  14.0138168849406 0.0311760087573632 0.768785527270809 0.0287237497417711 0.638100161211135
11.40708  153.971819494867 -1.14354796381293  13.6292898858552 0.0314658093973875 0.770281316122925 0.0286995018892139 0.636280547763494
11.510569999  156.021028119136 -1.15149613072624  13.2351450222907 0.0315007701150033 0.771777073971922 0.0284003975174106 0.63447716034098
11.614179999  158.094463055892 -1.15912405750231  12.8314598968032 0.0312473518625039 0.773263155593571 0.0282401587470847 0.63268490470138
11.821429999  162.185970675973 -1.17314032993145   12.002090045364 0.0310723818373085 0.77602016805962 0.0287582815141604 0.629285441668587
12.02865  166.320854545106 -1.18565572344095  11.1214046692649 0.0320230471433544 0.778507994654315 0.0287187720282619 0.62615897250152
12.132139999  168.467272450799 -1.19511168415102  10.6542479174462 0.0325952236248201 0.779670632286258 0.0281410654439943 0.624707401095001
12.23595  170.531128212233 -1.20421238194685  10.1920273183732 0.0331109881564392 0.780770764746696 0.0281665944749333 0.623303552320896
12.33962 172.534036801961 -1.2126624262003 9.73785432009942 0.0332162202290378 0.781887720515993 0.0276620238213409 0.62191887546376
12.546849999 176.846735572928 -1.2404172727632 8.74251614617356 0.0331350722763572 0.784318693627895 0.0278029538265106 0.618848325173134
12.75421  180.966790829216 -1.26167352032487  7.74467898593224 0.0345799113654935 0.786551915914465 0.0293234868155056 0.615857488727887
12.85782  183.141332152974 -1.27206443957117  7.20945519078617 0.0346209183555284 0.787385206974503 0.029906173957492 0.614761375339377
12.961449999  185.181773240073 -1.27740356537585  6.69915583845943 0.0342640731295695 0.788317385508422 0.0299924408833488 0.613581393531125
13.168789999   189.48183736819 -1.29849864767382  5.61410767274981 0.0343642722411436 0.790211953703638 0.0283672510993996 0.611211472472728
13.27241  191.62419968616 -1.3098498021864 5.06130396880781 0.0347937203250328 0.791302427593985 0.0274536994649899 0.6098164965754
13.37617  193.805222627213 -1.32690710780044  4.49435451308256 0.0347386160778 0.792370210910783 0.0267104507018917 0.608464649127214
13.47977  195.920480585218 -1.34344112074987  3.93168519348052 0.0344495995734531 0.793476442294816 0.0256685089954046 0.60708276886957
13.58338  198.058422069908 -1.36224130897703  3.35169507724746 0.0347495051469201 0.794701561817344 0.0259251555258617 0.605450068831508
13.686999999  200.174870392648 -1.37788966571686  2.77014810133926 0.0343370609893411 0.795827888712202 0.0261312392223374 0.603983523059362
13.894439999  204.489033386552 -1.41295717536505  1.56091458217318 0.0339543746973819 0.798278608560865 0.0265782012201462 0.600742842465011
13.99845  206.600505790644 -1.42730261421629 0.957964969835416 0.0336933870068048 0.799470435898207 0.026140913976053 0.599189811673428
14.20592   211.003360155471  -1.46718654419496 -0.325649599247527 0.0337485240792915 0.801730965997029 0.0254345131178684 0.596189215624031
14.412869999  215.301848186602 -1.50818184198112 -1.61961673230093 0.0343908799271659 0.803424219394894 0.0262672768812744 0.593832317437156
14.620329999  219.726360020855 -1.53994423365038 -2.97816430348109 0.0351991587840248 0.805031905045498 0.0273998200487158 0.591552111771237
14.827389999  223.946778947673 -1.57571942574357  -4.3036162147219 0.035209317848159 0.806738556424174 0.0267791229132019 0.589250442588978
15.03485  228.169856973867 -1.61956281621535 -5.65386033193226 0.0358432519288765 0.808591526365658 0.0256938205057081 0.586715290723396
15.242179999  232.643801464915 -1.67623507978178 -7.10780350239429 0.0356659250932056 0.810376491076902 0.0248008372126065 0.584296844909065
15.4495  236.860236891686 -1.72634101170854 -8.51518513032613 0.0356687159015967 0.811981805397842 0.026384086506981 0.58199413260615
15.656679999  241.103988863758 -1.77048951499883 -9.95613640196422 0.0348473562299469 0.813941629571251 0.0255119189748577 0.579339129875498
15.864039999  245.728497541809 -1.81117224166448 -11.5375504126585 0.033714612933863 0.816144002932156 0.0251361470828479 0.576316289430055
16.0714  249.764039823967 -1.85239843934795 -12.9815482431821 0.0332125608913037 0.818473579662523 0.0247983018031597 0.57304709180061
16.278759999  254.360366921055  -1.8930011448092 -14.6357659663763 0.0324241789262931 0.820966563752623 0.0244471821360459 0.569530428604805
16.486209999  258.581251471303 -1.92966075689113 -16.2054697249512 0.0328442533464041 0.823282149967411 0.0242924346011425 0.566160431492969
16.69338  262.930987294335 -1.97119884888981 -17.8667807870489 0.032348048372479 0.825631015439488 0.0236350566568961 0.562786295326812
16.90069  267.285424592104 -2.00360667291203 -19.5699616584094 0.0328953698902401 0.827858128174332 0.0239458495409485 0.559459927559819
17.107929999   271.44865457621 -2.03886098998408 -21.2467203625853 0.0347430775431379 0.829980040596886 0.0243296720074243 0.556178134983419
17.21226  273.716817363158 -2.05613353559175 -22.1644607171829 0.0353147739835944 0.830847343046224 0.0246485508163143 0.554831513375163
17.418949999  278.002321648154 -2.09429144238953 -23.9465385494245 0.0375841986938347 0.832558968147857 0.0243897752195794 0.552121482492627
17.62628 282.265846123985 -2.1271824751254 -25.748876198218 0.0383067179601143 0.834476407216975 0.0243668842801316 0.549170261492602
17.83361  286.711252206742 -2.16022887661119 -27.6442791644819 0.038657768424092 0.836605275197586 0.024018550949572 0.545912355293708
18.041019999 290.876240797698 -2.2027280090477 -29.483885806086 0.0378807281619428 0.838522131126185 0.0229124280802942 0.543066024241057
18.248219999  295.541440997274  -2.2436861583714 -31.5509381249022 0.0388361333468261 0.83999093492717 0.0242565488661493 0.540664964487206
18.45567   299.88495759529 -2.27469857760981 -33.5236381713129 0.0388905323745723 0.84127291131156 0.0248216463271831 0.538638376889915
18.663049999  304.352062190459 -2.29859071395595 -35.5632487816639 0.0388798651861714 0.842754292309954 0.0256769156688466 0.536278150662498
18.766279999  306.565991917742 -2.31059552503102 -36.5935065200853 0.0388039843462315 0.843476298289288 0.0259170606684647 0.535135768744123
18.86992  308.775228040703 -2.32175346650485 -37.6254788605427 0.0387815828308038 0.844137661014974 0.0252833575784636 0.534123908769179
18.97353  310.973087876896 -2.33662270093031 -38.6607941196146 0.0393492152132293 0.844893105619931 0.0239401169837161 0.532948543610748
19.077139999  313.369670734898 -2.35436184539576 -39.7933562298136 0.0386402840575604 0.84593896077705 0.0235446473517205 0.531356615342727
19.180869999  315.695208521886 -2.36897358421772 -40.8933815939856 0.0373736854195025 0.847339632874701 0.0233817262635161 0.529218337810462
19.38822  320.493670038041 -2.39459882617117 -43.2123149323847 0.0351511511420368 0.850344021679299 0.0236834727618961 0.524517430106572
19.491839999  322.681952981917 -2.40202147137624 -44.2961453346412 0.0353000883861775 0.851688197073204 0.023897024224884 0.522312215977493
19.595459999  324.827968380564 -2.40506058957971 -45.3941352145485 0.0363669350104903 0.852919047764821 0.0245680154751693 0.520195113984653
19.802839999  329.436667760679 -2.41672390294552 -47.7542925012573 0.0370297858963085 0.855259735672561 0.0251742098103656 0.516261405350234
19.90642  331.792095308051 -2.42446907460193 -48.9827882020139 0.0366715047586987 0.856441712796595 0.0260195335480475 0.514281807178427
20.113649999  336.306742078038 -2.43315361028798  -51.378701703164 0.0353609823507635 0.858819077941219 0.0260304772266189 0.510393775967867
20.217269999  338.607835767189 -2.43606487960153 -52.6227640016236 0.0352384528737231 0.86005424375043 0.0262419177392267 0.508307299769843
20.424499999  343.126603220656 -2.43553981679517  -55.106270917187 0.0352291646929227 0.86250654872574 0.0274559962113965 0.504070954958022
20.52812  345.409764787509 -2.43164476710777  -56.377342187787 0.0345429270271891 0.863636239497752 0.0272694864497317 0.502190807489887
20.63173  347.784216329434 -2.42476020611863 -57.7065208827628 0.0341585296453638 0.864675949361782 0.0276753943780248 0.500402607900667
20.83896  352.171752812998 -2.40301850164347 -60.2224911951035 0.0329402801880327 0.8664317427383 0.0272742349745607 0.49746064087841
20.942579999  354.622498480503 -2.39194750124482 -61.6247596009645 0.0316215262808142 0.867405456845349 0.0258180082863953 0.495924674682262
21.04632  356.841632937287 -2.38360293415618  -62.916715551975 0.0305624874965678 0.868406475584074 0.0244160328723949 0.494307581228978
21.14994  359.130914180904 -2.37641849356879 -64.2563574358511 0.0290763216290698 0.8693216576635 0.0245726872432253 0.492778455372548
21.25355  361.395157335044 -2.36292322620665  -65.595883221223 0.0290304596767911 0.870323612586284 0.0253273055587446 0.490971047393681
21.35717   363.62852285078 -2.35130771428523 -66.9341141691442 0.0289556861473365 0.871164439885247 0.0249969633749422 0.489498967048137
21.460819999  365.916658669944 -2.34176435894212 -68.3109697945658 0.0279989572351409 0.872094406880321 0.0245430752189639 0.48791909302732
21.56462  368.186527568782 -2.32727102342156 -69.6842892678092 0.0263376046253995 0.873094746657571 0.0253038116218717 0.486180636244341
21.771789999  372.685062030679  -2.2844346043516 -72.4546841849833 0.0241815505509964 0.874956571606439 0.0249799895045576 0.482951602689139
21.87536  374.893804034567 -2.26047826710339 -73.8325123883242 0.0241553540612032 0.875770375169124 0.0247664520874669 0.481486647475617
21.97904  377.188591561596 -2.23740199872261 -75.2689792087306 0.0238877671247947 0.876622767669536 0.0249956799782823 0.479934489037429
22.186209999  381.628599734856  -2.1948481599707 -78.0857752934183 0.0223013301189434 0.878301240547823 0.0243483271308586 0.47696618380448
22.29025  383.855413914622 -2.17632456936785 -79.5032386575924 0.0186666195266111 0.879334918215188 0.0206094426167981 0.475391322804659
22.39357  386.043949375418 -2.17008171353437 -80.9063892924003 0.0175061628613534 0.880429693646501 0.0148442070281576 0.4736208803728
22.60085   390.44533069705 -2.18971556115313 -83.8171306085662 0.0253805424829837 0.881371539487206 0.0188580851570437 0.471364413240362
22.808099999  394.855420225699 -2.13935704574547 -86.7396745921783 0.0176631376072393 0.882722305209786 0.0260264895389077 0.468841089599953
22.91177  397.079721717845 -2.08627946904367    -88.2143526074 0.0143324328425736 0.883717531740812 0.0260388875437576 0.467075884410899
23.01539  399.243329229704 -2.03717771569943 -89.6729428800462 0.0138722671468107 0.884558387100127 0.0256847230127756 0.465515107186422
23.22265  403.596717178261 -1.95417559508902 -92.6590746077305 0.0200021343121523 0.885943106416531 0.025121533352076 0.462680921778742
23.43007  407.957702380425 -1.89521122176481 -95.6880634948307 0.0211392550711936 0.887590169459664 0.0242989881081817 0.459506672585415
23.533709999  410.208985855815 -1.86220058968546 -97.2597252729433 0.0211187242861224 0.888406516958611 0.0251955642291761 0.457878852594407
23.637319999  412.271679646224 -1.82670479155249 -98.7221297221231 0.0210093920669571 0.88909015068275 0.0259771570203562 0.456511222991331
23.84468  416.459561781867 -1.75189122965397 -101.715358024205 0.0214044874338569 0.890038308865104 0.0263135138247502 0.454622102036883
24.052119999  420.851992339606 -1.66997229206619 -104.869482224456 0.0219243952659083 0.890764312250523 0.0276080671137709 0.453096077607519
24.362999999  427.068091606009 -1.52503355023341 -109.395358514166 0.0222096352286927 0.891656697944252 0.0295409945009806 0.451201058019653
24.570239999  431.449229074513 -1.43130639694716 -112.581661309917 0.0202900376722661 0.892652841121691 0.0257059461886262 0.449553582945547
24.881209999  437.850790188633 -1.31169278397117 -117.283095605589 0.0180502846764337 0.893681991302201 0.0242822998465856 0.447679634961647
25.088319999  441.966790291006 -1.23510024803256 -120.340657085831 0.0173441104332288 0.893952586237383 0.0252294945908704 0.447114558022285
25.191949999  443.940544223694 -1.18985275570003 -121.813740168591 0.0176152229650536 0.893832851340274 0.0274687827008256 0.447211363632168
25.399159999  448.194955756487 -1.05300492409288 -124.987691037597 0.0191339156982697 0.892926687958586 0.0336209542540351 0.448537015904384
25.50278   450.325808956556 -0.974338599600777   -126.55519809108 0.0169419679006118 0.892530457853426 0.0314556312497464 0.449569677347448
25.60639   452.473891611318 -0.905558319241639    -128.1208576051 0.0148791870676243 0.892437619256581 0.0274051973843344 0.450091835833731
25.71001   454.642544712161 -0.851057278677665  -129.692731262873 0.0130121758031865 0.892000262621269 0.0256360798608526 0.4511197248778
25.917259999   458.967535671502 -0.741350120832859  -132.826117974573 0.0133539178183353 0.890429254987673 0.0253478393662146 0.454219002002849
26.124479999   463.254990492674 -0.630589442804371   -135.89257511734 0.0131502121247606 0.889041171258024 0.0236774717798523 0.457025431523618
26.33173   467.504493360173 -0.538737696662258  -138.861808664823 0.00596471614594115 0.888281070219458 0.020718777168015 0.458793956721027
26.435439999   469.567803383956 -0.494282185765323   -140.29107531558 0.00319561847570775 0.88819572395983 0.0184021041970554 0.459085511123093
26.539059999   471.666128138575 -0.448487046659045  -141.754965116359 0.00263524524868246 0.888064761651452 0.0177092545352537 0.459369586389037
26.642669999   473.814690098988 -0.404140255633306  -143.258894807883 0.00324538840457122 0.887754951880476 0.0189218483278016 0.4599158363458
26.84992   478.161164213683 -0.294898013172553  -146.290143658827 0.00233000349183137 0.886895480599145 0.0207271266895313 0.46149903986437
26.95353   480.375933795176 -0.235912034704619  -147.824034116962 0.00161925404089849 0.886628856283866 0.019562004431013 0.462064905834402
27.160889999   484.633885334428 -0.136161695953893  -150.757547133957 0.00238497397851799 0.886064326974165 0.0180000267204308 0.463206562346655
27.36823     488.89836636279 -0.0420029253288057   -153.689890355889 0.00348924410567216 0.885359737441332 0.0199374802303156 0.464465776323135
27.471849999    491.068848455851 0.00875804273633918   -155.172752857819 0.00359449835667837 0.885080998911942 0.020092459711112 0.464989245046979
27.6792  495.428940307121 0.114949545237952  -158.13865322629 0.00284203914131803 0.884563981100272 0.0205623617319178 0.465956731289035
27.886559999  499.819596784819 0.228307464610182 -161.112326076109 0.00259014623859887 0.884214079062564 0.0200247725810211 0.466645220711713
28.093789999  504.130324136107 0.329083671812022 -164.022655091836 0.00290450013703285 0.883885879676703 0.0198385231267092 0.467272670490418
28.30102  508.478045979532 0.437815370986293 -166.951020404629 0.00163451415062931 0.883731163168639 0.0201935540973165 0.46755617842246
28.40464  510.623999712843 0.495282450086304 -168.391267632531 0.00130753485843543 0.883789421489934 0.020153622731135 0.467448799662479
28.611869999  515.013505376888 0.610813721098275 -171.350992016591 0.0017430774234675 0.883922856406746 0.0200412217694431 0.467199844855307
28.81923  519.387349837294 0.729151319139291 -174.297593296245 0.000474366824041668 0.884033697989024 0.0211129176342777 0.466945864640576
29.02646   523.79763254007 0.857135941825025 -177.271924181333 -0.000148242892919657 0.884142367974042 0.0206786341257106 0.466759729698261
29.23384  528.191834127531 0.978789398471719 -180.235158475233 0.000680749025164012 0.884096523149862 0.0206249296369746 0.466848462150793
29.44104  532.439942153895  1.09319185055127 -183.101919031611 0.000643844427233799 0.884048512133967 0.0205279362908238 0.466943698415252
29.64826  536.751551248079  1.21212210111374 -186.009322106108 0.000217737256155916 0.883993031611418 0.0203809113582008 0.46705555462402
29.855619999  541.359894981238  1.34498916179882 -189.134295300397 -0.000299815789750888 0.883836945015785 0.0216458557699441 0.46729393497417
30.062729999  545.420278875396  1.47255197670509 -191.865249491468 0.00065594710526317 0.883678230589223 0.0215271132743064 0.467599120946746
30.26996  549.830371624862  1.60888528619311 -194.838801846503 0.000238496151052104 0.883572477437224 0.0220214494539862 0.467776309788106
30.580809999  556.405139745939     1.81144386302 -199.255289212182 -0.000380964335233762 0.88365414056563 0.0220760800465953 0.467619355263627
30.78817  561.279702877788  1.97015314265653 -202.531240060257 -0.00164624742609683 0.883840246446509 0.0228131707197381 0.467229352537379
31.099139999  567.409174881987  2.16348655750859 -206.657642512411 -0.000500509903787262 0.883999621284495 0.0204187053662405 0.467041213952122
31.306519999  571.910857322223  2.30585209295333 -209.702327131049 -0.000925092160431991 0.883951289933254 0.0227952348116463 0.467022096372016
31.51385  576.373322680096  2.45779340094731 -212.719530147359 -0.000371475924512344 0.883981617276285 0.0225272487684877 0.466978463514287
31.72125  580.676513738896  2.60108203942291 -215.631015250965 0.000384820370494408 0.883947722950521 0.0230559606096855 0.467016806640014
31.92857  584.953390887263  2.74597941789989 -218.513099452703 -8.33496456117205e-05 0.883796465385833 0.0239928937635659 0.467255970398662
32.13593  589.392613181287  2.90486811218147 -221.499161057775 0.000397447809585913 0.883611416630026 0.0242894058496117 0.467590345494633
32.34333  593.755457861773  3.06660204682699 -224.424496560232 -0.000574756867409421 0.88337045381653 0.0248564083250826 0.468015459086233
32.55078  598.139955763053  3.23311280911755 -227.356642017852 -0.00118759755811812 0.88318194850088 0.0242416982886324 0.468402151487705
32.75813  602.445312415475  3.38942918312775 -230.241772790673 0.000414933544540325 0.8827685819212 0.02447377076905 0.469170004526431
32.965699999  606.965698461513   3.5539052587387 -233.268261826767 -4.11543351657284e-05 0.882397311017848 0.0254319083958285 0.4698172004622
33.172919999  611.337176478462  3.71439371823356 -236.183656148575 0.000105743341151031 0.882087032989316 0.024812145723804 0.470432580158976
33.380049999    616.0681407267  3.89078098735708 -239.345391986088 -0.000538463473659339 0.881805100209102 0.0246839550475398 0.470967278763094
33.69122   622.20335407332  4.12281831166426 -243.366803724311 -0.00222555447555563 0.881370283500689 0.0238684020360722 0.471817517323632
34.00238  629.048651096668  4.37692013496761 -247.879509307133 -0.00219310047761237 0.881484258965448 0.0244222989934035 0.471576338272296
34.20973  633.600378236493  4.55575050815233 -250.873814592734 -0.0029827958187285 0.881589528588718 0.0237102151067239 0.471411531160851
34.417099999  638.181126660023  4.72224584105359 -253.893189572316 -0.00176508616376997 0.881602887629092 0.0224050751363109 0.471456515071133
34.62445 642.413204118412  4.8710079304397  -256.6859268484 -0.00171442019624916 0.881560998726615 0.0233009443447338 0.471491603615767
34.8318  646.889940125915  5.03737539657087 -259.639251716346 -0.00180777841363705 0.881485038089746 0.0242024725448894 0.471587849593096
35.039149999  651.519290120983  5.21036190084664 -262.698516179466 -0.00177042744524666 0.881359971958296 0.0234710367695072 0.471858639689152
35.246519999  655.792802095632  5.36649788901357 -265.514495186204 -0.00187496004183425 0.881187470893726 0.0239040631619653 0.472158576570531
35.454  660.358404355845  5.53897107108399 -268.519139950042 -0.0023032278015104 0.881009500133216 0.0239096468535336 0.472488396263924
35.66109  664.542314962859  5.68957744478404 -271.264361547307 -0.00214545048921929 0.880820852639728 0.0234636435805734 0.472863066888445
35.86833   668.79141110765  5.84467491895427 -274.041608492755 -0.00201671387031618 0.880569550077414 0.0242334016743558 0.473292660607489
36.075839999  673.093369223798  5.99842565064515 -276.857452581352 -0.00111337041731202 0.880365484867245 0.0232121643309937 0.473726259445099
36.283279999  677.733978283718  6.16482124034041 -279.902789852904 -0.000853421538282458 0.880057295331544 0.0243815981564373 0.474240409788901
36.490549999   682.11346567014  6.32820129117556 -282.764653776413 -0.00132570155362547 0.879824212918883 0.0247268442662362 0.474653747535708
36.69776    686.7259167207  6.50372494008498 -285.762959689397 -0.00153473297391063 0.879642972971139 0.024427239829095 0.475004415402137
36.905209999 690.987413157329 6.65796434001963 -288.51749886887 -0.000905954081455542 0.879353086577905 0.0236494764031291 0.475581781231126
37.112589999  695.305390007816  6.80800828344153 -291.309782232575 -0.00146851757622992 0.879331853854743 0.023516650925981 0.475626220242045
37.319949999  699.689724512297  6.96276745425108 -294.143885661403 -0.00218648182113933 0.879465125916636 0.023247264075751 0.475390235813351
37.63105  706.337457096563  7.19738975980542 -298.447600338208 -0.00236405637210279 0.879803579301732 0.022874699272541 0.474780813869433
37.8384  710.783809755321  7.36257794890512 -301.336499398012 -0.00214243598304743 0.88004160240081 0.0237689992769126 0.474296555632916
38.04563   715.31441462908  7.53248058776083 -304.275411296787 -0.00217416480512757 0.880172619591034 0.0234345473566472 0.474069883793357
38.25287  719.612267985675  7.68571957777025 -307.067354297893 -0.000883390599899151 0.880047517894533 0.0235897422461471 0.474298545147969
38.460099999  723.986704503244  7.83979128324483 -309.916769365222 8.99097617537063e-05 0.879731260229704 0.0243551437575896 0.474847058181304
38.56371 726.154540986464 7.91327402326915 -311.32028143951 0.000333336805499749 0.879616196224185 0.0244223478448917 0.475056612576242
38.771059999  730.701547388942  8.07061822822821 -314.265573427795 -0.000126295607554892 0.879363484867158 0.0234732141250021 0.475572133067475
38.978299999 735.066806424044 8.21594732973486 -317.08685021475 -0.000394895593330618 0.87910831530148 0.0232195570706185 0.476055948597125
39.289259999  741.843837322965  8.45676882876125 -321.459470950053 0.000257412895721393 0.878626726384327 0.0250796416497879 0.476850103278254
39.496499999  746.193996031248  8.61007008299568 -324.249054711437 0.00103395885041551 0.878215000626338 0.0243302551977266 0.477645666039158
39.70385  750.707300094547   8.7597688496968 -327.132796160927 0.00156506684051565 0.877855988104536 0.0236967664761676 0.478335528654696
39.91134  755.092934058949  8.89540335000926 -329.931548689295 0.00217065528751537 0.87745392477013 0.0234433417822201 0.479082777698384
40.222329999   761.93567798195  9.11296917082241 -334.266874308073 0.00037090957004377 0.876899978377093 0.0224459818860414 0.480148381487969
40.429659999  766.334847970052  9.24657650627805 -337.058278058238 0.00220619433515534 0.876533411325837 0.0223776076040399 0.480815509539746
40.637019999 770.828767043105 9.38178861555917  -339.8971060553 0.00142061497439908 0.876418029070169 0.0230100760641651 0.480998915355717
40.947989999  777.573782623333  9.59173166404567 -344.142617923929 0.000495535806591937 0.876579037640691 0.0212742054455945 0.480787222579638
41.25896  784.321624535303  9.80632033817783 -348.396074975483 0.00224387826601518 0.876009769477125 0.0242979114420172 0.481675679571346
41.56992  791.062571858842  10.0126827793927 -352.629649267639 0.00436100802466275 0.875570743416073 0.0221284218132616 0.482563143879521
41.77729  795.311898384374  10.1219944465339 -355.291681806464 0.00461318960243925 0.874994715297685 0.022994156719561 0.483564096516243
41.984639999  799.908885271167  10.2522568451234 -358.148913274868 0.00390659751329123 0.87453632243159 0.0227713995213846 0.484409354376581
42.192  804.352297656286  10.3769970258283 -360.899147381113 0.00350920214458486 0.874047962365509 0.0224483575455131 0.485308063222237
42.399349999  808.971885796007   10.501343706361 -363.736050926635 0.00323061490739913 0.873564032165466 0.021724793657518 0.486213408057276
42.60658  813.390628589467   10.612234840033 -366.442943586059 0.00381120874895271 0.873287453508806 0.0220288889487821 0.486692126794404
42.813809999  817.913115825283  10.7322261675596 -369.198406100515 0.00235232873898094 0.873338237477922 0.0222112804314312 0.486601940532563
43.021169999  822.405091913652  10.8528743275399 -371.931250317149 0.00177332001751851 0.87353468826681 0.0207022580871893 0.486318229393896
43.2284  826.906207697836  10.9680789137097 -374.688941776445 0.00225616583793236 0.873812576395607 0.0210082506842503 0.485803606873982
43.435639999  831.343871312368  11.0795622200639 -377.444848270817 0.003049380537246 0.874249119751393 0.0219429363599738 0.484971839838311
43.64287  835.873618446553  11.1992230419019 -380.207795575676 0.00255526115085799 0.874389076724342 0.0219818820386902 0.484720548365387
43.85009   840.41071701738  11.3113968481704 -383.003002046395 0.00294398670157813 0.874404276862291 0.019823531739834 0.484783994307356
44.05745 845.046373061431 11.4142763766232 -385.86252334131 0.00347203184939655 0.874198239777064 0.0197632007975384 0.485154406822977
44.264679999  849.627429517183  11.5213126936014 -388.683918125766 0.00357976881838732 0.873835898956828 0.0204625884757432 0.4857769955673
44.47193  854.309997621651  11.6370848348049 -391.562985206225 0.0043715020894978 0.873269296434229 0.0212083015325208 0.486756441992146
44.679139999  858.723966417304  11.7438570748395 -394.259420988156 0.00449573947137147 0.87252487844653 0.0217095046539948 0.488066411696351
44.886499999  863.316348432664  11.8600447906895 -397.047430935821 0.00452941064683704 0.871862134798443 0.0221975804739967 0.489227114707468
45.093739999  867.612441033051  11.9710954174511 -399.630756309494 0.00348431688378387 0.871217853533455 0.0225978363763947 0.490363792516861
45.19735  869.733755424365  12.0285899332726 -400.895124080427 0.00307823633063691 0.870977407921125 0.0219680862665347 0.490822047730007
45.40471  874.165169904522   12.147085239839 -403.534666867842 0.0036336269470941 0.870537259405716 0.0220420438808154 0.491595184113058
45.61207  879.029838525058  12.2846795306016 -406.437726370458 0.00327795260211483 0.870426653816868 0.0224211614750232 0.491776358592012
45.923029999  885.806392842316  12.4871152115375 -410.465390390926 0.000966342312527697 0.87065918863349 0.0223197837347884 0.491379151658514
46.130279999  890.542848691204  12.6285326744253 -413.292125519431 0.00080623747802722 0.870533896257919 0.0216363609473164 0.491631928715065
46.33749  895.320198906244  12.7727118147844 -416.136369422663 0.000371454688208688 0.870288496292489 0.021344386845074 0.492079477719383
46.544719999  900.023359508797  12.9053358568105 -418.933722482559 0.00129336888777589 0.870057891948704 0.0215818697194861 0.492475192018956
46.855699999 906.612016902427 13.1076529410909 -422.91310529334 0.000362307916337108 0.869959505645087 0.0241433230240539 0.492531650987107
47.270159999  915.910910767279  13.4020873514247 -428.339638992255 0.00242839039507062 0.868662999552626 0.024763574653033 0.494778194243368
47.581029999  922.71030926821 13.6138578692975 -432.32048656366 0.00245929756475565 0.867459738827521 0.0263959639485208 0.496800570104349
47.99584  931.835714468106   13.916898113653 -437.590686351462 0.00112293429333118 0.866163063134394 0.0261859119423415 0.499073727114506
48.410449999  941.005941403639  14.2234387542657 -442.835255653418 0.00156785180774458 0.864853315448763 0.0269903346056332 0.501296126491984
48.92878 952.494843762217  14.645310278185 -449.30022177046 0.000393452579519375 0.863805475329748 0.0268136665241912 0.503111293128017
49.34322  961.606082114685  14.9675772090577 -454.391084259565 0.0017567180378597 0.863370581469748 0.0266828385025377 0.503861269719923
49.757559999  970.611592175753  15.2839051174353 -459.400442707733 0.00195672898828633 0.86330846845459 0.0218444646891415 0.504199840210905
50.482999999  986.297076280317  15.8915338816436 -468.083495641719 -0.000914303567324749 0.862319258059988 0.0287818458882548 0.50554551385125
51.934499999  1018.15962149386  17.2463153891805 -485.460279430708 -0.0027249706824706 0.859073355281831 0.0313365423907484 0.510885080904296
54.007649999  1063.55791444418  19.3705245442032 -509.725824243811 -0.00165086299099776 0.857408690484513 0.0300842646491633 0.513753393325569
55.458899999  1095.56028099232  20.7593382046974 -526.550452228854 -0.00213904246555997 0.854956205175212 0.0287876071456241 0.517896307579577
56.598919999  1120.91965365673  21.8075097421331 -539.428778775899 -0.00464897054580127 0.852449080928926 0.0285501700194256 0.522009424520434
57.116999999  1132.67082764501  22.3480075209625 -545.365979669012 -0.000690586209064681 0.852181297686798 0.0295238858331162 0.522412575584514
57.32423  1138.03722987043  22.5798244614037 -548.071493278483 -0.00171062026019774 0.851995886385299 0.0299814446329955 0.522686518229209
57.531359999  1142.05293906037  22.7239640561513 -550.088339947744 0.00237365016212259 0.851415133796794 0.0289668304495689 0.52368650780825
57.73859  1145.96588430482  22.8488321932024 -552.042599891962 0.00346320664761848 0.850696933520216 0.0299628036727673 0.524790399964675
57.945799999  1150.10592624887  23.0014874747957 -554.066363013677 0.00103342914280009 0.850213051587182 0.0305817772201862 0.525548716901747
58.25681  1156.18441303792  23.2765197135486 -557.019701092078 0.000496706646233111 0.849466627859083 0.0323154194598084 0.526651606948429
58.463999999  1161.41147185031  23.5067242624365 -559.570323511339 0.00127676827639188 0.848924783939887 0.0307266889503074 0.527618187386992
58.67136   1166.7654766833  23.7425825819973 -562.201558791473 0.000876589982255717 0.848367529576312 0.0315398266364065 0.528466655226548
58.98246  1174.07950510831  24.0736949656912 -565.782233527102 0.000164372564279552 0.847539423229757 0.0322845390146977 0.529749570640355
59.29357   1181.2256176619  24.3868861320769 -569.213321125805 6.02379584051559e-05 0.846726139975233 0.0313401453623402 0.531105107810779
59.604649999  1188.48548920841  24.7069686181016 -572.680351926507 0.00107574845232664 0.845917801537119 0.0301209141970967 0.532460934093579
59.811999999  1191.60625327005  24.8067457416668 -574.029061402501 0.00152577926904486 0.845364960435673 0.0295217526659889 0.533370623286232
60.1231  1200.58759968785  25.1802388047747 -578.371631161066 0.00169849458193055 0.844645726099234 0.0296208076837916 0.534502872069565
60.33046  1205.49941180481  25.3729363613669 -580.654194170077 0.000777074441095324 0.844331656367078 0.0297173698425492 0.534995633759175
60.537829999  1210.25144044913  25.5559901635852 -582.861389167942 -1.15190864470573e-05 0.844364201760523 0.0288153313574607 0.534994178782709
60.74517  1214.68065483652  25.7247322671771 -584.921702695088 3.26368998199595e-05 0.844481667619937 0.0294127732952056 0.534776215585331
60.952399999 1218.75086028178 25.8767639996764 -586.81814604055 0.000323067461996325 0.844545008971725 0.0298348441588652 0.534652696170495
61.159759999  1222.95446436121  26.0433724320046 -588.772210911135 0.00171701030365741 0.844686226489434 0.0291511349824826 0.53446463118142
61.366979999  1227.60951563503   26.232892019189 -590.932512911105 0.00108088088722859 0.844781046912595 0.0304280122862096 0.534245215740935
61.574219999  1232.39935113232   26.440386437929 -593.165479848976 0.00193378146116139 0.844692422642617 0.0296789486226912 0.534425047717693
61.78412 1236.95568515651  26.615850378405 -595.29198002878 0.00317650983186858 0.844310149323679 0.0294356294272633 0.535036284054208
61.988909999  1241.50378501969  26.7994818197142 -597.401553871558 0.00172103804785656 0.84402462930418 0.0318559132668618 0.535354708530628
62.19657  1246.00759691567  27.0057718240482 -599.484000077914 0.000748354831704271 0.843895755535661 0.0320894750168064 0.535546131857086
62.40341  1250.63144819837  27.2142286393833 -601.617744284193 0.000847262161853491 0.843745273291415 0.0308154258407241 0.53585782207175
62.611049999  1255.44430685012  27.4255103684927 -603.838250744269 0.00133242554733235 0.8432953884891 0.0307410665697641 0.536568820582534
62.817729999  1260.06097802231  27.6167994903755 -605.946134774268 0.00254331011984739 0.842844364222034 0.0300351581609114 0.537312570620713
63.02496   1265.1949741491  27.8198216225698 -608.311324200101 0.00247610661270708 0.842327705588996 0.030659770867733 0.538087245475636
63.12857  1267.16375052644  27.8941227863323 -609.185526585137 0.00254392369732136 0.842125792097355 0.0308436189584594 0.53839237541608
63.335689999  1271.94690763382  28.0886772343765 -611.351708429571 0.00185547107236357 0.841690358436931 0.0314041128389426 0.53904330015149
63.542909999  1276.76356027577  28.2876063931465 -613.533629619905 0.00221674717291174 0.841171630877508 0.031522608383147 0.539844142877894
63.75003  1281.64934644906  28.4825795134455 -615.726755754145 0.00311343080936746 0.840253898116697 0.0307076472168763 0.541313895674861
63.957239999  1286.59957450143   28.670013119468 -617.935916812604 0.00422061467602761 0.839314639809663 0.0292714439627619 0.542840956801591
64.164349999  1291.51264247587  28.8414675806233 -620.112002419972 0.00429267352533134 0.838459016739946 0.0295527971777325 0.544145828230318
64.371579999  1296.33877142441  29.0132566577272 -622.230735547291 0.00357022061647489 0.838008509431143 0.028620490431541 0.544894355974809
64.57871   1301.3201550118  29.1816056984689 -624.406943078817 0.00387597683130202 0.837707762398018 0.0269083100876872 0.545441678339613
64.68258  1303.71472810365  29.2564394672082 -625.451183021182 0.00466014782799911 0.837517843558529 0.027012410877544 0.545721975370128
64.889619999  1308.62094450892  29.4059253980291 -627.587111740249 0.00486393910270986 0.837102129271846 0.0274998709043771 0.546333345463362
65.09677  1313.59329607349  29.5617412148769 -629.732942077267 0.00403917445202891 0.836726115996944 0.027966528355466 0.546892096459766
65.30413  1318.66079847407  29.7362664798634 -631.918736442296 0.00324207946021849 0.836333776493827 0.0286914781450282 0.547459680979522
65.511369999  1323.64009955065  29.9201761938415 -634.065579402254 0.0035548799439689 0.835853363228738 0.0297149409485037 0.548136424890938
65.7193  1328.64208830013  30.0905431712052 -636.213562312233 0.00542494848576294 0.835535710018985 0.0256773801604985 0.548809000805463
65.926079999  1333.57396928109  30.2068953419958 -638.313868007778 0.00793328566413735 0.835124457395024 0.0227490795017012 0.549533150065638
66.13343  1338.60570363024   30.322247603049 -640.449036508617 0.00696146588075866 0.834688489268822 0.0245297845263804 0.550131760168427
66.3409  1343.54666198971  30.4563717867451 -642.530585725611 0.00520142274218419 0.83436203389187 0.0260568854562212 0.550576044086193
66.548249999  1348.62814855285  30.5995160596252 -644.668557836463 0.0053608617456669 0.834047550586701 0.0265294256570127 0.551028251631419
66.65188  1351.13105863525  30.6690299972276 -645.727962222417 0.00563233222840954 0.833891995022955 0.0259780088718926 0.551287185163374
66.859099999  1356.25957505742  30.8020516311435 -647.884774803556 0.00635969589113442 0.833600013418935 0.0247668230745231 0.55177638257805
67.066339999  1361.27390284935  30.9139081505961 -649.982369749385 0.00668264039313338 0.833212667930225 0.0249589738657058 0.552348659762603
67.377189999  1368.67131419532  31.0869436304807 -653.050100804908 0.00628033100660427 0.83276774737079 0.0248725438507381 0.553027841020523
67.584289999 1373.76022015935 31.1982813550453 -655.16262657176 0.00751751601109415 0.832398519619582 0.0241042625066632 0.553602001456968
67.68791 1375.54829511306 31.2188931651881 -655.83019987234 0.0080971564885536 0.832229849435051 0.0236470784957167 0.553867068388012
67.895139999  1380.95654383301  31.3286805240587 -658.111638069653 0.00791124255793691 0.831938762962867 0.0233057478368295 0.55432134095556
68.10226  1385.84382510748  31.4197059431011 -660.113142863087 0.00817410996049485 0.831539908711327 0.0243906007493134 0.554869050084611
68.309499999  1390.74992439664  31.5131476135516 -662.115610303328 0.00849224751967295 0.831160734838653 0.0239340304798055 0.555451957219998
68.412959999  1393.18274197369  31.5580617000229 -663.101301476699 0.00815818986032994 0.831005474428457 0.0236776673379992 0.555700201077496
68.620199999  1398.17605028922  31.6424014982121 -665.123748174143 0.0087337132729962 0.830779132657556 0.0214380144573534 0.556120640265537
68.723699999  1400.68285520412  31.6772713711828 -666.136945076068 0.00916349430203795 0.830656991192572 0.0207656802085515 0.556321651457641
68.827299999  1403.06255758312  31.7039928425547 -667.098629869735 0.00912090143081801 0.830490254104871 0.0213879085024836 0.55654766585065
68.93092  1405.44758510802  31.7359845964569 -668.058226037637 0.00915740872056476 0.830346447055173 0.0221860309728614 0.556730365399666
69.13804  1410.50076593371  31.8128175035467 -670.090554698327 0.00898211767712167 0.830064125425098 0.0217519298203627 0.557171179076404
69.24164  1413.05364580549  31.8472069965173 -671.116125861982 0.00910128193537264 0.82991812442231 0.0208514927551252 0.557421105334532
69.345249999   1415.5747635783    31.87795706826 -672.125753548002 0.00942685799379064 0.829859084798569 0.0203943016393802 0.557520498444935
69.55253   1420.5538101785  31.9290653313025 -674.125090129281 0.00976709522132392 0.829523889458469 0.0201756574081926 0.558021203465225
69.75972  1425.55659224662  31.9755616628186 -676.125055276636 0.00958390020873233 0.829139327295457 0.0210490278475116 0.558563392298046
69.86333  1427.99669990076  31.9991425471901 -677.094466326546 0.00954089483386611 0.828959657459906 0.0207613141475009 0.558841502990422
69.966819999  1430.57516429491   32.026861930869 -678.108455688964 0.00925928724852816 0.828831683302073 0.0206753882294298 0.559039206743019
70.174049999 1435.43108385319  32.070034387092 -680.04429806558 0.00965020693226052 0.828497440914222 0.0201394118738026 0.559547377792201
70.27768  1438.19272391428  32.0991360532404 -681.135580832101 0.00955368871716015 0.828382039701788 0.020213355503024 0.55971719965596
70.48505  1443.23858754524  32.1600961092197 -683.159212307707 0.0103601656447869 0.827975511191699 0.0199733067634764 0.560312668830171
70.69238 1448.39303169325 32.1868651011008 -685.18039082532 0.0112369917259334 0.82758443342531 0.0193636434174432 0.560894629037097
70.89976  1453.40793115659  32.2186831228089 -687.158015801457 0.0119345870505238 0.82701185894698 0.0182489791690439 0.561761448973033
71.1072  1458.46657483364  32.2300801284642 -689.128338038448 0.011832692403019 0.826595771763107 0.0170676429691122 0.56241276039696
71.31434 1463.52806360874 32.2430526634659 -691.09322682079 0.0110858960934414 0.826121348243525 0.0170043201726899 0.563126516849963
71.521799999  1468.38303962593  32.2632945468564 -692.975087158356 0.0112536125116194 0.82557643292043 0.0172294337775631 0.563914937045936
71.72915  1473.54096317125   32.272971033986 -694.954280295356 0.0117697261335426 0.825087166967709 0.0172319161714951 0.5646199620249
71.93653  1478.45747312231  32.2816646145202 -696.837982620912 0.0123170364205927 0.824549477654484 0.0176573877912626 0.565380107688553
72.14399  1483.24684186146  32.2778832437622 -698.641445199715 0.0132092290839194 0.82405281756439 0.016934953930086 0.566105712271644
72.35137  1488.43888703301  32.2717219946207 -700.628523612331 0.0142461250680441 0.823509010549933 0.0160869388931692 0.566896082065015
72.55861  1493.46630169542   32.259244535384 -702.522864334482 0.0142054653132487 0.823050377046788 0.0158964819474494 0.567568131117375
72.766059999   1498.454954357 32.2484661967589  -704.3907322232 0.0140949788724651 0.822760642494811 0.0154961341308375 0.568001871967962
72.97342  1503.26946018749  32.2296922990982 -706.162354816822 0.0147637958722268 0.822468875191235 0.0139383812858487 0.568447623972726
73.180809999  1508.0904785215 32.1875171842348 -707.97734626959 0.0149123461817047 0.822089753386583 0.0137431899225481 0.568996646772981
73.2844  1510.45947159546  32.1665073761137 -708.851064082005 0.0143424215800697 0.821922245286501 0.0141576090424181 0.569243076156942
73.38813   1512.9007419154  32.1473274971615 -709.751606744021 0.0142654325259954 0.821767385602206 0.0137985817040907 0.569477357353493
73.595359999  1517.85002533995  32.1105901036094 -711.574998980615 0.0143860892825511 0.821324900192946 0.0136946854573352 0.570114816811864
73.802719999  1522.82777470928  32.0694692759309 -713.401320023482 0.014279700736091 0.820954165095149 0.0133837876356236 0.570658587237885
73.906329999 1525.37116273361 32.0484025154524 -714.33057412131 0.0140459265123834 0.820738116812222 0.0135416316746673 0.570971347592437
74.11368   1530.2813119845  32.0114975089043 -716.122606238473 0.0139071693732507 0.820320347683498 0.0143148112793075 0.57155595001232
74.321039999  1535.17310725239  31.9792780889004 -717.899411475695 0.0141670619070188 0.81989222141886 0.0148020321463109 0.572151150884196
74.528419999  1540.06464201086  31.9437252225781 -719.665744405506 0.0141660731993177 0.819516689217291 0.0145301859767411 0.572695898501048
74.632009999   1542.5797533765  31.9250980824544 -720.569706637972 0.0141574561271851 0.819308307781268 0.0142032973824785 0.573002381827569
74.83937  1547.50930840955  31.8853422952275 -722.342039965012 0.014340810354435 0.818933582350451 0.0140290281031209 0.573537544740984
75.046739999   1552.3351966386  31.8489298281242 -724.075445058153 0.0140582100314739 0.818651493036728 0.0142983878791005 0.573940463622757
75.25396  1557.21242148031  31.8061822975555 -725.808667533811 0.0131829914737171 0.818626674105029 0.0146071983291656 0.5739888561083
75.357699999  1559.63016276482  31.7898921883371 -726.670942567077 0.012967647783469 0.818673977925787 0.0150863669565185 0.573913895554189
75.461429999  1562.04141054967  31.7757329905823 -727.529695256296 0.0129065967393621 0.818662259737756 0.0153764134034456 0.573924289564856
75.66879  1566.82416767375  31.7495946755203 -729.233634600337 0.0126502984797853 0.818569391806251 0.0148184748643134 0.574077114636189
75.876159999  1571.55636704969  31.7224601880911 -730.917412603361 0.0121438016454334 0.818424214679071 0.0153642071608638 0.574280657907664
76.08325  1576.32741258458  31.6982666178293 -732.614856417764 0.0133196451512409 0.818112997312153 0.0146268384560022 0.574717118484175
76.29048  1581.12078843347  31.6747800106059 -734.317878327646 0.0132860686703498 0.81767063829879 0.0158658026441128 0.575314247998252
76.497609999 1585.77618140695 31.6620598824552 -735.96571174728 0.0135239962981214 0.817270139899917 0.0164018748782463 0.575862482240836
76.601209999  1588.11632733686  31.6541437998497 -736.787674161469 0.0138985115427407 0.81711244418514 0.0160068204805144 0.576088419110112
76.808449999  1592.84993651925  31.6365547478347 -738.446188554329 0.013811109780209 0.816736949269981 0.0158724156206033 0.576626460861943
77.01555 1597.88684437077 31.6411769059682 -740.22989333362 0.0128936612585239 0.81631650202285 0.0170131691009562 0.577210251209792
77.32639 1604.74805809375 31.6124166507517 -742.58212095917 0.0136659796510975 0.815791007645555 0.0158758777287298 0.577967325504798
77.53363  1609.46934203141  31.5856059935334 -744.211597110664 0.0141413558272245 0.815310069431391 0.015325723540152 0.578648973849535
77.84447  1616.30535932262  31.5690879549348 -746.554025725552 0.0117967811705842 0.814748864346877 0.0179688267221096 0.579415434093465
78.051829999  1620.99145864471  31.5687642442407 -748.153244849213 0.0126554479995459 0.814350874567518 0.0164064630504994 0.580002862662954
78.25919  1625.57116017251  31.5553834448579 -749.714765587366 0.0132562581044739 0.813843431793068 0.0169239107353401 0.580686422601537
78.466419999  1630.31969344245  31.5468082575966 -751.320484183038 0.0116749345774597 0.813749601219901 0.0172131068206368 0.580843344948227
78.777379999  1637.09991666592  31.5475546741815 -753.610452484436 0.010456892652412 0.814426273127215 0.0179757583863226 0.579894275835352
79.08825  1643.81662561777  31.5599312708339 -755.896762893432 0.0104757707123514 0.815087218306412 0.0169637695597897 0.57899509091513
79.29558  1648.36632829745  31.5671935915033 -757.461172244578 0.0102264563586941 0.815445713940634 0.0172913157941455 0.578484846477676
79.71007  1657.97933554164  31.6107116053311 -760.883898115159 0.0113160532887293 0.816290857580755 0.0174654564870796 0.57726609167501
80.33199  1671.04216754532  31.6298491317239 -765.406580950735 0.00895417558749919 0.820271194105756 0.0182629885904102 0.571613028287156
80.954059999  1684.44010352072  31.6953547976375 -770.391644127975 0.00808365284165191 0.825154593729906 0.0186417113584044 0.564541440109404
81.161429999  1688.94903955714  31.7304346007576 -772.121969085793 0.00779445847420841 0.826427857570571 0.0192105816623715 0.562660818078355
81.368769999  1693.27898440544  31.7659367202555 -773.801670919585 0.00733611537726075 0.827620526794546 0.0188959706369113 0.560921908408986
81.575999999  1697.63590740647  31.8022723600922 -775.517131320101 0.00821519979459558 0.828498374716618 0.0194535451580777 0.559593167546782
81.886719999   1704.0448140427  31.8494939772249 -778.066658764183 0.010097543868966 0.829060128485358 0.0192459176819013 0.558736912702426
82.09395  1708.29884578004  31.8681015170648 -779.761668078265 0.00972664269048973 0.829472641962316 0.018273019329493 0.558163618863332
82.30118 1712.78223455654 31.9052327204424 -781.67492725871 0.0105050634227478 0.82978078454975 0.0178587364283546 0.557704723637579
82.508539999  1716.56678109906  31.8894023606177 -783.083361263313 0.010001243695942 0.829828278495068 0.0185353660871104 0.557621236627931
82.819519999  1722.46435295394  31.9099065004079 -785.459944254479 0.00938048659143678 0.829288789269097 0.0186325996505641 0.558430780575503
83.02688  1726.55274112103  31.9389056101472 -787.100964824901 0.00869145009991332 0.828299943506945 0.0219113235951176 0.559788849638738
83.33786  1732.79103604381  32.0213600364257 -789.554473478673 0.00885098344047811 0.826605400392276 0.0207100948399591 0.562331098291906
83.64884  1739.05277283693  32.0552413494137 -791.983113611365 0.0127766230919646 0.824078671778415 0.0204263670429689 0.565962776295151
83.96003  1745.27964988854  32.1159243727647 -794.319867214797 0.0100430787123924 0.821701904022841 0.0224438334140638 0.569386856045076
84.16741  1749.45875633171  32.1611344936945 -795.860822475453 0.0113680927963631 0.820612257725353 0.0226111663799311 0.570924709652693
84.47843  1755.60512575328  32.2369669065905 -798.092061804047 0.00925104903165719 0.819505845629694 0.0225166915743591 0.572553565765789
84.68572  1759.67558203085  32.2851661649975 -799.554345838711 0.00812252428165111 0.819301576292366 0.0209970512363089 0.572920653776348
84.893169999  1763.72871482033  32.3301806454315 -801.009559253257 0.00735300729881738 0.819166468735201 0.0212318208914843 0.57311555515899
85.20407  1769.83693748225  32.4034640347284 -803.201854828154 0.00758881447948461 0.819137507684473 0.0212353777340164 0.573153742142333
85.411439999  1773.79649585738  32.4461275979765 -804.626062927065 0.00801503119653551 0.819048966535888 0.0212032511900267 0.573275650826359
85.61878  1777.76623237953  32.4941420124609 -806.052179629808 0.00794435660428267 0.818662158305812 0.0228804577762759 0.573764448539784
85.826499999  1781.78498449401  32.5508774226627 -807.486744319807 0.0080326440179425 0.818307870784325 0.0232846411931925 0.574252149083492
86.137389999  1787.81376088348  32.6472557933576 -809.625565249624 0.0073073527357417 0.817369026033096 0.0240175283979769 0.575567229963065
86.448449999  1793.81341754926  32.7350368135145 -811.732873007303 0.00968527373609112 0.815895338369251 0.0224527965872555 0.577682321198592
86.759379999  1800.01315332583  32.8353514360801 -813.862954258803 0.00619244349044978 0.814579110599348 0.0237545513383072 0.579532783809086
86.96692  1804.50681300799   32.927963261216 -815.388435126277 0.00522777161670565 0.81367042788895 0.024536888805729 0.580784853685659
87.278319999   1810.7376935206   33.046101543045 -817.479528532587 0.00479232698940958 0.812497266735162 0.0244538749280256 0.582432170429246
87.58896 1817.32155259047  33.159571456684  -819.6968779114 0.00703107370768378 0.811825199104962 0.025047040369922 0.583320714418246
87.90012  1822.32200287091  33.2369283730078 -821.347463597291 0.00867626210654788 0.811939850118311 0.0281677414806326 0.582996552824795
88.2116  1827.94878330412  33.3435285837348 -823.212164549212 0.00646082280246143 0.812552393275231 0.0257316038470125 0.582284080595434
88.522329999  1833.69009158516  33.4546493868839 -825.127892380087 0.00491458694690501 0.813187681840576 0.0256009826747555 0.581417432335821
88.83347  1839.34975342151  33.5802051656905 -827.026180197633 0.00211643257962643 0.814200300687064 0.0261598060238952 0.579990565115522
89.144559999  1844.74337791025  33.7121910906542 -828.869024114896 0.00338334169501796 0.815225805376004 0.0288306492718656 0.578415277210572
89.455529999   1850.1026064512  33.8571151892952 -830.736589474319 0.00768743175579711 0.816142866559485 0.0318512541086415 0.576920464508561
89.766509999  1855.51787431672  34.0004079365496 -832.649429398554 0.0117074380098495 0.817185174363006 0.0343762144436508 0.575230043180181
90.0776 1861.33988813505 34.1481749574897 -834.68730444856 0.0148786477721111 0.818621724826918 0.0365609952917304 0.572975035324536
90.388819999  1865.72785009442  34.2653759832691 -836.351244965434 0.0184407057980784 0.820824807953241 0.0395420848358256 0.569511192642454
90.69991   1870.5734637631  34.3942395275561 -838.177059268442 0.0194030159034332 0.825066373659786 0.0410916492276126 0.563205538319268
90.907269999  1873.75658967192  34.4881978050494 -839.434033714655 0.0196802783939732 0.829203968827891 0.0417307199669417 0.557038608835555
91.218369999  1878.36353928674  34.6279796038042 -841.374921292063 0.0188827914722338 0.838902408413967 0.0403098898740072 0.542458571802315
91.425849999  1881.34916914035  34.7234432064738 -842.761932139071 0.0200816459491125 0.847174596424247 0.0412647691276847 0.529328961514697
91.633229999  1884.20112803303  34.8246055112846 -844.202294376221 0.0217723207259065 0.855742165703974 0.0430927335480433 0.515144958435815
91.840689999  1886.93666454381  34.9329090843351 -845.701893934319 0.0227282874864447 0.864887497789367 0.0445275091072807 0.499470061213164
92.048159999  1889.58009513559  35.0467254741473 -847.282039742743 0.0238695239920811 0.874572837723561 0.0442462377120487 0.482280901331245
92.25565  1892.16717310291  35.1724584132215 -848.971707752968 0.0240278053912572 0.884705022278652 0.0469690583222552 0.463156124523179
92.46312  1894.65470795269  35.2955618529442 -850.539861171745 0.0235788566934622 0.895082311401891 0.0473864187925867 0.44274848463489
92.670479999  1897.09226861664  35.4622304778102 -852.679233342317 0.0232297831956719 0.905607308507183 0.0465965699870414 0.420909182148003
92.87797  1899.41940703931  35.6201119553157 -854.706959021095 0.0228901770032432 0.916120668579885 0.0482038205261829 0.39733531441867
93.085449999  1901.49747225663  35.7641665064738 -856.566998890252 0.0211277954991937 0.926268524564121 0.0511749977315438 0.372775208760356
93.292929999  1903.64132575267  35.9795864542693 -859.033028442416 0.0222928692900119 0.935841347299685 0.05007568267212 0.348132771608837
93.50028 1905.57583764618 36.1699540035132 -861.36643971094 0.0227032363012809 0.944846595050364 0.049510001217169 0.322952372127313
93.707669999  1907.37261143265  36.3642638960713 -863.797424736556 0.0226219853420715 0.953362721799052 0.0506651690690745 0.296683007781519
93.91512  1909.01814939271  36.5673025129179 -866.312387377654 0.0225590785131189 0.961502144452093 0.0505203972917815 0.269169841639338
94.122479999  1910.51562441867   36.776590655518 -868.918444567654 0.0232299765902608 0.968845672740383 0.0501170041352913 0.241426420460464
94.32983  1911.85798224797  36.9929697186004 -871.601930399317 0.0222103920197106 0.975325018661922 0.0516815430825483 0.213487293680581
94.537199999  1913.04102890169  37.2170215203812 -874.345621873273 0.0210651059894897 0.981070986552569 0.0509532101914983 0.185633377994375
94.74454  1913.82781922218  37.4717492089035 -877.133679359168 0.0210091976294918 0.985827838251033 0.0515349078075261 0.15826003987593
94.95189 1914.93840118618 37.6916854914624 -880.04223496827 0.0212990733293699 0.989744727270782 0.0517267483000842 0.131438456417046
95.159369999  1915.65570828714  37.9391602494406 -882.976478804633 0.0205685096214027 0.992990573197127 0.0516078020552516 0.10432302104819
95.36673  1916.08862856292  38.2036594935123 -885.937980285333 0.0203107607512113 0.995481390682276 0.0509852843583198 0.0774904805888466
95.574089999  1916.61804515403  38.4454849333778 -888.999301876477 0.0209864277859676 0.997128103430462 0.0507776862298944 0.0521223731145621
95.78157  1916.85817817511  38.7050474005449 -892.048876420828 0.0207122400165304 0.998114805309975 0.0512142996616347 0.0267382505915438
95.988799999  1916.47490589699  39.0271721639566 -895.473158815097 0.0200210368031943 0.998569749835951 0.0495700034137611 0.00065388030304518
96.19616  1916.86125197558  39.2369959180223 -898.262970941283 0.0194359671430111 0.998356047324212 0.0473218283770904 -0.0258474469037132
96.403409999   1916.6075926094  39.4997752308801 -901.441779635749 0.0181343322377443 0.997286708484644 0.0476325047760617 -0.0531179024709644
96.61091  1916.14780957716  39.7804780306121 -904.701300585576 0.0176037547600415 0.99539232245146 0.0488712541025111 -0.0805967291239875
96.818219999  1915.43649805454  40.0721166857686 -907.938834838399 0.0169680622635466 0.992809523956804 0.0470412377433797 -0.108758705192992
97.02558 1914.71353610451 40.3347539342616 -911.10699520678 0.0168796760421079 0.989379375672802 0.0472213071856848 -0.136431945224296
97.233059999  1913.67946116929  40.6158949959299 -914.285566742138 0.0158656651022024 0.985052825114855 0.0470127700626729 -0.164951543961071
97.44042   1912.1853453428  40.8917372874773 -917.393032083395 0.0146192669639115 0.979715109777965 0.046233163269617 -0.194440415861193
97.6479  1911.12381662277  41.1606820237701 -920.431556790065 0.0136135331147929 0.97357405504789 0.045937661244857 -0.223288965990469
97.855249999  1909.56760993945  41.4280203339052 -923.382799696042 0.0133303712676448 0.96651502634313 0.0460496358177864 -0.252092118273964
98.06274  1907.79575624646  41.6968442743741 -926.210135403662 0.0127799413561132 0.958525411715181 0.0454426522947235 -0.281070584635955
98.27011   1905.8839232011  41.9636957362524 -929.049252467285 0.0118345780953915 0.949836896869814 0.0442135722112094 -0.30937836404369
98.47745  1903.78028476552  42.2249390587793 -931.735860943404 0.0115129433409482 0.940160434659176 0.0444483918826647 -0.337624272966477
98.684799999   1901.5483785017  42.4685978877476 -934.137633428803 0.0104216636260269 0.929423284165526 0.0431090002788306 -0.366340499908478
98.89215  1899.08582993427  42.7299685466308 -936.744911439304 0.00963470767787125 0.918435807491988 0.0409234721161621 -0.393329517522471
99.099509999  1896.49301566114  42.9685674122711 -939.036022325697 0.00906673033288851 0.906688182600559 0.0405609901126553 -0.419748901147635
99.306749999  1893.61043661643  43.1331906483019 -940.825567644243 0.00826614670925057 0.894439947328357 0.0402687327436778 -0.445294599793267
99.51397  1890.88340734549  43.4332536132291 -943.279118871098 0.00754643672642162 0.882103622169335 0.0393826374189524 -0.469345564502745
99.721329999  1887.88717184396  43.6519101583301 -945.163939500474 0.0075518516408534 0.869838001778953 0.0382702372384707 -0.491792851859097
99.92869  1884.77046424414  43.8619944488878 -946.908476934602 0.00709060342093787 0.857602809543411 0.0368285615076028 -0.512943273143977
100.1362    1881.510686236  44.0240063406341 -948.259693160162 0.00602038683579677 0.844908880685583 0.0380729345108373 -0.533519624698769
100.3435  1878.16089965016  44.2777215908928 -950.016722088899 0.00571339052306145 0.833249451096868 0.0364223235467307 -0.551666678133595
100.550799999 1874.83000516988 44.4651618060632 -951.30116198274 0.00634683919753659 0.822305336854927 0.0355897763099079 -0.567897013933263
100.757999999  1871.39179419468  44.6476232984605 -952.458094234756 0.00657505306553597 0.812816084694366 0.0340121157703536 -0.581489429929841
100.965199999  1867.90777594307  44.8303343600324 -953.621517615615 0.00679045149152629 0.804609503866374 0.031792680649294 -0.592913704946666
101.172399999  1864.39425787359  44.9972762124579 -954.635202382823 0.00699463878827381 0.797016031376681 0.0309127911605903 -0.603125957076505
101.3798   1860.8439272276   45.154843300106 -955.503961469444 0.00602500214566286 0.789933405562906 0.0309035808616373 -0.612383770861755
101.587  1857.22712201919  45.3280555785328 -956.471042166098 0.00677259818945315 0.784485286169043 0.0314264365529527 -0.619313609396421
101.7943  1853.60555463979  45.4935043367768 -957.284116810072 0.00759625582317314 0.780700346613262 0.0309852502716707 -0.624090682482124
102.001599999  1850.04873237176  45.6183932411277 -957.813772347242 0.00752155367893401 0.777154898474091 0.0315132497632286 -0.628474824553331
102.208899999  1846.42866402873  45.8157487577675 -958.815755807511 0.00730103298178204 0.774360081745045 0.0321059371688703 -0.631887939049097
102.4162  1842.85568097748  45.9736333876734 -959.522346689133 0.00713228356814851 0.772285381514826 0.0325475992589662 -0.634401350733179
102.623599999 1839.27659285961 46.1304509815487 -960.20836720785 0.00684343557104252 0.770798498682564 0.0320185308034113 -0.636237106355391
102.830899999  1835.92718700945  46.2563703360198 -960.730708920686 0.00676152214208369 0.769655168743293 0.0317086202885789 -0.637636076805924
103.0383  1832.11727861958  46.4349808357977 -961.539200808493 0.0068666802981983 0.768905344812134 0.031772911220591 -0.638535748046719
103.245699999  1828.56816549343  46.5897292044538 -962.185048163629 0.00749458628471793 0.768163247726078 0.0324286326352284 -0.639388332552881
103.453  1825.01689484506  46.7498867401781 -962.823914534894 0.00765037744586323 0.767325889594455 0.0328605826149572 -0.640369138070551
103.6603  1821.46168523311  46.9066727940437 -963.446637427783 0.00682828650260641 0.766516377974579 0.0326045367885938 -0.641360242750494
103.971299999  1816.19403777797  47.1240798046273 -964.252338934226 0.00732266884617686 0.765391017566584 0.0334383541427685 -0.642654530227229
104.2823 1810.94362914737  47.356803714706 -965.28699483214 0.00449062155945164 0.763935842795124 0.0318796306593708 -0.644488596920019
104.4898  1807.53462912211  47.4860755008643 -965.856814015065 0.00441662452079099 0.76260670535425 0.0312024630454403 -0.646094352766278
104.800899999  1802.42145736055  47.6780842319831 -966.671996196708 0.00399107364378958 0.757581142109347 0.0322349206138565 -0.651932354116963
105.008399999  1799.08819623387  47.7977093353701 -967.147627756498 0.00294404464552252 0.751919663026255 0.0324993295662802 -0.658446616312477
105.2159  1795.80171968724  47.9113913242765 -967.562086097877 0.00275545129572279 0.744637132597444 0.0328039015582721 -0.666657222482265
105.526899999  1790.96017546426  48.0677066767988 -968.004517912777 0.00107084342528175 0.729194113296575 0.0332342423171502 -0.683498561494891
105.6307  1789.37240988169  48.1151455232855 -968.093819150291 -9.93395250125205e-06 0.72308372889861 0.0324505866475853 -0.689997739365591
105.838099999 1786.27613761632 48.1843038309901 -968.13281580342 -0.00140990240784928 0.708937109015112 0.0308759187021633 -0.704594113856192
106.045599999  1783.18521951085  48.2623574570471 -968.147476299149 -0.00135740143860814 0.693109479406479 0.0300841115246641 -0.720202994475854
106.2531   1780.1575984413  48.3192593544925 -967.961628577227 -0.00257350949112219 0.674226574083293 0.0287313312525752 -0.737960984370624
106.4608  1777.17567534813  48.3638023827791 -967.611035423159 -0.00353021153597215 0.65304305057405 0.026357138777739 -0.756853759281739
106.668199999  1774.22456143534  48.3932805928702 -967.085239729802 -0.0037232417274921 0.630665858396043 0.0228311549260997 -0.775709643416505
106.875699999  1771.31887311363  48.4076432633012 -966.382971129027 -0.00311057844578844 0.606372162642201 0.0206847607581848 -0.794905821683757
107.0832  1768.45011414555  48.4077116180809 -965.437877316527 -0.0028977349337747 0.57933168999442 0.0198936024933942 -0.814843936395367
107.290499999  1765.69317365697  48.4084822423638 -964.435241532173 -0.00526181044818143 0.550007551188413 0.0183840604411146 -0.834940736404824
107.3943  1764.33782117562  48.4004384772484 -963.827823386849 -0.00635998490645508 0.535151615365906 0.0171139617820139 -0.844558708128319
107.498  1763.00305441317  48.3864099590988 -963.169812860544 -0.00640502710049562 0.520286697049161 0.0161158745602849 -0.853815558003409
107.6016 1761.68712560917 48.3703601425627 -962.46374267885 -0.00650651091483922 0.505074882588123 0.0151294095855218 -0.862918379257217
107.8091   1759.1404050511  48.3287930447682 -960.920229297702 -0.0071039921371213 0.473790012188765 0.0140792968937895 -0.880496638860627
107.9128  1757.90948423643  48.3033245832916 -960.082476746562 -0.00759712327634727 0.457777088389893 0.0140987217716039 -0.888922745297702
108.120199999  1755.55620269158  48.2437562646967 -958.283040089603 -0.0102093620350838 0.425269339664796 0.0121234356493958 -0.904928052375414
108.2239  1754.42977767818  48.2060317434401 -957.316490944418 -0.0111791280021007 0.409072299789483 0.0103518280225176 -0.912374769652607
108.3276  1753.34283575864  48.1628662968338 -956.309405917062 -0.0118949579898903 0.392825697891032 0.00897984133372972 -0.919492166089774
108.4312  1752.29051145725  48.1130953398851 -955.255917377742 -0.0126777863081212 0.376390974692829 0.00714841794897914 -0.926346591738176
108.534899999  1751.27163865833  48.0603190184172 -954.162614097692 -0.0133033907643874 0.359934529164184 0.00609704036557515 -0.932862787664032
108.6388  1750.28805754183  48.0033894726893 -953.033829932712 -0.0141463766471165 0.343524059700044 0.00430430382507227 -0.939027461474658
108.8459   1748.4481385111  47.8754842873132 -950.700778966488 -0.0176500156353678 0.311478640669332 0.000812820637478038 -0.950088876199205
108.9497  1747.57196962186  47.8130126262881 -949.458185269353 -0.0181704844633225 0.296280607811027 -0.000616280070011343 -0.954927879542938
109.0532  1746.7692964537  47.733737294347 -948.24609180758 -0.0172215176544491 0.281803373316169 -0.0019093796166908 -0.959315710486795
109.156899999  1745.98923175407  47.6596039872536 -946.978679804809 -0.0171096770632849 0.267305183324513 -0.00335982305591579 -0.963454155374127
109.3644  1744.53643569341  47.5076122136931 -944.358891637676 -0.0191555477519752 0.238083846755319 -0.0067997273057219 -0.971031879298038
109.4679  1743.86476931665  47.4246122940264 -943.027002655578 -0.0209564650603146 0.223304478576498 -0.00861395456661847 -0.974485369929471
109.5716  1743.22986631908  47.3388257250066 -941.658205772509 -0.0211227186674467 0.20804827436283 -0.0081485485140868 -0.977856506573361
109.675299999  1742.63989648625  47.2558686555679 -940.212200295091 -0.0196898556859181 0.192140036210075 -0.00792828063255328 -0.981137940574347
109.779099999 1742.07527276578 47.1702653414748  -938.8458314924 -0.0188437768453664 0.175304647169565 -0.00617879713586284 -0.984314489998451
109.882699999  1741.57029698775  47.0833487978901 -937.420331213498 -0.0230176890476675 0.158033954097696 -0.00681772034694551 -0.987141820627828
109.9864  1741.11550904026  46.9894089609097 -935.997498813347 -0.0292417458348844 0.141365919631629 -0.00690035951598379 -0.989501380547689
110.0901    1740.703600645  46.8807928027932 -934.520789624478 -0.031241805334517 0.124851470027614 -0.00704732059722858 -0.991658406561344
110.401399999  1739.77003046792  46.5593265527428 -929.945604242098 -0.0249586540027801 0.0754499966311283 -0.011608096567172 -0.996769590072259
110.505099999  1739.56228904703  46.4624270898885 -928.394330439616 -0.0266732539476291 0.0584586916692165 -0.0125484666684658 -0.997854525908681
110.6089  1739.40515539554  46.3512770057711 -926.855592445648 -0.0293673582175281 0.0418541194298998 -0.0132635455586139 -0.998603960195074
110.7125  1739.29981053702  46.2367253839775 -925.294953423885 -0.0316097382070782 0.025208929173989 -0.0134326680903817 -0.999092036685487
110.816199999  1739.26792997288  46.1198487261057 -923.729132507486 -0.0334008863592548 0.0084181247894101 -0.0136027663203399 -0.999314005062413
110.92  1739.24712504453  45.9884745764785 -922.156173212962 -0.0339418489230082 -0.00823224443641496 -0.0129078320753945 -0.99930654401657
111.0236 1739.30453408999 45.8603263528249 -920.58624761464 -0.0337542195745132 -0.0250228592341886 -0.0123414576623951 -0.999040638612579
111.1273   1739.4465078226  45.7300522950644 -919.005298034276 -0.0336474431159998 -0.0417111321605289 -0.0112381518109758 -0.998499742097872
111.230999999 1739.56772889659  45.600303362243  -917.4321457356 -0.034486178768689 -0.057932961941621 -0.0106828564425435 -0.997667455604738
111.334699999  1739.78370814451  45.4691891097671 -915.835718352797 -0.0349533138192575 -0.0734609517178515 -0.0104497737337042 -0.996630601905578
111.4384  1740.05081923659  45.3388906086834 -914.228503330171 -0.0348386549784934 -0.0882725283496515 -0.0103524947444719 -0.995433099063224
111.542  1740.37091231942  45.2085318298662 -912.612202321386 -0.0347397747758581 -0.102325590145538 -0.0110997388416881 -0.994082198536689
111.645799999  1740.73266332018  45.0800827696003 -911.029568413075 -0.0338030051141127 -0.115655441138704 -0.0113401164034791 -0.992649272170298
112.060199999   1742.6044901077  44.5664391598315 -904.638432965647 -0.0356714390913494 -0.159653427602454 -0.0141916507226688 -0.986426342175485
112.268399999  1743.75501894174  44.3104263589917 -901.449183033858 -0.0349853574739714 -0.175800340152029 -0.0166773181051398 -0.98366261097272
112.474599999  1745.02790412626  44.0638251397887 -898.223277977252 -0.0337569992664787 -0.19095314217266 -0.0172153546840323 -0.980867470180357
112.889799999  1747.86551178186  43.5742717967738 -891.764673721587 -0.0343181288061778 -0.209746011944631 -0.0192745478254782 -0.976963340312567
113.096  1749.37180806066  43.3309020211625 -888.493257845512 -0.0339079479409571 -0.213466895595915 -0.0181259826257209 -0.976193415417728
