1261230731.737028 -0.009919 0.121470 0.977625 -0.000680 0.001680 -0.002643 0.999995
1261230731.987012 -0.007976 0.428354 3.429169 -0.003623 0.005846 -0.005460 0.999961
1261230732.287022 0.037078 0.808878 6.357668 -0.007861 0.012014 -0.005299 0.999883
1261230732.387023 0.059742 0.937260 7.329371 -0.007897 0.014166 -0.004697 0.999857
1261230732.487044 0.086623 1.068336 8.309138 -0.008287 0.016143 -0.003828 0.999828
1261230732.737016 0.169101 1.377333 10.703360 -0.004980 0.021031 -0.003615 0.999760
1261230732.906693 0.219223 1.548890 12.144272 0.000612 0.023070 -0.005681 0.999718
1261230733.287045 0.410172 2.027892 16.021083 -0.004205 0.029554 -0.005134 0.999541
1261230733.437018 0.497497 2.206588 17.458788 0.001813 0.031821 -0.003299 0.999487
1261230733.737058 0.679189 2.522916 20.324771 0.007012 0.035375 -0.003620 0.999343
1261230733.837038 0.737440 2.626795 21.300242 0.006058 0.036589 -0.004827 0.999300
1261230734.137039 0.925270 2.951955 24.230912 0.002491 0.038874 -0.011987 0.999169
1261230734.237040 0.992987 3.059232 25.167017 0.002511 0.039775 -0.013914 0.999109
1261230734.587063 1.258330 3.437685 28.434648 0.000147 0.043831 -0.015497 0.998919
1261230734.737064 1.392941 3.609168 29.868490 -0.001257 0.045838 -0.013032 0.998863
1261230734.906561 1.534312 3.786120 31.298485 -0.003480 0.048134 -0.011430 0.998769
1261230735.195920 1.829407 4.159119 34.262225 -0.005094 0.052153 -0.007810 0.998596
1261230735.345873 1.974884 4.336901 35.653303 -0.002379 0.053990 -0.007318 0.998512
1261230735.487065 2.123581 4.511869 37.045976 0.000156 0.055722 -0.006609 0.998424
1261230735.646454 2.279949 4.683649 38.482542 0.001539 0.057407 -0.007019 0.998325
1261230735.737041 2.389069 4.797918 39.480841 0.002391 0.058553 -0.006772 0.998258
1261230736.187066 2.914738 5.292044 43.871433 0.003075 0.063988 -0.005361 0.997932
1261230736.537053 3.353582 5.678845 47.346552 0.003372 0.068158 -0.004522 0.997659
1261230736.687073 3.539787 5.840601 48.763810 -0.000377 0.069604 -0.004822 0.997563
1261230736.837073 3.731044 6.018156 50.268902 -0.001190 0.070988 -0.007833 0.997446
1261230737.187053 4.200964 6.417481 53.711662 0.004725 0.073972 -0.012354 0.997173
1261230737.387088 4.482893 6.613573 55.568795 0.006810 0.076196 -0.012427 0.996992
1261230737.787089 5.077654 7.042700 59.394667 -0.000254 0.080626 -0.012745 0.996663
1261230737.987063 5.380515 7.267012 61.270283 0.000112 0.082552 -0.014393 0.996483
1261230738.437106 6.041764 7.730807 65.190962 -0.002308 0.086654 -0.020429 0.996026
1261230738.637069 6.356219 7.928787 66.910126 0.002970 0.088514 -0.018051 0.995907
1261230738.837084 6.675054 8.116292 68.660468 0.008003 0.090905 -0.018234 0.995660
1261230738.987091 6.941179 8.264530 70.146233 0.008293 0.092214 -0.017577 0.995550
1261230739.137092 7.223881 8.426841 71.734779 0.006427 0.093957 -0.016884 0.995412
1261230739.287100 7.499070 8.584997 73.241151 0.004786 0.095967 -0.017915 0.995212
1261230739.437076 7.763860 8.731342 74.603402 0.004113 0.097789 -0.019166 0.995014
1261230739.596133 8.031460 8.872472 75.904495 0.003376 0.099916 -0.019128 0.994806
1261230739.937107 8.666197 9.219878 78.968628 0.001319 0.104874 -0.021048 0.994262
1261230740.337165 9.481130 9.654950 82.729110 0.000475 0.111256 -0.022902 0.993528
1261230740.487098 9.807533 9.821131 84.178462 0.000453 0.113971 -0.024417 0.993184
1261230740.837119 10.563138 10.184548 87.352080 -0.001292 0.121504 -0.027251 0.992216
1261230741.037093 11.000493 10.373788 89.005434 0.000092 0.126302 -0.026220 0.991645
1261230741.216619 11.352271 10.516887 90.307679 0.002621 0.130178 -0.025376 0.991162
1261230741.487116 12.091732 10.803344 93.023012 0.003905 0.136784 -0.024798 0.990283
1261230741.687099 12.565569 10.975556 94.651516 0.002816 0.141332 -0.023588 0.989677
1261230741.837109 12.907824 11.095711 95.783905 0.002524 0.144197 -0.023835 0.989259
1261230741.987104 13.266914 11.224476 96.961928 0.002306 0.146802 -0.023210 0.988891
1261230742.387106 14.220674 11.552570 100.013188 0.003680 0.153282 -0.023793 0.987889
1261230742.537106 14.589008 11.676958 101.165761 0.004654 0.155290 -0.023854 0.987570
1261230742.687115 14.986354 11.809254 102.421202 0.003864 0.157523 -0.023502 0.987228
1261230742.887133 15.504322 11.978922 104.014637 0.003104 0.160578 -0.023922 0.986728
1261230743.087134 16.011573 12.138944 105.527264 0.004251 0.163609 -0.024468 0.986213
1261230743.287114 16.538672 12.302544 107.072029 0.004609 0.166651 -0.024521 0.985700
1261230743.437129 16.941930 12.424470 108.223633 0.003469 0.168850 -0.024407 0.985333
1261230743.787163 17.891433 12.716139 110.939032 0.001146 0.173616 -0.025998 0.984469
1261230743.937126 18.231315 12.816315 111.830495 0.000738 0.174905 -0.027353 0.984205
1261230744.137127 18.727379 12.967451 113.140294 0.001445 0.176140 -0.029152 0.983932
1261230744.537149 19.702340 13.260491 115.807328 0.003099 0.177302 -0.032628 0.983611
1261230745.237149 21.332505 13.706965 120.229325 0.004137 0.175529 -0.036626 0.983784
1261230745.537133 22.034023 13.904442 122.214563 0.003626 0.174416 -0.037224 0.983961
1261230746.187135 23.351629 14.258658 125.849103 0.006924 0.173838 -0.033296 0.984187
1261230746.537155 23.963935 14.442486 127.514497 -0.003403 0.174031 -0.027592 0.984348
1261230746.887142 24.533672 14.627333 129.117912 -0.007601 0.174738 -0.030228 0.984122
1261230747.237166 25.142242 14.816594 130.731805 0.002095 0.176063 -0.025197 0.984054
1261230747.591969 25.685673 14.977810 132.224108 0.001431 0.177727 -0.025975 0.983736
1261230747.937163 26.225891 15.118206 133.612865 0.011675 0.181197 -0.025278 0.983053
1261230748.537161 27.186193 15.353515 136.079184 0.012409 0.186987 -0.031608 0.981775
1261230748.837183 27.716512 15.479471 137.402762 0.012494 0.190570 -0.035534 0.980951
1261230749.137167 28.324277 15.613683 138.882457 0.011142 0.195101 -0.038862 0.979950
1261230749.737195 29.682180 15.914318 142.062331 0.007247 0.204975 -0.041310 0.977868
1261230749.987176 30.214395 16.028520 143.254783 0.006097 0.208632 -0.041231 0.977106
1261230750.487206 31.326405 16.259736 145.616685 0.007492 0.216597 -0.039409 0.975437
1261230750.737189 31.893492 16.373428 146.766748 0.009152 0.220167 -0.038080 0.974676
1261230751.187208 33.075009 16.602978 149.167393 0.008895 0.224766 -0.036262 0.973697
1261230751.387184 33.640463 16.717264 150.333705 0.006743 0.226708 -0.035733 0.973284
1261230751.837205 34.805484 16.956731 152.698272 0.003465 0.230071 -0.036828 0.972471
1261230752.087223 35.381540 17.080520 153.831469 0.001702 0.231688 -0.036785 0.972093
1261230752.387206 36.070395 17.222304 155.160736 0.000069 0.233784 -0.035770 0.971630
1261230752.987207 37.477848 17.524565 157.854553 -0.002190 0.237100 -0.035497 0.970834
1261230753.287225 38.183670 17.658670 159.161971 0.004780 0.239458 -0.031580 0.970381
1261230753.537231 38.740244 17.779408 160.225022 0.007178 0.241144 -0.033515 0.969884
1261230753.787214 39.322234 17.880939 161.320550 0.008323 0.241560 -0.034551 0.969735
1261230754.087235 40.033885 18.005067 162.634662 0.013416 0.243017 -0.034645 0.969310
1261230754.337253 40.629343 18.106695 163.776955 0.011287 0.243845 -0.039389 0.968948
1261230754.837237 41.908910 18.319569 166.183506 0.010687 0.246546 -0.039889 0.968251
1261230755.096090 42.529723 18.424812 167.356012 0.009232 0.247886 -0.041697 0.967848
1261230755.387236 43.254536 18.550747 168.677806 0.008218 0.249612 -0.041942 0.967402
1261230755.987234 44.743294 18.808159 171.323822 0.007146 0.253145 -0.042712 0.966459
1261230756.287251 45.526413 18.939843 172.715502 0.008220 0.254730 -0.044126 0.965970
1261230756.787240 46.954921 19.179225 175.216724 0.007445 0.258563 -0.044193 0.964954
1261230757.337269 48.625875 19.457614 178.061831 0.006955 0.263711 -0.042973 0.963619
1261230757.587249 49.429131 19.587372 179.405156 0.006833 0.266355 -0.042849 0.962898
1261230757.837266 50.218047 19.714825 180.702466 0.007934 0.268864 -0.042446 0.962210
1261230758.345816 51.875883 19.969781 183.368369 0.009420 0.273903 -0.043251 0.960738
1261230758.587275 52.743680 20.102699 184.750724 0.008923 0.276318 -0.044160 0.960010
1261230759.087269 54.583187 20.385948 187.655693 0.005214 0.280954 -0.048381 0.958487
1261230759.287276 55.316887 20.504927 188.777069 0.001306 0.282924 -0.049142 0.957882
1261230759.687264 56.943775 20.764747 191.217134 0.003456 0.287747 -0.048254 0.956484
1261230759.837272 57.512025 20.863808 192.096468 0.002783 0.288566 -0.050501 0.956123
1261230760.205666 58.887759 21.054150 194.120023 0.011233 0.292026 -0.052561 0.954899
1261230760.337300 59.538727 21.127311 195.069311 0.012067 0.293088 -0.055088 0.954421
1261230760.487274 60.190508 21.203354 196.016213 0.012873 0.294620 -0.054353 0.953981
1261230760.637279 60.904532 21.286290 197.064318 0.012051 0.296905 -0.053263 0.953344
1261230760.837286 61.816303 21.390573 198.363673 0.010354 0.300396 -0.053000 0.952285
1261230761.387291 64.383843 21.689243 201.924922 0.009347 0.308840 -0.054360 0.949513
1261230761.640879 65.583823 21.829088 203.547360 0.008161 0.312491 -0.054470 0.948323
1261230762.087293 67.754717 22.083509 206.393144 0.007381 0.318812 -0.052268 0.946347
1261230762.287312 68.714502 22.194661 207.640737 0.008036 0.320874 -0.054059 0.945544
1261230762.587309 70.189933 22.358231 209.521269 0.008626 0.324025 -0.055824 0.944361
1261230762.745449 70.991754 22.437888 210.550257 0.008504 0.325517 -0.058051 0.943714
1261230762.937303 71.973149 22.545199 211.793938 0.008512 0.327726 -0.058786 0.942904
1261230763.387302 74.244886 22.786196 214.612077 0.004516 0.333387 -0.060171 0.940857
1261230763.637307 75.561858 22.927204 216.203334 0.004468 0.336541 -0.061066 0.939676
1261230764.144711 78.224556 23.210003 219.380921 0.005116 0.341872 -0.061949 0.937688
1261230764.387313 79.506404 23.339227 220.866674 0.008481 0.344398 -0.057473 0.937024
1261230764.587321 80.539714 23.442805 222.074832 0.005873 0.344488 -0.058513 0.936947
1261230765.087326 83.187475 23.692089 225.184702 0.009255 0.345579 -0.061726 0.936311
1261230765.287325 84.211421 23.788136 226.378129 0.008806 0.346156 -0.060829 0.936162
1261230765.487346 85.256103 23.883499 227.578807 0.009280 0.346972 -0.059680 0.935929
1261230765.687322 86.360839 23.980569 228.847834 0.010104 0.347657 -0.059107 0.935703
1261230765.837329 87.162322 24.054755 229.779619 0.011032 0.347884 -0.059648 0.935573
1261230766.187347 89.108877 24.222208 232.028560 0.010615 0.348564 -0.060598 0.935264
1261230766.338788 89.973244 24.293457 233.033459 0.011233 0.348730 -0.061635 0.935127
1261230766.737345 92.333929 24.494185 235.763840 0.009905 0.349921 -0.061882 0.934681
1261230766.937353 93.486570 24.600939 237.102392 0.009586 0.350482 -0.060248 0.934580
1261230767.137332 94.611001 24.706950 238.404937 0.009737 0.350328 -0.058329 0.934758
1261230767.537351 96.953570 24.915198 241.095756 0.011292 0.349983 -0.054516 0.935100
1261230767.737362 98.144504 25.029762 242.476759 0.008860 0.349394 -0.053410 0.935410
1261230767.937345 99.333541 25.152061 243.867246 0.007402 0.348355 -0.052566 0.935858
1261230768.387369 101.889954 25.432841 246.886978 0.005340 0.345318 -0.054410 0.936892
1261230768.587376 103.000072 25.570739 248.226197 0.002430 0.344163 -0.054702 0.937312
1261230769.037365 105.561234 25.872109 251.330699 0.005537 0.338934 -0.060927 0.938819
1261230769.237377 106.616399 25.995233 252.647321 0.005844 0.336055 -0.062561 0.939744
1261230769.487359 107.979431 26.129690 254.330735 0.008742 0.332748 -0.061146 0.940991
1261230770.037382 111.162656 26.448018 258.383485 0.007412 0.323717 -0.054831 0.944535
1261230770.270968 112.209966 26.581276 259.773295 0.005069 0.319475 -0.052014 0.946152
1261230770.437378 113.255126 26.719111 261.190527 0.004017 0.314420 -0.051225 0.947892
1261230770.937366 115.669419 27.069546 264.654551 0.002918 0.300113 -0.053049 0.952423
1261230771.487396 118.247020 27.427128 268.567905 0.007718 0.283719 -0.051619 0.957486
1261230771.687371 119.204430 27.564485 270.067314 0.004965 0.277807 -0.047034 0.959472
1261230772.088422 120.842939 27.853437 272.871835 0.003637 0.264735 -0.045343 0.963248
1261230772.237408 121.475502 27.961663 273.963443 0.003426 0.259887 -0.045194 0.964575
1261230772.642749 123.180132 28.277673 277.017373 0.000901 0.247890 -0.042815 0.967841
1261230772.837408 124.020616 28.443425 278.553290 0.001285 0.243216 -0.034845 0.969345
1261230773.037412 124.780096 28.614864 280.021594 0.001929 0.238976 -0.030400 0.970548
1261230773.437401 126.261716 28.926069 283.051973 0.011171 0.225700 -0.034047 0.973538
1261230773.637420 126.975095 29.066718 284.599665 0.011261 0.218896 -0.036143 0.975014
1261230774.037402 128.396613 29.362491 287.763838 0.007761 0.207429 -0.036138 0.977552
1261230774.237411 129.022521 29.517180 289.275088 0.006037 0.202481 -0.037249 0.978559
1261230774.637405 130.347828 29.841677 292.430095 0.002193 0.197872 -0.038704 0.979461
1261230774.837411 131.062735 30.013326 294.092942 0.002330 0.196197 -0.038552 0.979804
1261230775.037422 131.739244 30.187328 295.705326 0.002058 0.193840 -0.038085 0.980291
1261230775.237427 132.311402 30.348619 297.178992 0.001549 0.190467 -0.038093 0.980953
1261230775.687424 133.594444 30.717981 300.542209 -0.000372 0.182756 -0.037679 0.982436
1261230775.837429 133.927786 30.831817 301.512068 -0.000667 0.180257 -0.036858 0.982929
1261230776.387431 135.296101 31.268909 305.359079 -0.001801 0.172928 -0.034213 0.984338
1261230776.637442 135.799691 31.447174 306.905066 -0.002061 0.170873 -0.035329 0.984657
1261230776.937429 136.395398 31.656104 308.734656 -0.002030 0.168344 -0.037151 0.985026
1261230777.237438 136.948681 31.840904 310.448619 -0.001309 0.166287 -0.037544 0.985362
1261230777.837453 138.104412 32.191851 313.799688 0.000400 0.164605 -0.028439 0.985949
1261230778.137473 138.653176 32.380273 315.459509 -0.000332 0.162127 -0.037372 0.986062
1261230778.437451 139.171615 32.554069 316.972539 -0.006511 0.161814 -0.034615 0.986192
1261230779.237454 140.320146 32.978499 320.559616 -0.006380 0.160365 -0.044103 0.986051
1261230779.687470 140.874828 33.170382 322.228108 -0.007214 0.159964 -0.043713 0.986128
1261230780.887473 141.923110 33.547358 325.340239 -0.013131 0.159886 -0.045839 0.985983
1261230782.187472 142.421313 33.706803 326.669519 -0.005296 0.168295 -0.046852 0.984608
1261230783.937507 142.701649 33.789128 327.353118 0.000380 0.175028 -0.047027 0.983440
1261230784.887522 143.342330 33.925378 328.709341 0.004485 0.205340 -0.052412 0.977276
1261230785.937508 144.842291 34.159155 331.120066 0.008797 0.271890 -0.055104 0.960709
1261230786.337534 145.645177 34.258023 332.157556 0.009286 0.301189 -0.057456 0.951787
1261230787.037536 147.560377 34.433400 334.231229 0.010970 0.359881 -0.058910 0.931072
1261230787.337552 148.661962 34.507247 335.315326 0.011673 0.386036 -0.065657 0.920070
1261230787.737538 150.328547 34.595811 336.802546 0.017851 0.416414 -0.071747 0.906164
1261230788.737565 154.985464 34.749488 340.505390 0.017219 0.438294 -0.077628 0.895308
1261230789.637541 159.421318 35.034124 344.493074 0.004508 0.409020 -0.063624 0.910293
1261230790.087561 161.133179 35.212718 346.286544 0.003648 0.375395 -0.060374 0.924889
1261230790.937581 163.847757 35.585848 349.893436 -0.001518 0.306787 -0.054225 0.950231
1261230791.387575 165.104749 35.800028 351.929134 -0.001079 0.277239 -0.051577 0.959415
1261230792.387589 167.341393 36.356342 356.394971 -0.013292 0.220013 -0.044396 0.974396
1261230792.837582 168.132966 36.654877 358.442652 -0.015624 0.192970 -0.040272 0.980253
1261230793.537581 169.097013 37.161775 361.860644 -0.013544 0.136793 -0.029621 0.990064
1261230793.837595 169.359229 37.390507 363.430730 -0.011398 0.105435 -0.024481 0.994059
1261230794.437594 169.587835 37.844869 366.748532 -0.006085 0.033505 -0.015711 0.999297
1261230794.710923 169.490500 38.040072 368.129756 -0.008665 0.001242 -0.012080 0.999889
1261230795.187607 169.072950 38.460798 370.999427 -0.014403 -0.060640 -0.006109 0.998037
1261230795.437619 168.727409 38.685305 372.436223 -0.014750 -0.087178 -0.002214 0.996081
1261230795.687596 168.276519 38.915954 373.840160 -0.018917 -0.115550 0.002338 0.993119
1261230796.187626 167.157878 39.397313 376.718950 -0.019925 -0.176149 0.011080 0.984099
1261230796.437605 166.425946 39.635709 378.090387 -0.022794 -0.207012 0.015501 0.977950
1261230796.842612 165.084514 40.045241 380.248543 -0.031717 -0.253809 0.020185 0.966523
1261230797.037636 164.328685 40.258707 381.322565 -0.034301 -0.276447 0.023176 0.960137
1261230797.437627 162.696518 40.681882 383.334500 -0.035413 -0.322930 0.032730 0.945193
1261230797.637640 161.879120 40.895986 384.301021 -0.035621 -0.348819 0.038529 0.935720
1261230798.087624 159.690305 41.322061 386.257033 -0.030471 -0.402988 0.047675 0.913455
1261230798.337642 158.304584 41.484313 387.175153 -0.031804 -0.432991 0.049156 0.899495
1261230798.887638 155.153145 41.846720 388.879431 -0.031695 -0.496011 0.053849 0.866065
1261230799.387628 152.103544 42.098673 390.000422 -0.034273 -0.550378 0.061494 0.831942
1261230799.587642 151.024781 42.181271 390.287254 -0.032385 -0.572663 0.065573 0.816522
1261230800.087675 148.230086 42.342998 390.810943 -0.034198 -0.627456 0.071301 0.774626
1261230800.337644 146.779803 42.425451 390.896657 -0.034977 -0.652950 0.071688 0.753189
1261230800.837672 143.961600 42.569381 390.808544 -0.037479 -0.697651 0.073355 0.711686
1261230801.087658 142.557613 42.617854 390.648514 -0.035423 -0.717199 0.077653 0.691622
1261230801.337664 141.231413 42.643671 390.362668 -0.033317 -0.734844 0.083898 0.672202
1261230801.587687 139.874402 42.657712 390.065096 -0.033351 -0.749504 0.085471 0.655611
1261230802.237695 136.456172 42.681506 389.192557 -0.032789 -0.774870 0.088562 0.625026
1261230802.587670 134.646427 42.680349 388.679373 -0.029074 -0.783989 0.089175 0.613648
1261230802.937686 132.875440 42.695569 388.129882 -0.028674 -0.791892 0.088970 0.603465
1261230803.687693 129.170828 42.718918 386.902605 -0.027420 -0.798067 0.087115 0.595607
1261230804.037685 127.492060 42.728631 386.315921 -0.028969 -0.796038 0.085988 0.598407
1261230804.687686 124.135201 42.768646 385.389744 -0.030697 -0.784340 0.090311 0.612954
1261230804.937697 122.769960 42.780314 385.061540 -0.032695 -0.778377 0.090116 0.620435
1261230805.137704 121.615906 42.787112 384.797771 -0.035160 -0.772693 0.089289 0.627485
1261230805.337714 120.540091 42.802703 384.554912 -0.036130 -0.767607 0.087128 0.633943
1261230805.537693 119.465349 42.820952 384.331249 -0.036561 -0.762104 0.087015 0.640538
1261230805.787705 118.025119 42.858525 384.101132 -0.036315 -0.754590 0.087802 0.649282
1261230806.287705 115.438957 42.953944 383.787297 -0.035569 -0.735873 0.086120 0.670678
1261230806.837735 112.379279 43.038671 383.666029 -0.032723 -0.714903 0.083939 0.693395
1261230807.087712 110.908960 43.066711 383.687138 -0.032094 -0.705866 0.082491 0.702793
1261230807.487719 108.715534 43.213295 383.695178 -0.031750 -0.689806 0.082417 0.718587
1261230807.687712 107.621757 43.265504 383.763511 -0.032292 -0.683130 0.080944 0.725079
1261230808.037729 105.632769 43.368591 383.922931 -0.030388 -0.671740 0.080259 0.735800
1261230808.187732 104.790433 43.412472 384.018763 -0.031249 -0.667107 0.080640 0.739925
1261230808.537721 102.845172 43.524610 384.260622 -0.028902 -0.659086 0.076128 0.747646
1261230808.709769 101.972549 43.568059 384.420081 -0.029236 -0.656803 0.076860 0.749565
1261230808.887743 100.767676 43.637413 384.609347 -0.028519 -0.654297 0.073967 0.752071
1261230809.287731 98.287808 43.776065 384.965057 -0.025647 -0.652315 0.075946 0.753697
1261230809.487742 97.115939 43.850704 385.154264 -0.026404 -0.652184 0.073694 0.754008
1261230809.887728 94.598831 44.008697 385.520629 -0.028472 -0.651403 0.072447 0.754729
1261230810.087738 93.335891 44.088749 385.726432 -0.027747 -0.651421 0.072861 0.754700
1261230810.487751 90.687959 44.246538 386.145175 -0.029476 -0.651326 0.070394 0.754951
1261230810.637734 89.494045 44.321746 386.286265 -0.030620 -0.649651 0.070847 0.756304
1261230810.987755 87.137925 44.505950 386.600368 -0.033094 -0.648128 0.072832 0.757318
1261230811.137763 86.218242 44.585462 386.725444 -0.034095 -0.647008 0.075639 0.757956
1261230811.337777 84.972314 44.685216 386.897532 -0.035605 -0.645772 0.078544 0.758644
1261230811.837767 81.365024 44.927874 387.403316 -0.036039 -0.644173 0.082138 0.759602
1261230812.087784 79.410276 45.039670 387.686534 -0.038394 -0.643372 0.081776 0.760205
1261230812.337759 77.800958 45.180997 387.940041 -0.038003 -0.643485 0.083833 0.759904
1261230812.737785 74.798917 45.351722 388.376018 -0.034228 -0.644273 0.083435 0.759459
1261230812.937761 73.358421 45.432153 388.594076 -0.034144 -0.644850 0.081755 0.759157
1261230813.137770 71.924201 45.515417 388.809401 -0.035244 -0.645505 0.079631 0.758776
1261230813.487779 69.226702 45.682209 389.174510 -0.035374 -0.644992 0.079451 0.759224
1261230813.687764 67.641943 45.779159 389.397120 -0.036165 -0.644220 0.082018 0.759570
1261230813.887781 66.039821 45.873998 389.613467 -0.037665 -0.643971 0.079475 0.759978
1261230814.090546 64.787482 45.968811 389.765296 -0.038832 -0.643417 0.079615 0.760374
1261230814.287796 63.532525 46.069354 389.929863 -0.040099 -0.642951 0.080171 0.760644
1261230814.637779 61.631638 46.184892 390.174230 -0.038487 -0.642398 0.081130 0.761092
1261230814.837790 60.741838 46.227624 390.282573 -0.037856 -0.641287 0.082898 0.761870
1261230815.037798 59.479674 46.307428 390.457254 -0.037497 -0.641119 0.083098 0.762007
1261230815.237786 58.298821 46.384527 390.619821 -0.037415 -0.640961 0.083757 0.762072
1261230815.387794 57.205184 46.452974 390.768398 -0.036787 -0.640821 0.083877 0.762207
1261230815.587793 55.928036 46.528543 390.952363 -0.037400 -0.640890 0.084339 0.762068
1261230815.787823 54.985004 46.589222 391.075993 -0.038069 -0.640412 0.084613 0.762406
1261230815.987788 53.634129 46.669188 391.271995 -0.037542 -0.640873 0.084545 0.762053
1261230816.187798 51.937325 46.773374 391.528136 -0.037539 -0.642016 0.085434 0.760991
1261230816.387812 50.662135 46.845884 391.714302 -0.036619 -0.642303 0.085533 0.760782
1261230816.587811 49.235020 46.936351 391.909050 -0.036800 -0.642837 0.086162 0.760252
1261230816.787801 47.932659 47.005559 392.094019 -0.036770 -0.643268 0.085795 0.759930
1261230816.987814 46.278201 47.100295 392.319794 -0.037125 -0.644126 0.085266 0.759245
1261230817.137821 45.052060 47.170602 392.483972 -0.037511 -0.644696 0.084791 0.758796
1261230817.287826 44.063434 47.231924 392.616210 -0.036146 -0.645247 0.083743 0.758509
1261230817.487801 42.732752 47.315354 392.796747 -0.036070 -0.645902 0.083367 0.757997
1261230817.687818 41.454831 47.395721 392.968405 -0.037160 -0.646140 0.082763 0.757808
1261230817.890246 39.961679 47.486022 393.157932 -0.036283 -0.646054 0.081855 0.758022
1261230818.090836 38.514725 47.574551 393.349216 -0.036503 -0.645788 0.082728 0.758144
1261230818.287813 37.257502 47.648226 393.505489 -0.036792 -0.644700 0.083183 0.759005
1261230818.487822 35.838806 47.725840 393.715834 -0.036994 -0.644303 0.082500 0.759407
1261230818.687835 34.770152 47.789394 393.858350 -0.036795 -0.643697 0.081774 0.760008
1261230818.887811 33.764200 47.856471 394.001867 -0.039034 -0.642838 0.082451 0.760551
1261230819.087830 32.777028 47.921791 394.136700 -0.038421 -0.641982 0.082491 0.761300
1261230819.308861 32.268445 47.980275 394.225409 -0.038080 -0.640974 0.083163 0.762093
1261230819.437840 31.365087 48.038380 394.364290 -0.037499 -0.640748 0.084101 0.762209
1261230819.637822 30.146104 48.110847 394.545197 -0.036792 -0.640615 0.083891 0.762378
1261230820.087840 27.284855 48.280464 394.976372 -0.036200 -0.639886 0.084722 0.762927
1261230820.387831 25.335369 48.401308 395.271912 -0.037533 -0.639606 0.084268 0.763147
1261230820.737850 23.048207 48.549283 395.618083 -0.037881 -0.639141 0.083731 0.763579
1261230821.037870 21.110992 48.676213 395.913263 -0.037557 -0.638728 0.083748 0.763939
1261230821.287839 19.343544 48.784636 396.170030 -0.036432 -0.638383 0.083945 0.764260
1261230821.587857 17.392664 48.907087 396.488234 -0.034497 -0.638031 0.084025 0.764634
1261230821.887837 15.506647 49.024340 396.801289 -0.034234 -0.637764 0.083120 0.764968
1261230822.187857 13.579216 49.142139 397.121107 -0.033235 -0.637804 0.081762 0.765125
1261230822.437866 12.011591 49.247898 397.380071 -0.035178 -0.637653 0.081454 0.765197
1261230822.737852 9.853584 49.379860 397.705456 -0.033734 -0.638001 0.080517 0.765071
1261230822.987875 7.981546 49.491251 397.993156 -0.033211 -0.638398 0.081012 0.764710
1261230823.237881 6.164320 49.606731 398.258038 -0.035122 -0.639847 0.076167 0.763911
1261230823.487869 4.405131 49.718204 398.514818 -0.034507 -0.640843 0.077940 0.762925
1261230823.687875 2.968969 49.812282 398.713456 -0.033134 -0.641147 0.078014 0.762723
1261230823.887880 1.673260 49.892702 398.940723 -0.032578 -0.642456 0.075649 0.761884
1261230824.140332 0.168617 49.999606 399.183579 -0.033425 -0.643763 0.075459 0.760761
1261230824.337877 -1.010836 50.089341 399.345379 -0.036598 -0.644487 0.074917 0.760056
1261230824.749668 -3.851801 50.271382 399.750402 -0.036157 -0.645495 0.078232 0.758886
1261230824.937875 -5.279167 50.357730 399.947093 -0.037212 -0.645937 0.078185 0.758464
1261230825.137879 -6.670861 50.446860 400.135734 -0.038175 -0.646460 0.078937 0.757892
1261230825.337898 -8.014700 50.534556 400.310805 -0.038903 -0.646791 0.079875 0.757475
1261230825.487905 -9.039917 50.608525 400.420427 -0.038841 -0.646756 0.080693 0.757421
1261230825.637871 -10.044865 50.680570 400.527167 -0.039161 -0.646661 0.082003 0.757345
1261230825.787890 -10.981497 50.743273 400.654247 -0.039514 -0.646864 0.082820 0.757064
1261230825.987891 -12.367857 50.826871 400.841454 -0.039937 -0.647144 0.083307 0.756749
1261230826.187901 -13.618465 50.897527 401.056284 -0.040185 -0.647856 0.082730 0.756190
1261230826.437903 -15.150335 51.013663 401.258152 -0.041300 -0.647858 0.082330 0.756172
1261230826.687899 -16.592738 51.132049 401.432153 -0.041774 -0.647451 0.082771 0.756447
1261230826.887912 -17.989142 51.223129 401.600749 -0.041038 -0.647192 0.082963 0.756688
1261230827.087926 -19.452218 51.310534 401.781910 -0.039687 -0.646996 0.083264 0.756894
1261230827.237891 -20.619407 51.378062 401.929392 -0.039005 -0.646613 0.084434 0.757127
1261230827.437910 -22.148074 51.467786 402.117575 -0.038043 -0.646224 0.084412 0.757510
1261230827.637914 -23.538767 51.544870 402.325969 -0.038084 -0.646788 0.082460 0.757242
1261230827.837912 -24.937816 51.635610 402.510422 -0.039658 -0.646514 0.082745 0.757364
1261230828.037906 -26.350286 51.728274 402.694031 -0.038279 -0.646503 0.081681 0.757559
1261230828.237921 -27.749707 51.821334 402.881569 -0.038519 -0.646603 0.082014 0.757426
1261230828.437927 -29.160360 51.916527 403.068138 -0.038638 -0.646360 0.080907 0.757746
1261230828.637903 -30.622930 52.013184 403.266130 -0.038989 -0.646129 0.080102 0.758012
1261230828.837911 -32.108265 52.115886 403.475175 -0.040467 -0.645560 0.080626 0.758363
1261230829.037932 -33.532500 52.218246 403.667493 -0.040657 -0.645177 0.080262 0.758718
1261230829.237933 -34.958498 52.320096 403.866096 -0.040587 -0.644856 0.080832 0.758933
1261230829.437927 -36.399990 52.419511 404.060151 -0.037973 -0.644758 0.079937 0.759247
1261230829.637922 -37.813338 52.517003 404.251058 -0.036080 -0.644705 0.079630 0.759416
1261230829.837939 -39.234017 52.612996 404.449676 -0.036075 -0.644409 0.079153 0.759718
1261230830.087952 -41.036599 52.727545 404.702492 -0.034604 -0.643980 0.078741 0.760192
1261230830.287929 -42.511495 52.821994 404.919365 -0.035352 -0.643633 0.079486 0.760374
1261230830.487957 -44.011236 52.916949 405.138671 -0.036015 -0.643250 0.079030 0.760714
1261230830.687966 -45.451481 53.009542 405.349908 -0.035846 -0.642969 0.079338 0.760928
1261230830.887929 -46.865938 53.104470 405.554806 -0.035924 -0.642645 0.079706 0.761160
1261230831.087940 -48.329736 53.200491 405.769198 -0.036645 -0.642556 0.079128 0.761261
1261230831.287957 -49.805355 53.299604 405.986925 -0.037740 -0.642263 0.078526 0.761517
1261230831.537973 -51.606322 53.422677 406.249313 -0.037373 -0.641976 0.078633 0.761766
1261230831.799088 -53.405848 53.543505 406.514561 -0.035358 -0.641669 0.079150 0.762067
1261230831.987948 -54.842164 53.638772 406.725654 -0.033987 -0.641539 0.079604 0.762192
1261230832.187948 -56.063659 53.722517 406.906278 -0.033504 -0.641500 0.079279 0.762279
1261230832.387939 -57.284694 53.804112 407.085876 -0.034196 -0.641602 0.078224 0.762272
1261230832.587952 -58.533736 53.889980 407.272607 -0.035201 -0.641562 0.077847 0.762298
1261230832.787960 -59.754182 53.977277 407.455401 -0.035734 -0.641481 0.078222 0.762304
1261230832.987968 -60.966586 54.067429 407.640329 -0.036056 -0.641340 0.078653 0.762363
1261230833.187944 -62.178204 54.155173 407.821750 -0.036657 -0.641193 0.079266 0.762394
1261230833.387956 -63.407185 54.243171 408.006193 -0.037025 -0.640988 0.080067 0.762465
1261230833.587969 -64.620295 54.331008 408.188884 -0.037432 -0.640878 0.080111 0.762533
1261230833.787986 -65.842154 54.420153 408.373880 -0.038127 -0.640618 0.080536 0.762673
1261230833.987962 -67.321170 54.518566 408.602101 -0.038712 -0.640169 0.080845 0.762987
1261230834.237968 -69.130335 54.643822 408.879598 -0.038748 -0.639850 0.080905 0.763247
1261230834.437981 -70.594238 54.745250 409.104130 -0.038470 -0.639738 0.080727 0.763373
1261230834.637961 -72.047737 54.843433 409.320959 -0.037539 -0.639769 0.079843 0.763487
1261230834.837968 -73.512823 54.943192 409.547243 -0.037506 -0.639826 0.079760 0.763449
1261230835.037984 -74.969976 55.040350 409.770728 -0.037825 -0.639885 0.079333 0.763429
1261230835.187988 -76.047283 55.111374 409.936451 -0.037192 -0.639878 0.079275 0.763472
1261230835.387970 -77.447253 55.205463 410.151239 -0.038107 -0.639872 0.079412 0.763417
1261230835.589377 -78.862689 55.299275 410.367796 -0.038813 -0.639971 0.078420 0.763401
1261230835.787986 -80.267811 55.398696 410.584548 -0.039683 -0.640015 0.078202 0.763342
1261230835.987998 -81.630508 55.497019 410.795402 -0.040351 -0.639851 0.078299 0.763434
1261230836.187976 -82.968978 55.592404 411.005334 -0.040473 -0.639609 0.078835 0.763575
1261230836.387985 -84.296057 55.685073 411.212484 -0.040239 -0.639430 0.079535 0.763665
1261230836.587990 -85.622207 55.778859 411.422417 -0.041333 -0.639338 0.080039 0.763631
1261230836.788005 -86.919254 55.870948 411.621036 -0.042518 -0.639384 0.079488 0.763585
1261230836.987990 -88.213437 55.966651 411.820052 -0.042999 -0.639440 0.079704 0.763488
1261230837.257402 -89.805258 56.084061 412.064715 -0.043251 -0.639255 0.080006 0.763598
1261230837.438005 -91.055094 56.176619 412.260436 -0.042804 -0.639124 0.079906 0.763743
1261230837.637987 -92.285421 56.264064 412.451463 -0.042149 -0.639226 0.080316 0.763651
1261230837.887999 -93.802607 56.366246 412.686530 -0.040816 -0.639327 0.081036 0.763563
1261230838.138032 -95.289399 56.465731 412.913289 -0.039672 -0.639372 0.081641 0.763521
1261230838.387996 -96.709739 56.558145 413.127607 -0.038914 -0.639332 0.081672 0.763590
1261230838.688011 -98.406421 56.670262 413.383985 -0.039346 -0.639391 0.080849 0.763606
1261230838.988034 -100.066745 56.782021 413.636576 -0.039593 -0.639490 0.079881 0.763613
1261230839.238006 -101.439062 56.877137 413.844856 -0.038673 -0.639456 0.079645 0.763713
1261230839.488024 -102.799964 56.969164 414.058210 -0.038822 -0.639286 0.079936 0.763817
1261230839.747781 -104.146610 57.058760 414.266581 -0.038234 -0.639164 0.079851 0.763957
1261230840.007765 -105.477498 57.146730 414.473539 -0.038576 -0.639308 0.079924 0.763813
1261230840.238030 -106.770694 57.231721 414.673188 -0.038767 -0.639724 0.080018 0.763444
1261230840.488048 -108.044338 57.321553 414.871135 -0.040245 -0.639910 0.080784 0.763131
1261230840.738023 -109.316688 57.400323 415.054031 -0.037549 -0.640751 0.079057 0.762744
1261230840.938028 -110.328029 57.468689 415.206854 -0.037753 -0.641037 0.079905 0.762405
1261230841.138042 -111.335735 57.539132 415.353425 -0.036409 -0.640989 0.079941 0.762507
1261230841.338054 -112.392065 57.608425 415.503636 -0.036856 -0.641056 0.077868 0.762643
1261230841.638033 -113.967344 57.720510 415.736415 -0.036937 -0.640682 0.078072 0.762933
1261230841.938052 -115.581977 57.832534 415.977049 -0.036636 -0.640348 0.078908 0.763142
1261230842.238035 -117.209514 57.943172 416.223142 -0.036992 -0.640112 0.078795 0.763334
1261230842.888035 -120.828875 58.187235 416.768263 -0.037007 -0.639742 0.078914 0.763631
1261230843.188047 -122.520026 58.300050 417.027518 -0.036919 -0.640050 0.077924 0.763480
1261230843.438070 -123.928107 58.394428 417.239598 -0.035832 -0.640112 0.077065 0.763567
1261230843.688044 -125.284251 58.492653 417.441380 -0.035016 -0.640022 0.077014 0.763685
1261230843.988071 -126.902249 58.608646 417.682443 -0.034501 -0.639937 0.076055 0.763876
1261230844.388055 -129.081836 58.767321 418.012067 -0.036285 -0.640451 0.075903 0.763377
1261230844.738078 -130.981737 58.903744 418.295399 -0.035657 -0.641246 0.076222 0.762707
1261230845.088085 -132.872295 59.032995 418.578632 -0.036052 -0.641967 0.076425 0.762062
1261230845.388112 -134.468248 59.138757 418.812523 -0.034924 -0.642851 0.076205 0.761390
1261230845.688074 -136.012262 59.244136 419.033213 -0.035054 -0.643728 0.075252 0.760738
1261230846.088078 -138.016761 59.380852 419.311976 -0.034783 -0.644710 0.074201 0.760022
1261230846.438103 -139.711266 59.495678 419.549483 -0.035284 -0.645684 0.073325 0.759256
1261230846.788083 -141.288078 59.594819 419.769720 -0.033603 -0.646625 0.072639 0.758598
1261230847.138104 -142.768423 59.683840 419.979552 -0.033188 -0.647075 0.074723 0.758029
1261230847.638094 -144.730098 59.801907 420.236713 -0.032842 -0.647985 0.074445 0.757295
1261230848.088112 -146.382070 59.900801 420.454561 -0.033716 -0.648624 0.074651 0.756688
1261230848.624088 -148.086629 60.006654 420.679685 -0.034826 -0.649003 0.077550 0.756021
1261230849.188110 -149.955957 60.116144 420.902345 -0.031407 -0.650028 0.078147 0.755228
1261230849.738107 -151.504660 60.206313 421.094490 -0.029420 -0.650033 0.082627 0.754828
1261230850.388102 -153.341804 60.299356 421.314237 -0.030519 -0.651429 0.080197 0.753841
1261230850.988139 -155.209617 60.400548 421.543123 -0.029503 -0.651550 0.080839 0.753709
1261230851.488129 -156.941511 60.505320 421.745037 -0.030732 -0.651947 0.078056 0.753610
1261230851.897394 -158.431120 60.598522 421.926609 -0.031538 -0.651361 0.077729 0.754117
1261230852.338156 -160.289851 60.718568 422.153604 -0.029057 -0.650614 0.077944 0.754839
1261230852.688127 -161.917713 60.817521 422.371735 -0.028987 -0.649542 0.079722 0.755579
1261230852.988149 -163.511439 60.912131 422.583110 -0.028582 -0.649226 0.078559 0.755987
1261230853.292204 -165.198126 61.016635 422.813048 -0.031793 -0.648791 0.077150 0.756378
1261230853.588145 -166.896271 61.130872 423.043183 -0.032324 -0.648157 0.076154 0.757000
1261230853.938170 -168.777036 61.258479 423.293501 -0.031933 -0.647078 0.076942 0.757859
1261230854.238142 -170.375509 61.364043 423.510992 -0.032461 -0.646311 0.076983 0.758486
1261230854.497186 -171.767531 61.450654 423.701479 -0.030623 -0.645574 0.077968 0.759090
1261230855.138160 -175.714348 61.693636 424.270001 -0.031973 -0.644225 0.076734 0.760305
1261230855.488174 -177.844178 61.834823 424.573548 -0.032541 -0.643598 0.076022 0.760883
1261230855.788163 -179.659366 61.958127 424.834250 -0.033805 -0.642916 0.075483 0.761458
1261230856.038174 -181.141797 62.065621 425.046046 -0.033191 -0.642382 0.075365 0.761947
1261230856.288193 -182.624388 62.171990 425.266547 -0.033504 -0.641911 0.075733 0.762294
1261230856.538182 -184.145158 62.277624 425.492389 -0.033740 -0.641371 0.075533 0.762758
1261230856.788192 -185.705698 62.382933 425.728020 -0.033564 -0.641032 0.075056 0.763097
1261230857.088204 -187.560901 62.514523 426.010578 -0.035034 -0.640537 0.075030 0.763450
1261230857.338182 -189.067779 62.617621 426.233902 -0.033472 -0.640310 0.074828 0.763730
1261230857.838211 -192.020372 62.824106 426.682125 -0.032840 -0.639987 0.074979 0.764013
1261230858.088186 -193.498134 62.926238 426.908673 -0.032476 -0.639900 0.074943 0.764106
1261230858.338197 -195.012531 63.025955 427.143075 -0.032272 -0.639841 0.075031 0.764155
1261230858.588213 -196.546336 63.129489 427.382565 -0.033406 -0.639721 0.074934 0.764216
1261230858.888192 -198.363106 63.252704 427.660675 -0.033584 -0.639829 0.074228 0.764187
1261230859.145578 -199.855899 63.356309 427.889155 -0.033319 -0.639730 0.075080 0.764198
1261230859.367402 -201.042764 63.437792 428.065052 -0.032397 -0.639913 0.075062 0.764086
1261230859.588198 -202.590917 63.538743 428.300924 -0.032870 -0.639919 0.075467 0.764021
1261230859.838209 -204.148861 63.642310 428.533605 -0.032397 -0.640278 0.075288 0.763758
1261230860.088229 -205.726506 63.745728 428.767237 -0.031044 -0.640908 0.076128 0.763202
1261230860.338203 -207.293568 63.850236 428.997914 -0.031346 -0.641582 0.076928 0.762543
1261230860.588216 -208.880437 63.957533 429.219824 -0.031532 -0.642758 0.075423 0.761695
1261230860.838241 -210.497655 64.069579 429.446966 -0.032884 -0.644091 0.075044 0.760548
1261230861.088211 -212.167484 64.183277 429.670704 -0.032303 -0.645683 0.074115 0.759313
1261230861.356606 -213.905764 64.299442 429.902432 -0.031982 -0.647289 0.074336 0.757937
1261230861.538245 -215.328982 64.393910 430.088852 -0.032333 -0.648410 0.074501 0.756947
1261230861.788214 -217.139732 64.511409 430.312735 -0.031430 -0.650362 0.074289 0.755330
1261230862.057180 -218.995057 64.631313 430.535474 -0.031887 -0.652007 0.074663 0.753853
1261230862.288242 -220.854923 64.754194 430.747158 -0.033860 -0.653866 0.073862 0.752235
1261230862.488226 -222.295847 64.854730 430.896965 -0.033810 -0.655276 0.074588 0.750937
1261230862.688230 -223.784962 64.946415 431.058374 -0.031431 -0.656373 0.077889 0.749747
1261230862.888240 -225.335361 65.035565 431.221539 -0.031034 -0.658123 0.077830 0.748234
1261230863.238227 -228.047941 65.191599 431.488797 -0.033168 -0.661083 0.077125 0.745601
1261230863.504960 -229.904531 65.304696 431.649456 -0.032874 -0.663103 0.077010 0.743830
1261230863.738250 -231.745995 65.416636 431.801257 -0.031869 -0.664872 0.078805 0.742105
1261230863.938231 -233.212241 65.496960 431.911122 -0.030964 -0.666595 0.078941 0.740581
1261230864.138241 -234.738234 65.575874 432.026223 -0.031233 -0.667935 0.080068 0.739240
1261230864.738242 -239.210653 65.813783 432.317239 -0.032538 -0.672583 0.080706 0.734888
1261230864.988257 -241.079724 65.910015 432.421993 -0.031406 -0.674220 0.081810 0.733313
1261230865.238273 -242.975143 66.008917 432.527106 -0.033370 -0.675510 0.081182 0.732108
1261230865.438249 -244.517120 66.085284 432.604934 -0.032843 -0.676687 0.080522 0.731117
1261230865.638256 -246.067630 66.167944 432.683657 -0.032764 -0.677500 0.080639 0.730354
1261230865.838265 -247.629804 66.249782 432.761851 -0.033680 -0.678047 0.080690 0.729799
1261230866.088279 -249.543050 66.345562 432.844062 -0.030389 -0.678856 0.080433 0.729220
1261230866.338259 -251.436199 66.441593 432.929913 -0.030356 -0.679119 0.079652 0.729062
1261230866.588272 -253.341811 66.530415 433.011228 -0.029238 -0.679718 0.078587 0.728665
1261230866.838285 -255.255235 66.623838 433.097851 -0.029851 -0.680163 0.078609 0.728222
1261230867.088268 -257.111131 66.720025 433.184364 -0.034922 -0.680699 0.078353 0.727523
1261230867.538290 -260.360064 66.904867 433.319949 -0.038599 -0.681780 0.079043 0.726250
1261230867.788270 -262.096928 67.002218 433.384996 -0.035954 -0.681925 0.082662 0.725846
1261230868.338304 -265.868802 67.189402 433.509890 -0.035817 -0.683372 0.081363 0.724638
1261230868.588284 -267.561394 67.271527 433.557771 -0.034547 -0.683920 0.080287 0.724303
1261230868.838293 -269.198793 67.354256 433.610761 -0.034399 -0.684172 0.080379 0.724061
1261230869.088310 -270.796987 67.432818 433.656326 -0.034095 -0.684568 0.080086 0.723734
1261230869.388296 -272.641371 67.526056 433.708977 -0.033980 -0.684794 0.080443 0.723486
1261230869.638305 -274.119608 67.599984 433.748320 -0.034496 -0.685148 0.080514 0.723118
1261230869.888284 -275.615837 67.672445 433.794220 -0.035077 -0.685097 0.081790 0.722996
1261230870.141772 -277.111604 67.744872 433.834728 -0.034683 -0.685411 0.081369 0.722764
1261230870.688299 -280.337192 67.901627 433.922639 -0.034869 -0.685932 0.082811 0.722097
1261230870.988313 -282.104729 67.984742 433.971618 -0.036414 -0.686152 0.083736 0.721705
1261230871.288334 -283.795355 68.068226 434.011977 -0.036761 -0.686565 0.084710 0.721181
1261230871.588317 -285.486074 68.152735 434.047876 -0.037279 -0.687117 0.084550 0.720647
1261230871.888326 -287.176423 68.235054 434.080033 -0.037787 -0.687958 0.083859 0.719898
1261230872.138305 -288.545348 68.301330 434.103224 -0.037452 -0.688457 0.084086 0.719412
1261230872.446305 -290.198793 68.381222 434.127309 -0.036817 -0.689256 0.084317 0.718653
1261230872.688333 -291.550731 68.445989 434.142869 -0.037572 -0.689952 0.083261 0.718069
1261230872.938317 -292.863774 68.514436 434.149706 -0.037050 -0.690725 0.083333 0.717344
1261230873.188327 -294.193552 68.581151 434.160380 -0.036668 -0.691188 0.084287 0.716806
1261230873.488342 -295.865851 68.655816 434.177448 -0.035612 -0.691725 0.084754 0.716285
1261230873.738327 -297.206038 68.713406 434.195599 -0.035764 -0.692165 0.085420 0.715774
1261230874.038340 -298.785164 68.777243 434.207887 -0.035615 -0.692264 0.086285 0.715581
1261230874.394268 -300.570272 68.858928 434.221550 -0.037365 -0.691742 0.082279 0.716469
1261230874.838345 -302.689264 68.951393 434.265042 -0.036683 -0.688003 0.083965 0.719900
1261230875.358702 -304.612256 69.034801 434.319732 -0.034376 -0.684184 0.084274 0.723608
1261230876.788359 -308.611106 69.217689 434.587626 -0.029967 -0.662741 0.081051 0.743846
1261230877.988386 -310.981644 69.354009 435.003290 -0.026107 -0.633812 0.076494 0.769253
1261230878.738386 -312.601292 69.467433 435.410086 -0.023158 -0.610747 0.075546 0.787874
1261230879.238403 -313.994928 69.570326 435.834174 -0.021225 -0.591096 0.073295 0.802984
1261230879.738380 -315.701119 69.708274 436.458621 -0.020780 -0.567876 0.071112 0.819773
1261230880.188408 -317.469173 69.860695 437.194919 -0.019801 -0.547122 0.066624 0.834162
1261230880.588393 -319.278818 70.010828 438.013958 -0.016317 -0.530752 0.064320 0.844925
1261230880.938412 -321.070755 70.158856 438.847351 -0.015418 -0.522963 0.062931 0.849889
1261230881.338406 -323.063259 70.335560 439.794292 -0.017043 -0.521730 0.058581 0.850926
1261230881.888394 -325.665077 70.566229 441.021533 -0.016277 -0.525949 0.060980 0.848171
1261230882.388425 -328.120779 70.769075 442.080596 -0.016098 -0.539452 0.065151 0.839338
1261230882.788410 -330.269508 70.927550 442.865467 -0.016821 -0.558952 0.067097 0.826309
1261230883.188431 -332.550853 71.073188 443.554347 -0.017754 -0.582130 0.068036 0.810050
1261230883.538421 -334.584126 71.189107 444.044607 -0.017902 -0.602960 0.068402 0.794632
1261230884.238423 -338.735822 71.406595 444.693490 -0.021217 -0.648320 0.071701 0.757687
1261230884.788451 -342.146572 71.532563 444.754651 -0.023454 -0.693767 0.074348 0.715968
1261230885.288461 -345.267057 71.625906 444.417192 -0.026312 -0.736154 0.078642 0.671714
1261230885.488457 -346.504543 71.644201 444.174632 -0.026500 -0.753546 0.083891 0.651481
1261230885.988454 -349.494159 71.631161 443.254261 -0.027532 -0.797623 0.095841 0.594857
1261230886.488448 -352.369600 71.562233 441.859144 -0.029066 -0.841643 0.101092 0.529691
1261230886.688462 -353.465305 71.509896 441.166968 -0.028548 -0.857118 0.106612 0.503158
1261230887.238455 -356.488793 71.291972 438.912717 0.029078 0.893543 -0.107500 -0.434947
1261230887.888455 -359.547467 70.975881 435.693597 0.026820 0.927210 -0.109604 -0.357141
1261230888.203136 -360.761516 70.803707 434.100146 0.026788 0.939301 -0.111089 -0.323505
1261230888.488496 -361.857633 70.621525 432.393998 0.025144 0.948902 -0.115505 -0.292595
1261230889.388471 -364.362191 69.984198 427.026921 0.020759 0.973587 -0.119721 -0.193296
1261230889.888488 -365.197556 69.576716 423.846712 0.017133 0.984196 -0.122020 -0.127185
1261230890.338486 -365.577900 69.171547 420.910756 0.012386 0.989283 -0.129092 -0.067086
1261230890.604797 -365.641038 68.935193 419.254661 0.009972 0.991030 -0.128634 -0.034847
1261230890.838512 -365.601484 68.702191 417.590037 0.009244 0.992145 -0.124725 -0.002560
1261230891.092883 -365.446587 68.476619 415.960324 0.005461 0.991771 -0.124514 0.029271
1261230891.645378 -364.787731 67.980503 412.561925 0.006143 0.987135 -0.129011 0.094254
1261230892.138519 -363.813359 67.555073 409.552860 0.010789 0.980762 -0.119410 0.154045
1261230892.338524 -363.305516 67.386050 408.331194 0.007059 0.977033 -0.119630 0.176199
1261230892.838529 -361.891838 67.008473 405.488363 0.013505 0.966293 -0.115398 0.229735
1261230893.088553 -361.101294 66.832117 404.185128 0.017413 0.958337 -0.123382 0.257030
1261230893.364706 -360.244382 66.643531 402.923678 0.016820 0.952133 -0.116809 0.281984
1261230893.938513 -357.948423 66.225189 400.139478 0.011767 0.932945 -0.116903 0.340307
1261230894.238532 -356.747771 66.036639 398.923552 0.009786 0.922669 -0.122438 0.365506
1261230894.888546 -354.064511 65.609533 396.505366 0.011379 0.905503 -0.124786 0.405418
1261230895.206899 -352.818621 65.421334 395.481191 0.013256 0.899871 -0.123076 0.418222
1261230895.538533 -351.436962 65.235696 394.425449 0.013305 0.897040 -0.118589 0.425533
1261230896.343695 -348.421018 64.823539 391.819630 0.011692 0.910960 -0.112098 0.396799
1261230896.638555 -347.464229 64.688796 390.789628 0.011881 0.923124 -0.109131 0.368498
1261230896.938546 -346.561625 64.540195 389.646563 0.012301 0.936181 -0.109896 0.333672
1261230897.438570 -345.292375 64.302411 387.597477 0.014806 0.955886 -0.110834 0.271621
1261230897.638547 -344.883058 64.214364 386.780744 0.014841 0.962478 -0.113232 0.246161
1261230898.088568 -344.059876 63.978089 384.739101 0.016312 0.975155 -0.114165 0.189138
1261230898.288582 -343.747893 63.857531 383.779791 0.016933 0.979083 -0.116948 0.165632
1261230898.688563 -343.119975 63.548029 381.564632 0.021276 0.984411 -0.121804 0.125084
1261230898.888583 -342.873610 63.388594 380.448030 0.023071 0.985901 -0.124247 0.109679
1261230899.338570 -342.416221 63.037292 377.909469 0.025531 0.988381 -0.124798 0.082929
1261230899.588575 -342.191487 62.834123 376.457118 0.025348 0.989318 -0.124613 0.071266
1261230899.838595 -341.979662 62.629590 374.928774 0.023901 0.990107 -0.123966 0.061235
1261230900.342108 -341.625366 62.210479 371.765077 0.021774 0.991323 -0.122132 0.043462
1261230900.588605 -341.491286 62.000736 370.139233 0.021560 0.991573 -0.122769 0.035307
1261230901.088600 -341.272357 61.579016 366.861876 0.019380 0.992104 -0.121762 0.022982
1261230901.338619 -341.178689 61.363082 365.176365 0.019121 0.992133 -0.122018 0.020435
1261230901.788603 -341.009083 60.971059 362.100634 0.016199 0.992342 -0.121036 0.018599
1261230901.988605 -340.927633 60.795299 360.733377 0.013836 0.992349 -0.121419 0.017584
1261230902.211955 -340.851506 60.626760 359.395714 0.011670 0.992346 -0.121957 0.015492
1261230902.788608 -340.700350 60.081883 355.205972 0.007548 0.992383 -0.122762 0.007011
1261230903.038604 -340.658261 59.858626 353.466091 0.005289 0.992456 -0.122434 0.003505
1261230903.538630 -340.614052 59.418026 349.937841 0.008113 0.993201 -0.116088 -0.003214
1261230903.788610 -340.600452 59.209708 348.210840 0.008572 0.992868 -0.118800 -0.005183
1261230904.438605 -340.594306 58.701265 343.852201 0.013878 0.992957 -0.117399 -0.007873
1261230904.688620 -340.608727 58.504503 342.183655 0.013903 0.992855 -0.117722 -0.013654
1261230904.988634 -340.691465 58.270097 340.230483 0.012169 0.992543 -0.118270 -0.026869
1261230905.288623 -340.830030 58.004181 338.148916 0.014588 0.991806 -0.119620 -0.042410
1261230906.088631 -341.457732 57.380832 333.011184 0.023313 0.990371 -0.116343 -0.071320
1261230906.488651 -341.784055 57.104461 330.617056 0.027231 0.990144 -0.115330 -0.074644
1261230906.938644 -342.101857 56.798876 328.061682 0.027360 0.990274 -0.116947 -0.070230
1261230907.438632 -342.371154 56.469234 325.320177 0.024461 0.991255 -0.115999 -0.057954
1261230907.788648 -342.486579 56.242292 323.447110 0.025222 0.991982 -0.116779 -0.041212
1261230908.138636 -342.484886 56.033768 321.756382 0.025851 0.992511 -0.118566 -0.013996
1261230908.538657 -342.324794 55.802388 319.903196 0.026610 0.992461 -0.116584 0.026843
1261230909.288672 -341.518017 55.408947 316.889270 0.025914 0.983350 -0.120208 0.133795
1261230909.438672 -341.277345 55.334402 316.396633 0.025040 0.979344 -0.122981 0.158540
1261230909.638653 -340.890843 55.237825 315.775802 0.024338 0.972609 -0.127351 0.192929
1261230910.038676 -339.895605 54.988517 314.353084 0.026542 0.954432 -0.122199 0.270964
1261230910.438661 -338.648476 54.776397 313.173416 0.017930 0.926646 -0.120571 0.355625
1261230910.838691 -337.212959 54.586296 312.174294 0.021677 0.891250 -0.115588 0.438000
1261230910.988699 -336.643939 54.527645 311.891651 0.019480 0.876150 -0.117101 0.467193
1261230911.338672 -335.285378 54.399403 311.350743 0.021341 0.839061 -0.114580 0.531407
1261230911.738701 -333.541033 54.259807 310.942267 0.018639 0.794644 -0.110323 0.596676
1261230911.938676 -332.644963 54.201383 310.828421 0.016096 0.774465 -0.110928 0.622608
1261230912.388703 -330.568119 54.072714 310.696517 0.015235 0.736419 -0.108231 0.667639
1261230912.638677 -329.400765 54.012940 310.699931 0.015775 0.717358 -0.107596 0.688166
1261230913.188711 -326.718116 53.900758 310.887277 0.013371 0.682025 -0.104937 0.723637
1261230913.588704 -324.556362 53.815764 311.093062 0.014281 0.669222 -0.100136 0.736146
1261230913.738707 -323.596432 53.773154 311.171636 0.015323 0.665742 -0.100062 0.739284
1261230914.188702 -320.927483 53.686964 311.481551 0.014373 0.659287 -0.096677 0.745512
1261230914.438715 -319.403728 53.648947 311.675322 0.010837 0.658793 -0.094587 0.746276
1261230914.738733 -317.521226 53.607021 311.902303 0.011675 0.659422 -0.094236 0.745752
1261230915.338729 -313.601519 53.519395 312.385407 0.012074 0.660321 -0.095892 0.744738
1261230915.538734 -312.265977 53.487739 312.530140 0.012799 0.660326 -0.095229 0.744806
1261230916.088729 -308.491963 53.387680 312.992939 0.012786 0.661250 -0.096778 0.743787
1261230916.338746 -306.693548 53.334339 313.195145 0.013406 0.662914 -0.097464 0.742204
1261230916.588728 -304.889324 53.275301 313.389262 0.015199 0.664792 -0.098120 0.740401
1261230917.038756 -301.577413 53.170089 313.722457 0.012404 0.669022 -0.097524 0.736713
1261230917.288729 -299.721042 53.110071 313.891026 0.012384 0.672205 -0.099017 0.733609
1261230917.488744 -298.260998 53.070859 314.004076 0.012162 0.675416 -0.098317 0.730753
1261230917.688756 -296.789988 53.025878 314.105899 0.011925 0.678774 -0.098251 0.727648
1261230917.888729 -295.275587 52.971959 314.198979 0.012669 0.681558 -0.100332 0.724742
1261230918.338759 -291.610455 52.816708 314.363133 0.010987 0.688886 -0.100021 0.717852
1261230918.588763 -289.564773 52.736199 314.426276 0.010464 0.692617 -0.098773 0.714434
1261230918.838759 -287.550446 52.663904 314.475250 0.011713 0.695325 -0.099488 0.711680
1261230919.038756 -285.948661 52.601618 314.510349 0.012262 0.696883 -0.100761 0.709966
1261230919.241196 -284.455373 52.554673 314.537013 0.012099 0.698276 -0.100807 0.708591
1261230919.738761 -280.711507 52.423310 314.581481 0.012914 0.701051 -0.101056 0.705797
1261230919.938767 -279.194002 52.363567 314.596462 0.013080 0.701710 -0.100472 0.705222
1261230920.188760 -277.177968 52.270538 314.611026 0.013187 0.702721 -0.101576 0.704054
1261230920.388760 -275.563579 52.195016 314.619315 0.012743 0.703493 -0.101587 0.703289
1261230920.588761 -273.948985 52.115979 314.625058 0.012814 0.704235 -0.102113 0.702469
1261230920.988769 -270.778207 51.967696 314.623368 0.011107 0.705913 -0.102673 0.700729
1261230921.238774 -268.901498 51.893117 314.618670 0.011156 0.706491 -0.103374 0.700043
1261230921.438790 -267.428313 51.835790 314.609259 0.010859 0.707304 -0.101932 0.699438
1261230921.688773 -265.556979 51.760887 314.596738 0.010638 0.707779 -0.101768 0.698984
1261230921.888784 -264.037118 51.696028 314.578494 0.010891 0.708447 -0.100418 0.698498
1261230922.038780 -262.836375 51.638720 314.562740 0.011006 0.708947 -0.100615 0.697961
1261230922.188800 -261.608112 51.577196 314.546200 0.011027 0.709397 -0.100639 0.697500
1261230922.338807 -260.413826 51.521443 314.525112 0.010986 0.709992 -0.099911 0.696999
1261230922.550265 -258.841951 51.444841 314.494410 0.011782 0.710787 -0.101284 0.695978
1261230922.940850 -255.787487 51.298897 314.407193 0.013765 0.713471 -0.101021 0.693227
1261230923.138782 -254.294669 51.230467 314.361249 0.013070 0.714372 -0.100115 0.692444
1261230923.338794 -252.846944 51.168306 314.315247 0.012609 0.715089 -0.099513 0.691799
1261230923.488797 -251.783391 51.121064 314.279752 0.013227 0.715444 -0.099944 0.691358
1261230923.638797 -250.705280 51.073347 314.243630 0.013830 0.715685 -0.100436 0.691026
1261230923.838826 -249.240027 51.006814 314.189715 0.013463 0.716244 -0.098243 0.690769
1261230923.988798 -248.104330 50.949359 314.152860 0.012412 0.716147 -0.097465 0.691000
1261230924.338796 -245.603984 50.846468 314.076715 0.011857 0.715499 -0.098971 0.691466
1261230924.588824 -243.817407 50.771461 314.023832 0.010159 0.715337 -0.098617 0.691711
1261230924.788802 -242.468689 50.719199 313.987857 0.010541 0.715177 -0.100960 0.691533
1261230924.988813 -241.167150 50.671248 313.954916 0.010260 0.715023 -0.102939 0.691404
1261230925.238823 -239.451055 50.591767 313.905094 0.009987 0.715541 -0.102423 0.690949
1261230925.488806 -237.664939 50.499819 313.852733 0.010469 0.716342 -0.102919 0.690038
1261230925.688818 -236.277643 50.430062 313.815537 0.011322 0.716724 -0.103656 0.689517
1261230925.938835 -234.527255 50.335355 313.753223 0.013438 0.717431 -0.103449 0.688775
1261230926.188816 -232.721309 50.231373 313.692926 0.012490 0.718232 -0.102843 0.688048
1261230926.738837 -229.147599 50.038645 313.555794 0.011867 0.720610 -0.105033 0.685236
1261230927.038822 -227.219716 49.926622 313.475826 0.009655 0.721978 -0.107329 0.683473
1261230927.388845 -224.976048 49.785565 313.371290 0.008831 0.723280 -0.111413 0.681451
1261230927.988854 -221.316486 49.561281 313.165856 0.006344 0.726075 -0.107352 0.679154
1261230928.338849 -219.522589 49.461897 313.045231 0.009457 0.728077 -0.108401 0.676804
1261230928.638838 -218.073993 49.381621 312.933501 0.010105 0.730961 -0.107578 0.673810
1261230928.988861 -216.472247 49.289576 312.790857 0.008802 0.734341 -0.104573 0.670619
1261230929.291568 -215.168140 49.218063 312.670650 0.008279 0.736582 -0.105669 0.667992
1261230929.588862 -213.993115 49.158466 312.552594 0.009372 0.738148 -0.105468 0.666278
1261230929.888849 -212.915294 49.107008 312.453146 0.007232 0.738827 -0.105949 0.665476
1261230930.188855 -211.911085 49.053617 312.353921 0.009343 0.738529 -0.106577 0.665680
1261230930.438873 -211.037815 49.003643 312.271562 0.010170 0.738102 -0.107307 0.666023
1261230930.788862 -209.803803 48.936411 312.157852 0.012404 0.736972 -0.109469 0.666884
1261230931.538864 -206.793312 48.752182 311.914928 0.016096 0.733261 -0.120991 0.668902
1261230931.888881 -205.097753 48.662043 311.761766 0.011907 0.734303 -0.110272 0.669699
1261230932.138861 -203.743561 48.602981 311.647401 0.002744 0.735652 -0.099127 0.670061
1261230932.638892 -200.997844 48.493621 311.419966 0.016741 0.731698 -0.115451 0.671572
1261230932.888868 -199.576135 48.385724 311.298876 0.028439 0.729940 -0.122310 0.671878
1261230933.288896 -197.006023 48.182312 311.099115 0.018632 0.732596 -0.112817 0.670990
1261230933.488900 -195.569813 48.069946 310.977178 0.018229 0.733015 -0.111491 0.670766
1261230933.688882 -194.116252 47.970627 310.857782 0.018019 0.733503 -0.113635 0.669877
1261230934.088906 -191.198166 47.774856 310.590753 0.014327 0.737279 -0.113218 0.665880
1261230934.288913 -189.705704 47.674049 310.435670 0.015971 0.738655 -0.115088 0.663995
1261230934.588895 -187.419676 47.518458 310.195998 0.011500 0.741823 -0.116293 0.660335
1261230934.738903 -186.238301 47.435175 310.057346 0.011334 0.743501 -0.115927 0.658513
1261230934.888916 -185.075364 47.355301 309.911360 0.012805 0.745222 -0.115523 0.656608
1261230935.188893 -182.743358 47.202313 309.612929 0.011263 0.747708 -0.114314 0.654017
1261230935.338899 -181.566952 47.127358 309.453074 0.011368 0.748594 -0.112317 0.653347
1261230935.488912 -180.336356 47.049190 309.292570 0.009940 0.748988 -0.112186 0.652941
1261230935.638919 -178.974638 46.949658 309.108705 0.011225 0.749150 -0.112205 0.652731
1261230935.988899 -175.893690 46.738420 308.691149 0.012926 0.750323 -0.111953 0.651394
1261230936.138912 -174.504239 46.639196 308.505896 0.012835 0.750466 -0.112326 0.651168
1261230936.488935 -171.246159 46.418293 308.066295 0.011102 0.751240 -0.109720 0.650750
1261230936.638908 -169.707225 46.313897 307.862289 0.009140 0.751415 -0.108909 0.650716
1261230936.988921 -166.495360 46.106910 307.421787 0.014753 0.751261 -0.114681 0.649798
1261230937.138936 -165.124279 46.020863 307.240102 0.012850 0.751803 -0.113365 0.649442
1261230937.339647 -163.271898 45.898262 306.987252 0.008596 0.752572 -0.112454 0.648780
1261230937.738938 -159.549499 45.641402 306.457827 0.011229 0.753338 -0.115189 0.647370
1261230937.888937 -158.107489 45.535948 306.247854 0.011192 0.753931 -0.113485 0.646981
1261230938.088952 -156.272220 45.410815 305.977356 0.011474 0.754679 -0.111091 0.646519
1261230938.288926 -154.481424 45.304368 305.716446 0.008712 0.755412 -0.109453 0.645985
1261230938.688952 -150.901351 45.098081 305.179200 0.007761 0.756549 -0.109161 0.644715
1261230938.888926 -149.116154 44.982870 304.908021 0.009819 0.756188 -0.112910 0.644464
1261230939.038935 -147.789102 44.893451 304.709837 0.010033 0.755997 -0.115428 0.644239
1261230939.438949 -144.338989 44.651626 304.192613 0.008291 0.756342 -0.116337 0.643695
1261230939.638937 -142.610601 44.536114 303.927308 0.005446 0.756666 -0.114803 0.643621
1261230939.788946 -141.331852 44.454397 303.732971 0.003942 0.756593 -0.115379 0.643615
1261230939.988947 -139.570522 44.339082 303.455093 0.005033 0.756751 -0.114613 0.643558
1261230940.138967 -138.177906 44.244869 303.237359 0.004149 0.757140 -0.113781 0.643254
1261230940.438945 -135.213651 44.009424 302.759892 0.013502 0.756419 -0.114418 0.643860
1261230940.638947 -133.428583 43.879627 302.487765 0.014573 0.756177 -0.113410 0.644299
1261230940.838974 -131.672747 43.747489 302.225894 0.014545 0.755616 -0.113268 0.644983
1261230940.988976 -130.353314 43.656916 302.033339 0.013536 0.755242 -0.113660 0.645374
1261230941.138948 -129.083898 43.571787 301.851036 0.010969 0.755136 -0.112424 0.645764
1261230941.488970 -126.114414 43.368069 301.411104 0.011986 0.754980 -0.113546 0.645731
1261230941.638975 -124.895174 43.285578 301.233038 0.012735 0.754694 -0.115341 0.645733
1261230942.038960 -121.516339 43.055547 300.733871 0.007695 0.755480 -0.112093 0.645466
1261230942.238973 -119.789799 42.938568 300.471496 0.009191 0.755596 -0.113236 0.645111
1261230942.638961 -116.482929 42.733198 299.959960 0.006909 0.756595 -0.108705 0.644748
1261230943.038976 -113.348577 42.571430 299.477951 0.005701 0.756819 -0.109156 0.644420
1261230943.188990 -112.159562 42.507387 299.296736 0.005118 0.756763 -0.110455 0.644270
1261230943.488972 -109.590423 42.330760 298.899945 0.008269 0.756308 -0.113992 0.644156
1261230943.838992 -106.609597 42.105032 298.437047 0.010105 0.756477 -0.113181 0.644073
1261230943.938996 -105.818475 42.048411 298.313276 0.010359 0.756624 -0.111810 0.644136
1261230944.159088 -104.262421 41.942523 298.071403 0.011103 0.756821 -0.110234 0.644164
1261230944.639009 -100.378033 41.682346 297.461574 0.011921 0.757294 -0.105993 0.644305
1261230944.839016 -98.790633 41.565820 297.207334 0.015440 0.757275 -0.105780 0.644288
1261230945.239006 -95.858615 41.365764 296.762062 0.014838 0.756808 -0.108318 0.644429
1261230945.439015 -94.503277 41.275911 296.553547 0.015222 0.756849 -0.107760 0.644465
1261230945.889009 -91.561697 41.074862 296.113851 0.014394 0.756193 -0.111526 0.644614
1261230946.089020 -90.300760 40.989673 295.923292 0.012398 0.756474 -0.110274 0.644541
1261230946.289027 -89.057367 40.905507 295.739832 0.011087 0.756456 -0.110246 0.644591
1261230946.539009 -87.533332 40.805429 295.511705 0.011302 0.756188 -0.111487 0.644688
1261230946.739014 -86.307607 40.719799 295.323760 0.011176 0.756216 -0.110594 0.644811
1261230946.939028 -85.044065 40.624495 295.139923 0.009610 0.756001 -0.112199 0.644811
1261230947.389025 -82.187658 40.408153 294.713872 0.009732 0.755963 -0.112163 0.644861
1261230947.589021 -81.007648 40.323605 294.542422 0.009414 0.755673 -0.112687 0.645113
1261230948.089019 -78.040062 40.104848 294.105456 0.009246 0.755465 -0.111610 0.645546
1261230948.339043 -76.534082 39.990219 293.885362 0.008257 0.755407 -0.111930 0.645572
1261230949.039042 -72.700898 39.711588 293.319297 0.009196 0.755285 -0.112098 0.645674
1261230949.389026 -70.894282 39.586126 293.042030 0.012111 0.755699 -0.110047 0.645494
1261230949.739039 -69.027901 39.454008 292.751451 0.014363 0.755875 -0.109211 0.645383
1261230950.089057 -67.164141 39.334342 292.469606 0.016405 0.755787 -0.109018 0.645471
1261230950.439044 -65.253191 39.205447 292.190930 0.015845 0.755120 -0.112293 0.645703
1261230950.689064 -63.839943 39.096782 291.980744 0.019799 0.754511 -0.116111 0.645631
1261230951.289744 -60.264393 38.808059 291.446289 0.017687 0.756305 -0.120326 0.642815
1261230951.589080 -58.440794 38.674895 291.159715 0.015028 0.757406 -0.114132 0.642716
1261230951.839047 -56.883371 38.579507 290.913176 0.013311 0.757707 -0.108912 0.643305
1261230952.339120 -53.487785 38.376239 290.375670 0.017318 0.757434 -0.104777 0.644218
1261230952.539059 -51.934846 38.270899 290.141285 0.014857 0.757380 -0.104726 0.644351
1261230952.939086 -48.836395 38.049222 289.683261 0.020078 0.754954 -0.115112 0.645284
1261230953.139055 -47.261651 37.926422 289.458884 0.018234 0.754343 -0.117753 0.645576
1261230953.339074 -45.650016 37.799267 289.222379 0.016361 0.754344 -0.115808 0.645977
1261230953.739096 -42.374417 37.561389 288.746081 0.013153 0.754028 -0.114247 0.646697
1261230953.939073 -40.619493 37.431163 288.487866 0.012781 0.754122 -0.112514 0.646899
1261230954.139081 -38.864844 37.311525 288.228106 0.011675 0.754370 -0.109349 0.647172
1261230954.539106 -35.297146 37.084409 287.689836 0.013197 0.754396 -0.106734 0.647550
1261230954.739087 -33.423791 36.967056 287.415108 0.011097 0.754401 -0.106388 0.647640
1261230955.139102 -29.742450 36.730866 286.886248 0.012599 0.753494 -0.112343 0.647663
1261230955.289113 -28.389780 36.639729 286.691371 0.014149 0.753193 -0.113767 0.647733
1261230955.439087 -27.040118 36.548430 286.503449 0.011230 0.753137 -0.114216 0.647776
1261230955.639088 -25.260772 36.431004 286.251501 0.008846 0.752914 -0.113591 0.648181
1261230955.839101 -23.474366 36.317014 285.996172 0.008036 0.752908 -0.113901 0.648145
1261230956.239095 -19.877076 36.064600 285.486213 0.009924 0.751343 -0.117825 0.649232
1261230956.439112 -18.085712 35.944681 285.241665 0.005729 0.751036 -0.115552 0.650046
1261230956.639111 -16.291668 35.831100 284.997743 0.005417 0.750523 -0.115294 0.650687
1261230957.089107 -12.016108 35.542928 284.400764 0.008118 0.750682 -0.114463 0.650622
1261230957.489123 -8.258920 35.284416 283.866781 0.007866 0.752150 -0.111952 0.649366
1261230957.639097 -6.815068 35.186889 283.658699 0.007276 0.753019 -0.110950 0.648537
1261230957.789106 -5.354624 35.093214 283.441670 0.008533 0.753900 -0.109403 0.647760
1261230958.189125 -1.598859 34.853748 282.870325 0.009407 0.756321 -0.108543 0.645065
1261230958.339133 -0.120086 34.759557 282.646452 0.007741 0.757046 -0.109865 0.644011
1261230958.539115 1.816588 34.628952 282.348562 0.007437 0.757879 -0.112474 0.642584
1261230958.739140 3.655223 34.510790 282.060325 0.007564 0.758900 -0.114109 0.641087
1261230959.089143 6.901347 34.285098 281.530224 0.007629 0.760407 -0.116126 0.638935
1261230959.289126 8.793261 34.148464 281.218153 0.005682 0.761044 -0.116589 0.638112
1261230959.509182 10.666928 34.010839 280.904003 0.005995 0.761114 -0.117006 0.637949
1261230959.839154 13.807777 33.791462 280.369299 0.011248 0.760490 -0.115425 0.638910
1261230959.989125 15.178291 33.687535 280.149565 0.013001 0.758916 -0.118439 0.640195
1261230960.089136 16.131905 33.608407 279.997758 0.014065 0.758153 -0.118795 0.641010
1261230960.239139 17.575734 33.488011 279.772205 0.013449 0.757759 -0.116571 0.641897
1261230960.589163 20.870695 33.245548 279.271023 0.009378 0.756228 -0.113625 0.644299
1261230960.789133 22.715565 33.123049 279.001068 0.008522 0.754942 -0.114654 0.645635
1261230960.939150 24.084757 33.032542 278.810462 0.006265 0.754211 -0.115040 0.646446
1261230961.139159 25.914428 32.913863 278.554543 0.004662 0.753583 -0.116238 0.646977
1261230961.489139 29.215254 32.697309 278.080336 0.002933 0.753670 -0.115077 0.647094
1261230961.689151 31.021874 32.584537 277.822779 0.004131 0.753486 -0.115530 0.647221
1261230962.139145 34.992881 32.339719 277.247011 0.005254 0.753677 -0.114938 0.647096
1261230962.339163 36.710455 32.227355 276.993826 0.007808 0.753594 -0.115913 0.646993
1261230962.539160 38.454687 32.107104 276.746382 0.007220 0.753436 -0.116844 0.647016
1261230962.689176 39.810624 32.004350 276.552403 0.006778 0.753306 -0.116846 0.647171
1261230962.848909 41.194161 31.897245 276.350198 0.005786 0.753451 -0.116994 0.646986
1261230963.189167 44.272728 31.680274 275.900867 0.005129 0.753372 -0.117163 0.647052
1261230963.608084 47.875975 31.459953 275.380169 0.001615 0.754081 -0.112328 0.647103
1261230963.739159 49.043988 31.384341 275.207138 0.004230 0.753870 -0.116281 0.646638
1261230964.089182 51.923583 31.166428 274.755638 0.011920 0.754826 -0.115016 0.645652
1261230964.239183 53.061502 31.075471 274.575816 0.013328 0.754653 -0.114905 0.645847
1261230964.439169 54.600416 30.974995 274.333787 0.015099 0.755288 -0.113364 0.645337
1261230964.839187 57.907718 30.748659 273.828818 0.010633 0.756153 -0.109734 0.645041
1261230964.989191 59.136395 30.675077 273.641856 0.010471 0.756182 -0.109736 0.645009
1261230965.289178 61.649016 30.496330 273.262418 0.011903 0.755434 -0.114429 0.645045
1261230965.466684 62.938955 30.405943 273.062597 0.010514 0.755370 -0.114005 0.645220
1261230965.739200 65.409529 30.232485 272.689896 0.008133 0.755079 -0.114930 0.645431
1261230965.889175 66.642881 30.148588 272.519256 0.009480 0.754865 -0.116124 0.645449
1261230966.039183 67.868288 30.064382 272.323797 0.009872 0.754616 -0.115800 0.645793
1261230966.407226 70.506372 29.866087 271.909547 0.010082 0.754677 -0.112217 0.646351
1261230966.589217 71.930167 29.763493 271.688529 0.009606 0.753895 -0.112186 0.647274
1261230966.789189 73.363439 29.673966 271.485777 0.008762 0.753722 -0.112098 0.647503
1261230967.289218 76.861343 29.467197 271.003836 0.005140 0.753169 -0.111753 0.648245
1261230967.639204 79.540705 29.309990 270.624969 0.005702 0.753546 -0.110126 0.648081
1261230967.989229 82.155488 29.165640 270.239629 0.006121 0.753959 -0.109724 0.647664
1261230968.139199 83.377412 29.089769 270.063745 0.006402 0.753828 -0.112494 0.647339
1261230968.539220 86.144167 28.887420 269.658174 0.011250 0.753728 -0.115296 0.646896
1261230968.739219 87.461352 28.785671 269.465263 0.012370 0.753533 -0.116271 0.646928
1261230968.939207 88.727417 28.692848 269.280240 0.009967 0.754229 -0.112735 0.646785
1261230969.439219 91.799337 28.483009 268.835902 0.004948 0.754735 -0.112080 0.646366
1261230969.639215 92.958657 28.410571 268.676005 0.000312 0.754506 -0.112414 0.646594
1261230969.939224 94.564897 28.314857 268.431340 -0.001692 0.754548 -0.113452 0.646361
1261230970.089232 95.095740 28.287181 268.345448 -0.004603 0.754696 -0.115233 0.645859
1261230970.289247 96.077478 28.227065 268.188405 -0.006173 0.755236 -0.117416 0.644821
1261230970.989252 99.114363 28.042393 267.653605 -0.001554 0.763524 -0.108999 0.636512
1261230971.589248 101.169177 27.921188 267.211709 0.005613 0.769835 -0.105050 0.629513
1261230972.339254 103.227098 27.783291 266.743646 0.010101 0.774731 -0.106236 0.623220
1261230973.189255 104.829747 27.707612 266.349092 0.010749 0.779176 -0.110770 0.616846
1261230974.839289 107.487851 27.524574 265.955541 0.016793 0.751707 -0.117327 0.648760
1261230975.239280 108.422632 27.473953 265.957524 0.021721 0.728040 -0.113349 0.675750
1261230975.889287 110.393640 27.410142 266.175133 0.014225 0.672133 -0.106000 0.732665
1261230976.139292 111.326346 27.395833 266.361591 0.014355 0.643054 -0.098658 0.759304
1261230976.539289 112.914901 27.405487 266.922010 0.012695 0.589243 -0.090299 0.802793
1261230976.739299 113.685178 27.469632 267.351921 0.013190 0.560093 -0.083329 0.824123
1261230977.089298 115.143102 27.509014 268.241204 0.014080 0.509134 -0.072810 0.857486
1261230977.289289 115.948788 27.524964 268.833326 0.017179 0.481612 -0.072317 0.873227
1261230977.739298 117.811697 27.605068 270.352725 0.017240 0.426992 -0.065184 0.901738
1261230977.939288 118.609772 27.663207 271.137194 0.013265 0.403629 -0.059805 0.912869
1261230978.339317 120.179638 27.834217 272.985857 0.008843 0.351637 -0.053986 0.934537
1261230978.489327 120.765104 27.916135 273.794078 0.008394 0.331409 -0.050772 0.942083
1261230978.639300 121.333928 28.005821 274.649071 0.008173 0.311980 -0.048960 0.948791
1261230979.039312 122.692449 28.233262 276.929006 0.001409 0.277047 -0.047408 0.959685
1261230979.239324 123.373049 28.360988 278.117536 -0.000600 0.267819 -0.044075 0.962461
1261230979.639312 124.660436 28.650647 280.296638 0.005754 0.254929 -0.033886 0.966349
1261230979.839332 125.302023 28.798859 281.519205 0.007134 0.248177 -0.033737 0.968101
1261230980.089340 126.139607 28.978415 283.161259 0.012880 0.241402 -0.033328 0.969767
1261230980.489336 127.448585 29.215015 285.842065 0.012905 0.230172 -0.037213 0.972353
1261230980.689348 128.140619 29.333818 287.270225 0.010912 0.224039 -0.038160 0.973772
1261230981.089326 129.415412 29.613313 290.119434 0.007860 0.212399 -0.038994 0.976373
1261230981.289341 130.040152 29.765037 291.583295 0.005752 0.207516 -0.038812 0.977444
1261230981.689327 131.298045 30.079066 294.601236 0.003084 0.197708 -0.038230 0.979510
1261230981.889337 131.901284 30.237262 296.106361 0.002074 0.193191 -0.037545 0.980440
1261230982.339343 133.230531 30.605100 299.544814 0.000355 0.183113 -0.037859 0.982363
1261230982.589338 133.920339 30.813450 301.371357 -0.001284 0.178723 -0.037076 0.983200
1261230983.089378 135.201750 31.215711 304.913257 -0.002266 0.172674 -0.033702 0.984400
1261230983.347076 135.772625 31.413208 306.560443 -0.004185 0.168934 -0.032318 0.985088
1261230983.623717 136.296637 31.608362 308.132270 -0.004683 0.164713 -0.032380 0.985799
1261230983.839379 136.811166 31.790454 309.692466 -0.004576 0.162864 -0.034905 0.986020
1261230984.339370 137.818062 32.137601 312.710430 -0.002863 0.162276 -0.032852 0.986194
1261230984.639349 138.430144 32.328631 314.491952 0.000519 0.162338 -0.026852 0.986370
1261230984.889367 138.887249 32.506817 315.976794 -0.002799 0.159375 -0.035762 0.986566
1261230985.139380 139.377953 32.673704 317.475898 -0.009565 0.157919 -0.033624 0.986833
1261230985.839381 140.563714 33.114314 321.334231 -0.006771 0.151837 -0.043246 0.987436
1261230986.239374 141.145650 33.327503 323.222493 -0.008554 0.150425 -0.043587 0.987623
1261230986.589385 141.653187 33.543928 324.837313 -0.014379 0.150717 -0.041772 0.987589
1261230987.639378 142.915978 34.007684 328.797786 -0.002827 0.160860 -0.048372 0.985787
1261230988.139403 143.598018 34.181648 330.400543 0.002076 0.190716 -0.049397 0.980399
1261230989.039418 145.237686 34.434193 333.211531 0.008838 0.262761 -0.052494 0.963391
1261230989.389408 146.103723 34.522318 334.343030 0.011277 0.295836 -0.049329 0.953898
1261230989.689421 146.901341 34.603964 335.299613 0.011655 0.323940 -0.056760 0.944302
1261230989.939400 147.663046 34.674098 336.127464 0.011630 0.347315 -0.057684 0.935901
1261230990.239417 148.690633 34.751984 337.153508 0.012539 0.374346 -0.061574 0.925157
1261230990.889417 151.350699 34.874015 339.442030 0.018399 0.423406 -0.074340 0.902697
1261230991.239442 153.033321 34.908603 340.775718 0.016356 0.439696 -0.075563 0.894813
1261230991.639425 154.839713 34.952041 342.109222 0.009766 0.451230 -0.075194 0.889180
1261230992.639446 159.249299 35.169846 345.438499 0.004231 0.434955 -0.069818 0.897731
1261230993.039441 161.030192 35.307241 347.051554 0.004154 0.409254 -0.067759 0.909891
1261230993.439454 162.787257 35.472159 348.827079 0.002166 0.381189 -0.060527 0.922511
1261230994.139460 165.475551 35.821145 352.202821 -0.002334 0.319547 -0.055674 0.945931
1261230994.439441 166.486651 36.000246 353.724573 -0.007683 0.291600 -0.051732 0.955110
1261230994.739459 167.407465 36.209969 355.305477 -0.013899 0.262501 -0.047096 0.963682
1261230995.289456 168.716168 36.634001 358.198931 -0.017249 0.206509 -0.040565 0.977451
1261230995.889458 169.731096 37.120762 361.509584 -0.016985 0.147519 -0.030981 0.988428
1261230996.189470 170.095640 37.330164 363.046188 -0.013989 0.119492 -0.023952 0.992448
1261230996.839490 170.464764 37.803082 366.495382 -0.010131 0.050010 -0.016613 0.998559
1261230997.139489 170.445830 38.022357 368.013272 -0.012775 0.016305 -0.013554 0.999694
1261230997.789494 170.072587 38.490001 371.150065 -0.017868 -0.055231 -0.003970 0.998306
1261230998.089511 169.734461 38.715729 372.548535 -0.017270 -0.088951 0.000279 0.995886
1261230998.639498 168.805983 39.144387 375.187887 -0.022015 -0.159838 0.012505 0.986818
1261230998.889487 168.219353 39.355191 376.351019 -0.022470 -0.195579 0.016291 0.980295
1261230999.139493 167.562052 39.557765 377.496720 -0.023740 -0.226180 0.020966 0.973570
1261230999.739496 165.715320 40.075641 380.226859 -0.032917 -0.283546 0.027970 0.957985
1261231000.039516 164.629223 40.352642 381.570368 -0.034628 -0.310171 0.031299 0.949534
1261231000.589505 162.407561 40.846897 383.898891 -0.035194 -0.362212 0.042723 0.930451
1261231000.839524 161.265577 41.061657 384.909952 -0.034249 -0.388461 0.049340 0.919506
1261231001.389519 158.494795 41.506761 386.938081 -0.032328 -0.448105 0.056009 0.891639
1261231001.889514 155.686067 41.874343 388.474516 -0.032293 -0.501941 0.060673 0.862167
1261231002.143624 154.244817 42.059243 389.165045 -0.031499 -0.529507 0.063306 0.845354
1261231002.539534 151.819773 42.283797 390.017912 -0.031172 -0.574001 0.068121 0.815420
1261231002.739525 150.485608 42.372196 390.214991 -0.028992 -0.595632 0.071441 0.799549
1261231002.989538 148.837095 42.485035 390.415851 -0.029136 -0.621733 0.073695 0.779210
1261231003.489529 145.566114 42.653793 390.616596 -0.032247 -0.672949 0.073709 0.735300
1261231003.939549 142.592547 42.776092 390.435672 -0.033510 -0.712355 0.077832 0.696685
1261231004.389543 139.642723 42.837585 389.990363 -0.030847 -0.741970 0.087951 0.663923
1261231004.839564 136.725382 42.835511 389.302109 -0.032173 -0.765556 0.092034 0.635939
1261231005.039549 135.472574 42.821401 388.955356 -0.031499 -0.775117 0.090034 0.624576
1261231005.615222 132.013187 42.809498 387.891501 -0.030302 -0.791988 0.088827 0.603280
1261231005.916197 130.135328 42.816067 387.249622 -0.028206 -0.795669 0.090360 0.598289
1261231006.189588 128.329522 42.816451 386.665971 -0.027906 -0.794934 0.088739 0.599522
1261231006.789579 124.392953 42.841875 385.564466 -0.031446 -0.783631 0.093206 0.613389
1261231007.289572 121.066600 42.891285 384.801087 -0.035616 -0.768845 0.091682 0.631826
1261231007.489575 119.807957 42.931309 384.549123 -0.034512 -0.761902 0.090332 0.640433
1261231007.889568 117.140399 43.002021 384.173302 -0.037048 -0.746813 0.092603 0.657513
1261231008.094379 115.839229 43.043223 384.008727 -0.035183 -0.738391 0.089041 0.667543
1261231008.589597 112.298318 43.178069 383.834011 -0.033619 -0.710571 0.087942 0.697298
1261231008.739578 111.161882 43.216470 383.831496 -0.033113 -0.702300 0.087576 0.705697
1261231009.039589 108.883765 43.327518 383.879716 -0.031520 -0.685265 0.085956 0.722516
1261231009.189594 107.836732 43.390445 383.958709 -0.031686 -0.678209 0.084216 0.729340
1261231009.339601 106.682108 43.452848 384.038127 -0.031139 -0.670868 0.084431 0.736096
1261231009.639596 104.374158 43.582753 384.270583 -0.032249 -0.659320 0.084743 0.746375
1261231009.789597 103.155361 43.647089 384.383317 -0.030846 -0.654860 0.083065 0.750538
1261231010.089612 100.829753 43.791707 384.703708 -0.031741 -0.648208 0.083869 0.756165
1261231010.239592 99.618850 43.860838 384.869637 -0.031752 -0.646257 0.085385 0.757663
1261231010.589612 96.713978 44.023196 385.259130 -0.033819 -0.643226 0.085674 0.760116
1261231010.739616 95.429876 44.096658 385.425221 -0.036109 -0.643330 0.085195 0.759977
1261231011.039603 92.846234 44.250045 385.771475 -0.037058 -0.643518 0.086090 0.759671
1261231011.189613 91.628755 44.325607 385.939428 -0.038013 -0.644052 0.085362 0.759253
1261231011.489630 89.110393 44.478378 386.281336 -0.039956 -0.644988 0.084187 0.758490
1261231011.639606 87.860296 44.557320 386.453448 -0.040189 -0.645043 0.083505 0.758506
1261231011.804071 86.632052 44.637092 386.625893 -0.040259 -0.644777 0.083073 0.758776
1261231012.204243 83.404470 44.858396 387.069433 -0.039625 -0.642987 0.085210 0.760090
1261231012.639622 79.578855 45.095920 387.621813 -0.041153 -0.642056 0.084739 0.760848
1261231012.889637 77.478098 45.227710 387.923767 -0.038884 -0.640754 0.084656 0.762074
1261231013.303323 74.102667 45.431215 388.437995 -0.035530 -0.637671 0.084733 0.764809
1261231013.439637 72.861829 45.527541 388.612683 -0.037135 -0.636090 0.084134 0.766115
1261231013.589635 71.666154 45.616555 388.802370 -0.039560 -0.634963 0.083298 0.767019
1261231013.739640 70.644169 45.701792 388.987452 -0.042069 -0.634325 0.082105 0.767542
1261231014.139636 67.281016 45.942046 389.527716 -0.040344 -0.636652 0.085213 0.765366
1261231014.289641 65.958784 46.033449 389.728823 -0.041730 -0.639522 0.082577 0.763185
1261231014.439661 64.786537 46.119441 389.893180 -0.042159 -0.640970 0.083028 0.761897
1261231014.589661 63.604525 46.207561 390.056678 -0.043051 -0.642309 0.083879 0.760625
1261231014.739636 62.422004 46.290799 390.210918 -0.042506 -0.643748 0.083748 0.759452
1261231014.918165 61.363528 46.366673 390.349293 -0.041957 -0.645571 0.084827 0.757814
1261231015.039647 60.105104 46.445706 390.522519 -0.041690 -0.647226 0.086640 0.756210
1261231015.189665 59.291491 46.480661 390.588317 -0.040780 -0.647083 0.087117 0.756327
1261231015.389641 57.708572 46.561754 390.780101 -0.040132 -0.647249 0.087216 0.756209
1261231015.589648 56.126852 46.641553 390.976633 -0.039084 -0.646376 0.086942 0.757042
1261231016.039673 52.530706 46.849877 391.457760 -0.039339 -0.643170 0.086995 0.759748
1261231016.289647 50.541182 46.968137 391.747068 -0.038948 -0.642229 0.087520 0.760504
1261231016.489661 49.204851 47.049123 391.930986 -0.039726 -0.640673 0.086690 0.761869
1261231016.689669 47.579416 47.141728 392.174170 -0.039871 -0.639756 0.086467 0.762657
1261231016.939658 45.590980 47.263101 392.476350 -0.040058 -0.639100 0.085808 0.763271
1261231017.139666 44.224193 47.351024 392.677073 -0.039591 -0.639070 0.085021 0.763409
1261231017.339675 42.658378 47.445327 392.907100 -0.038697 -0.639371 0.084281 0.763285
1261231017.539684 41.090928 47.541622 393.142496 -0.039636 -0.638925 0.084652 0.763570
1261231017.692952 39.908560 47.611713 393.315973 -0.038477 -0.638578 0.083929 0.763998
1261231017.889677 38.414611 47.709960 393.568799 -0.036893 -0.636735 0.084100 0.765594
1261231018.089677 37.039513 47.807066 393.794975 -0.037364 -0.635385 0.084231 0.766678
1261231018.339684 35.302486 47.931720 394.077496 -0.037896 -0.634887 0.081733 0.767335
1261231018.539690 33.830275 48.029887 394.319179 -0.039364 -0.635592 0.083620 0.766473
1261231018.739678 32.362530 48.128573 394.544391 -0.037807 -0.636793 0.084625 0.765443
1261231018.939705 30.899149 48.223252 394.760982 -0.038030 -0.638917 0.084336 0.763692
1261231019.139671 29.682146 48.303294 394.917666 -0.037500 -0.640442 0.084550 0.762416
1261231019.339680 28.266056 48.395138 395.128736 -0.036195 -0.640637 0.084201 0.762354
1261231019.539696 26.856234 48.485991 395.344399 -0.035765 -0.639888 0.084007 0.763025
1261231019.703551 25.787424 48.555326 395.512217 -0.036590 -0.639046 0.082946 0.763807
1261231020.139684 22.313179 48.772838 396.058010 -0.037129 -0.636860 0.082003 0.765706
1261231020.339704 20.772877 48.873595 396.303025 -0.037078 -0.636631 0.082809 0.765813
1261231020.589711 18.874432 48.993744 396.598014 -0.036346 -0.637162 0.084103 0.765265
1261231020.893353 16.818016 49.122176 396.910201 -0.035502 -0.637989 0.085888 0.764417
1261231021.189718 14.676522 49.240610 397.247523 -0.033725 -0.639156 0.083817 0.763752
1261231021.489698 12.437152 49.372126 397.594323 -0.033925 -0.640122 0.082880 0.763036
1261231021.789717 10.231793 49.505434 397.899429 -0.033792 -0.643400 0.080753 0.760509
1261231022.089729 8.009257 49.625701 398.202503 -0.031098 -0.647370 0.081165 0.757204
1261231022.339712 6.106174 49.730546 398.435128 -0.032306 -0.651139 0.076884 0.754363
1261231022.589720 4.201022 49.838501 398.650328 -0.031568 -0.654036 0.080523 0.751503
1261231022.839740 2.366518 49.939794 398.815816 -0.029893 -0.656328 0.080383 0.749585
1261231023.089724 0.510880 50.042683 399.018928 -0.030695 -0.657423 0.080542 0.748576
1261231023.289725 -1.155605 50.145069 399.210986 -0.033690 -0.657877 0.078721 0.748242
1261231023.489738 -2.745842 50.240796 399.380389 -0.033900 -0.657895 0.078186 0.748272
1261231023.689719 -4.294168 50.342953 399.540774 -0.034272 -0.657749 0.081422 0.748039
1261231023.889725 -5.846812 50.443387 399.700220 -0.035581 -0.657923 0.081237 0.747845
1261231024.139742 -7.795429 50.569885 399.903661 -0.037148 -0.658658 0.081960 0.747043
1261231024.339771 -9.338450 50.663849 400.066705 -0.036950 -0.659436 0.082594 0.746296
1261231024.489724 -10.422486 50.729906 400.169180 -0.037242 -0.660060 0.083360 0.745644
1261231024.639731 -11.379255 50.796909 400.226301 -0.037889 -0.660501 0.084377 0.745107
1261231024.839754 -12.977540 50.892399 400.365929 -0.038127 -0.660427 0.084391 0.745158
1261231025.039754 -14.729539 50.991054 400.553498 -0.038430 -0.659664 0.083821 0.745882
1261231025.239731 -16.385984 51.094037 400.721668 -0.038088 -0.657642 0.083362 0.747735
1261231025.389738 -17.566309 51.172230 400.859347 -0.037513 -0.655411 0.082857 0.749776
1261231025.539745 -18.768921 51.250495 401.012012 -0.036275 -0.652798 0.082379 0.752166
1261231025.689761 -19.985118 51.327424 401.181275 -0.034745 -0.649856 0.082355 0.754783
1261231025.839752 -21.243507 51.405033 401.363994 -0.033206 -0.646971 0.081817 0.757385
1261231025.989741 -22.381703 51.474820 401.538102 -0.033767 -0.644110 0.081193 0.759861
1261231026.139744 -23.625928 51.541428 401.730674 -0.034711 -0.641878 0.079721 0.761861
1261231026.339755 -25.409805 51.652311 402.011365 -0.035554 -0.638805 0.079097 0.764466
1261231026.489768 -26.744787 51.745615 402.217901 -0.035611 -0.636978 0.079312 0.765964
1261231026.689741 -28.526809 51.875853 402.507937 -0.037213 -0.635121 0.079098 0.767450
1261231026.889750 -30.338274 52.011172 402.805492 -0.038560 -0.634449 0.079144 0.767935
1261231027.089767 -32.165164 52.148401 403.107808 -0.040682 -0.634575 0.080125 0.767620
1261231027.289773 -33.995405 52.285941 403.401851 -0.041058 -0.635481 0.080124 0.766850
1261231027.439754 -35.349792 52.386565 403.615754 -0.039751 -0.636115 0.080404 0.766363
1261231027.643372 -37.155220 52.517609 403.891212 -0.037168 -0.637430 0.079988 0.765444
1261231027.789771 -38.506729 52.615003 404.100157 -0.037262 -0.638222 0.079863 0.764792
1261231027.989778 -40.321477 52.737597 404.374520 -0.036027 -0.638982 0.080107 0.764190
1261231028.189762 -42.130876 52.861192 404.656950 -0.037045 -0.639531 0.081457 0.763540
1261231028.339761 -43.532718 52.952752 404.880962 -0.037488 -0.639978 0.080910 0.763202
1261231028.489772 -44.873768 53.046417 405.083342 -0.037689 -0.640128 0.081589 0.762994
1261231028.639783 -46.231086 53.141765 405.285890 -0.038036 -0.640137 0.081757 0.762951
1261231028.789786 -47.681306 53.233870 405.511490 -0.039127 -0.640177 0.081718 0.762866
1261231028.989766 -49.625005 53.360118 405.809736 -0.039517 -0.640064 0.081198 0.762996
1261231029.191385 -51.420799 53.486676 406.095539 -0.039068 -0.640537 0.081505 0.762590
1261231029.389784 -53.148526 53.608005 406.344129 -0.037054 -0.640611 0.082448 0.762526
1261231029.539800 -54.222809 53.691748 406.502758 -0.036415 -0.640980 0.082387 0.762254
1261231029.689769 -55.580669 53.777488 406.704483 -0.036757 -0.641133 0.081746 0.762178
1261231030.089787 -59.528724 54.033378 407.293885 -0.038905 -0.641286 0.081266 0.761993
1261231030.239787 -61.122180 54.134179 407.534650 -0.039090 -0.641133 0.081739 0.762063
1261231030.389789 -62.725938 54.235473 407.775227 -0.039156 -0.641064 0.082097 0.762078
1261231030.539785 -64.303853 54.337484 408.006252 -0.039283 -0.641000 0.082534 0.762079
1261231030.689787 -65.651509 54.428505 408.199673 -0.039971 -0.640999 0.082763 0.762019
1261231030.839793 -66.682253 54.509609 408.322786 -0.040635 -0.640667 0.083852 0.762144
1261231031.003095 -68.125402 54.602582 408.537713 -0.041469 -0.640501 0.084467 0.762170
1261231031.139779 -69.553641 54.697618 408.749356 -0.041975 -0.640403 0.084305 0.762244
1261231031.289785 -70.965859 54.793385 408.958774 -0.042314 -0.640183 0.084373 0.762402
1261231031.439799 -72.365653 54.887772 409.165247 -0.041632 -0.639984 0.083882 0.762661
1261231031.589793 -73.745450 54.982582 409.369739 -0.041243 -0.639907 0.083537 0.762784
1261231031.889790 -76.471587 55.163725 409.779102 -0.040806 -0.639194 0.083920 0.763363
1261231032.089799 -78.298433 55.286979 410.057573 -0.041297 -0.639019 0.083730 0.763504
1261231032.291111 -80.106365 55.411350 410.333654 -0.042804 -0.638832 0.082799 0.763679
1261231032.439818 -81.462264 55.506974 410.541338 -0.043517 -0.638576 0.082950 0.763837
1261231032.589834 -82.818361 55.604147 410.749262 -0.044521 -0.638150 0.083762 0.764046
1261231032.789805 -84.612816 55.729766 411.026255 -0.044182 -0.637671 0.084913 0.764339
1261231032.989818 -86.393275 55.858334 411.304545 -0.045674 -0.637376 0.085473 0.764435
1261231033.189822 -88.167218 55.987323 411.577290 -0.046708 -0.637207 0.085042 0.764561
1261231033.389800 -89.925303 56.118375 411.849341 -0.047231 -0.636927 0.085366 0.764726
1261231033.589811 -91.649175 56.249565 412.115205 -0.046878 -0.636639 0.085786 0.764940
1261231033.739816 -92.938945 56.345661 412.317480 -0.046326 -0.636446 0.086477 0.765057
1261231033.939839 -94.658763 56.467172 412.586856 -0.044777 -0.636171 0.087469 0.765265
1261231034.139810 -96.358749 56.581622 412.850557 -0.043826 -0.636095 0.088140 0.765306
1261231034.389825 -98.457572 56.719247 413.177856 -0.044268 -0.636831 0.088299 0.764651
1261231034.639830 -100.522033 56.857581 413.491565 -0.044692 -0.638055 0.086668 0.763791
1261231034.839830 -102.151644 56.970521 413.737949 -0.044186 -0.638774 0.086440 0.763245
1261231035.039830 -103.794487 57.079336 413.985129 -0.043534 -0.639162 0.087405 0.762848
1261231035.242744 -105.427114 57.184977 414.229487 -0.043549 -0.639500 0.087212 0.762586
1261231035.389842 -106.663611 57.264405 414.410339 -0.043491 -0.639686 0.087198 0.762435
1261231035.589857 -108.301914 57.371913 414.655748 -0.044852 -0.639417 0.087904 0.762500
1261231035.789831 -109.916658 57.478298 414.885413 -0.043360 -0.639566 0.086077 0.762670
1261231035.989845 -111.504611 57.586957 415.115796 -0.042258 -0.639969 0.086282 0.762371
1261231036.239853 -113.458030 57.719486 415.399475 -0.043996 -0.639698 0.084199 0.762732
1261231036.439839 -114.973332 57.823550 415.620254 -0.043646 -0.639499 0.084364 0.762901
1261231036.689850 -116.809402 57.949131 415.895331 -0.043011 -0.639078 0.085604 0.763152
1261231036.939860 -118.642985 58.068010 416.169379 -0.043720 -0.638815 0.085773 0.763313
1261231037.239849 -120.733000 58.205384 416.490260 -0.043311 -0.638338 0.086057 0.763703
1261231037.491302 -122.465908 58.316094 416.764198 -0.042585 -0.638079 0.084882 0.764092
1261231037.739873 -124.047918 58.414550 417.008829 -0.041049 -0.636396 0.082795 0.765807
1261231037.991261 -125.660762 58.529167 417.272473 -0.040638 -0.631835 0.080428 0.769847
1261231038.289863 -127.471895 58.679064 417.655532 -0.041010 -0.619535 0.077077 0.780099
1261231038.689855 -129.645084 58.894473 418.267303 -0.041626 -0.591058 0.069519 0.802549
1261231039.039871 -131.272828 59.093705 418.928007 -0.039342 -0.553139 0.063072 0.829766
1261231039.889880 -134.497642 59.664988 421.245694 -0.034302 -0.415596 0.038399 0.908091
1261231040.289868 -135.629709 59.969760 422.657253 -0.033106 -0.341852 0.026006 0.938810
1261231040.689896 -136.506650 60.279504 424.214296 -0.028987 -0.267325 0.013947 0.963069
1261231040.889870 -136.865230 60.455407 425.073522 -0.027733 -0.229567 0.005838 0.972880
1261231041.089883 -137.164133 60.634643 425.984367 -0.030444 -0.191047 -0.002456 0.981106
1261231041.439903 -137.505246 60.966231 427.682486 -0.030275 -0.119878 -0.012876 0.992243
1261231041.639877 -137.599268 61.159878 428.708680 -0.028117 -0.080385 -0.018752 0.996191
1261231041.939894 -137.612285 61.448517 430.341119 -0.023574 -0.025076 -0.026754 0.999049
1261231042.089904 -137.560597 61.597491 431.268090 -0.022297 0.000101 -0.030283 0.999293
1261231042.489889 -137.217345 61.963142 433.594826 -0.017823 0.065834 -0.038721 0.996920
1261231042.689903 -136.923481 62.140663 434.788732 -0.015430 0.094533 -0.038094 0.994673
1261231042.889927 -136.600480 62.301300 435.997687 -0.014036 0.116474 -0.036421 0.992426
1261231043.339907 -135.805981 62.653635 438.707783 -0.006509 0.141549 -0.035457 0.989275
1261231043.589920 -135.304976 62.872133 440.392292 -0.003859 0.151014 -0.036401 0.987854
1261231044.039912 -134.276786 63.279830 443.424253 -0.007889 0.165795 -0.039441 0.985340
1261231044.239923 -133.812095 63.441963 444.806779 -0.005273 0.172482 -0.045951 0.983926
1261231044.761972 -132.533707 63.861837 447.995405 -0.006659 0.193078 -0.053598 0.979696
1261231044.939930 -131.937582 64.041235 449.343650 -0.007668 0.198497 -0.053958 0.978585
1261231045.191913 -131.250546 64.248559 450.974502 -0.006849 0.201673 -0.056891 0.977775
1261231045.639928 -129.860303 64.611642 454.024884 -0.005830 0.217679 -0.062373 0.974008
1261231045.839941 -129.156396 64.795206 455.389580 -0.004923 0.225734 -0.062627 0.972161
1261231046.239929 -127.680012 65.108483 458.161708 -0.005319 0.242614 -0.062365 0.968102
1261231046.439937 -126.928720 65.244154 459.523525 -0.004866 0.249757 -0.060759 0.966388
1261231046.639953 -126.126459 65.390722 460.939538 -0.003894 0.255733 -0.058519 0.964967
1261231047.139946 -124.136906 65.745765 464.257663 -0.002606 0.266093 -0.054256 0.962416
1261231047.339962 -123.371402 65.876696 465.499365 -0.002633 0.267080 -0.052368 0.962247
1261231047.739940 -121.764994 66.174449 468.157005 -0.002231 0.264768 -0.049740 0.963026
1261231047.939948 -121.028664 66.311882 469.413650 -0.004074 0.262264 -0.048315 0.963777
1261231048.339993 -119.527789 66.604647 472.018318 -0.003950 0.257167 -0.047850 0.965173
1261231048.539947 -118.779623 66.736717 473.292142 0.000278 0.258315 -0.046811 0.964926
1261231048.939977 -117.339847 67.004100 475.793304 -0.000477 0.258714 -0.043552 0.964972
1261231049.139952 -116.687293 67.094338 476.862377 0.005679 0.260504 -0.045837 0.964367
1261231049.339959 -115.980623 67.202448 478.058833 0.004564 0.259981 -0.044799 0.964563
1261231049.789981 -114.394151 67.472052 480.881547 0.002789 0.255957 -0.045677 0.965604
1261231050.039967 -113.522332 67.624827 482.463308 0.002332 0.253895 -0.044811 0.966190
1261231050.339984 -112.527904 67.794890 484.297620 0.003277 0.253161 -0.047498 0.966252
1261231050.639962 -111.612024 67.950780 485.964893 0.003273 0.253171 -0.048992 0.966175
1261231051.519137 -109.356608 68.324571 489.973863 0.003024 0.263076 -0.062333 0.962755
1261231051.940006 -108.182449 68.470512 491.674314 0.003878 0.293899 -0.067228 0.953461
1261231052.740010 -105.772323 68.667873 494.356220 0.006239 0.368436 -0.075156 0.926589
1261231053.140008 -104.408428 68.744640 495.515772 0.007675 0.409158 -0.076697 0.909202
1261231053.850140 -101.626550 68.833705 497.278401 0.011100 0.489014 -0.081573 0.868382
1261231054.090015 -100.477980 68.845197 497.792508 0.011759 0.518338 -0.084098 0.850949
1261231054.590010 -97.974466 68.838493 498.666256 0.011459 0.570704 -0.091191 0.815996
1261231054.840025 -96.658766 68.818644 499.002420 0.009023 0.594765 -0.094204 0.798310
1261231055.340015 -94.031642 68.741640 499.460026 0.011674 0.638484 -0.102780 0.762652
1261231055.540027 -93.001636 68.692363 499.606927 0.010115 0.655099 -0.107769 0.747750
1261231055.940012 -90.683586 68.599459 499.736134 0.007696 0.685534 -0.105122 0.720370
1261231056.140028 -89.446451 68.537874 499.753009 0.005731 0.695595 -0.105764 0.710583
1261231056.540051 -86.880653 68.428737 499.714786 0.008187 0.708402 -0.107862 0.697471
1261231056.740022 -85.493053 68.354963 499.690228 0.008118 0.712986 -0.111746 0.692169
1261231056.940033 -84.118349 68.269353 499.634035 0.009395 0.718674 -0.110280 0.686482
1261231057.340069 -81.290390 68.124358 499.419030 0.010353 0.729819 -0.109401 0.674750
1261231057.540030 -79.903453 68.071812 499.299614 0.009919 0.734031 -0.109543 0.670150
1261231057.940054 -76.952165 67.905465 499.005862 0.010341 0.738441 -0.110577 0.665110
1261231058.090065 -75.882561 67.850623 498.895004 0.009535 0.739055 -0.113296 0.663981
1261231058.240039 -74.854469 67.805452 498.781506 0.008723 0.739448 -0.114907 0.663278
1261231058.640047 -71.870527 67.608776 498.479580 0.012320 0.739820 -0.115474 0.662707
1261231058.840066 -70.324604 67.502135 498.341309 0.009999 0.740060 -0.114544 0.662639
1261231059.240058 -67.250110 67.299051 498.018453 0.009777 0.739923 -0.112895 0.663078
1261231059.390063 -66.081318 67.219136 497.906053 0.009593 0.739927 -0.113251 0.663016
1261231059.590083 -64.478035 67.109245 497.758048 0.009259 0.740038 -0.111839 0.663136
1261231059.990067 -61.440424 66.930320 497.470877 0.008863 0.740210 -0.111236 0.663051
1261231060.190077 -59.843802 66.827541 497.311590 0.008210 0.740024 -0.111484 0.663226
1261231060.590063 -56.723169 66.640607 497.019880 0.006933 0.739829 -0.112605 0.663269
1261231060.790071 -55.121972 66.541094 496.882174 0.007878 0.739391 -0.114831 0.663365
1261231061.190067 -52.059178 66.340857 496.578789 0.009206 0.739404 -0.114695 0.663356
1261231061.390072 -50.528271 66.240559 496.430781 0.010472 0.739453 -0.113933 0.663414
1261231061.590096 -48.991263 66.143268 496.288906 0.010812 0.739574 -0.112616 0.663500
1261231062.040078 -45.659180 65.934269 495.957992 0.011633 0.739658 -0.109436 0.663923
1261231062.240088 -44.205032 65.846662 495.818439 0.012107 0.738930 -0.109026 0.664793
1261231062.640079 -41.317570 65.682983 495.559902 0.009534 0.736916 -0.108494 0.667153
1261231062.840095 -40.033179 65.622015 495.466315 0.009833 0.735783 -0.109079 0.668302
1261231063.240110 -37.629806 65.512956 495.319355 0.008703 0.734093 -0.107915 0.670363
1261231063.440079 -36.355308 65.442940 495.235414 0.009299 0.732635 -0.108896 0.671790
1261231063.790104 -33.856169 65.312408 495.072114 0.008209 0.729302 -0.110713 0.675126
1261231063.940116 -32.803841 65.264198 495.014003 0.008481 0.727798 -0.111143 0.676672
1261231064.140093 -31.388947 65.192683 494.944197 0.008503 0.725626 -0.111922 0.678872
1261231064.540106 -28.506237 65.035669 494.807579 0.008437 0.722785 -0.112346 0.681828
1261231064.690129 -27.580766 64.983077 494.766215 0.007767 0.722324 -0.112433 0.682310
1261231065.090105 -24.667837 64.819003 494.629788 0.005691 0.721545 -0.113271 0.683015
1261231065.290119 -23.205809 64.742791 494.560161 0.003979 0.722314 -0.114342 0.682036
1261231065.690104 -20.392587 64.590329 494.400971 0.002510 0.726169 -0.113720 0.678041
1261231065.890119 -19.098284 64.513453 494.327449 0.002292 0.729197 -0.115125 0.674546
1261231066.290135 -16.249768 64.340956 494.034862 0.002282 0.740415 -0.116415 0.661988
1261231066.490119 -14.980116 64.262666 493.841049 0.004551 0.747264 -0.116727 0.654180
1261231066.890135 -12.349450 64.081666 493.438183 0.005151 0.758689 -0.116217 0.640982
1261231067.090146 -10.972841 63.973220 493.194034 0.008682 0.762709 -0.116803 0.636048
1261231067.290120 -9.701544 63.875965 492.947080 0.009827 0.765830 -0.119026 0.631855
1261231067.740147 -6.697938 63.639285 492.372679 0.008986 0.768609 -0.115327 0.629174
1261231067.940130 -5.392213 63.535200 492.122040 0.011259 0.768448 -0.115561 0.629290
1261231068.090131 -4.379068 63.451510 491.932756 0.011203 0.768209 -0.115581 0.629580
1261231068.540163 -1.436855 63.234115 491.383137 0.011307 0.766814 -0.114960 0.631389
1261231068.790143 0.060445 63.125629 491.107659 0.010121 0.765861 -0.114844 0.632587
1261231068.990146 1.310069 63.026834 490.886187 0.010804 0.765101 -0.113801 0.633682
1261231069.540151 4.556272 62.804020 490.350883 0.006066 0.762969 -0.108063 0.637310
1261231069.840169 6.218919 62.702818 490.083407 0.003886 0.761247 -0.107965 0.639399
1261231070.240147 8.341875 62.576772 489.760075 0.007664 0.758852 -0.108308 0.642148
1261231070.590170 9.996847 62.463983 489.516740 0.009877 0.755429 -0.109670 0.645911
1261231071.391372 13.161334 62.262711 489.214545 0.014855 0.734307 -0.108191 0.669976
1261231071.790164 14.525212 62.186349 489.226459 0.016618 0.710718 -0.103463 0.695628
1261231072.140185 15.651956 62.143425 489.391758 0.014982 0.682273 -0.101778 0.723824
1261231072.440170 16.620661 62.117837 489.634312 0.016087 0.650560 -0.098748 0.752836
1261231073.040208 18.749096 62.121902 490.456220 0.011895 0.568485 -0.088390 0.817845
1261231073.297693 19.601320 62.174915 490.941304 0.014374 0.527274 -0.081581 0.845648
1261231073.690198 20.914920 62.248894 492.015165 0.015198 0.454481 -0.075138 0.887452
1261231074.090194 22.197281 62.359416 493.416827 0.013222 0.381850 -0.064869 0.921850
1261231074.290194 22.803672 62.432606 494.224354 0.012808 0.345299 -0.057128 0.936665
1261231074.718827 23.830743 62.599845 495.940593 0.004724 0.283415 -0.051857 0.957583
1261231074.890205 24.280712 62.696062 496.804695 0.002862 0.259124 -0.046745 0.964708
1261231075.040212 24.591857 62.771661 497.465813 0.004012 0.241411 -0.042532 0.969482
1261231075.440198 25.330294 62.989619 499.403796 0.006600 0.193878 -0.039197 0.980220
1261231075.640202 25.673601 63.093432 500.343383 0.005855 0.173875 -0.036922 0.984058
1261231075.840221 26.010385 63.228356 501.460868 0.005172 0.158328 -0.033311 0.986811
1261231076.290212 26.773113 63.566195 504.343535 0.001610 0.133180 -0.027930 0.990697
1261231076.490216 27.110634 63.709776 505.669315 0.003338 0.127148 -0.021697 0.991641
1261231076.890207 27.772369 64.024984 508.483853 0.006558 0.118971 -0.018524 0.992703
