1261231251.141845 138.684226 36.177518 342.642983 0.031312 0.822699 -0.107673 0.557309
1261231251.591873 141.310140 35.957484 341.955758 0.027961 0.791374 -0.104977 0.601602
1261231252.041854 143.961876 35.755211 341.556886 0.023554 0.757271 -0.100210 0.644937
1261231252.791868 148.433873 35.560157 341.539450 0.019454 0.694792 -0.090828 0.713187
1261231252.891867 149.057993 35.526132 341.625508 0.018976 0.686225 -0.090259 0.721518
1261231253.441867 152.373948 35.482962 342.302012 0.019743 0.636360 -0.089430 0.765936
1261231253.741903 154.165404 35.496724 342.868923 0.018371 0.609774 -0.086244 0.787655
1261231254.441874 158.097102 35.523386 344.592935 0.012188 0.542689 -0.078870 0.836134
1261231255.141898 161.708411 35.663344 346.882419 0.005806 0.468243 -0.069838 0.880816
1261231255.441873 163.127297 35.744905 348.038481 0.004614 0.434783 -0.063116 0.898309
1261231256.391957 166.803986 36.146762 352.267236 -0.001063 0.326377 -0.051031 0.943860
1261231257.041897 168.661934 36.524977 355.495865 -0.013262 0.256208 -0.039414 0.965727
1261231257.641894 169.900273 36.982733 358.669019 -0.014748 0.190837 -0.030154 0.981048
1261231257.941902 170.387713 37.223462 360.368904 -0.014613 0.158454 -0.029461 0.986819
1261231258.191923 170.709305 37.433818 361.793045 -0.011621 0.129914 -0.023942 0.991168
1261231258.791919 170.976664 37.880283 365.083278 -0.005223 0.055757 -0.013363 0.998341
1261231259.041933 170.948089 38.075710 366.532162 -0.005837 0.021534 -0.009905 0.999702
1261231259.541915 170.606121 38.476242 369.406189 -0.012294 -0.049013 -0.002828 0.998718
1261231259.791954 170.291045 38.684965 370.846522 -0.013809 -0.084091 0.002328 0.996360
1261231260.291931 169.348203 39.121535 373.671098 -0.018459 -0.153223 0.011668 0.987950
1261231260.491949 168.850179 39.290520 374.760389 -0.018574 -0.179771 0.015297 0.983414
1261231260.891934 167.694829 39.647450 376.921328 -0.019719 -0.230154 0.023114 0.972680
1261231261.091945 167.038185 39.828237 378.010017 -0.021482 -0.254492 0.025304 0.966505
1261231261.291960 166.363174 40.038452 379.214003 -0.024482 -0.276453 0.027236 0.960330
1261231261.791943 164.391859 40.542144 381.849617 -0.031030 -0.321038 0.034129 0.945942
1261231262.291943 162.166042 40.996366 384.343302 -0.033364 -0.364696 0.044145 0.929481
1261231262.591958 160.686833 41.209988 385.596518 -0.031457 -0.395861 0.049542 0.916434
1261231263.191950 157.348851 41.679264 387.672806 -0.032178 -0.460699 0.054422 0.885302
1261231263.441970 155.831585 41.870605 388.373418 -0.031650 -0.486349 0.057551 0.871293
1261231263.941969 152.812882 42.158751 389.630089 -0.034752 -0.541062 0.064426 0.837791
1261231264.141980 151.628220 42.231818 389.995854 -0.033016 -0.564525 0.066159 0.822097
1261231264.391954 150.083519 42.358507 390.389044 -0.031346 -0.592426 0.069645 0.801997
1261231264.891976 147.030599 42.545727 390.821455 -0.033569 -0.646265 0.072391 0.758930
1261231265.141960 145.458185 42.648920 390.844349 -0.034749 -0.672641 0.073163 0.735523
1261231265.551677 142.987589 42.767378 390.627464 -0.035121 -0.711961 0.078687 0.696912
1261231265.741988 141.689095 42.829725 390.500859 -0.033170 -0.728856 0.084708 0.678596
1261231265.941974 140.540120 42.853524 390.212918 -0.031963 -0.744378 0.088867 0.661047
1261231266.342004 138.159165 42.827092 389.418991 -0.029449 -0.768056 0.094553 0.632678
1261231266.542013 136.859514 42.842576 389.045002 -0.030506 -0.776372 0.093694 0.622525
1261231266.791984 135.228618 42.851904 388.581578 -0.027692 -0.784057 0.092412 0.613146
1261231267.042001 133.593299 42.851881 388.102671 -0.027310 -0.789856 0.092992 0.605586
1261231267.641993 129.974387 42.829945 386.863700 -0.027844 -0.796929 0.090757 0.596567
1261231267.942003 128.268699 42.819954 386.230151 -0.027848 -0.795814 0.088482 0.598394
1261231268.592011 124.394353 42.874637 385.207855 -0.030204 -0.779736 0.093918 0.618286
1261231268.891995 122.632089 42.886167 384.818336 -0.034104 -0.771050 0.093442 0.628958
1261231269.392024 119.620432 42.944409 384.263985 -0.034178 -0.753036 0.090285 0.650859
1261231269.642005 117.799032 43.000621 384.068766 -0.036372 -0.740103 0.092955 0.665044
1261231269.842010 116.499372 43.050212 383.933439 -0.036146 -0.730231 0.090154 0.676261
1261231270.292035 113.267223 43.205910 383.798371 -0.036397 -0.706938 0.092404 0.700268
1261231270.642021 110.642069 43.296880 383.850165 -0.034335 -0.691744 0.087845 0.715957
1261231270.792029 109.490343 43.334021 383.927487 -0.035064 -0.686090 0.086496 0.721505
1261231270.942035 108.385310 43.396684 384.002458 -0.034299 -0.680728 0.085437 0.726728
1261231271.242025 106.139401 43.521213 384.177888 -0.031906 -0.671688 0.084484 0.735309
1261231271.392029 105.035228 43.585890 384.268081 -0.033376 -0.667262 0.086313 0.739052
1261231271.692048 102.808661 43.703871 384.464736 -0.032197 -0.661620 0.084071 0.744415
1261231271.842058 101.735753 43.758726 384.596379 -0.032692 -0.658856 0.085706 0.746655
1261231272.142033 99.479775 43.876408 384.857964 -0.030732 -0.654742 0.085106 0.750417
1261231272.292039 98.354438 43.938911 385.009799 -0.030168 -0.652629 0.088567 0.751879
1261231272.692034 95.210160 44.102694 385.387574 -0.034753 -0.649169 0.084756 0.755108
1261231272.842042 93.926486 44.178381 385.517256 -0.034515 -0.646967 0.087043 0.756747
1261231273.192060 91.327179 44.328869 385.888443 -0.036874 -0.645871 0.087394 0.757531
1261231273.342058 90.124799 44.390707 386.045825 -0.037963 -0.645643 0.086160 0.757813
1261231273.642052 87.720360 44.528598 386.370297 -0.039125 -0.645064 0.084788 0.758402
1261231273.792059 86.550461 44.593203 386.524423 -0.038912 -0.644962 0.084178 0.758567
1261231273.942069 85.421442 44.659039 386.673001 -0.038451 -0.644904 0.084002 0.758659
1261231274.342058 82.461029 44.850833 387.075871 -0.038559 -0.644467 0.085988 0.758803
1261231274.542065 80.809635 44.949700 387.282553 -0.038964 -0.643805 0.087223 0.759203
1261231274.992058 77.224959 45.171131 387.764059 -0.039497 -0.642785 0.088093 0.759939
1261231275.192069 75.674979 45.269135 387.961504 -0.037311 -0.641732 0.089423 0.760783
1261231275.342073 74.566776 45.330563 388.123841 -0.035727 -0.641785 0.088859 0.760881
1261231275.542083 73.091267 45.414005 388.344172 -0.035062 -0.641737 0.087585 0.761100
1261231275.692060 72.087222 45.478851 388.495757 -0.035810 -0.641802 0.085558 0.761241
1261231275.842073 71.116367 45.545641 388.649719 -0.038157 -0.641533 0.085499 0.761360
1261231276.192074 68.463526 45.702683 389.044793 -0.035692 -0.641656 0.085031 0.761429
1261231276.342109 67.032741 45.777577 389.280661 -0.036130 -0.641710 0.083780 0.761501
1261231276.542073 65.288636 45.891427 389.541887 -0.037318 -0.642710 0.081003 0.760901
1261231276.942104 62.021972 46.112286 390.021089 -0.037973 -0.643924 0.081304 0.759809
1261231277.092099 60.656335 46.206201 390.218200 -0.037204 -0.645071 0.080643 0.758944
1261231277.242080 59.330261 46.299037 390.412509 -0.036965 -0.645573 0.081386 0.758449
1261231277.392086 57.975647 46.390418 390.609839 -0.036713 -0.645967 0.082293 0.758028
1261231277.542093 56.632866 46.482012 390.801570 -0.036652 -0.646504 0.082281 0.757574
1261231277.742105 55.762809 46.541643 390.898255 -0.037747 -0.645194 0.082958 0.758563
1261231278.142097 53.364222 46.698656 391.209763 -0.039105 -0.643576 0.083864 0.759768
1261231278.342113 52.458621 46.761670 391.322718 -0.039545 -0.642225 0.083928 0.760880
1261231278.542116 51.092584 46.852438 391.524204 -0.039515 -0.641700 0.084473 0.761265
1261231278.742092 49.745949 46.941472 391.723693 -0.039885 -0.641196 0.084287 0.761690
1261231278.942103 48.444177 47.026102 391.916727 -0.040267 -0.640827 0.084591 0.761947
1261231279.142116 47.138872 47.111482 392.110819 -0.040434 -0.640688 0.084311 0.762087
1261231279.542104 44.394786 47.290091 392.517276 -0.040624 -0.641006 0.082811 0.761973
1261231279.702384 43.502395 47.351564 392.649640 -0.039668 -0.641084 0.081897 0.762057
1261231279.892116 42.270502 47.433279 392.838381 -0.039491 -0.641100 0.082202 0.762020
1261231280.092125 41.035535 47.509846 393.026684 -0.038827 -0.641212 0.081962 0.761986
1261231280.292107 39.860905 47.582125 393.201235 -0.037400 -0.641596 0.081934 0.761737
1261231280.692127 37.426726 47.732007 393.561163 -0.036153 -0.642031 0.083337 0.761278
1261231280.892111 36.191970 47.804327 393.739232 -0.035595 -0.642913 0.080855 0.760827
1261231281.092115 35.200004 47.869269 393.861365 -0.036778 -0.643524 0.082895 0.760035
1261231281.292133 34.189464 47.939368 393.976912 -0.036690 -0.643591 0.083784 0.759884
1261231281.492142 33.232627 48.002734 394.086754 -0.037644 -0.643622 0.083476 0.759845
1261231281.692117 31.642990 48.099371 394.317606 -0.037616 -0.644521 0.084038 0.759023
1261231281.892125 30.429256 48.179385 394.488189 -0.037313 -0.644995 0.083289 0.758718
1261231282.092133 29.060963 48.257970 394.675016 -0.037158 -0.644814 0.084243 0.758774
1261231282.342148 27.326588 48.359070 394.913777 -0.037265 -0.644232 0.083737 0.759318
1261231282.892375 23.640665 48.588721 395.446568 -0.038953 -0.641376 0.083016 0.761727
1261231283.142125 22.017307 48.688055 395.686659 -0.039096 -0.640064 0.082887 0.762836
1261231283.350958 20.709246 48.767243 395.884861 -0.038754 -0.638865 0.083267 0.763817
1261231283.542151 19.563235 48.836711 396.074388 -0.037699 -0.637518 0.082415 0.765086
1261231283.792156 18.128687 48.922704 396.323286 -0.036296 -0.634021 0.082074 0.768091
1261231284.042147 16.590094 49.023076 396.570817 -0.035751 -0.628662 0.081462 0.772573
1261231284.642141 13.213552 49.267342 397.312680 -0.036994 -0.603190 0.076810 0.793028
1261231284.942157 11.813437 49.399383 397.749623 -0.037776 -0.585590 0.072263 0.806496
1261231285.242176 10.578681 49.524343 398.211356 -0.037733 -0.566912 0.069604 0.819965
1261231286.092165 7.758455 49.871199 399.588958 -0.034647 -0.507652 0.057091 0.858970
1261231286.442170 6.813269 50.017313 400.243322 -0.035147 -0.474164 0.051187 0.878244
1261231287.192177 5.235322 50.333455 401.688114 -0.035795 -0.401230 0.042428 0.914294
1261231287.642168 4.585212 50.478488 402.440790 -0.035141 -0.363948 0.038056 0.929978
1261231289.292265 3.653847 50.767676 403.863733 -0.037242 -0.294958 0.030836 0.954286
1261231291.992241 3.390543 50.851654 404.305781 -0.036829 -0.275256 0.027611 0.960268
1261231293.342240 2.827384 51.102791 405.580157 -0.033094 -0.213539 0.015631 0.976249
1261231293.642225 2.647750 51.210099 406.140626 -0.030406 -0.184458 0.010282 0.982316
1261231294.169914 2.379015 51.438572 407.376009 -0.027051 -0.121642 -0.002392 0.992202
1261231294.350024 2.292132 51.542854 407.960696 -0.024437 -0.092082 -0.005838 0.995434
1261231294.542243 2.252660 51.649654 408.583572 -0.022794 -0.060895 -0.012082 0.997811
1261231294.992288 2.358493 51.902308 410.152229 -0.017132 0.012524 -0.023502 0.999499
1261231295.192246 2.459781 52.020747 410.911166 -0.013755 0.041835 -0.026298 0.998684
1261231295.642262 2.839562 52.291116 412.790061 -0.010030 0.092839 -0.030501 0.995163
1261231296.280147 3.534939 52.664892 415.600220 -0.003854 0.123997 -0.032461 0.991744
1261231296.842268 4.373586 53.060803 418.714260 -0.003393 0.137711 -0.030607 0.989994
1261231297.392264 5.299708 53.438532 421.732675 -0.001762 0.149254 -0.028117 0.988397
1261231297.692273 5.837753 53.650708 423.453901 -0.001476 0.151480 -0.026055 0.988116
1261231297.942292 6.292747 53.832635 424.935818 -0.000549 0.151826 -0.026175 0.988060
1261231298.442287 7.205085 54.187990 427.891980 -0.002682 0.151413 -0.025314 0.988143
1261231298.692300 7.645416 54.361153 429.379809 -0.001975 0.150205 -0.025583 0.988322
1261231299.192295 8.502576 54.713699 432.250533 -0.001227 0.148043 -0.025979 0.988639
1261231299.692284 9.409043 55.087581 435.345395 0.001864 0.143612 -0.025252 0.989310
1261231299.892297 9.800930 55.251665 436.749912 0.000778 0.141793 -0.025531 0.989567
1261231300.292323 10.605935 55.601435 439.628845 0.000104 0.139297 -0.024569 0.989946
1261231300.492294 11.023919 55.787965 441.163121 -0.000857 0.138115 -0.023826 0.990129
1261231300.892323 11.866985 56.175936 444.301430 -0.000995 0.135494 -0.022560 0.990521
1261231301.092324 12.278250 56.367806 445.857571 -0.001218 0.133992 -0.022115 0.990735
1261231301.292303 12.673925 56.557851 447.357933 -0.002355 0.132307 -0.021295 0.990977
1261231301.742332 13.570947 56.977284 450.868196 0.000079 0.127791 -0.023116 0.991532
1261231301.942307 13.957409 57.163216 452.419569 -0.001521 0.126080 -0.023590 0.991738
1261231302.342336 14.722846 57.543217 455.528082 -0.003391 0.123094 -0.022503 0.992134
1261231302.542326 15.094724 57.731980 457.066024 -0.003556 0.121575 -0.022352 0.992324
1261231302.942327 15.815256 58.102915 460.105371 -0.004647 0.119222 -0.022951 0.992591
1261231303.142345 16.155442 58.280655 461.574529 -0.003731 0.117893 -0.023094 0.992751
1261231303.542324 16.818120 58.618051 464.480024 -0.002128 0.115324 -0.023095 0.993057
1261231303.992347 17.520406 59.000562 467.574011 -0.001391 0.113384 -0.020661 0.993335
1261231304.192325 17.848310 59.173828 469.043307 0.001009 0.112866 -0.020050 0.993407
1261231304.642354 18.626565 59.595408 472.615333 -0.000591 0.110892 -0.021215 0.993606
1261231304.842362 18.986288 59.791471 474.276584 0.001824 0.110052 -0.021407 0.993694
1261231305.048843 19.328233 59.984466 475.861266 0.005436 0.110429 -0.023707 0.993586
1261231305.542372 20.255955 60.446301 479.939359 0.004004 0.117194 -0.027990 0.992706
1261231305.792349 20.755272 60.686263 482.022900 0.004660 0.120871 -0.030820 0.992179
1261231306.292373 21.843462 61.184023 486.375302 -0.001646 0.126967 -0.035336 0.991276
1261231306.492354 22.325050 61.412230 488.297335 -0.004004 0.127858 -0.037753 0.991066
1261231306.892375 23.310887 61.881183 492.113535 -0.002196 0.129065 -0.039074 0.990864
1261231307.042370 23.633713 62.047389 493.321357 -0.000855 0.129647 -0.038710 0.990804
1261231307.392373 24.511672 62.431111 496.605133 0.000376 0.130059 -0.034336 0.990911
1261231307.570053 24.902800 62.606083 498.098065 -0.003132 0.129948 -0.033033 0.990965
1261231307.692375 25.302189 62.787168 499.623756 -0.001657 0.130007 -0.031649 0.991006
1261231307.992361 26.103653 63.156092 502.702714 -0.002003 0.129463 -0.030871 0.991101
1261231308.142375 26.509555 63.342712 504.243876 -0.002940 0.129937 -0.028192 0.991117
1261231308.292384 26.910183 63.531696 505.750860 -0.003051 0.130589 -0.024874 0.991120
1261231308.442387 27.300934 63.716870 507.187998 -0.001085 0.130916 -0.020214 0.991187
1261231308.742375 28.118048 64.078379 510.319055 0.003708 0.129460 -0.017361 0.991426
1261231308.892386 28.506153 64.258662 511.867312 0.001312 0.128597 -0.019589 0.991503
1261231309.042383 28.892887 64.437093 513.410564 0.001030 0.127327 -0.019775 0.991663
1261231309.342427 29.679828 64.804550 516.597459 -0.000580 0.125408 -0.022928 0.991840
1261231309.492385 30.059996 64.997002 518.132749 -0.002829 0.125135 -0.022360 0.991884
1261231309.808753 30.824025 65.373984 521.167358 -0.001323 0.125241 -0.020342 0.991917
1261231309.942401 31.231002 65.558526 522.789093 -0.001258 0.125749 -0.018608 0.991887
1261231310.309819 32.143149 65.971172 526.401737 0.003032 0.126273 -0.017067 0.991844
1261231310.669180 33.019650 66.392910 529.926709 -0.001257 0.126047 -0.019691 0.991828
1261231311.042392 34.047165 66.870591 534.035800 -0.001230 0.126249 -0.019926 0.991798
1261231311.192402 34.464784 67.054468 535.713676 -0.001312 0.126286 -0.019380 0.991804
1261231311.542413 35.369632 67.485303 539.361173 -0.001026 0.125982 -0.021677 0.991795
1261231311.892412 36.212420 67.894459 542.690425 0.000885 0.126010 -0.021891 0.991787
1261231312.042415 36.579150 68.063966 544.161468 0.000991 0.125911 -0.021876 0.991800
1261231312.342430 37.308850 68.407437 547.086623 -0.001372 0.125714 -0.022876 0.991802
1261231312.492407 37.666608 68.576086 548.521546 0.000250 0.125622 -0.022804 0.991816
1261231312.642413 38.030976 68.744273 549.981225 0.001403 0.125612 -0.022149 0.991831
1261231312.792422 38.392523 68.909709 551.434437 0.000298 0.125631 -0.022269 0.991827
1261231313.092434 39.129437 69.236437 554.255184 0.000380 0.125682 -0.020565 0.991857
1261231313.242410 39.517087 69.398138 555.711366 -0.000662 0.125245 -0.020365 0.991917
1261231313.392422 39.889326 69.571998 557.153360 0.001369 0.125509 -0.020517 0.991879
1261231313.742435 40.644507 69.933459 560.170059 -0.000428 0.125172 -0.022323 0.991884
1261231313.942416 41.072917 70.151154 561.864573 -0.001688 0.125885 -0.023171 0.991773
1261231314.347607 41.937271 70.578598 565.218316 0.000229 0.128409 -0.024848 0.991410
1261231314.492448 42.246152 70.727867 566.419189 0.001263 0.129801 -0.023154 0.991269
1261231314.642422 42.578602 70.871942 567.688945 -0.000323 0.130765 -0.023942 0.991124
1261231314.942439 43.298474 71.163623 570.515462 -0.001671 0.131662 -0.024205 0.990998
1261231315.092445 43.643985 71.311808 571.844831 -0.001573 0.131954 -0.025469 0.990927
1261231315.242446 43.988034 71.460272 573.161138 -0.000770 0.132189 -0.026471 0.990871
1261231315.592438 44.781361 71.806686 576.147299 -0.001799 0.133194 -0.026870 0.990724
1261231315.792451 45.273965 72.014327 577.936934 -0.002908 0.134313 -0.026190 0.990589
1261231315.942460 45.639105 72.169640 579.243877 -0.002626 0.134473 -0.026053 0.990571
1261231316.292449 46.488953 72.535372 582.345775 -0.003786 0.134817 -0.025781 0.990528
1261231316.492450 46.934745 72.740272 584.005162 -0.003464 0.134639 -0.027275 0.990513
1261231316.898019 47.845386 73.140842 587.435409 -0.000412 0.135356 -0.027351 0.990419
1261231317.042455 48.222498 73.292673 588.794445 -0.001292 0.134949 -0.028522 0.990441
1261231317.192465 48.556165 73.438782 590.103393 -0.002290 0.135536 -0.026698 0.990410
1261231317.592486 49.430498 73.814911 593.313923 -0.000791 0.134361 -0.028086 0.990534
1261231317.792459 49.873359 73.996293 594.904058 -0.001031 0.135000 -0.025460 0.990518
1261231318.192483 50.752656 74.352293 598.152604 0.001458 0.135312 -0.020128 0.990598
1261231318.392453 51.173163 74.520246 599.684891 0.002602 0.135502 -0.020682 0.990558
1261231318.592471 51.570706 74.693964 601.083427 -0.000641 0.136271 -0.020520 0.990459
1261231319.042478 52.434907 75.087391 604.254130 -0.003636 0.137177 -0.022572 0.990283
1261231319.242467 52.842449 75.258201 605.741212 -0.004781 0.137976 -0.023902 0.990136
1261231319.492482 53.332453 75.463996 607.503338 -0.005952 0.138922 -0.024880 0.989973
1261231319.797777 53.874894 75.694478 609.438993 -0.003112 0.139207 -0.028725 0.989842
1261231320.442501 55.024451 76.161711 613.383437 -0.003345 0.142772 -0.024523 0.989446
1261231320.792481 55.627333 76.402775 615.474310 -0.000133 0.143096 -0.026410 0.989356
1261231321.442486 56.803282 76.845906 619.562168 0.007242 0.141632 -0.028021 0.989496
1261231321.742502 57.359680 77.079713 621.592762 0.000812 0.137052 -0.028084 0.990165
1261231322.242497 58.247872 77.520707 625.120497 -0.004949 0.126353 -0.034075 0.991388
1261231322.442508 58.600656 77.704567 626.561704 -0.005001 0.122826 -0.033827 0.991839
1261231322.642521 58.936410 77.887328 628.002265 -0.001672 0.118830 -0.035554 0.992276
1261231323.042507 59.587858 78.232192 630.841244 0.002285 0.112631 -0.032515 0.993102
1261231323.242518 59.928261 78.412542 632.357738 -0.001178 0.112144 -0.030732 0.993216
1261231323.442526 60.281021 78.603685 633.874175 -0.004070 0.113378 -0.027732 0.993157
1261231323.842519 61.010974 78.988917 637.017920 0.002024 0.115473 -0.026955 0.992943
1261231323.992524 61.310054 79.130838 638.301857 0.001676 0.116288 -0.026547 0.992859
1261231324.142529 61.603234 79.273871 639.555328 0.000639 0.117368 -0.027089 0.992719
1261231324.507384 62.314109 79.621059 642.519177 -0.000620 0.120569 -0.027110 0.992334
1261231324.642524 62.636854 79.778584 643.823759 -0.003820 0.122825 -0.026469 0.992068
1261231324.792532 62.958799 79.941022 645.099326 -0.003573 0.124266 -0.026648 0.991885
1261231325.092545 63.620809 80.262900 647.687479 -0.000058 0.126256 -0.025635 0.991666
1261231325.242523 63.969746 80.425721 649.072408 -0.000680 0.126663 -0.026463 0.991593
1261231325.392531 64.339436 80.592917 650.540505 -0.000860 0.126490 -0.026905 0.991603
1261231325.542540 64.714310 80.762586 652.005472 0.000319 0.126745 -0.026537 0.991580
1261231325.942531 65.683010 81.217323 655.780984 -0.002128 0.127414 -0.025423 0.991521
1261231326.092537 66.053017 81.391402 657.217189 -0.002023 0.127538 -0.025295 0.991509
1261231326.392560 66.799073 81.736943 660.098364 0.000393 0.128060 -0.023896 0.991478
1261231326.542557 67.166617 81.906561 661.519668 0.000380 0.127877 -0.024110 0.991497
1261231326.692536 67.520876 82.077040 662.893791 -0.000311 0.128025 -0.024220 0.991475
1261231326.842545 67.869607 82.248360 664.252814 -0.002108 0.128126 -0.024919 0.991443
1261231327.192570 68.704083 82.647729 667.453466 -0.001999 0.128784 -0.024062 0.991379
1261231327.342573 69.072858 82.815532 668.877051 0.000308 0.128882 -0.024362 0.991361
1261231327.492549 69.445682 82.984374 670.319085 0.000671 0.129072 -0.023848 0.991348
1261231327.642555 69.833230 83.157739 671.836673 -0.001351 0.129171 -0.024838 0.991310
1261231327.792566 70.227531 83.338946 673.369827 -0.002289 0.129252 -0.025557 0.991280
1261231328.092579 71.020096 83.707198 676.405653 -0.003003 0.129735 -0.025820 0.991208
1261231328.242558 71.426409 83.894811 677.974629 -0.003897 0.129846 -0.026145 0.991182
1261231328.542575 72.191792 84.260922 680.899051 -0.004327 0.129793 -0.025950 0.991192
1261231328.692570 72.557391 84.438401 682.291551 -0.004788 0.129993 -0.026429 0.991151
1261231328.842578 72.920111 84.611128 683.657218 -0.002649 0.129829 -0.025735 0.991199
1261231329.142582 73.646383 84.945360 686.411072 -0.002383 0.130290 -0.024350 0.991174
1261231329.306993 73.994792 85.108089 687.723166 -0.002483 0.130508 -0.023526 0.991165
1261231329.646956 74.850453 85.489726 690.967063 -0.001606 0.130879 -0.022322 0.991146
1261231329.792571 75.226838 85.648943 692.419306 -0.001217 0.130998 -0.022399 0.991129
1261231330.092581 75.933940 85.970135 695.115161 -0.003627 0.131368 -0.022641 0.991068
1261231330.242598 76.283167 86.132785 696.422023 -0.004076 0.131069 -0.021764 0.991126
1261231330.542581 76.958589 86.448445 698.997583 -0.003484 0.131264 -0.022756 0.991080
1261231330.692589 77.294065 86.606146 700.295549 -0.004899 0.131087 -0.024372 0.991059
1261231330.992589 77.964809 86.910246 702.837016 -0.003193 0.131302 -0.024007 0.991047
1261231331.142577 78.286346 87.055869 704.048865 -0.003589 0.131021 -0.022891 0.991109
1261231331.292586 78.589444 87.196056 705.183892 -0.003502 0.131184 -0.022284 0.991101
1261231331.642606 79.337550 87.525928 708.034073 -0.003961 0.131143 -0.021362 0.991125
1261231331.842614 79.740196 87.705593 709.582275 -0.004473 0.131148 -0.021807 0.991113
1261231332.342604 80.639824 88.148780 713.062251 -0.012263 0.130568 -0.026943 0.990997
1261231332.642586 81.135884 88.401787 715.027112 -0.012083 0.129919 -0.032942 0.990903
1261231333.242625 82.058033 88.862349 718.534126 -0.012645 0.133719 -0.039549 0.990149
1261231333.542610 82.519934 89.070543 720.132242 -0.012219 0.140046 -0.041025 0.989219
1261231333.845985 82.975630 89.256539 721.544694 -0.010895 0.151756 -0.044931 0.987336
1261231334.392615 83.964983 89.561983 723.933205 -0.008914 0.194978 -0.050174 0.979483
1261231334.707161 84.643122 89.701931 725.149872 -0.004498 0.230297 -0.051607 0.971741
1261231334.892608 85.159894 89.796191 725.934808 -0.002807 0.261137 -0.060620 0.963392
1261231335.092619 85.783713 89.884019 726.692531 -0.003075 0.299816 -0.063398 0.951883
1261231335.242626 86.290519 89.930655 727.186260 -0.003261 0.331966 -0.065404 0.941016
1261231335.542641 87.422213 90.027186 728.081551 -0.003305 0.398417 -0.077396 0.913927
1261231335.842629 88.767654 90.093146 728.839733 -0.003189 0.466700 -0.083907 0.880421
1261231336.142644 90.338100 90.132721 729.492978 -0.002458 0.532337 -0.093540 0.841345
1261231336.442625 92.102234 90.131539 729.957654 -0.001549 0.592761 -0.098507 0.799330
1261231336.592646 93.054266 90.113500 730.129909 -0.000493 0.618162 -0.098877 0.779807
1261231336.942654 95.421575 90.040134 730.401578 0.008081 0.664192 -0.102567 0.740448
1261231337.192636 97.186834 89.983071 730.492411 0.007787 0.684697 -0.102302 0.721570
1261231337.742673 101.313128 89.853130 730.564894 0.007070 0.701861 -0.101418 0.705022
1261231338.042644 103.707386 89.778985 730.586601 0.007040 0.704218 -0.103014 0.702435
1261231338.242660 105.355839 89.724185 730.600249 0.007014 0.704871 -0.103370 0.701729
1261231338.792651 110.053643 89.562734 730.607200 0.005457 0.706337 -0.102878 0.700338
1261231339.042666 112.211936 89.496295 730.605315 0.005030 0.706937 -0.103679 0.699618
1261231339.542661 116.549650 89.349178 730.580795 0.004011 0.708018 -0.103414 0.698570
1261231339.742675 118.267853 89.288135 730.568180 0.003799 0.708395 -0.103149 0.698228
1261231340.242663 122.509497 89.143177 730.526126 0.003043 0.709443 -0.102946 0.697197
1261231340.442673 124.107025 89.094385 730.498548 0.004225 0.709870 -0.100906 0.697054
1261231340.642686 125.712239 89.040463 730.481520 0.004708 0.709970 -0.102667 0.696692
1261231341.092680 129.370276 88.902234 730.430173 0.003347 0.710273 -0.101728 0.696529
1261231341.342695 131.356449 88.823031 730.403673 0.003546 0.710209 -0.101350 0.696648
1261231341.542706 132.879355 88.768307 730.386385 0.003041 0.710526 -0.102482 0.696162
1261231341.792681 134.695162 88.703174 730.356963 0.003657 0.710798 -0.101456 0.696032
1261231342.042702 136.420737 88.641791 730.327370 0.003744 0.711300 -0.101248 0.695548
1261231342.247156 137.723239 88.596848 730.299934 0.003854 0.712107 -0.100489 0.694832
1261231342.442680 139.041248 88.546303 730.270371 0.003722 0.712469 -0.100603 0.694444
1261231342.942706 142.106338 88.428923 730.185834 0.002704 0.715702 -0.101906 0.690926
1261231343.242691 143.809379 88.365012 730.113332 0.000796 0.720922 -0.104203 0.685137
1261231343.642711 145.839375 88.277750 729.912841 0.000040 0.738441 -0.106190 0.665904
1261231344.456349 149.539135 88.058871 729.154879 0.001400 0.778968 -0.110471 0.617255
1261231345.042719 151.962957 87.838437 728.212939 0.002237 0.821878 -0.116631 0.557592
1261231345.292750 152.822497 87.739147 727.697910 0.002306 0.844736 -0.118818 0.521822
1261231345.692725 154.050748 87.547570 726.681525 0.007746 0.884488 -0.121877 0.450296
1261231345.892737 154.567886 87.450842 726.102786 0.009176 0.903086 -0.123053 0.411351
1261231346.292721 155.573077 87.231013 724.740013 0.008712 0.935332 -0.126939 0.330096
1261231346.642747 156.285051 87.020809 723.341257 0.010584 0.957994 -0.132660 0.254040
1261231346.842755 156.621454 86.876200 722.443907 0.011065 0.968075 -0.134969 0.210930
1261231347.242746 157.129782 86.554046 720.440867 0.011104 0.981747 -0.140112 0.128135
1261231347.442755 157.295422 86.378939 719.338417 0.011937 0.986076 -0.138701 0.090962
1261231347.892742 157.474969 85.969279 716.696701 0.017578 0.990119 -0.135896 0.029776
1261231348.192756 157.523035 85.698567 714.820914 0.017665 0.991128 -0.131408 0.009180
1261231348.742761 157.528075 85.177766 711.046065 0.013654 0.991710 -0.127144 -0.012651
1261231348.992770 157.491392 84.951342 709.313986 0.013768 0.991407 -0.128807 -0.018180
1261231349.492760 157.380387 84.471227 705.655845 0.014033 0.991827 -0.124912 -0.021872
1261231349.796526 157.302584 84.157298 703.327084 0.016514 0.991216 -0.129361 -0.022008
1261231350.342774 157.165455 83.542979 698.824615 0.021032 0.991651 -0.125650 -0.019969
1261231350.592853 157.115516 83.228909 696.541720 0.021621 0.991540 -0.126504 -0.019451
1261231351.092784 157.013406 82.617489 692.032955 0.019195 0.991698 -0.125719 -0.019009
1261231351.342804 156.952650 82.306960 689.724246 0.021943 0.991559 -0.126261 -0.019685
1261231351.892795 156.813430 81.625815 684.700597 0.020384 0.991275 -0.128501 -0.021101
1261231352.142769 156.745614 81.281342 682.246357 0.019536 0.991696 -0.125263 -0.021581
1261231352.392778 156.676883 80.955941 679.846297 0.019627 0.991562 -0.126193 -0.022259
1261231352.592796 156.619708 80.710844 677.999802 0.020275 0.991508 -0.126386 -0.022955
1261231353.092790 156.462331 80.073024 673.252408 0.017043 0.991945 -0.123140 -0.024313
1261231353.292800 156.387871 79.837197 671.469374 0.018864 0.991669 -0.124999 -0.024742
1261231353.542810 156.295749 79.519707 669.182130 0.020247 0.991519 -0.125822 -0.025464
1261231353.742788 156.222099 79.268091 667.358234 0.020079 0.991703 -0.124318 -0.025821
1261231354.142801 156.072354 78.731181 663.499662 0.018744 0.991866 -0.123063 -0.026564
1261231354.342818 156.002929 78.507515 661.758406 0.019277 0.991911 -0.122530 -0.026969
1261231354.592807 155.907969 78.193036 659.423826 0.020824 0.991986 -0.121652 -0.027029
1261231354.842816 155.821676 77.870050 657.051871 0.020422 0.991975 -0.121976 -0.026263
1261231355.092828 155.743949 77.563340 654.764254 0.020776 0.991718 -0.124166 -0.025421
1261231355.342809 155.673464 77.289572 652.643798 0.019686 0.991960 -0.122453 -0.025167
1261231355.592820 155.598499 77.036456 650.633061 0.018096 0.992224 -0.120598 -0.024914
1261231355.842828 155.518644 76.763101 648.535394 0.017543 0.992096 -0.121745 -0.024830
1261231356.492829 155.302791 75.988362 642.816435 0.018293 0.991837 -0.123729 -0.024832
1261231356.842824 155.181256 75.572098 639.730687 0.020593 0.992043 -0.121608 -0.025268
1261231357.192843 155.071336 75.176078 636.685562 0.020778 0.991593 -0.125181 -0.025325
1261231357.442821 154.995798 74.878686 634.497888 0.019875 0.991211 -0.128216 -0.025806
1261231357.755238 154.912074 74.538958 632.020433 0.017391 0.991133 -0.128868 -0.027314
1261231358.142840 154.772028 74.079256 628.698424 0.016447 0.991299 -0.127182 -0.029681
1261231358.592849 154.594428 73.530609 624.849896 0.013314 0.990105 -0.136037 -0.031771
1261231358.892833 154.461682 73.176445 622.326898 0.016540 0.991726 -0.123081 -0.032521
1261231359.192851 154.327905 72.823293 619.684645 0.013918 0.991506 -0.125067 -0.032875
1261231359.523809 154.193410 72.496128 617.178205 0.016999 0.991491 -0.125369 -0.030642
1261231359.792852 154.061428 72.093408 614.329594 0.021792 0.991316 -0.126979 -0.026352
1261231359.992858 153.984867 71.833069 612.458952 0.024575 0.991369 -0.126652 -0.023313
1261231360.242873 153.907180 71.521673 610.153462 0.026368 0.991442 -0.126123 -0.020984
1261231360.492858 153.841969 71.196320 607.747272 0.026227 0.991648 -0.124906 -0.018550
1261231360.692866 153.799116 70.930451 605.763971 0.026122 0.991661 -0.125057 -0.016909
1261231360.942876 153.750355 70.630533 603.404934 0.026190 0.992073 -0.121753 -0.016799
1261231361.292865 153.674232 70.197204 599.954590 0.028993 0.991896 -0.122495 -0.017232
1261231361.642886 153.579276 69.733272 596.430509 0.031246 0.991546 -0.124565 -0.018528
1261231361.942869 153.493035 69.294390 593.202924 0.029445 0.991698 -0.123654 -0.019448
1261231362.242880 153.415996 68.876666 589.997456 0.025185 0.992168 -0.120653 -0.020275
1261231362.492901 153.339049 68.531496 587.337134 0.024851 0.991629 -0.124763 -0.022115
1261231363.142902 153.082560 67.629568 580.522747 0.024444 0.991510 -0.125040 -0.025975
1261231363.442880 152.955578 67.204440 577.332506 0.024999 0.991272 -0.126681 -0.026603
1261231363.692894 152.846534 66.835742 574.669884 0.028381 0.991174 -0.126800 -0.026275
1261231364.042914 152.703177 66.325629 570.895070 0.027760 0.991391 -0.125286 -0.025995
1261231364.392896 152.569552 65.802464 567.040494 0.027242 0.991571 -0.124041 -0.025671
1261231364.692915 152.446652 65.356072 563.693325 0.026744 0.991637 -0.123591 -0.025818
1261231364.942902 152.333079 64.960589 560.745938 0.026174 0.991451 -0.125142 -0.026052
1261231365.192904 152.223517 64.587225 557.941708 0.025186 0.991532 -0.124660 -0.026274
1261231365.492920 152.115502 64.158120 554.724379 0.019700 0.991784 -0.123495 -0.026919
1261231365.792905 151.986474 63.737194 551.575677 0.017024 0.991896 -0.122708 -0.028200
1261231366.042929 151.884487 63.388838 548.950119 0.015457 0.992135 -0.121178 -0.027299
1261231366.342933 151.759533 63.009374 545.950496 0.019349 0.992091 -0.121070 -0.026876
1261231366.592914 151.648879 62.671986 543.405412 0.023678 0.991578 -0.124371 -0.027266
1261231366.892927 151.550860 62.325426 540.554070 0.018388 0.992376 -0.118522 -0.028350
1261231367.242915 151.398542 61.902646 537.285138 0.020590 0.991569 -0.124045 -0.031296
1261231367.592942 151.236792 61.477507 534.024167 0.022684 0.991745 -0.121712 -0.033359
1261231367.842955 151.121803 61.209555 531.904343 0.025228 0.991463 -0.123220 -0.034379
1261231368.092929 151.001531 60.950320 529.859421 0.026894 0.991232 -0.124551 -0.034960
1261231368.542957 150.763685 60.426124 526.013852 0.028874 0.991280 -0.123710 -0.035008
1261231368.692930 150.661948 60.166780 524.377972 0.029528 0.991199 -0.124413 -0.034256
1261231368.842933 150.582861 59.976832 523.030781 0.029468 0.991151 -0.125028 -0.033470
1261231369.042950 150.498523 59.754620 521.410759 0.027647 0.991121 -0.125995 -0.032257
1261231369.242953 150.407531 59.526947 519.746692 0.027947 0.991793 -0.120808 -0.031167
1261231369.392929 150.344510 59.350060 518.457582 0.026714 0.992045 -0.119121 -0.030724
1261231369.542940 150.281233 59.171109 517.153446 0.025551 0.992012 -0.119789 -0.030155
1261231369.742950 150.194792 58.939721 515.429956 0.025322 0.991784 -0.121821 -0.029710
1261231369.942977 150.109629 58.707947 513.707558 0.025236 0.992052 -0.119713 -0.029409
1261231370.142938 150.085922 58.575620 512.462970 0.023446 0.992116 -0.119606 -0.029163
1261231370.492962 149.952669 58.216441 509.646840 0.023674 0.991638 -0.123587 -0.028638
1261231370.592974 149.884100 58.076645 508.673202 0.022573 0.991586 -0.123941 -0.029779
1261231370.792970 149.770992 57.828113 506.897545 0.024010 0.991570 -0.123644 -0.030410
1261231371.042953 149.629414 57.499824 504.603865 0.025224 0.991429 -0.124355 -0.031112
1261231371.292964 149.516857 57.221472 502.563525 0.029266 0.991573 -0.122486 -0.030401
1261231371.492972 149.445845 57.022935 501.030054 0.028659 0.991660 -0.121883 -0.030556
1261231371.692959 149.373765 56.827829 499.532557 0.028602 0.991804 -0.120643 -0.030861
1261231371.942979 149.283831 56.575828 497.645271 0.025874 0.991773 -0.121001 -0.032786
1261231372.292987 149.140110 56.252235 495.113123 0.022748 0.991806 -0.119743 -0.038282
1261231372.592973 149.004850 56.014942 493.157552 0.018581 0.991528 -0.117303 -0.052608
1261231372.892988 148.861951 55.884453 491.772092 0.021880 0.989989 -0.116968 -0.075907
1261231373.292977 148.415968 55.650512 489.771430 0.021817 0.986727 -0.116748 -0.110742
1261231373.642978 147.948563 55.482362 488.249550 0.024408 0.982480 -0.116457 -0.143441
1261231374.042986 147.355928 55.327647 486.793737 0.031506 0.975627 -0.114616 -0.184452
1261231374.343004 146.882855 55.227408 485.866049 0.030771 0.968772 -0.115101 -0.217451
1261231374.692988 146.293342 55.139495 484.943855 0.032514 0.959064 -0.113593 -0.257361
1261231375.293019 145.304847 55.035149 483.721228 0.036221 0.942252 -0.111192 -0.313825
1261231376.093040 144.194331 54.946086 482.622264 0.035535 0.923777 -0.109673 -0.365165
1261231377.643004 142.842290 54.863648 481.496707 0.033056 0.903609 -0.110296 -0.412592
1261231378.193038 142.339657 54.846650 481.175732 0.029952 0.891957 -0.112183 -0.436957
1261231378.843041 141.191870 54.835777 480.638203 -0.031299 -0.858617 0.106125 0.500534
1261231379.093049 140.529128 54.838186 480.423814 -0.033451 -0.840474 0.101050 0.531294
1261231379.343035 139.759860 54.844655 480.197040 -0.032745 -0.820934 0.097510 0.561683
1261231379.793059 138.120546 54.878711 479.837743 -0.031330 -0.784085 0.092915 0.612859
1261231379.993034 137.279542 54.903965 479.720015 -0.030379 -0.767580 0.092662 0.633491
1261231380.193050 136.380527 54.937004 479.630647 -0.034938 -0.752690 0.092214 0.650948
1261231380.593068 134.422573 55.016872 479.478382 -0.037675 -0.729236 0.088219 0.677505
1261231381.043058 132.059320 55.123365 479.425523 -0.041831 -0.709804 0.089370 0.697453
1261231381.293069 130.736424 55.186885 479.414117 -0.038674 -0.701632 0.086648 0.706193
1261231381.743067 128.203539 55.301742 479.459587 -0.032015 -0.690141 0.090251 0.717311
1261231381.993072 126.666714 55.366282 479.503125 -0.033473 -0.686408 0.087521 0.721155
1261231382.243054 125.078391 55.444346 479.562002 -0.034314 -0.683781 0.087472 0.723613
1261231382.443071 123.767019 55.509793 479.609293 -0.034733 -0.682577 0.085428 0.724972
1261231382.943061 120.327383 55.685098 479.754588 -0.034093 -0.680181 0.086712 0.727099
1261231383.352480 117.367319 55.834690 479.886971 -0.033476 -0.678777 0.084183 0.728735
1261231383.693070 114.608928 55.981170 480.056962 -0.030465 -0.671657 0.081683 0.735715
1261231383.893081 113.039082 56.073144 480.182937 -0.030197 -0.667461 0.079898 0.739730
1261231384.093091 111.418223 56.161505 480.320034 -0.026309 -0.663633 0.076159 0.743706
1261231384.493074 108.062087 56.362502 480.731726 -0.025025 -0.648308 0.072878 0.757469
1261231384.693088 106.264007 56.469262 481.015110 -0.025193 -0.640440 0.072016 0.764209
1261231385.093104 102.772183 56.715133 481.650829 -0.026799 -0.627287 0.068090 0.775343
1261231385.293086 101.006239 56.850767 482.003321 -0.029445 -0.623780 0.067486 0.778124
1261231385.693108 97.360624 57.142330 482.734939 -0.036098 -0.623451 0.072197 0.777685
1261231385.893090 95.556884 57.283768 483.077268 -0.038526 -0.625204 0.074162 0.775974
1261231386.093096 93.818124 57.408510 483.384577 -0.030411 -0.628195 0.080097 0.773324
1261231386.293110 92.075559 57.527924 483.678589 -0.033691 -0.631511 0.076168 0.770881
1261231386.693101 88.654868 57.765986 484.242135 -0.033433 -0.635551 0.079779 0.767198
1261231386.843109 87.380424 57.852827 484.444625 -0.036004 -0.636759 0.079542 0.766104
1261231386.993113 86.051415 57.938301 484.648358 -0.037284 -0.637899 0.079389 0.765109
1261231387.293123 83.417853 58.115500 485.055140 -0.037698 -0.638436 0.081782 0.764389
1261231387.443099 82.165857 58.202873 485.246160 -0.038024 -0.638591 0.082509 0.764165
1261231387.793124 79.084366 58.419704 485.717606 -0.041276 -0.638625 0.080394 0.764193
1261231387.943133 77.763868 58.516714 485.917484 -0.041279 -0.638474 0.080376 0.764321
1261231388.093141 76.440232 58.607334 486.115208 -0.039027 -0.638492 0.079289 0.764538
1261231388.393116 73.725501 58.801273 486.538189 -0.042638 -0.637777 0.077158 0.765160
1261231388.543129 72.444580 58.897841 486.731963 -0.039243 -0.637864 0.078038 0.765179
1261231388.693153 71.163686 58.988960 486.922846 -0.037218 -0.638068 0.075994 0.765316
1261231388.893118 69.462734 59.109011 487.179757 -0.036959 -0.638543 0.073957 0.765132
1261231389.243132 66.512994 59.324622 487.629609 -0.038213 -0.639414 0.073492 0.764388
1261231389.443148 64.874326 59.447440 487.869298 -0.038447 -0.640717 0.072878 0.763343
1261231389.743132 62.467261 59.625874 488.216837 -0.037125 -0.641848 0.074152 0.762335
1261231389.893148 61.276727 59.713973 488.389688 -0.037893 -0.641960 0.074416 0.762177
1261231390.043146 60.095626 59.800961 488.558823 -0.039369 -0.642126 0.073552 0.762046
1261231390.193152 58.910259 59.885579 488.728633 -0.039319 -0.642506 0.074452 0.761641
1261231390.493142 56.532390 60.053559 489.060467 -0.037272 -0.643313 0.073611 0.761145
1261231390.643142 55.365747 60.135769 489.224635 -0.037418 -0.643477 0.074090 0.760952
1261231390.843147 53.779166 60.242451 489.445253 -0.037627 -0.644190 0.074125 0.760334
1261231391.253832 50.821038 60.451318 489.842830 -0.037946 -0.645939 0.074014 0.758844
1261231391.471815 49.404581 60.550880 490.026858 -0.038598 -0.646942 0.072900 0.758065
1261231391.661798 48.051035 60.651809 490.196604 -0.037467 -0.648220 0.073693 0.756952
1261231392.101754 45.064114 60.856697 490.546918 -0.036288 -0.652393 0.075136 0.753274
1261231392.301737 43.699930 60.939628 490.698603 -0.037170 -0.654278 0.076191 0.751488
1261231392.572262 42.103514 61.034697 490.864161 -0.036872 -0.656389 0.076301 0.749648
1261231393.043168 39.154020 61.206759 491.161958 -0.033171 -0.656982 0.076242 0.749307
1261231393.393159 37.348596 61.313665 491.389940 -0.031401 -0.650193 0.077002 0.755205
1261231394.193164 33.933805 61.547621 492.094616 -0.020655 -0.606894 0.063113 0.792003
1261231394.543180 32.685804 61.655199 492.553614 -0.017616 -0.574749 0.056531 0.816185
1261231395.143182 30.719822 61.868710 493.611637 -0.010012 -0.503146 0.042779 0.863084
1261231395.393193 30.005429 61.974859 494.182087 -0.011595 -0.462620 0.034175 0.885822
1261231395.922682 28.737797 62.215953 495.607251 -0.008797 -0.366158 0.016951 0.930357
1261231396.293209 27.912517 62.464624 497.059584 -0.006691 -0.282706 0.003926 0.959175
1261231396.493187 27.556082 62.597367 497.901497 -0.008710 -0.239835 -0.002098 0.970772
1261231396.793201 27.086341 62.813361 499.316638 -0.011344 -0.180023 -0.008552 0.983560
1261231396.943208 26.884821 62.925260 500.077100 -0.008403 -0.149993 -0.015099 0.988536
1261231397.093220 26.732405 63.034396 500.874252 -0.006705 -0.118721 -0.019115 0.992721
1261231397.393208 26.618189 63.258721 502.540440 -0.002751 -0.053122 -0.021492 0.998353
1261231397.543217 26.612346 63.370351 503.430786 -0.003020 -0.021246 -0.023835 0.999486
1261231397.693216 26.667353 63.483883 504.327277 -0.004293 0.009385 -0.027082 0.999580
1261231397.922518 26.834684 63.636833 505.545653 -0.004315 0.047248 -0.027139 0.998505
1261231398.293224 27.339457 63.942588 508.065731 0.002713 0.097813 -0.023342 0.994927
1261231398.493238 27.642118 64.094002 509.393353 0.004612 0.112278 -0.023807 0.993381
1261231398.693209 27.984496 64.248650 510.747985 0.006422 0.122889 -0.022200 0.992151
1261231399.193233 28.914951 64.642979 514.283132 0.006188 0.132994 -0.022575 0.990840
1261231399.443219 29.382054 64.852830 516.150319 0.003922 0.131532 -0.027744 0.990916
1261231399.843236 30.174837 65.215042 519.236543 -0.000882 0.130775 -0.026772 0.991050
1261231400.043239 30.580720 65.403461 520.816345 0.002041 0.130496 -0.026405 0.991095
1261231400.243225 31.004402 65.592140 522.441486 0.002239 0.130852 -0.024537 0.991096
1261231400.672289 31.865923 65.961456 525.748396 0.006884 0.130065 -0.022766 0.991220
1261231400.843250 32.296990 66.153807 527.469274 0.004163 0.129448 -0.021915 0.991335
1261231401.243249 33.169252 66.550215 530.929027 0.003256 0.127749 -0.024603 0.991496
1261231401.443258 33.610229 66.751511 532.696265 0.002494 0.127171 -0.024963 0.991563
1261231401.643234 34.060934 66.955621 534.488354 0.002145 0.126957 -0.024525 0.991603
1261231401.993249 34.865756 67.325968 537.741375 -0.000900 0.126730 -0.026172 0.991591
1261231402.193276 35.317716 67.534394 539.565104 -0.000523 0.126242 -0.026296 0.991651
1261231402.350911 35.643838 67.689009 540.911253 0.000491 0.125906 -0.026938 0.991676
1261231402.743252 36.520537 68.078076 544.401706 0.002390 0.125066 -0.026667 0.991787
1261231402.893271 36.845802 68.228288 545.722185 0.002148 0.124847 -0.027320 0.991798
1261231403.043284 37.172477 68.378360 547.052365 0.001144 0.124382 -0.027814 0.991844
1261231403.393257 37.927872 68.724096 550.051738 0.003790 0.124611 -0.027369 0.991821
1261231403.593270 38.361717 68.919346 551.844178 0.002349 0.124974 -0.025949 0.991818
1261231403.743275 38.710965 69.073154 553.232496 0.003474 0.124757 -0.023976 0.991892
1261231404.093264 39.480945 69.411117 556.359104 0.002070 0.124990 -0.021047 0.991933
1261231404.243265 39.781962 69.579815 557.723472 0.003043 0.126507 -0.021437 0.991729
1261231404.470728 40.179345 69.779180 559.353913 0.001290 0.126958 -0.023519 0.991628
1261231404.643263 40.597412 69.979253 561.018925 0.000331 0.126688 -0.022514 0.991687
1261231405.093283 41.586227 70.444905 564.960602 0.000256 0.124427 -0.021116 0.992004
1261231405.293306 42.021941 70.640065 566.678350 0.002827 0.123526 -0.021519 0.992104
1261231405.443270 42.321524 70.778837 567.922514 0.002021 0.123013 -0.021677 0.992166
1261231405.743297 42.945262 71.076708 570.404269 -0.000255 0.123228 -0.023951 0.992089
1261231405.893297 43.246893 71.240978 571.521894 -0.001936 0.123664 -0.025756 0.991988
1261231406.043303 43.573170 71.391066 572.847027 -0.000702 0.124598 -0.026692 0.991848
1261231406.193280 43.894510 71.541572 574.144920 -0.000333 0.125646 -0.027646 0.991690
1261231406.343291 44.162008 71.671462 575.254085 -0.001090 0.126900 -0.027202 0.991542
1261231406.693308 44.896962 72.001512 578.111469 -0.002075 0.130392 -0.025009 0.991145
1261231406.893278 45.341707 72.188572 579.829506 -0.001918 0.132862 -0.023806 0.990847
1261231407.293307 46.245776 72.589849 583.144234 -0.003764 0.137493 -0.023281 0.990222
1261231407.493312 46.695419 72.780883 584.747298 -0.003282 0.139013 -0.024112 0.989992
1261231407.693294 47.167774 72.988062 586.323052 -0.002030 0.139214 -0.025685 0.989927
1261231408.093308 48.051851 73.352367 589.499740 -0.002818 0.138114 -0.027198 0.990039
1261231408.293333 48.449244 73.540560 590.887512 -0.000479 0.138828 -0.027675 0.989930
1261231408.493303 48.878467 73.708368 592.440396 0.000686 0.138153 -0.029946 0.989958
1261231408.693309 49.254944 73.853932 593.758021 0.000117 0.137798 -0.026763 0.990099
1261231408.893323 49.660606 74.031116 595.147471 0.000774 0.137906 -0.025784 0.990109
1261231409.093337 50.069420 74.192303 596.639471 0.000215 0.137321 -0.023408 0.990250
1261231409.493324 50.890508 74.521003 599.503820 0.002338 0.136979 -0.021221 0.990344
1261231409.743333 51.368161 74.722349 601.283728 -0.002461 0.137594 -0.019585 0.990292
1261231409.993314 51.847045 74.913497 603.004696 -0.003694 0.137754 -0.020443 0.990249
1261231410.593347 52.866330 75.375944 606.689684 -0.005722 0.139625 -0.024619 0.989882
1261231410.943340 53.423671 75.620681 608.636502 -0.005267 0.144632 -0.031070 0.988984
1261231411.293347 54.020607 75.834906 610.426261 -0.002455 0.159002 -0.029996 0.986819
1261231411.893356 55.221900 76.163390 613.201267 -0.003594 0.211123 -0.036386 0.976775
1261231412.193332 55.948351 76.314095 614.468990 -0.001397 0.246397 -0.042430 0.968239
1261231412.793364 57.711405 76.545157 616.782804 0.004117 0.325568 -0.056489 0.943821
1261231413.093354 58.772391 76.639704 617.817976 0.005234 0.369579 -0.059649 0.927268
1261231413.593376 60.774577 76.777789 619.352993 0.005332 0.438085 -0.067802 0.896357
1261231413.793354 61.656487 76.816629 619.880825 0.009180 0.464837 -0.070177 0.882563
1261231413.993370 62.606351 76.850070 620.387628 0.010207 0.491456 -0.074256 0.867671
1261231414.393354 64.748699 76.881910 621.324835 0.006555 0.543212 -0.083630 0.835394
1261231414.593365 65.898124 76.882921 621.700257 0.008461 0.570180 -0.088301 0.816716
1261231414.893384 67.692374 76.865347 622.149192 0.006818 0.606927 -0.093996 0.789150
1261231415.043393 68.667507 76.843790 622.346159 0.007248 0.624454 -0.096326 0.775065
1261231415.345957 70.565616 76.789960 622.586801 0.007426 0.655815 -0.105021 0.747544
1261231415.643390 72.547332 76.723924 622.797153 0.007355 0.680588 -0.111751 0.724056
1261231415.943373 74.607708 76.617650 622.811536 0.007888 0.701423 -0.113260 0.703645
1261231416.143384 76.035374 76.546492 622.770562 0.008836 0.712090 -0.112884 0.692897
1261231416.543406 78.988634 76.386174 622.582748 0.010224 0.727344 -0.109563 0.677394
1261231416.943387 82.048604 76.231516 622.376857 0.008768 0.732223 -0.109403 0.672164
1261231417.393381 85.567018 76.054979 622.113712 0.009415 0.733546 -0.111523 0.670361
1261231417.643392 87.559307 75.949749 621.947248 0.008574 0.734397 -0.110511 0.669608
1261231418.093415 91.257248 75.761332 621.637242 0.007841 0.734371 -0.108866 0.669915
1261231418.293398 92.978395 75.673469 621.506648 0.008193 0.734118 -0.107573 0.670397
1261231418.493408 94.786989 75.584655 621.362496 0.006292 0.734806 -0.105302 0.670024
1261231418.893394 98.316241 75.414610 621.067837 0.008101 0.735477 -0.110171 0.668483
1261231419.043399 99.613226 75.349518 620.960415 0.008334 0.736097 -0.110527 0.667739
1261231419.443422 103.250396 75.142740 620.639649 0.007063 0.737904 -0.110087 0.665829
1261231419.593436 104.594115 75.071651 620.522719 0.007989 0.738901 -0.108904 0.664907
1261231419.743409 105.889299 75.006310 620.399573 0.006394 0.739709 -0.108363 0.664114
1261231419.943422 107.679673 74.908192 620.224961 0.005904 0.740135 -0.107297 0.663817
1261231420.393407 111.635191 74.697767 619.831271 0.007546 0.740004 -0.108214 0.663798
1261231420.593422 113.358974 74.599897 619.667408 0.008902 0.739820 -0.108586 0.663925
1261231421.093442 117.649794 74.354432 619.237765 0.010231 0.739484 -0.107955 0.664383
1261231421.343427 119.751985 74.233361 619.033342 0.008989 0.739323 -0.108182 0.664542
1261231421.593446 121.745017 74.128642 618.844824 0.006724 0.739269 -0.108453 0.664586
1261231421.793452 123.194636 74.061830 618.704203 0.006322 0.739138 -0.110162 0.664454
1261231421.993431 124.593787 74.000510 618.565931 0.004382 0.739277 -0.109018 0.664503
1261231422.193434 126.062412 73.926527 618.416290 0.003024 0.739682 -0.107179 0.664359
1261231422.393445 127.564966 73.848931 618.262334 0.002788 0.739793 -0.106312 0.664376
1261231422.843439 130.888242 73.673379 617.922512 0.004341 0.740265 -0.106314 0.663842
1261231423.093459 132.747988 73.563440 617.729401 0.005713 0.741004 -0.108664 0.662625
1261231423.343453 134.606540 73.446506 617.521616 0.006154 0.742573 -0.108034 0.660966
1261231423.543450 136.073714 73.348635 617.351837 0.004501 0.744861 -0.108601 0.658307
1261231424.043464 139.402290 73.120490 616.846542 0.008544 0.757700 -0.109330 0.643323
1261231424.693469 142.780271 72.886049 616.072987 0.011687 0.782360 -0.104861 0.613824
1261231424.943460 143.869763 72.804562 615.733413 0.012897 0.794179 -0.105063 0.598394
1261231425.243471 145.025149 72.706327 615.278377 0.014190 0.811512 -0.107111 0.574260
1261231425.793468 146.931365 72.519422 614.296271 0.015765 0.844167 -0.110361 0.524361
1261231426.093483 147.730678 72.426796 613.727382 0.020621 0.859877 -0.108932 0.498318
1261231426.443465 148.527536 72.307524 613.045387 0.021880 0.876239 -0.116265 0.467128
1261231427.143469 150.229194 72.021055 611.370867 0.025316 0.911135 -0.122969 0.392519
1261231427.443488 150.866444 71.876821 610.502841 0.020577 0.928471 -0.124830 0.349192
1261231427.943482 151.809700 71.596193 608.707260 0.022528 0.956469 -0.127712 0.261437
1261231428.343500 152.478228 71.329659 606.952832 0.021452 0.972279 -0.130644 0.192732
1261231428.543521 152.761715 71.182571 606.009337 0.021483 0.977732 -0.129966 0.163364
1261231429.043503 153.356734 70.803652 603.468185 0.015046 0.986242 -0.128701 0.102643
1261231429.543506 153.742686 70.402222 600.560266 0.015660 0.990411 -0.126168 0.054061
1261231429.793510 153.838349 70.196314 598.972126 0.019262 0.991272 -0.126127 0.033169
1261231430.393515 153.900654 69.653832 594.912487 0.024304 0.991513 -0.127717 -0.000153
1261231430.743525 153.887364 69.308651 592.343106 0.022290 0.991545 -0.127515 -0.008981
1261231431.243525 153.818156 68.781884 588.338834 0.018479 0.991818 -0.125001 -0.018173
1261231431.493536 153.779988 68.477251 586.104487 0.019572 0.991297 -0.128362 -0.021699
1261231431.743520 153.700359 68.185388 583.956214 0.021501 0.991353 -0.127193 -0.024068
1261231432.343554 153.488948 67.500828 578.762624 0.018257 0.991814 -0.123475 -0.026926
1261231432.643533 153.373396 67.131686 576.096520 0.018998 0.990897 -0.130208 -0.028424
1261231433.293534 153.096154 66.332989 570.243892 0.021628 0.991362 -0.126080 -0.028925
1261231433.893533 152.843265 65.593765 564.817542 0.021278 0.991735 -0.123039 -0.029515
1261231434.144587 152.735940 65.283852 562.522508 0.021466 0.991708 -0.123134 -0.029874
1261231434.393560 152.633149 64.994009 560.354598 0.020700 0.991439 -0.125230 -0.030618
1261231434.943560 152.411879 64.323566 555.492644 0.015693 0.991716 -0.123664 -0.030978
1261231435.257789 152.295498 63.956183 552.806696 0.013442 0.991828 -0.123163 -0.030446
1261231435.459012 152.226058 63.716900 551.004266 0.010670 0.992008 -0.122367 -0.028866
1261231435.693570 152.141694 63.443731 548.917087 0.011410 0.992222 -0.121221 -0.025914
1261231435.943569 152.083432 63.216612 547.022826 0.010781 0.992408 -0.120385 -0.022753
1261231436.243563 152.014202 62.925625 544.798010 0.019834 0.991821 -0.124799 -0.017974
1261231436.543574 151.980816 62.641562 542.584254 0.015809 0.992537 -0.119656 -0.017377
1261231436.843589 151.908526 62.394871 540.559535 0.012172 0.992315 -0.120629 -0.024735
1261231437.043571 151.837511 62.228605 539.239377 0.012554 0.991370 -0.126892 -0.030448
1261231437.243580 151.743455 62.005031 537.694632 0.015865 0.991507 -0.124955 -0.032370
1261231437.408601 151.681374 61.850141 536.586467 0.017308 0.991509 -0.124640 -0.032788
1261231437.693569 151.562037 61.552264 534.349763 0.017969 0.991503 -0.124608 -0.032731
1261231438.293601 151.319599 60.962326 529.919912 0.021441 0.991231 -0.126806 -0.030372
1261231438.793600 151.118382 60.409189 526.008650 0.022537 0.991217 -0.126949 -0.029425
1261231438.997847 151.026623 60.148657 524.264629 0.022744 0.991180 -0.127171 -0.029526
1261231439.193586 150.937660 59.917035 522.616491 0.023699 0.991121 -0.127396 -0.029801
1261231439.643606 150.757998 59.461973 519.208010 0.023926 0.991302 -0.125537 -0.031436
1261231439.893588 150.645754 59.198803 517.183570 0.023492 0.991619 -0.122584 -0.033377
1261231440.143599 150.519281 58.923350 515.109105 0.023534 0.991291 -0.124497 -0.035890
1261231440.343614 150.407737 58.692921 513.396511 0.023402 0.991066 -0.125678 -0.038032
1261231440.543627 150.292580 58.460760 511.684241 0.023160 0.991215 -0.124032 -0.039647
1261231440.743599 150.230942 58.322611 510.478772 0.021500 0.991173 -0.124384 -0.040518
1261231440.943622 150.135900 58.194436 509.282603 0.023655 0.990724 -0.127159 -0.041688
1261231441.143621 150.024343 57.965089 507.665089 0.023197 0.990795 -0.126914 -0.040994
1261231441.343629 149.940295 57.764196 506.185809 0.025930 0.990925 -0.126148 -0.038494
1261231441.543616 149.865683 57.561903 504.692363 0.027842 0.990971 -0.126057 -0.036214
1261231441.793630 149.765835 57.307607 502.784997 0.032084 0.991118 -0.124640 -0.033486
1261231441.993634 149.673663 57.060402 501.014090 0.031965 0.991213 -0.124124 -0.032691
1261231442.193613 149.588727 56.821224 499.255328 0.031058 0.991413 -0.123027 -0.031639
1261231442.543629 149.441636 56.377848 495.945772 0.025470 0.991457 -0.123816 -0.032153
1261231442.793644 149.328151 56.070035 493.607449 0.024285 0.991872 -0.120420 -0.033154
1261231443.043631 149.204793 55.754960 491.261926 0.025415 0.991852 -0.120166 -0.033814
1261231443.743626 148.851688 54.927816 485.095195 0.028358 0.990837 -0.127912 -0.032815
1261231444.293655 148.602577 54.276941 480.302819 0.023966 0.991342 -0.125242 -0.031313
1261231444.493641 148.504353 54.015454 478.352226 0.022811 0.991600 -0.123565 -0.030672
1261231444.843663 148.353028 53.597669 475.150510 0.021437 0.991655 -0.123604 -0.029705
1261231445.043662 148.263203 53.342689 473.221092 0.021130 0.991516 -0.124966 -0.028876
1261231445.443656 148.091205 52.859850 469.561399 0.025857 0.991838 -0.121976 -0.026665
1261231445.643656 148.014308 52.632280 467.759005 0.027994 0.992024 -0.120294 -0.025183
1261231445.993652 147.906683 52.240977 464.647859 0.026678 0.991678 -0.123947 -0.022382
1261231446.143661 147.860367 52.072465 463.326521 0.027246 0.992059 -0.120921 -0.021305
1261231446.343675 147.807443 51.828171 461.498391 0.026842 0.992177 -0.120267 -0.020018
1261231446.743660 147.695095 51.344954 457.819743 0.026594 0.992084 -0.121190 -0.019347
1261231447.043670 147.600838 50.984344 455.135801 0.028112 0.991619 -0.124411 -0.020563
1261231447.193685 147.551556 50.797462 453.810524 0.027976 0.991412 -0.125967 -0.021266
1261231447.393669 147.487097 50.556799 452.059884 0.027526 0.991497 -0.125219 -0.022276
1261231447.793691 147.361997 50.107919 448.601210 0.022709 0.992351 -0.118617 -0.025556
1261231448.143667 147.215010 49.750143 445.675510 0.028082 0.992244 -0.117866 -0.027771
1261231448.293681 147.160913 49.584944 444.399648 0.025899 0.991337 -0.125604 -0.028342
1261231448.493686 147.083338 49.360936 442.708394 0.025284 0.991883 -0.121482 -0.027762
1261231448.893678 146.941899 48.916630 439.381939 0.021017 0.991662 -0.123790 -0.029010
1261231449.043680 146.875996 48.754215 438.159636 0.021418 0.991648 -0.123404 -0.030776
1261231449.243694 146.779240 48.543248 436.559240 0.022306 0.991799 -0.121420 -0.033079
1261231449.643684 146.587332 48.133495 433.414753 0.023439 0.991595 -0.122544 -0.034238
1261231449.793690 146.529076 47.984842 432.269738 0.022456 0.991682 -0.122319 -0.033189
1261231450.093703 146.411433 47.671040 429.960668 0.025421 0.991739 -0.122713 -0.027364
1261231450.243716 146.371207 47.521108 428.852126 0.024885 0.991826 -0.122811 -0.024081
1261231450.443697 146.339300 47.327447 427.383375 0.022135 0.992097 -0.121805 -0.020430
1261231450.843719 146.262710 46.950338 424.505784 0.019885 0.992333 -0.120352 -0.019882
1261231451.043726 146.212176 46.768150 423.174178 0.021211 0.991625 -0.125627 -0.021170
1261231451.193699 146.174956 46.625394 422.138709 0.020906 0.991541 -0.126191 -0.022029
1261231451.643721 146.056803 46.202285 419.077258 0.021776 0.991723 -0.124352 -0.023426
1261231451.843731 146.018259 46.025112 417.758617 0.017741 0.991919 -0.123286 -0.024155
1261231452.043713 145.971827 45.858047 416.471521 0.016779 0.992387 -0.119650 -0.023870
1261231452.543732 145.832186 45.467103 413.420065 0.022163 0.991891 -0.122015 -0.027827
1261231452.743719 145.749700 45.312466 412.264260 0.028897 0.991557 -0.122534 -0.031071
1261231453.193734 145.551455 44.986402 409.627065 0.027171 0.992039 -0.115208 -0.042977
1261231453.443722 145.404742 44.806048 408.199952 0.024857 0.991635 -0.115796 -0.051319
1261231453.993744 145.007313 44.433421 405.221123 0.018875 0.989605 -0.122495 -0.072939
1261231454.293729 144.735679 44.224043 403.670957 0.017326 0.988585 -0.123796 -0.084102
1261231454.957769 144.054600 43.800099 400.644184 0.016353 0.984965 -0.127594 -0.115313
1261231455.493758 143.183009 43.379030 398.025897 0.016671 0.977587 -0.128909 -0.165614
1261231455.743739 142.650614 43.184250 396.873872 0.016206 0.972276 -0.128312 -0.194815
1261231456.393748 140.772596 42.696932 393.522210 0.019454 0.954018 -0.122969 -0.272673
1261231457.093778 137.950122 42.228046 389.727049 0.021323 0.932785 -0.113363 -0.341476
1261231457.843788 134.267737 41.817800 385.795808 0.020069 0.915861 -0.111267 -0.385247
1261231458.243774 132.157329 41.609543 383.681782 0.022411 0.913126 -0.113426 -0.390938
1261231458.943781 128.439427 41.239790 379.844501 0.032916 0.919055 -0.117116 -0.374884
1261231459.293796 126.693191 40.996133 377.830894 0.038027 0.926181 -0.120990 -0.355111
1261231459.943801 123.859519 40.437032 373.881266 0.033018 0.944311 -0.126717 -0.301877
1261231460.243790 122.761340 40.160978 372.019696 0.035409 0.953519 -0.128080 -0.270450
1261231460.543797 121.849371 39.873052 370.138965 0.032015 0.962129 -0.129271 -0.237849
1261231460.793810 121.152916 39.649261 368.496402 0.030959 0.968879 -0.124597 -0.211638
1261231461.293816 120.062394 39.207217 365.251083 0.028096 0.976902 -0.135595 -0.162751
1261231461.543833 119.657457 38.970434 363.607914 0.028566 0.981106 -0.135896 -0.134710
1261231462.043814 119.159988 38.444462 360.201518 0.028500 0.988114 -0.133989 -0.069746
1261231462.293838 119.114028 38.193845 358.562832 0.028189 0.990012 -0.133037 -0.037178
1261231462.793818 119.402542 37.695971 355.401680 0.029811 0.990580 -0.129686 0.032308
1261231462.993825 119.670841 37.506236 354.223059 0.031527 0.989160 -0.130229 0.060067
1261231463.193813 119.976272 37.316018 353.015560 0.030580 0.987302 -0.129492 0.086778
1261231463.693835 120.974939 36.845059 350.092302 0.029703 0.978916 -0.133231 0.151954
1261231464.193833 122.370039 36.408581 347.478075 0.026657 0.968456 -0.130581 0.210550
1261231464.443840 123.137538 36.188128 346.180416 0.024984 0.963374 -0.130617 0.232864
1261231464.943843 124.745964 35.754985 343.589723 0.024816 0.956809 -0.122000 0.262712
1261231465.193852 125.637747 35.534182 342.297585 0.024485 0.954006 -0.121905 0.272785
1261231465.443833 126.483459 35.331682 341.056260 0.026558 0.951388 -0.121933 0.281580
1261231465.743853 127.511938 35.091744 339.604966 0.023893 0.949269 -0.120723 0.289385
1261231466.493876 130.015167 34.551787 336.163768 0.016114 0.946543 -0.116097 0.300529
1261231467.193857 132.219453 34.098503 333.120575 0.019538 0.948019 -0.121604 0.293412
1261231467.843862 133.902765 33.645314 330.232092 0.020911 0.962415 -0.121907 0.241783
1261231468.143874 134.479050 33.454041 328.860239 0.019299 0.972149 -0.116207 0.202606
1261231468.643867 135.026429 33.196037 326.654318 0.020118 0.986148 -0.113100 0.119647
1261231468.843889 135.154756 33.075618 325.653810 0.019365 0.989702 -0.113553 0.084972
1261231469.093900 135.218259 32.918814 324.339300 0.019965 0.992161 -0.116104 0.041692
1261231469.593889 135.062002 32.581131 321.533029 0.025511 0.991714 -0.122200 -0.030339
1261231469.855286 134.890631 32.389816 320.104302 0.023115 0.990054 -0.126245 -0.057636
1261231470.093882 134.622319 32.195931 318.651339 0.029799 0.987090 -0.135098 -0.080704
1261231470.693881 133.802112 31.705420 315.030503 0.023402 0.984018 -0.127840 -0.121732
1261231470.943899 133.382899 31.504043 313.456432 0.018914 0.983202 -0.122043 -0.134392
1261231471.356465 132.568020 31.185325 310.845300 0.028494 0.980469 -0.125015 -0.149129
1261231471.543908 132.128969 31.022136 309.482530 0.028386 0.979655 -0.124284 -0.154997
1261231471.743905 131.662330 30.851638 308.038921 0.030395 0.979717 -0.118428 -0.158761
1261231472.143894 130.665337 30.520818 305.100119 0.025848 0.977880 -0.119775 -0.169518
1261231472.343904 130.115473 30.336768 303.577081 0.025726 0.976795 -0.120836 -0.174951
1261231472.793931 128.770709 29.920620 300.104115 0.025670 0.974587 -0.120275 -0.187231
1261231472.993903 128.155793 29.739454 298.567590 0.026167 0.973910 -0.117777 -0.192205
1261231473.193915 127.521626 29.570806 297.050700 0.027538 0.973131 -0.114613 -0.197791
1261231473.643911 126.020395 29.189736 293.632275 0.030409 0.969880 -0.118168 -0.210819
1261231473.893921 125.193883 28.978963 291.798733 0.029790 0.968137 -0.119807 -0.217875
1261231474.443917 123.207774 28.511259 287.702563 0.028881 0.965351 -0.114645 -0.232638
1261231474.693925 122.276271 28.310010 285.887692 0.028540 0.963927 -0.115536 -0.238081
1261231475.193927 120.356596 27.914203 282.284512 0.028093 0.962074 -0.110996 -0.247595
1261231475.393930 119.548903 27.757132 280.825732 0.027908 0.960725 -0.111408 -0.252621
1261231475.543942 118.972013 27.650197 279.785031 0.028044 0.959490 -0.113414 -0.256377
1261231475.943928 117.288584 27.335918 277.105429 0.033855 0.955508 -0.113373 -0.270194
1261231476.193951 116.672523 27.242399 275.751440 0.033042 0.953683 -0.110339 -0.277888
1261231476.493959 115.727013 27.089944 274.084146 0.032953 0.950374 -0.117153 -0.286318
1261231477.245905 113.534552 26.674020 270.166564 0.034383 0.945351 -0.117992 -0.302005
1261231477.493948 113.057697 26.563222 269.031685 0.032029 0.944345 -0.115834 -0.306218
1261231477.993970 112.256301 26.347995 266.923380 0.026127 0.942899 -0.112851 -0.312286
1261231478.593979 110.898367 26.033571 264.284943 0.024857 0.941844 -0.113162 -0.315446
1261231478.793990 110.484477 25.947748 263.383587 0.023850 0.942463 -0.110007 -0.314790
1261231479.093967 109.270636 25.740547 261.545713 0.026741 0.943441 -0.108059 -0.312292
1261231479.393977 108.168388 25.532045 259.673709 0.026504 0.944579 -0.105203 -0.309839
1261231480.043990 105.739251 25.164165 256.007315 0.026954 0.941686 -0.110217 -0.316785
1261231480.343998 104.453079 24.976837 254.292479 0.027687 0.938024 -0.114971 -0.325771
1261231481.043999 101.140342 24.506051 250.262499 0.037152 0.930507 -0.116771 -0.345168
1261231481.344002 99.591726 24.313954 248.482852 0.038546 0.927777 -0.114942 -0.352892
1261231481.643999 98.005195 24.142666 246.699852 0.042193 0.925322 -0.113097 -0.359456
1261231482.170482 95.365956 23.869692 243.804384 0.041838 0.922422 -0.113298 -0.366812
1261231482.393993 93.997405 23.731112 242.333143 0.042071 0.921562 -0.111390 -0.369521
1261231483.044007 90.463102 23.411297 238.538053 0.045478 0.920194 -0.109484 -0.373079
1261231483.344034 88.861034 23.265191 236.820667 0.043514 0.919855 -0.111988 -0.373406
1261231483.594006 87.492678 23.130499 235.361514 0.042559 0.919857 -0.111589 -0.373631
1261231484.144003 84.460885 22.840905 232.134560 0.041477 0.920359 -0.110181 -0.372934
1261231484.344014 83.356777 22.742850 230.954255 0.042904 0.920902 -0.108826 -0.371827
1261231484.544020 82.343549 22.662287 229.858104 0.044406 0.921218 -0.108927 -0.370838
1261231484.744359 81.342029 22.583567 228.773474 0.046057 0.921566 -0.110708 -0.369240
1261231484.944016 80.326352 22.485341 227.658926 0.046337 0.921824 -0.114311 -0.367460
1261231485.194035 78.957177 22.335529 226.168715 0.050081 0.921952 -0.118642 -0.365267
1261231485.394040 77.828979 22.205446 224.907078 0.048902 0.923406 -0.114134 -0.363185
1261231485.594035 76.681909 22.075843 223.627340 0.049600 0.924288 -0.114670 -0.360670
1261231485.813323 75.613547 21.954850 222.408845 0.046774 0.924483 -0.118201 -0.359405
1261231486.044041 74.282211 21.803073 220.878048 0.047587 0.926038 -0.114830 -0.356376
1261231486.294053 72.964580 21.654339 219.352652 0.051367 0.926938 -0.114926 -0.353468
1261231486.894047 69.840447 21.287628 215.624485 0.052587 0.929584 -0.116676 -0.345679
1261231487.194034 68.311162 21.103845 213.756486 0.053388 0.930712 -0.117820 -0.342117
1261231487.494058 66.894389 20.941341 211.991543 0.055267 0.931941 -0.117105 -0.338699
1261231487.744066 65.744450 20.807856 210.532469 0.054446 0.933146 -0.116918 -0.335567
1261231488.044108 64.183812 20.594549 208.544304 0.051432 0.934281 -0.118438 -0.332335
1261231488.294062 62.902709 20.419848 206.890223 0.048903 0.935180 -0.118362 -0.330207
1261231488.544070 61.691065 20.264482 205.302058 0.049044 0.936680 -0.115491 -0.326936
1261231488.794049 60.503692 20.118830 203.695888 0.046449 0.938449 -0.114279 -0.322638
1261231489.044066 59.246166 19.954571 201.986576 0.043565 0.940192 -0.113774 -0.318113
1261231489.364975 57.755424 19.762491 199.908940 0.041570 0.942201 -0.110934 -0.313405
1261231489.644068 56.194892 19.543629 197.750079 0.046068 0.942100 -0.116479 -0.311059
1261231489.954226 54.651965 19.295926 195.578709 0.043256 0.942101 -0.124261 -0.308439
1261231490.194072 53.400271 19.080839 193.795477 0.045198 0.943113 -0.122850 -0.305619
1261231490.444074 52.109030 18.869061 191.934623 0.048463 0.944550 -0.120567 -0.301562
1261231490.694087 50.754360 18.651442 189.943554 0.051574 0.945954 -0.118977 -0.297247
1261231491.144086 48.318659 18.260930 186.244313 0.052204 0.948439 -0.117090 -0.289877
1261231491.344088 47.231492 18.075079 184.559322 0.052639 0.949372 -0.116415 -0.287002
1261231491.594106 45.991515 17.873132 182.605058 0.053281 0.950229 -0.116994 -0.283793
1261231491.794095 45.061286 17.722137 181.112920 0.052804 0.950833 -0.117835 -0.281503
1261231492.052799 43.880351 17.516524 179.200943 0.052578 0.951510 -0.119159 -0.278685
1261231492.244107 42.932757 17.350138 177.661452 0.051776 0.952298 -0.118728 -0.276316
1261231492.594097 41.356853 17.081381 175.055071 0.051680 0.953582 -0.117974 -0.272199
1261231492.798449 40.518694 16.939086 173.640650 0.051096 0.954336 -0.117991 -0.269649
1261231492.994116 39.681602 16.787571 172.196038 0.049175 0.955363 -0.117237 -0.266681
1261231493.144089 39.039137 16.667057 171.076025 0.047290 0.956144 -0.116397 -0.264582
1261231493.294093 38.378221 16.540440 169.923217 0.045942 0.956803 -0.115059 -0.263019
1261231493.494108 37.518805 16.374843 168.407521 0.044383 0.957459 -0.114685 -0.261057
1261231493.694118 36.664945 16.218416 166.919828 0.047960 0.957482 -0.116187 -0.259672
1261231493.944099 35.687908 16.044458 165.169405 0.048331 0.957572 -0.115585 -0.259538
1261231494.244110 34.533501 15.819358 163.124339 0.046895 0.956670 -0.123174 -0.259638
1261231494.544136 33.440167 15.603761 161.173424 0.046495 0.957001 -0.119343 -0.260277
1261231494.844115 32.364532 15.398770 159.243299 0.050549 0.958362 -0.118281 -0.254945
1261231495.194130 31.187539 15.159617 157.015944 0.050525 0.960364 -0.118485 -0.247204
1261231495.544115 30.117152 14.930584 154.892559 0.050573 0.962398 -0.117007 -0.239879
1261231495.844125 29.213095 14.721916 153.050885 0.049430 0.963871 -0.116769 -0.234252
1261231496.194121 28.187801 14.475816 150.911304 0.046967 0.965135 -0.118382 -0.228680
1261231496.563066 27.283827 14.267087 148.938761 0.046376 0.966612 -0.115773 -0.223848
1261231496.944122 26.329518 14.047547 146.793454 0.046142 0.967661 -0.113237 -0.220637
1261231497.194142 25.783750 13.925251 145.553739 0.045784 0.967534 -0.112870 -0.221454
1261231497.744134 24.511490 13.682808 143.042081 0.046211 0.961118 -0.109906 -0.249074
1261231498.044144 24.057043 13.613799 142.232820 0.047439 0.952566 -0.108702 -0.280271
1261231498.344178 23.204199 13.543328 141.197230 0.049535 0.940279 -0.105073 -0.319970
1261231499.044171 20.743947 13.510613 139.162189 0.050730 0.891432 -0.089789 -0.441263
1261231499.444156 19.041352 13.578522 138.343419 -0.052195 -0.848383 0.081161 0.520513
1261231499.844177 17.211723 13.679413 137.864951 -0.049408 -0.796472 0.083875 0.596788
1261231500.044162 16.269839 13.735959 137.742523 -0.044124 -0.768495 0.086784 0.632406
1261231500.444181 14.303949 13.866986 137.746617 -0.041497 -0.710585 0.088427 0.696798
1261231500.844167 12.286490 14.005118 138.006313 -0.030879 -0.656988 0.085040 0.748453
1261231501.072761 11.239146 14.078612 138.237331 -0.028472 -0.631977 0.080245 0.770295
1261231501.444166 9.100856 14.255104 138.887158 -0.026975 -0.588615 0.073545 0.804609
1261231501.644167 8.000790 14.365290 139.301120 -0.029026 -0.570502 0.070953 0.817711
1261231502.094204 5.430793 14.652758 140.352623 -0.036193 -0.547295 0.067147 0.833457
1261231502.361961 3.958227 14.834252 140.993206 -0.038327 -0.538579 0.067683 0.838977
1261231502.844204 0.925931 15.227036 142.381237 -0.041520 -0.526756 0.068482 0.846235
1261231503.044189 -0.339249 15.394485 142.959379 -0.040936 -0.525205 0.068132 0.847255
1261231503.244201 -1.646260 15.563569 143.555770 -0.041012 -0.524836 0.066947 0.847575
1261231503.744193 -4.995336 15.980971 145.101136 -0.034478 -0.524165 0.067669 0.848224
1261231504.144208 -7.791014 16.302948 146.373440 -0.031839 -0.527373 0.067090 0.846382
1261231504.294211 -8.860941 16.423439 146.851201 -0.030828 -0.528803 0.067744 0.845475
1261231504.444200 -9.945549 16.549950 147.344083 -0.034539 -0.529753 0.069460 0.844597
1261231504.863613 -12.920223 16.888699 148.670331 -0.037346 -0.531770 0.072788 0.842928
1261231505.079043 -14.441457 17.056339 149.329182 -0.036653 -0.533489 0.072565 0.841891
1261231505.202359 -15.595659 17.183931 149.816750 -0.037441 -0.535128 0.070569 0.840986
1261231505.412316 -17.132537 17.355323 150.460360 -0.038569 -0.537608 0.068051 0.839559
1261231505.844235 -20.584976 17.750349 151.879598 -0.037576 -0.542659 0.066489 0.836474
1261231506.094218 -22.493466 17.965599 152.645252 -0.037738 -0.545823 0.066511 0.834404
1261231506.344236 -24.394790 18.178083 153.393179 -0.037312 -0.549037 0.066259 0.832332
1261231506.544245 -25.908776 18.340504 153.981990 -0.035960 -0.551036 0.068447 0.830892
1261231506.694219 -27.052659 18.462289 154.417067 -0.034815 -0.552617 0.068859 0.829856
1261231506.844221 -28.204534 18.581513 154.850543 -0.036011 -0.554363 0.069036 0.828625
1261231506.994236 -29.358044 18.700698 155.275727 -0.036716 -0.555729 0.068798 0.827698
1261231507.194247 -30.904070 18.864243 155.835467 -0.036676 -0.557724 0.067810 0.826438
1261231507.711502 -34.757405 19.274532 157.230239 -0.037458 -0.561131 0.066853 0.824172
1261231508.144230 -38.222641 19.637362 158.467586 -0.036393 -0.563082 0.068727 0.822734
1261231508.344233 -39.764444 19.797191 159.014029 -0.038378 -0.563876 0.069015 0.822075
1261231508.544261 -41.312392 19.957247 159.558237 -0.038441 -0.564552 0.070025 0.821523
1261231508.694252 -42.477240 20.077725 159.967590 -0.038186 -0.564975 0.071371 0.821128
1261231509.094245 -45.603574 20.389518 161.066540 -0.038284 -0.565647 0.076292 0.820218
1261231509.321159 -47.171797 20.534707 161.607074 -0.037000 -0.565920 0.077447 0.819980
1261231509.518992 -48.737233 20.682407 162.144146 -0.038176 -0.567058 0.076561 0.819223
1261231509.709557 -50.305112 20.832286 162.672123 -0.039301 -0.568346 0.073057 0.818597
1261231509.894255 -51.871583 20.990889 163.197842 -0.039706 -0.569374 0.071868 0.817968
1261231510.094263 -53.426407 21.147433 163.714817 -0.038689 -0.570169 0.071615 0.817485
1261231510.294283 -54.974569 21.303213 164.229829 -0.037824 -0.571010 0.071929 0.816911
1261231510.552546 -56.882547 21.486175 164.858239 -0.035869 -0.572067 0.071313 0.816313
1261231510.744274 -58.394064 21.632385 165.355944 -0.035958 -0.572930 0.071435 0.815693
1261231511.002479 -60.307842 21.816959 165.985068 -0.037407 -0.573903 0.071149 0.814969
1261231511.194261 -61.843710 21.968930 166.490845 -0.039674 -0.574561 0.072167 0.814308
1261231511.394284 -63.376603 22.123317 166.996048 -0.042292 -0.574859 0.074762 0.813732
1261231511.594292 -64.893608 22.274528 167.486528 -0.041757 -0.575480 0.077118 0.813100
1261231511.794297 -66.383617 22.415096 167.951449 -0.037202 -0.577366 0.077292 0.811967
1261231512.194279 -69.356104 22.683503 168.863642 -0.037106 -0.581184 0.073181 0.809625
1261231512.394283 -70.829946 22.816139 169.307973 -0.036689 -0.582682 0.073628 0.808526
1261231512.594320 -72.288610 22.945548 169.743999 -0.037214 -0.584095 0.074167 0.807432
1261231512.794282 -73.716064 23.068380 170.166838 -0.037302 -0.585119 0.075841 0.806531
1261231512.994284 -75.143369 23.192303 170.579137 -0.037938 -0.586480 0.075782 0.805518
1261231513.194303 -76.578827 23.317280 170.989485 -0.039957 -0.587911 0.074950 0.804455
1261231513.644289 -79.754052 23.608302 171.880443 -0.043723 -0.590289 0.074237 0.802581
1261231513.894299 -81.507737 23.773324 172.361016 -0.045107 -0.592102 0.073840 0.801205
1261231514.144285 -83.226379 23.917465 172.816144 -0.034502 -0.592929 0.077434 0.800780
1261231514.394296 -84.918995 24.050901 173.275083 -0.035157 -0.593773 0.079404 0.799933
1261231514.744321 -87.216883 24.213990 173.882351 -0.030523 -0.595024 0.079061 0.799228
1261231514.994296 -88.819597 24.330754 174.313513 -0.030923 -0.595349 0.079824 0.798894
1261231515.294313 -90.732089 24.468825 174.820473 -0.033687 -0.595942 0.076028 0.798710
1261231515.562101 -92.318808 24.593428 175.243519 -0.034406 -0.595783 0.075516 0.798847
1261231515.812079 -93.883716 24.722235 175.664780 -0.036382 -0.595062 0.074266 0.799414
1261231516.062680 -95.410266 24.848767 176.082349 -0.035621 -0.593430 0.073914 0.800692
1261231516.427639 -97.076873 24.988620 176.551866 -0.032869 -0.589337 0.072410 0.803964
1261231516.694325 -98.860256 25.138921 177.121546 -0.030499 -0.576742 0.069091 0.813428
1261231517.144310 -100.895107 25.346190 177.959128 -0.029830 -0.544282 0.062169 0.836063
1261231518.044326 -104.141384 25.825301 180.218895 -0.027858 -0.417166 0.038219 0.907599
1261231518.544354 -105.429059 26.157556 181.855395 -0.024994 -0.327029 0.024146 0.944375
1261231518.994343 -106.314711 26.479683 183.633149 -0.020226 -0.237016 0.009964 0.971244
1261231519.194351 -106.621481 26.631131 184.515493 -0.014865 -0.193506 -0.000755 0.980986
1261231519.494337 -106.934042 26.857168 185.960268 -0.010381 -0.126012 -0.013446 0.991883
1261231519.644346 -107.005291 26.969992 186.729050 -0.007356 -0.090723 -0.015775 0.995724
1261231519.794357 -107.035788 27.081134 187.524489 -0.004112 -0.056010 -0.020518 0.998211
1261231520.094380 -106.928136 27.292354 189.173384 -0.001942 0.012427 -0.027822 0.999534
1261231520.244346 -106.799381 27.396667 190.027776 -0.002112 0.044655 -0.031713 0.998497
1261231520.394353 -106.615878 27.502377 190.881977 -0.003126 0.074761 -0.033672 0.996628
1261231520.594368 -106.303975 27.638811 192.020713 -0.004648 0.110830 -0.037111 0.993135
1261231520.994355 -105.495913 27.920759 194.326428 -0.004288 0.162739 -0.043316 0.985709
1261231521.211620 -105.023180 28.068467 195.512800 -0.004776 0.179386 -0.046296 0.982677
1261231521.444383 -104.376754 28.253701 197.021383 -0.005413 0.196194 -0.050431 0.979253
1261231521.944368 -102.908355 28.604614 200.102156 -0.001152 0.220919 -0.053672 0.973814
1261231522.494370 -101.067862 29.024309 203.679398 -0.003820 0.235718 -0.052605 0.970389
1261231522.794380 -100.011546 29.256548 205.698545 -0.000839 0.237572 -0.053263 0.969908
1261231523.044399 -99.116726 29.454357 207.418792 -0.002172 0.237457 -0.053693 0.969910
1261231523.544392 -97.265605 29.866903 210.947551 -0.002397 0.237444 -0.049292 0.970147
1261231523.744391 -96.513190 30.037144 212.414594 -0.002457 0.236607 -0.051627 0.970230
1261231524.144392 -94.994662 30.376623 215.355480 -0.005410 0.236149 -0.052246 0.970296
1261231524.344404 -94.233115 30.549627 216.843256 -0.005009 0.235775 -0.053628 0.970314
1261231524.544409 -93.455749 30.721109 218.347935 -0.004958 0.235312 -0.053668 0.970424
1261231524.894397 -92.102632 31.026309 220.982681 -0.006141 0.234959 -0.054816 0.970439
1261231525.094400 -91.342297 31.202906 222.465291 -0.007502 0.234577 -0.055607 0.970477
1261231525.294427 -90.597328 31.378900 223.933547 -0.007645 0.233698 -0.057626 0.970570
1261231525.494398 -89.859380 31.550244 225.381377 -0.005932 0.233325 -0.058423 0.970624
1261231525.694402 -89.123241 31.718034 226.818382 -0.005789 0.233303 -0.058035 0.970653
1261231525.894410 -88.390353 31.880071 228.242992 -0.004694 0.233006 -0.056417 0.970826
1261231526.294409 -86.934840 32.197993 231.057076 -0.002613 0.233090 -0.053654 0.970970
1261231526.444434 -86.397464 32.320308 232.105686 -0.004710 0.233268 -0.052622 0.970976
1261231526.844430 -84.922255 32.655766 234.970180 -0.005269 0.234346 -0.052270 0.970733
1261231527.044431 -84.191164 32.821977 236.395743 -0.004431 0.235046 -0.052633 0.970548
1261231527.494439 -82.540523 33.205991 239.608812 -0.008192 0.235784 -0.054104 0.970264
1261231527.694413 -81.788467 33.379068 241.053642 -0.006521 0.236096 -0.053092 0.970256
1261231527.899829 -81.029748 33.559600 242.528739 -0.008949 0.236945 -0.055273 0.969908
1261231528.094434 -80.270878 33.731332 243.982492 -0.009383 0.236966 -0.055571 0.969882
1261231528.344447 -79.342391 33.936114 245.757742 -0.003510 0.237436 -0.058369 0.969642
1261231528.610393 -78.404288 34.127074 247.534580 -0.002878 0.238166 -0.057391 0.969523
1261231528.794445 -77.657147 34.282602 248.941071 -0.002816 0.238770 -0.055680 0.969475
1261231528.994454 -76.943593 34.436990 250.308790 -0.005204 0.239097 -0.055661 0.969385
1261231529.444439 -75.332229 34.786642 253.358387 -0.002651 0.239850 -0.054907 0.969252
1261231529.644448 -74.628822 34.935682 254.693839 -0.002224 0.239804 -0.054933 0.969263
1261231529.894429 -73.759929 35.122408 256.342749 -0.007127 0.240511 -0.053663 0.969136
1261231530.144449 -72.919191 35.309428 257.933367 -0.006782 0.240551 -0.054054 0.969106
1261231530.394460 -72.086747 35.491536 259.496891 -0.004168 0.240560 -0.053710 0.969138
1261231530.594473 -71.429604 35.634965 260.744396 -0.005532 0.240536 -0.053762 0.969134
1261231530.794443 -70.777742 35.776383 261.981493 -0.005999 0.240031 -0.053063 0.969295
1261231530.994458 -70.134392 35.921315 263.213654 -0.006046 0.239342 -0.052950 0.969472
1261231531.394454 -68.850259 36.216263 265.697567 -0.008816 0.237700 -0.053217 0.969840
1261231531.644456 -68.045319 36.397864 267.251659 -0.006909 0.237116 -0.052531 0.970035
1261231531.894473 -67.255890 36.567776 268.791794 -0.005825 0.236280 -0.052744 0.970235
1261231532.094482 -66.636859 36.697370 270.009319 -0.001364 0.235560 -0.055220 0.970289
1261231532.394466 -65.727014 36.899605 271.803552 -0.009026 0.234817 -0.055887 0.970390
1261231532.944461 -64.133174 37.263249 274.916372 -0.007928 0.234895 -0.055025 0.970430
1261231533.244476 -63.295499 37.442671 276.532517 -0.001870 0.234864 -0.052967 0.970582
1261231533.594483 -62.359774 37.647998 278.356416 -0.008211 0.235886 -0.051268 0.970393
1261231533.894476 -61.593898 37.814300 279.811991 -0.007093 0.238771 -0.049284 0.969799
1261231534.244495 -60.757978 37.998130 281.354878 -0.005610 0.246840 -0.049769 0.967761
1261231534.694486 -59.680891 38.197262 283.120678 -0.003296 0.272385 -0.052728 0.960737
1261231535.394489 -57.814856 38.419842 285.382489 0.003249 0.346685 -0.060164 0.936044
1261231535.994495 -55.955456 38.532671 286.945701 0.011939 0.423631 -0.075906 0.902570
1261231536.544524 -53.794226 38.571514 288.160280 0.012322 0.501964 -0.086070 0.860507
1261231536.810317 -52.660910 38.579591 288.624072 0.010379 0.537952 -0.091403 0.837941
1261231537.194529 -50.676283 38.544990 289.177250 0.009499 0.596163 -0.102737 0.796207
1261231537.344539 -49.841956 38.514120 289.345024 0.008307 0.617179 -0.110023 0.779048
1261231537.644520 -48.175919 38.423035 289.506054 0.011234 0.659005 -0.116288 0.743010
1261231537.794523 -47.292446 38.361345 289.541877 0.009998 0.678809 -0.120215 0.724338
1261231537.944532 -46.433581 38.298188 289.517750 0.009745 0.697256 -0.121367 0.706406
1261231538.094536 -45.561991 38.230185 289.453000 0.010064 0.714344 -0.121816 0.689037
1261231538.494520 -43.188341 38.032522 289.133561 0.010931 0.747461 -0.122096 0.652897
1261231538.694540 -41.916874 37.921599 288.935344 0.011925 0.757047 -0.121506 0.641852
1261231539.194543 -38.744180 37.655118 288.344122 0.012651 0.766441 -0.117049 0.631433
1261231539.444535 -37.058789 37.520339 288.039729 0.012980 0.766307 -0.113662 0.632207
1261231539.644520 -35.660762 37.414016 287.800045 0.013539 0.765705 -0.113332 0.632984
1261231540.094542 -32.489141 37.186665 287.247063 0.011674 0.764460 -0.113036 0.634576
1261231540.294559 -31.007621 37.076312 287.007040 0.012561 0.763513 -0.115593 0.635239
1261231540.744552 -27.696713 36.815365 286.474822 0.015065 0.758581 -0.118742 0.640491
1261231540.894559 -26.544764 36.726044 286.319446 0.012077 0.756245 -0.119416 0.643186
1261231541.044567 -25.386672 36.637975 286.167408 0.010264 0.753810 -0.118157 0.646300
1261231541.394552 -22.680492 36.442864 285.841571 0.007510 0.748400 -0.117752 0.652667
1261231541.594559 -21.160861 36.328759 285.676905 0.009892 0.744670 -0.119993 0.656484
1261231541.844571 -19.258095 36.189395 285.485178 0.007175 0.742324 -0.120559 0.659067
1261231542.044555 -17.714283 36.080075 285.333647 0.004536 0.741462 -0.118696 0.660397
1261231542.494580 -14.242257 35.854430 284.998489 0.004168 0.740182 -0.119769 0.661641
1261231542.744556 -12.259676 35.716033 284.810678 0.004949 0.740358 -0.119137 0.661553
1261231543.144579 -9.096705 35.497595 284.482240 0.003929 0.741457 -0.118870 0.660376
1261231543.344594 -7.480229 35.385750 284.307517 0.004705 0.742884 -0.117179 0.659068
1261231543.544569 -5.887379 35.283371 284.127941 0.006114 0.744852 -0.116111 0.657021
1261231543.744569 -4.318457 35.181847 283.931732 0.006764 0.747483 -0.114896 0.654234
1261231544.144563 -1.107794 34.974120 283.508175 0.005133 0.752375 -0.114958 0.648606
1261231544.344572 0.532827 34.871367 283.274581 0.003167 0.755079 -0.116935 0.645114
1261231544.544587 2.184954 34.758189 283.020860 0.003229 0.758124 -0.120018 0.640963
1261231544.794609 4.243685 34.612848 282.662345 0.002331 0.763704 -0.120303 0.634254
1261231544.994577 5.908285 34.484649 282.350060 0.003163 0.767438 -0.121295 0.629537
1261231545.194584 7.575605 34.358743 282.015661 0.005393 0.770623 -0.122184 0.625445
1261231545.644581 11.277758 34.063713 281.268349 0.009087 0.771505 -0.118369 0.625049
1261231546.044597 14.505437 33.803846 280.653350 0.013795 0.766336 -0.119710 0.631037
1261231546.194603 15.732948 33.701739 280.439181 0.014864 0.763822 -0.120728 0.633861
1261231546.344620 17.014486 33.597725 280.225273 0.014609 0.761969 -0.119240 0.636374
1261231546.494588 18.341387 33.492460 280.018148 0.012799 0.760147 -0.116782 0.639042
1261231546.894611 21.766615 33.247590 279.532965 0.009830 0.754611 -0.115468 0.645858
1261231547.094627 23.470352 33.135767 279.298221 0.006735 0.753545 -0.115327 0.647167
1261231547.494612 26.838141 32.913370 278.828042 0.005501 0.752984 -0.114867 0.647913
1261231547.694624 28.505392 32.811136 278.590990 0.003553 0.753728 -0.114605 0.647107
1261231547.894599 30.136270 32.710163 278.349190 0.005271 0.754281 -0.115116 0.646360
1261231548.294623 33.312675 32.523651 277.877774 0.005392 0.755951 -0.114172 0.644573
1261231548.644608 36.146412 32.332364 277.430095 0.009798 0.756111 -0.115174 0.644154
1261231548.994628 38.970228 32.136927 277.006071 0.009062 0.755704 -0.116181 0.644463
1261231549.194635 40.621412 32.020563 276.758487 0.008803 0.755692 -0.116262 0.644465
1261231549.394609 42.266895 31.910141 276.525397 0.006925 0.755342 -0.117204 0.644727
1261231549.744620 45.025641 31.730651 276.118735 0.006036 0.755203 -0.116540 0.645020
1261231550.094658 47.632024 31.561970 275.712815 0.002920 0.756023 -0.112569 0.644786
1261231550.244623 48.619642 31.488261 275.552525 0.006481 0.755627 -0.116458 0.644533
1261231550.594644 51.638893 31.262905 275.080082 0.012888 0.755989 -0.114375 0.644385
1261231550.744657 52.959688 31.160168 274.879675 0.014756 0.755529 -0.113096 0.645110
1261231550.894624 54.204889 31.065512 274.684474 0.016998 0.755341 -0.111933 0.645478
1261231551.344656 57.725439 30.810725 274.159659 0.011936 0.755234 -0.108220 0.646350
1261231551.544669 59.259611 30.705795 273.933695 0.011389 0.755051 -0.108080 0.646597
1261231551.894645 61.871304 30.527224 273.562021 0.013514 0.753611 -0.113175 0.647364
1261231552.094652 63.072512 30.454909 273.364015 0.009286 0.753202 -0.113529 0.647852
1261231552.494646 66.035264 30.246281 272.961179 0.008742 0.752228 -0.115846 0.648580
1261231552.644645 67.135513 30.161618 272.798833 0.008663 0.751875 -0.116028 0.648958
1261231552.994671 69.663907 29.980487 272.459677 0.009705 0.752535 -0.112386 0.648819
1261231553.194654 71.337273 29.864059 272.239641 0.009810 0.752765 -0.111691 0.648671
1261231553.394671 72.835146 29.772678 272.030022 0.009218 0.752411 -0.111123 0.649188
1261231553.594671 74.504518 29.666594 271.785959 0.007578 0.752241 -0.111334 0.649370
1261231554.094664 77.954665 29.458864 271.291116 0.004321 0.752745 -0.111201 0.648838
1261231554.555045 80.419212 29.315933 270.936599 0.004716 0.753763 -0.109723 0.647905
1261231554.994679 83.261304 29.144073 270.516756 0.006636 0.754482 -0.111619 0.646726
1261231555.494671 85.918926 28.960197 270.117065 0.011845 0.755862 -0.116311 0.644208
1261231555.694686 86.846167 28.910499 269.978806 0.013152 0.756230 -0.118642 0.643325
1261231555.944699 88.095014 28.814473 269.776003 0.011527 0.758082 -0.115315 0.641780
1261231556.444693 90.561380 28.634875 269.370908 0.008609 0.761043 -0.114674 0.638427
1261231556.694706 91.763560 28.556127 269.173995 0.003783 0.762553 -0.114626 0.636679
1261231557.144688 93.846454 28.423490 268.812703 -0.000965 0.764325 -0.114247 0.634629
1261231557.294710 94.505771 28.382055 268.703659 -0.003272 0.765110 -0.116999 0.633172
1261231557.794698 96.519577 28.247761 268.262352 -0.005319 0.775718 -0.122430 0.619067
1261231558.444705 98.744710 28.043239 267.475196 -0.000400 0.810332 -0.116349 0.574304
1261231558.794715 99.740455 27.931163 266.975299 0.002608 0.833266 -0.111483 0.541509
1261231559.494721 101.354022 27.746043 265.901640 0.013520 0.868530 -0.109593 0.483180
1261231559.844740 102.062597 27.646507 265.326946 0.018148 0.882989 -0.112560 0.455336
1261231560.648332 103.415350 27.420971 263.891238 0.023880 0.917845 -0.115148 0.379119
1261231561.344759 104.129484 27.243389 262.635204 0.028225 0.946952 -0.124565 0.294904
1261231561.994759 104.557810 27.054943 261.328769 0.034348 0.968749 -0.130100 0.208373
1261231562.194739 104.659020 26.987587 260.851340 0.033644 0.975445 -0.130347 0.174314
1261231562.594756 104.763063 26.846302 259.742192 0.033140 0.986565 -0.129557 0.093847
1261231562.894742 104.716213 26.727626 258.827600 0.031827 0.990961 -0.127702 0.025996
1261231563.194752 104.520082 26.610242 257.804988 0.029311 0.990214 -0.127757 -0.047906
1261231563.344754 104.371183 26.548315 257.272993 0.028213 0.988393 -0.123267 -0.084190
1261231563.744756 103.759135 26.391598 255.899755 0.030707 0.976901 -0.121437 -0.173129
1261231563.944760 103.392638 26.317230 255.250880 0.030082 0.969407 -0.122688 -0.210458
1261231564.494757 102.083254 26.106354 253.358512 0.032669 0.947484 -0.127217 -0.291585
1261231564.794777 101.189214 25.977846 252.194447 0.033167 0.939676 -0.125356 -0.316535
1261231565.344773 99.282819 25.735506 249.880672 0.036966 0.930780 -0.119461 -0.343527
1261231565.844802 97.186784 25.519336 247.521476 0.043702 0.925073 -0.116287 -0.358899
1261231566.044779 96.275498 25.431823 246.512582 0.044643 0.923385 -0.116349 -0.363084
1261231566.244780 95.326063 25.342756 245.470256 0.044923 0.922292 -0.116220 -0.365858
1261231566.744784 92.800249 25.108875 242.716599 0.045342 0.921881 -0.109101 -0.369021
1261231567.144800 90.691991 24.936411 240.456873 0.049185 0.920810 -0.109842 -0.370977
1261231567.294805 89.869919 24.863926 239.576220 0.049013 0.920421 -0.111869 -0.371359
1261231567.494788 88.783217 24.768355 238.403209 0.047556 0.920196 -0.115069 -0.371129
1261231567.894806 86.559945 24.556278 235.982869 0.047138 0.921644 -0.114376 -0.367789
1261231568.094814 85.433320 24.448153 234.728125 0.046192 0.922751 -0.114051 -0.365225
1261231568.294799 84.296895 24.340286 233.451348 0.045701 0.923978 -0.113394 -0.362379
1261231568.444802 83.434649 24.260906 232.474408 0.047163 0.924997 -0.111589 -0.360144
1261231568.594809 82.584737 24.183262 231.502270 0.048930 0.925783 -0.110990 -0.358069
1261231568.744819 81.742602 24.107415 230.531951 0.050680 0.926385 -0.112100 -0.355915
1261231568.894797 80.897508 24.023575 229.547845 0.051692 0.926851 -0.114514 -0.353782
1261231569.244813 78.873623 23.791167 227.170127 0.055680 0.927765 -0.120347 -0.348810
1261231569.472754 77.705914 23.653721 225.753950 0.054649 0.929914 -0.115613 -0.344828
