1261230962.539160 38.400657 31.854442 277.035607 0.005443 0.754188 -0.114995 0.646489
1261230962.848909 41.032893 31.679986 276.650725 0.004054 0.754169 -0.115014 0.646517
1261230963.007511 42.332443 31.596993 276.463097 0.001990 0.754160 -0.115271 0.646492
1261230963.339174 45.318649 31.408225 276.017557 0.000952 0.754540 -0.115331 0.646040
1261230963.689162 48.268410 31.238674 275.569138 0.000213 0.755323 -0.113073 0.645525
1261230963.789161 49.136707 31.183890 275.436114 0.004382 0.755127 -0.115104 0.645379
1261230963.889166 49.968974 31.128026 275.300436 0.009081 0.755128 -0.114925 0.645361
1261230964.089182 51.618139 31.012668 275.040865 0.010019 0.756313 -0.112846 0.644326
1261230964.489179 54.919051 30.778615 274.514372 0.012775 0.757164 -0.111022 0.643594
1261230964.889188 58.215209 30.566780 273.998914 0.008534 0.757922 -0.106944 0.643463
1261230965.039202 59.419005 30.493372 273.810797 0.009217 0.757688 -0.108277 0.643506
1261230965.389179 62.236416 30.312391 273.376908 0.009870 0.756958 -0.112214 0.643681
1261230965.539195 63.435142 30.229181 273.195433 0.007567 0.757046 -0.112323 0.643590
1261230965.839216 65.841213 30.070770 272.827074 0.006988 0.756647 -0.114391 0.643701
1261230965.989186 67.019118 29.988411 272.644622 0.007554 0.756479 -0.114626 0.643851
1261230966.139185 68.190423 29.905279 272.457560 0.009235 0.756621 -0.112954 0.643957
1261230966.489209 70.999726 29.718859 272.018582 0.008676 0.756746 -0.110167 0.644300
1261230966.689184 72.513221 29.624839 271.791380 0.008320 0.756371 -0.109758 0.644815
1261230967.139201 75.935802 29.415763 271.282746 0.004574 0.755490 -0.110090 0.645828
1261230967.348398 77.428340 29.329039 271.057933 0.004179 0.755314 -0.109473 0.646142
1261230967.539203 78.931690 29.241053 270.824900 0.004543 0.755292 -0.109368 0.646183
1261230967.889214 81.505005 29.096513 270.435056 0.003448 0.755669 -0.107392 0.646080
1261230968.039218 82.546424 29.035328 270.280953 0.004841 0.755449 -0.109375 0.645996
1261230968.439219 85.265401 28.860123 269.870625 0.009332 0.755120 -0.111799 0.645916
1261230968.639222 86.601515 28.766960 269.678769 0.010481 0.754767 -0.115659 0.645631
1261230968.839226 87.944156 28.672077 269.473200 0.009722 0.755164 -0.113081 0.645636
1261230969.289218 90.833686 28.478166 269.039073 0.006653 0.755872 -0.110809 0.645240
1261230969.539245 92.323085 28.396778 268.826775 0.000331 0.755916 -0.111331 0.645133
1261230969.889215 94.396276 28.271672 268.519697 -0.002097 0.755944 -0.111193 0.645120
1261230970.039234 95.259251 28.221776 268.404682 -0.003163 0.756399 -0.112640 0.644331
1261230970.239233 96.245673 28.174191 268.234521 -0.004884 0.757649 -0.114575 0.642508
1261230970.539225 97.608144 28.112213 267.976202 -0.003168 0.761032 -0.113141 0.638764
1261230970.939251 99.210889 28.021609 267.659146 -0.000464 0.766486 -0.106342 0.633396
1261230972.089246 102.799167 27.818445 266.870685 0.008626 0.776205 -0.102044 0.622108
1261230972.939254 104.613445 27.702178 266.430412 0.011125 0.780510 -0.107078 0.615804
1261230974.489273 107.095970 27.520177 265.927140 0.013879 0.767609 -0.113034 0.630719
1261230975.039270 108.059514 27.455194 265.846587 0.022540 0.745638 -0.111657 0.656543
1261230975.405853 108.790577 27.421829 265.898681 0.018794 0.722123 -0.111832 0.682406
1261230975.739273 109.814884 27.383168 266.045658 0.016134 0.692149 -0.104817 0.713921
1261230975.989288 110.672438 27.359642 266.231071 0.013602 0.663656 -0.100347 0.741152
1261230976.445766 112.454418 27.353514 266.770906 0.011827 0.604044 -0.090144 0.791748
1261230976.789290 113.842129 27.364265 267.431765 0.010493 0.552263 -0.079925 0.829764
1261230977.189285 115.494885 27.453435 268.479017 0.013987 0.495974 -0.070621 0.865348
1261230977.389295 116.238002 27.506998 269.096715 0.016456 0.469449 -0.073680 0.879726
1261230977.839325 118.125760 27.636159 270.797667 0.014657 0.417105 -0.064459 0.906451
1261230978.239308 119.839639 27.787920 272.644262 0.010156 0.365297 -0.055102 0.929203
1261230978.389317 120.401997 27.852390 273.351652 0.008579 0.345108 -0.052325 0.937064
1261230978.539323 120.943949 27.923628 274.103810 0.007964 0.325682 -0.049635 0.944142
1261230978.939308 122.349616 28.149344 276.343708 0.001874 0.283995 -0.047537 0.957645
1261230979.189330 123.248123 28.312603 277.787382 -0.000328 0.269555 -0.043702 0.961993
1261230979.639312 124.714037 28.592611 280.307925 0.004813 0.254771 -0.032381 0.966447
1261230979.839332 125.372541 28.714138 281.529739 0.005533 0.247825 -0.032275 0.968251
1261230980.239316 126.711430 28.959111 284.054474 0.012290 0.235811 -0.037368 0.971003
1261230980.439326 127.370788 29.094830 285.378329 0.011497 0.230333 -0.038176 0.972295
1261230980.689348 128.154098 29.267961 287.082702 0.009126 0.223295 -0.038172 0.973960
1261230981.089326 129.415958 29.567574 289.935043 0.006307 0.211641 -0.038603 0.976564
1261230981.289341 130.110075 29.729326 291.481558 0.004485 0.206104 -0.038290 0.977770
1261230981.689327 131.379043 30.061608 294.524655 0.002057 0.196003 -0.037765 0.979874
1261230981.889337 132.018807 30.234447 296.091014 0.001302 0.191183 -0.037793 0.980826
1261230982.339343 133.279157 30.599139 299.413141 -0.000097 0.182006 -0.038206 0.982555
1261230982.889359 134.650021 31.037576 303.262165 -0.001841 0.174573 -0.036173 0.983978
1261230983.189342 135.272118 31.253474 305.140568 -0.002158 0.172200 -0.034462 0.984457
1261230983.739377 136.475822 31.655579 308.726686 -0.001727 0.167179 -0.038853 0.985159
1261230984.039352 137.121375 31.854603 310.660415 0.000721 0.166803 -0.041550 0.985114
1261230984.289363 137.647521 32.027020 312.199414 0.000599 0.166064 -0.038606 0.985359
1261230984.589372 138.318208 32.232782 314.087582 0.002015 0.165508 -0.031106 0.985716
1261230985.089374 139.278364 32.585036 317.023838 -0.008370 0.159925 -0.034360 0.986495
1261230985.339391 139.720402 32.758284 318.505352 -0.003740 0.156226 -0.046195 0.986633
1261230986.139366 141.122650 33.265534 322.837203 -0.007350 0.151274 -0.042874 0.987534
1261230986.539391 141.697670 33.513355 324.696237 -0.013353 0.151780 -0.041836 0.987438
1261230987.639378 143.035397 34.002081 328.882290 -0.001748 0.162229 -0.048140 0.985577
1261230988.139403 143.699054 34.167311 330.442998 0.003313 0.192419 -0.048927 0.980087
1261230988.989420 145.154770 34.399944 332.944299 0.009053 0.259257 -0.052092 0.964360
1261230989.339409 145.970244 34.500743 334.037987 0.011384 0.291279 -0.047875 0.955372
1261230989.639419 146.736799 34.590845 334.977383 0.012160 0.319147 -0.053725 0.946103
1261230989.889405 147.506660 34.673800 335.854981 0.011858 0.342280 -0.056753 0.937807
1261230990.489430 149.699579 34.834905 337.993107 0.015480 0.395242 -0.067920 0.915932
1261230990.789414 150.968789 34.899454 339.059768 0.018573 0.417376 -0.073988 0.905526
1261230991.139442 152.701842 34.970214 340.516805 0.018702 0.436109 -0.075335 0.896540
1261230991.589429 154.843123 35.043892 342.143320 0.011829 0.450508 -0.076537 0.889407
1261230992.639446 159.453552 35.260503 345.598855 0.005656 0.435125 -0.070741 0.897569
1261230993.089439 161.379023 35.414770 347.338033 0.005532 0.405818 -0.068232 0.911387
1261230993.489456 163.059603 35.574407 349.038769 0.003593 0.376684 -0.060295 0.924371
1261230994.139460 165.514762 35.881408 352.142143 -0.000267 0.318818 -0.056178 0.946150
1261230994.439441 166.515885 36.053296 353.700226 -0.005956 0.291076 -0.052190 0.955257
1261230994.739459 167.381227 36.253197 355.256641 -0.012584 0.262288 -0.047548 0.963735
1261230995.039483 168.095415 36.465842 356.808159 -0.014210 0.233298 -0.040330 0.971465
1261230995.339459 168.664095 36.680638 358.315283 -0.016830 0.201657 -0.039592 0.978511
1261230995.939456 169.777617 37.170302 361.831689 -0.016200 0.141859 -0.031263 0.989260
1261230996.539495 170.307638 37.607318 364.975330 -0.010335 0.079851 -0.023656 0.996472
1261230997.189493 170.388408 38.053190 368.277931 -0.014082 0.008763 -0.016698 0.999723
1261230997.489477 170.276415 38.263569 369.776299 -0.017373 -0.024583 -0.012116 0.999473
1261230997.789494 170.073237 38.472021 371.163962 -0.018227 -0.057051 -0.006842 0.998181
1261230998.389486 169.296766 38.913561 373.985363 -0.021522 -0.126624 0.005854 0.991700
1261230998.639498 168.830830 39.104322 375.164604 -0.022685 -0.161515 0.010659 0.986552
1261230999.139493 167.619803 39.510726 377.479142 -0.024514 -0.227554 0.019612 0.973259
1261230999.439513 166.764013 39.755434 378.780927 -0.026781 -0.258753 0.022367 0.965313
1261231000.005052 164.913102 40.253656 381.304940 -0.035010 -0.306894 0.029805 0.950632
1261231000.239507 163.989642 40.485809 382.416694 -0.035877 -0.329015 0.036413 0.942940
1261231000.539508 162.633453 40.802795 383.755126 -0.034820 -0.357899 0.040834 0.932217
1261231001.089538 160.097070 41.250797 385.936507 -0.030431 -0.415888 0.052125 0.907411
1261231001.639531 157.193028 41.632684 387.675034 -0.032141 -0.474449 0.055815 0.877924
1261231002.189529 153.946970 42.000717 389.126039 -0.032161 -0.533526 0.062810 0.842835
1261231002.389535 152.723212 42.137804 389.496569 -0.031985 -0.555176 0.065815 0.828508
1261231002.789524 150.158523 42.344547 390.073115 -0.029215 -0.599113 0.071707 0.796911
1261231003.239550 147.278695 42.503020 390.357972 -0.031822 -0.646100 0.073181 0.759069
1261231003.739556 143.985029 42.674773 390.294099 -0.035248 -0.694158 0.074817 0.715056
1261231004.189534 140.986796 42.779069 389.976012 -0.032388 -0.727607 0.084673 0.679978
1261231004.389543 139.769024 42.782179 389.667570 -0.031728 -0.739733 0.087704 0.666406
1261231004.839564 136.870360 42.817601 389.093804 -0.032617 -0.764017 0.091911 0.637783
1261231005.039549 135.560393 42.821814 388.756930 -0.031398 -0.773697 0.089935 0.626354
1261231005.289560 133.945297 42.841678 388.370183 -0.028019 -0.782698 0.091203 0.615045
1261231005.916197 130.160512 42.854699 387.295478 -0.027175 -0.795877 0.089428 0.598200
1261231006.139581 128.751454 42.854108 386.690261 -0.026106 -0.795082 0.088404 0.599457
1261231006.739574 124.760838 42.887868 385.516568 -0.029196 -0.784179 0.092326 0.612933
1261231006.989584 123.270327 42.909430 385.165202 -0.029716 -0.778182 0.093291 0.620359
1261231007.239564 121.553914 42.929309 384.795584 -0.033369 -0.770484 0.091966 0.629907
1261231007.739584 118.121613 42.988647 384.228590 -0.035576 -0.753112 0.092583 0.650373
1261231007.939576 116.823504 43.029562 384.053484 -0.036150 -0.744770 0.091657 0.660008
1261231008.389586 113.540327 43.139602 383.811274 -0.035388 -0.721267 0.089868 0.685890
1261231008.589597 112.090738 43.197081 383.796585 -0.033262 -0.710195 0.087950 0.697698
1261231008.989587 109.290007 43.327161 383.872033 -0.031686 -0.688205 0.086319 0.719665
1261231009.139601 108.208850 43.376710 383.940484 -0.031784 -0.681068 0.085278 0.726542
1261231009.439588 105.856439 43.496025 384.131806 -0.030398 -0.666640 0.085244 0.739865
1261231009.589589 104.674083 43.561001 384.246837 -0.031945 -0.660709 0.085413 0.745083
1261231009.889602 102.358551 43.686425 384.509457 -0.030921 -0.652657 0.084005 0.752347
1261231009.989604 101.454034 43.734260 384.590235 -0.031562 -0.649540 0.084976 0.754904
1261231010.289597 98.971151 43.882868 384.953125 -0.031005 -0.645064 0.086273 0.758609
1261231010.439604 97.907871 43.950183 385.131782 -0.030271 -0.644075 0.087622 0.759324
1261231010.589612 96.635069 44.028792 385.295280 -0.033437 -0.643445 0.086006 0.759910
1261231010.889598 94.142953 44.186907 385.641489 -0.036487 -0.643675 0.086548 0.759514
1261231011.039603 92.983742 44.259554 385.828961 -0.037383 -0.644419 0.087006 0.758786
1261231011.339625 90.482921 44.404822 386.193019 -0.039433 -0.645780 0.084997 0.757753
1261231011.489630 89.127386 44.480832 386.371096 -0.039775 -0.645939 0.084269 0.757680
1261231011.639606 87.836426 44.558114 386.537248 -0.039973 -0.645761 0.083424 0.757915
1261231011.804071 86.572875 44.634026 386.703917 -0.040023 -0.645239 0.082805 0.758424
1261231012.174038 83.747558 44.806332 387.098353 -0.038964 -0.643540 0.084152 0.759774
1261231012.339644 82.032730 44.911445 387.329197 -0.038029 -0.642809 0.084253 0.760429
1261231012.589619 79.857984 45.056683 387.627990 -0.041024 -0.641992 0.084867 0.760895
1261231013.062747 76.014593 45.316920 388.186387 -0.037985 -0.639512 0.085191 0.763101
1261231013.254650 74.292898 45.426098 388.448926 -0.036859 -0.638153 0.085226 0.764290
1261231013.389629 72.994508 45.488562 388.675645 -0.036265 -0.637333 0.084456 0.765088
1261231013.539632 71.772509 45.567772 388.870502 -0.037809 -0.636346 0.082936 0.766000
1261231013.889619 68.939072 45.759215 389.330826 -0.039757 -0.634545 0.082862 0.767402
1261231014.039635 67.809852 45.841117 389.513362 -0.040076 -0.635327 0.086134 0.766377
1261231014.239648 66.273387 45.940373 389.729158 -0.040504 -0.637417 0.082778 0.764988
1261231014.439661 64.851690 46.055887 389.927725 -0.040719 -0.639388 0.082762 0.763331
1261231014.639630 62.915450 46.181548 390.222134 -0.041308 -0.641984 0.082931 0.761099
1261231014.793266 61.833612 46.242750 390.363060 -0.040281 -0.643656 0.082782 0.759757
1261231014.943810 60.656995 46.306158 390.511639 -0.039698 -0.644932 0.084058 0.758565
1261231015.089652 59.930325 46.339182 390.581650 -0.038793 -0.645290 0.085766 0.758116
1261231015.239665 59.153362 46.374431 390.658045 -0.037595 -0.645321 0.085693 0.758158
1261231015.439642 57.875491 46.458763 390.821119 -0.038417 -0.646012 0.086107 0.757482
1261231015.639648 56.481968 46.555158 390.994439 -0.038479 -0.645340 0.086053 0.758057
1261231015.839660 54.786630 46.663489 391.233101 -0.039653 -0.644434 0.086319 0.758737
1261231016.239647 51.303832 46.875316 391.732432 -0.039232 -0.642806 0.086447 0.760124
1261231016.439661 49.652721 46.974268 391.965370 -0.039487 -0.641423 0.085548 0.761379
1261231016.639674 48.054300 47.072207 392.199502 -0.039709 -0.640607 0.085677 0.762040
1261231016.839675 46.474556 47.171868 392.434119 -0.039580 -0.640050 0.085232 0.762565
1261231017.039657 44.938466 47.271468 392.660741 -0.040133 -0.639807 0.084823 0.762786
1261231017.439675 41.869479 47.468014 393.118288 -0.038768 -0.639199 0.083099 0.763555
1261231017.639657 40.430436 47.566383 393.338521 -0.038102 -0.638141 0.082176 0.764573
1261231017.839666 38.994119 47.663204 393.565370 -0.036770 -0.636795 0.082412 0.765734
1261231018.042926 37.556401 47.754790 393.777314 -0.037231 -0.636446 0.083176 0.765920
1261231018.239697 36.039806 47.846410 394.023112 -0.037920 -0.635851 0.082845 0.766415
1261231018.489672 34.295589 47.964247 394.305069 -0.038705 -0.636370 0.082417 0.765991
1261231018.689676 32.907965 48.059880 394.526292 -0.037729 -0.637139 0.084318 0.765194
1261231018.889687 31.505946 48.148782 394.736323 -0.037937 -0.639123 0.083654 0.763599
1261231019.089708 30.119332 48.236615 394.936871 -0.037362 -0.640933 0.083678 0.762107
1261231019.289679 28.668692 48.323404 395.133791 -0.036568 -0.641453 0.083558 0.761721
1261231019.489693 27.185348 48.407924 395.342381 -0.035820 -0.640898 0.083574 0.762222
1261231019.703551 25.649191 48.498358 395.567913 -0.036997 -0.639700 0.082861 0.763249
1261231019.893431 24.214336 48.599751 395.776881 -0.037883 -0.638763 0.082767 0.764000
1261231020.139684 22.390959 48.732197 396.047819 -0.038856 -0.638109 0.082331 0.764545
1261231020.389696 20.558161 48.857403 396.335957 -0.038985 -0.637769 0.083463 0.764699
1261231020.893353 16.736520 49.091851 396.947533 -0.036536 -0.638648 0.085704 0.763838
1261231021.139712 14.841896 49.209292 397.226186 -0.036328 -0.639580 0.085255 0.763118
1261231021.439705 12.569888 49.345966 397.571125 -0.037791 -0.639991 0.084573 0.762778
1261231021.739714 10.357657 49.481494 397.898030 -0.035752 -0.642635 0.081892 0.760944
1261231022.039714 8.218588 49.608499 398.169235 -0.032951 -0.646875 0.082327 0.757423
1261231022.289711 6.472084 49.710863 398.380865 -0.034967 -0.650437 0.079627 0.754565
1261231022.489723 5.073514 49.783802 398.555794 -0.034103 -0.653356 0.079285 0.752115
1261231022.739733 3.299304 49.885101 398.760757 -0.031104 -0.655552 0.080322 0.750221
1261231022.939707 1.546491 49.968968 398.949121 -0.030911 -0.656980 0.079190 0.749100
1261231023.139717 0.102128 50.054699 399.084451 -0.032235 -0.657829 0.080119 0.748199
1261231023.339725 -1.332461 50.152144 399.215285 -0.035631 -0.657945 0.079217 0.748040
1261231023.539740 -2.812627 50.253913 399.361293 -0.035617 -0.657914 0.080521 0.747928
1261231023.789722 -4.732123 50.382014 399.567288 -0.036649 -0.657768 0.082002 0.747846
1261231024.011801 -6.255315 50.481499 399.722951 -0.038381 -0.658150 0.082567 0.747361
1261231024.189742 -7.824179 50.580806 399.877987 -0.039591 -0.658614 0.083540 0.746780
1261231024.389719 -9.402117 50.674032 400.040423 -0.039493 -0.659690 0.084136 0.745768
1261231024.539731 -10.656027 50.741779 400.184876 -0.039468 -0.660455 0.084732 0.745024
1261231024.689740 -11.887614 50.812224 400.304431 -0.039199 -0.660747 0.085220 0.744725
1261231024.889746 -13.393576 50.907317 400.424782 -0.039739 -0.660386 0.085175 0.745021
1261231025.039754 -14.623340 50.975454 400.530542 -0.040748 -0.659510 0.085744 0.745677
1261231025.389738 -17.390935 51.147570 400.832616 -0.039299 -0.655552 0.084122 0.749420
1261231025.539745 -18.641634 51.223326 400.989542 -0.037949 -0.653039 0.083446 0.751756
1261231025.689761 -19.880744 51.302343 401.154366 -0.036383 -0.650222 0.083305 0.754286
1261231025.839752 -21.228216 51.382920 401.342617 -0.034918 -0.647446 0.082788 0.756796
1261231025.989741 -22.494711 51.465464 401.526026 -0.034780 -0.644630 0.081705 0.759320
1261231026.139744 -23.870670 51.565206 401.721817 -0.036752 -0.641473 0.080838 0.761989
1261231026.339755 -25.659442 51.688118 401.993436 -0.038044 -0.638273 0.080585 0.764635
1261231026.489768 -26.985333 51.781556 402.201686 -0.037515 -0.636332 0.080676 0.766267
1261231026.689741 -28.735407 51.909861 402.489963 -0.038667 -0.634345 0.080480 0.767877
1261231026.889750 -30.548160 52.038910 402.796173 -0.039474 -0.633564 0.080471 0.768481
1261231027.089767 -32.354116 52.174259 403.101454 -0.041467 -0.633720 0.081372 0.768153
1261231027.289773 -34.194802 52.309366 403.404744 -0.041665 -0.634632 0.081254 0.767401
1261231027.489751 -35.953400 52.441908 403.683230 -0.039261 -0.635572 0.081165 0.766759
1261231027.689766 -37.707332 52.569430 403.956507 -0.037161 -0.636952 0.080583 0.765779
1261231027.889772 -39.498300 52.689331 404.237600 -0.037119 -0.637865 0.080752 0.765003
1261231028.089790 -41.336739 52.807838 404.525124 -0.036053 -0.638555 0.081477 0.764401
1261231028.289763 -43.219146 52.928048 404.822655 -0.037419 -0.639043 0.081826 0.763890
1261231028.439766 -44.578969 53.014241 405.028685 -0.037713 -0.639290 0.082313 0.763617
1261231028.589777 -46.008619 53.099674 405.254800 -0.037634 -0.639448 0.082461 0.763472
1261231028.739790 -47.419956 53.189439 405.475726 -0.038190 -0.639607 0.081945 0.763367
1261231028.939761 -49.204395 53.319046 405.744363 -0.039972 -0.639771 0.081246 0.763213
1261231029.141385 -50.992188 53.449623 406.011955 -0.039902 -0.639971 0.081592 0.763012
1261231029.289781 -52.450619 53.541088 406.216065 -0.038156 -0.639482 0.082798 0.763382
1261231029.439794 -53.924650 53.631673 406.444976 -0.036132 -0.639369 0.083605 0.763487
1261231029.639767 -55.815419 53.752208 406.730480 -0.035662 -0.639566 0.082768 0.763435
1261231029.839788 -57.735358 53.871163 407.022338 -0.036750 -0.639809 0.081506 0.763316
1261231030.039794 -59.633286 53.997930 407.311674 -0.037476 -0.639836 0.081492 0.763259
1261231030.189791 -61.070082 54.096933 407.532688 -0.037990 -0.639852 0.081686 0.763200
1261231030.339807 -62.484948 54.194561 407.747831 -0.037921 -0.640028 0.081761 0.763048
1261231030.489786 -63.904309 54.293009 407.970082 -0.038312 -0.640275 0.082425 0.762749
1261231030.639789 -65.339415 54.387229 408.192905 -0.038930 -0.640446 0.082465 0.762570
1261231030.789795 -66.765095 54.476701 408.408632 -0.039767 -0.640472 0.082923 0.762455
1261231030.939804 -68.167331 54.566672 408.618329 -0.040270 -0.640378 0.083349 0.762461
1261231031.089819 -69.519673 54.659028 408.817388 -0.040563 -0.640261 0.083542 0.762523
1261231031.239791 -70.844213 54.753639 409.013719 -0.041243 -0.640152 0.083163 0.762619
1261231031.389802 -72.180701 54.844953 409.213187 -0.041015 -0.639960 0.083049 0.762806
1261231031.539806 -73.524643 54.935967 409.412717 -0.040548 -0.639883 0.082482 0.762956
1261231031.689811 -74.864282 55.023332 409.613927 -0.040606 -0.639735 0.082406 0.763085
1261231031.839815 -76.198022 55.109813 409.816571 -0.040147 -0.639395 0.082680 0.763365
1261231032.039793 -77.999293 55.227665 410.093242 -0.039949 -0.639130 0.082794 0.763585
1261231032.239815 -79.768392 55.347780 410.363992 -0.041607 -0.639082 0.081711 0.763653
1261231032.389803 -81.085744 55.440702 410.565248 -0.042576 -0.638885 0.081480 0.763789
1261231032.589834 -82.819048 55.568258 410.833789 -0.043764 -0.638458 0.082141 0.764008
1261231032.739802 -84.119461 55.661332 411.036966 -0.043326 -0.638145 0.082854 0.764218
1261231032.889809 -85.432500 55.755628 411.244071 -0.044043 -0.637880 0.083538 0.764323
1261231033.039822 -86.731448 55.851299 411.448040 -0.045339 -0.637686 0.083441 0.764420
1261231033.189822 -88.037659 55.947270 411.651549 -0.045937 -0.637620 0.083031 0.764484
1261231033.389800 -89.766660 56.077611 411.920388 -0.046365 -0.637451 0.083193 0.764582
1261231033.589811 -91.467318 56.206966 412.186798 -0.046085 -0.637239 0.083540 0.764737
1261231033.789818 -93.186084 56.332010 412.459782 -0.045273 -0.637093 0.084339 0.764820
1261231033.989829 -94.876333 56.452408 412.728311 -0.043856 -0.637056 0.085223 0.764836
1261231034.189817 -96.544682 56.569505 412.990999 -0.042888 -0.637296 0.085826 0.764623
1261231034.439829 -98.590485 56.710746 413.304684 -0.043708 -0.638474 0.085339 0.763647
1261231034.689848 -100.634718 56.848932 413.610769 -0.043993 -0.639764 0.083936 0.762707
1261231034.889823 -102.295866 56.955731 413.861221 -0.042934 -0.640631 0.084125 0.762018
1261231035.089827 -103.974564 57.063159 414.111783 -0.042646 -0.641234 0.084814 0.761450
1261231035.289846 -105.587845 57.171318 414.345642 -0.042936 -0.641846 0.084421 0.760962
1261231035.489838 -107.219392 57.278715 414.582922 -0.043218 -0.642116 0.084940 0.760660
1261231035.689827 -108.823005 57.389109 414.814841 -0.043801 -0.642268 0.084426 0.760556
1261231035.890811 -110.397469 57.494950 415.031675 -0.041889 -0.642761 0.083066 0.760397
1261231036.089847 -111.984693 57.604452 415.260569 -0.042868 -0.642895 0.082935 0.760244
1261231036.289864 -113.469783 57.714679 415.467502 -0.043291 -0.643072 0.081152 0.760262
1261231036.489842 -114.965447 57.817183 415.683979 -0.042945 -0.643057 0.081645 0.760242
1261231036.739852 -116.880015 57.940468 415.962750 -0.042415 -0.642884 0.082600 0.760314
1261231036.989867 -118.786625 58.057830 416.239330 -0.043102 -0.642879 0.082665 0.760274
1261231037.289852 -120.884017 58.200701 416.533373 -0.042913 -0.642997 0.082260 0.760228
1261231037.539856 -122.522213 58.320366 416.761252 -0.042707 -0.642504 0.081293 0.760760
1261231037.789873 -124.227426 58.444784 417.015763 -0.041504 -0.640126 0.079283 0.763040
1261231038.089851 -126.060508 58.581238 417.345682 -0.040723 -0.631885 0.076710 0.770181
1261231038.439870 -128.050171 58.737388 417.786537 -0.040940 -0.614212 0.071807 0.784800
1261231039.389861 -132.498388 59.280168 419.642093 -0.039576 -0.505919 0.052612 0.860065
1261231039.840492 -134.115098 59.583298 420.949577 -0.034730 -0.427132 0.039738 0.902648
1261231040.239872 -135.319071 59.876115 422.347297 -0.034555 -0.353035 0.029200 0.934516
1261231040.639898 -136.277346 60.178943 423.905310 -0.030242 -0.278631 0.017214 0.959768
1261231040.839906 -136.664609 60.342532 424.747518 -0.029427 -0.240152 0.011103 0.970226
1261231041.239893 -137.261957 60.705157 426.614176 -0.033765 -0.160949 -0.003654 0.986378
1261231041.589914 -137.549159 61.041834 428.402817 -0.030917 -0.089731 -0.015989 0.995358
1261231041.739891 -137.615829 61.191550 429.250429 -0.028106 -0.060642 -0.019128 0.997580
1261231041.889893 -137.649194 61.336411 430.124371 -0.025809 -0.032783 -0.024210 0.998836
1261231042.239927 -137.529703 61.666223 432.177613 -0.021869 0.027430 -0.032223 0.998865
1261231042.639900 -137.089687 62.024299 434.544114 -0.017098 0.090900 -0.038838 0.994956
1261231042.789911 -136.850258 62.173863 435.465617 -0.015074 0.109134 -0.035936 0.993263
1261231043.239901 -136.002823 62.589682 438.316542 -0.008802 0.141005 -0.035483 0.989334
1261231043.490356 -135.509041 62.784433 439.827953 -0.004337 0.148711 -0.037165 0.988173
1261231043.939904 -134.548493 63.128494 442.700034 -0.009409 0.163160 -0.038405 0.985807
1261231044.139913 -134.087298 63.305462 444.005846 -0.007976 0.169154 -0.042141 0.984656
1261231044.539923 -133.068624 63.650415 446.630491 -0.005772 0.184526 -0.050521 0.981511
1261231044.989925 -131.804858 64.027532 449.726720 -0.008388 0.199501 -0.053462 0.978402
1261231045.191913 -131.264981 64.196397 451.011536 -0.007034 0.202357 -0.056728 0.977642
1261231045.639928 -129.874655 64.569098 454.016912 -0.006341 0.217881 -0.062173 0.973972
1261231045.839941 -129.227954 64.729436 455.302688 -0.005754 0.226118 -0.062179 0.972096
1261231046.239929 -127.717846 65.049381 458.133944 -0.006260 0.243032 -0.062442 0.967986
1261231046.439937 -126.872793 65.229386 459.640146 -0.005392 0.249968 -0.062245 0.966236
1261231046.839964 -125.227618 65.544281 462.440734 -0.003418 0.260797 -0.059277 0.963566
1261231047.039944 -124.450700 65.678731 463.731947 -0.003357 0.264662 -0.057972 0.962591
1261231047.439959 -122.850757 65.966750 466.369658 -0.002793 0.267564 -0.054505 0.961993
1261231047.639935 -122.072095 66.112322 467.662608 -0.001512 0.266625 -0.052841 0.962349
1261231047.839953 -121.299935 66.259129 468.954411 -0.002793 0.265217 -0.051176 0.962826
1261231048.239970 -119.813497 66.539740 471.509509 -0.001312 0.260697 -0.048789 0.964186
1261231048.439948 -119.117681 66.660093 472.688066 0.001940 0.261526 -0.048213 0.963990
1261231048.639952 -118.429918 66.778785 473.847016 0.002760 0.262320 -0.047847 0.963790
1261231049.089976 -116.817137 67.048353 476.584062 0.007168 0.263296 -0.046786 0.963553
1261231049.289963 -116.096702 67.161073 477.802199 0.005285 0.261801 -0.045856 0.964017
1261231049.789981 -114.316137 67.460349 480.997336 0.002540 0.256250 -0.046503 0.965488
1261231050.039967 -113.462418 67.611583 482.550514 0.001961 0.253907 -0.045712 0.966146
1261231050.339984 -112.507445 67.783372 484.297341 0.002883 0.252893 -0.048309 0.966283
1261231051.039983 -110.566757 68.133078 487.806819 0.004481 0.253091 -0.055277 0.965852
1261231051.519137 -109.426521 68.317059 489.782897 0.002718 0.262541 -0.063204 0.962845
1261231052.339992 -107.025262 68.579915 493.007279 0.000473 0.329895 -0.070853 0.941355
1261231052.740010 -105.826022 68.670718 494.216909 0.006387 0.367741 -0.075229 0.926858
1261231053.140008 -104.454507 68.740608 495.364753 0.007426 0.408160 -0.076689 0.909653
1261231053.850140 -101.669029 68.831593 497.114460 0.010689 0.487613 -0.081849 0.869149
1261231054.090015 -100.541219 68.853637 497.650824 0.011620 0.517354 -0.084214 0.851538
1261231054.340032 -99.340138 68.869066 498.143190 0.010174 0.544658 -0.091184 0.833624
1261231054.840025 -96.745508 68.847711 498.907275 0.009300 0.594525 -0.094047 0.798504
1261231055.290009 -94.376847 68.786204 499.371834 0.011497 0.634151 -0.100984 0.766500
1261231055.499802 -93.281669 68.753433 499.533931 0.010958 0.650934 -0.107652 0.751383
1261231055.690033 -92.085570 68.700145 499.600548 0.010903 0.667438 -0.107702 0.736755
1261231056.090019 -89.647719 68.609667 499.683174 0.006694 0.692787 -0.106852 0.713151
1261231056.290039 -88.393911 68.559680 499.700838 0.007868 0.700859 -0.106893 0.705201
1261231056.690020 -85.780231 68.437938 499.679292 0.009836 0.711248 -0.112300 0.693843
1261231056.890039 -84.445255 68.374961 499.631151 0.011106 0.716720 -0.111473 0.688304
1261231057.090043 -83.047989 68.306950 499.549303 0.010272 0.723116 -0.110450 0.681761
1261231057.490027 -80.230157 68.133046 499.337195 0.011195 0.733337 -0.109419 0.670909
1261231057.690048 -78.800323 68.046197 499.236438 0.009961 0.736510 -0.109352 0.667455
1261231058.090065 -75.905831 67.871007 498.962447 0.010762 0.739845 -0.111923 0.663315
1261231058.290041 -74.368659 67.768444 498.816549 0.010412 0.740643 -0.113021 0.662243
1261231058.690057 -71.324942 67.566889 498.516637 0.013112 0.740961 -0.113577 0.661744
1261231058.890037 -69.812605 67.472345 498.384166 0.011424 0.741269 -0.112026 0.661695
1261231059.040049 -68.681602 67.406800 498.281268 0.012433 0.741527 -0.110065 0.661717
1261231059.240058 -67.145364 67.314739 498.133893 0.012444 0.741406 -0.110239 0.661823
1261231059.590083 -64.452285 67.153316 497.869255 0.012108 0.741264 -0.109182 0.662164
1261231059.790057 -62.945445 67.067890 497.729561 0.011402 0.741648 -0.107936 0.661950
1261231060.190077 -59.846643 66.892723 497.437274 0.011072 0.741474 -0.108206 0.662107
1261231060.390053 -58.259666 66.795711 497.289196 0.009900 0.741519 -0.108019 0.662105
1261231060.590063 -56.577760 66.686628 497.152222 0.009743 0.741309 -0.109696 0.662067
1261231060.990071 -53.497737 66.491513 496.848078 0.011298 0.740985 -0.111925 0.662032
1261231061.140057 -52.364761 66.419893 496.748453 0.011254 0.741183 -0.112335 0.661742
1261231061.590096 -48.922335 66.193566 496.418812 0.012687 0.741506 -0.110990 0.661580
1261231061.790096 -47.448260 66.098694 496.272105 0.012550 0.741804 -0.109689 0.661466
1261231062.040078 -45.860521 66.010560 496.107895 0.013802 0.741542 -0.107762 0.662052
1261231062.540108 -42.485120 65.818364 495.777823 0.012288 0.739274 -0.106014 0.664894
1261231062.790095 -40.940937 65.743460 495.644554 0.012737 0.737661 -0.107409 0.666451
1261231063.190110 -38.305289 65.613178 495.423315 0.010496 0.735573 -0.105880 0.669038
1261231063.390084 -37.067164 65.556957 495.331882 0.011338 0.733914 -0.106982 0.670669
1261231063.790104 -34.258018 65.395365 495.138557 0.010405 0.729946 -0.109235 0.674639
1261231063.990109 -32.953614 65.322958 495.065635 0.011289 0.727589 -0.109937 0.677053
1261231064.390100 -29.872750 65.146578 494.925220 0.010747 0.723064 -0.111495 0.681640
1261231064.590116 -28.205492 65.033746 494.817483 0.009378 0.722855 -0.112148 0.681774
1261231064.990110 -25.301855 64.867215 494.661760 0.006063 0.722562 -0.113336 0.681926
1261231065.190116 -23.818119 64.778280 494.578170 0.006990 0.722672 -0.113211 0.681820
1261231065.590137 -20.888989 64.612139 494.406604 0.003642 0.725921 -0.112913 0.678436
1261231065.790116 -19.435379 64.529521 494.304887 0.003856 0.728607 -0.114307 0.675315
1261231065.998301 -18.175797 64.458962 494.211974 0.003891 0.732601 -0.115247 0.670820
1261231066.191833 -16.926573 64.385637 494.094630 0.003381 0.737896 -0.116050 0.664854
1261231066.608289 -14.288107 64.203731 493.742464 0.007074 0.750334 -0.116609 0.650654
1261231066.840139 -12.636425 64.092995 493.463791 0.006066 0.757598 -0.116740 0.642168
1261231067.240132 -9.935658 63.880427 492.954189 0.010528 0.765237 -0.118944 0.632578
1261231067.440130 -8.587412 63.775453 492.699648 0.010395 0.767143 -0.117981 0.630447
1261231067.890127 -5.601614 63.545088 492.123837 0.011117 0.768621 -0.116104 0.628981
1261231068.090131 -4.386445 63.462248 491.893154 0.012505 0.768051 -0.114808 0.629889
1261231068.308109 -3.161007 63.370043 491.645786 0.011151 0.767324 -0.114660 0.630827
1261231068.790143 0.106014 63.114687 491.049340 0.009097 0.765412 -0.115357 0.633051
1261231068.990146 1.395107 63.009850 490.840420 0.009524 0.764607 -0.114668 0.634143
1261231069.290161 3.259177 62.877681 490.529355 0.008476 0.763522 -0.112338 0.635880
1261231070.040175 7.324728 62.628881 489.869010 0.005027 0.759442 -0.109113 0.641340
1261231070.440160 9.234382 62.503109 489.564421 0.010354 0.756862 -0.108056 0.644497
1261231071.190168 12.461610 62.295237 489.205719 0.012881 0.742535 -0.105920 0.661254
1261231071.540190 13.733765 62.224042 489.163906 0.017552 0.726729 -0.106120 0.678450
1261231071.840174 14.799823 62.168649 489.210069 0.017078 0.707608 -0.102086 0.698983
1261231072.490174 16.988151 62.089974 489.574735 0.016194 0.644202 -0.097543 0.758437
1261231072.790191 17.951961 62.085146 489.941783 0.013247 0.604604 -0.092157 0.791066
1261231073.090203 18.905634 62.101318 490.438035 0.011355 0.560390 -0.087150 0.823552
1261231073.340183 19.744573 62.114636 490.993190 0.012709 0.518526 -0.080176 0.851200
1261231073.740203 21.060433 62.196840 492.131088 0.014086 0.445542 -0.072039 0.892247
1261231074.140196 22.298508 62.307086 493.556308 0.011284 0.373100 -0.062656 0.925604
1261231074.540228 23.409431 62.456198 495.221279 0.006563 0.305187 -0.050796 0.950914
1261231074.740194 23.864246 62.541610 496.082030 0.002370 0.278064 -0.049944 0.959260
1261231075.140215 24.672113 62.729908 497.833829 0.003029 0.230525 -0.040576 0.972215
1261231075.540201 25.375178 62.955047 499.849634 0.005020 0.185149 -0.037808 0.981970
1261231075.740210 25.726305 63.077469 500.993549 0.004128 0.168164 -0.036566 0.985072
1261231076.140205 26.378561 63.356458 503.349598 0.001297 0.142345 -0.030288 0.989353
1261231076.340214 26.688129 63.508606 504.583940 -0.000081 0.133761 -0.027417 0.990634
1261231076.540227 27.029385 63.683278 505.945225 0.003005 0.128076 -0.021293 0.991531
1261231076.945507 27.701274 64.030410 508.789330 0.007649 0.120938 -0.018885 0.992451
1261231077.140220 28.015777 64.202170 510.220419 0.006897 0.120261 -0.018399 0.992548
1261231077.390238 28.443477 64.414442 512.120700 0.004703 0.119246 -0.020375 0.992645
1261231077.890227 29.361405 64.857019 516.082083 0.002927 0.118804 -0.023720 0.992630
1261231078.090234 29.750844 65.055791 517.738231 0.000970 0.120015 -0.022687 0.992512
1261231078.490223 30.528107 65.448741 520.993917 0.002638 0.121667 -0.020993 0.992345
1261231078.690236 30.943782 65.641859 522.710305 0.002751 0.122635 -0.019270 0.992261
1261231078.840243 31.258442 65.787627 524.012423 0.005276 0.123476 -0.018999 0.992152
1261231079.266507 32.108045 66.181567 527.494607 0.001469 0.124591 -0.019675 0.992012
1261231079.440244 32.535938 66.388788 529.247259 0.001718 0.124669 -0.020770 0.991979
1261231079.640258 32.968459 66.596288 531.005404 0.002659 0.125517 -0.021625 0.991852
1261231079.840277 33.416400 66.802325 532.808865 0.001479 0.125916 -0.021616 0.991804
1261231080.190250 34.243959 67.172609 536.113954 0.000140 0.126441 -0.021301 0.991745
1261231080.340259 34.602687 67.335364 537.546905 -0.000287 0.126609 -0.022098 0.991706
1261231080.578838 35.061584 67.549569 539.362806 0.000532 0.126790 -0.022572 0.991673
1261231080.890265 35.850357 67.912938 542.455441 0.001611 0.127405 -0.022817 0.991587
1261231081.090262 36.313685 68.118015 544.271215 0.001150 0.127721 -0.023139 0.991539
1261231081.240276 36.657818 68.275451 545.618069 0.000015 0.128161 -0.023396 0.991477
1261231081.590257 37.461180 68.634337 548.738643 0.001482 0.128779 -0.023942 0.991383
1261231081.790270 37.918495 68.837983 550.492196 0.000609 0.129461 -0.023750 0.991300
1261231082.190256 38.782852 69.228030 553.866982 0.000261 0.131303 -0.021903 0.991100
1261231082.340266 39.129899 69.380900 555.275231 -0.001068 0.132016 -0.020856 0.991028
1261231082.490273 39.490601 69.547852 556.635549 0.001643 0.132477 -0.021290 0.990956
1261231082.840303 40.293710 69.866855 559.586295 0.000724 0.130529 -0.023023 0.991177
1261231083.040275 40.694240 70.044551 561.123125 -0.000064 0.130113 -0.021782 0.991260
1261231083.440289 41.495505 70.431977 564.209757 -0.000703 0.129186 -0.021852 0.991379
1261231083.640279 41.881184 70.611911 565.699621 0.001966 0.128832 -0.021451 0.991432
1261231083.840277 42.286466 70.795203 567.281905 0.000861 0.128661 -0.021475 0.991456
1261231084.140294 42.880153 71.058958 569.632342 -0.001163 0.128129 -0.021957 0.991514
1261231084.290306 43.205283 71.212894 570.905815 -0.001874 0.127852 -0.023037 0.991524
1261231084.490437 43.639921 71.408457 572.602670 -0.000420 0.128702 -0.024671 0.991376
1261231084.640292 43.991884 71.557189 573.958712 -0.000346 0.129401 -0.024833 0.991281
1261231084.790294 44.343685 71.705579 575.288455 -0.000585 0.129961 -0.025317 0.991196
1261231085.140288 45.082385 72.041749 578.052615 -0.002362 0.132274 -0.023500 0.990932
1261231085.356858 45.519911 72.237910 579.669847 -0.002402 0.133449 -0.022905 0.990788
1261231085.755772 46.364866 72.605306 582.771720 -0.003896 0.135730 -0.022389 0.990485
1261231085.940299 46.802923 72.795971 584.356156 -0.002863 0.137449 -0.022439 0.990251
1261231086.340316 47.653690 73.135409 587.455382 -0.000257 0.139295 -0.026109 0.989907
1261231086.490327 47.965185 73.275462 588.600586 -0.001521 0.140756 -0.024840 0.989732
1261231086.890310 48.790760 73.619696 591.446792 0.001284 0.140281 -0.028595 0.989698
1261231087.090323 49.168342 73.770948 592.796419 -0.000115 0.139740 -0.028911 0.989766
1261231087.290313 49.573954 73.928186 594.196253 -0.000539 0.139899 -0.025649 0.989833
1261231087.490308 49.991820 74.093600 595.585570 -0.000227 0.139587 -0.026130 0.989865
1261231087.890332 50.775577 74.384036 598.386254 0.002180 0.139570 -0.020942 0.989988
1261231088.090336 51.160960 74.535670 599.750243 0.002204 0.138941 -0.020811 0.990080
1261231088.340322 51.625809 74.731727 601.418677 -0.002097 0.139209 -0.021093 0.990036
1261231088.590336 52.091461 74.930622 603.095099 -0.003080 0.139617 -0.021350 0.989971
1261231088.890317 52.598470 75.152071 604.922580 -0.003850 0.140000 -0.023678 0.989861
1261231089.490358 53.580497 75.568616 608.442329 -0.004959 0.140086 -0.026912 0.989761
1261231090.340361 54.728569 76.052478 612.500661 -0.004421 0.139756 -0.024345 0.989877
1261231090.690352 55.135112 76.228640 613.953692 -0.003685 0.137667 -0.023343 0.990197
1261231090.990370 55.456217 76.368774 615.200358 -0.001310 0.131250 -0.021863 0.991107
1261231091.658056 55.881078 76.659556 618.023029 0.001653 0.073668 -0.013769 0.997186
1261231091.890353 55.863626 76.773527 619.091427 0.002425 0.033067 -0.011437 0.999385
1261231092.140364 55.747570 76.890608 620.129297 0.001782 -0.014712 -0.004436 0.999880
1261231092.590371 55.193954 77.129486 621.898724 -0.007086 -0.115446 -0.000449 0.993288
1261231092.790364 54.853850 77.239642 622.641694 -0.010752 -0.160201 0.007180 0.987000
1261231093.190386 53.899138 77.487407 624.031181 -0.014221 -0.254323 0.016293 0.966877
1261231093.590377 52.615062 77.740321 625.392871 -0.022521 -0.338518 0.030007 0.940212
1261231093.790383 51.863877 77.869145 626.006330 -0.026030 -0.378514 0.035599 0.924544
1261231094.090390 50.594276 78.054635 626.841933 -0.021720 -0.433318 0.038511 0.900156
1261231094.240394 49.915888 78.146493 627.240925 -0.021002 -0.456307 0.044358 0.888468
1261231094.390386 49.207668 78.233449 627.606478 -0.021419 -0.479434 0.049557 0.875916
1261231094.706542 47.671347 78.387976 628.214957 -0.017330 -0.527194 0.052513 0.847944
1261231094.840407 46.885791 78.465796 628.428628 -0.019454 -0.551717 0.053741 0.832071
1261231095.140387 45.154554 78.607191 628.836011 -0.026603 -0.595418 0.058276 0.800858
1261231095.290400 44.273545 78.677572 628.953195 -0.024636 -0.613212 0.062127 0.787086
1261231095.690382 41.771394 78.836642 629.257316 -0.025325 -0.647787 0.073710 0.757824
1261231095.840392 40.775565 78.893694 629.313616 -0.028370 -0.656562 0.075450 0.749952
1261231096.040396 39.442090 78.970716 629.395083 -0.030328 -0.664862 0.075815 0.742490
1261231096.440392 36.703957 79.128548 629.538842 -0.031120 -0.672023 0.078750 0.735673
1261231096.721367 34.937918 79.226677 629.636341 -0.031617 -0.672647 0.080670 0.734873
1261231097.090432 32.039892 79.377539 629.821243 -0.030726 -0.670754 0.083728 0.736298
1261231097.290402 30.523065 79.460146 629.895169 -0.033732 -0.670410 0.078265 0.737081
1261231097.690430 27.413974 79.633374 630.136568 -0.030642 -0.666541 0.085430 0.739923
1261231097.890397 25.797653 79.713125 630.269797 -0.031158 -0.664511 0.086942 0.741549
1261231098.090417 24.140178 79.796376 630.409542 -0.032498 -0.663492 0.085175 0.742608
1261231098.490436 20.734193 79.981551 630.685602 -0.030730 -0.663558 0.079394 0.743265
1261231098.690417 19.038118 80.080119 630.818819 -0.029460 -0.663713 0.077716 0.743355
1261231099.140440 15.175308 80.309099 631.138064 -0.031932 -0.664221 0.076870 0.742888
1261231099.340443 13.446954 80.407927 631.287787 -0.032037 -0.664399 0.078106 0.742595
1261231099.740429 9.999292 80.604340 631.587490 -0.033593 -0.664047 0.078121 0.742839
1261231099.940453 8.285635 80.704559 631.738752 -0.033960 -0.663790 0.078140 0.743050
1261231100.140422 6.631321 80.805742 631.877422 -0.034384 -0.663745 0.076733 0.743218
1261231100.540439 3.372870 80.998684 632.166300 -0.033558 -0.662847 0.080118 0.743700
1261231100.690448 2.175862 81.063604 632.274158 -0.031965 -0.662573 0.082183 0.743788
1261231100.840464 0.992244 81.123988 632.377765 -0.031297 -0.662658 0.082578 0.743697
1261231101.190453 -1.798255 81.283716 632.622662 -0.037223 -0.663561 0.078148 0.743098
1261231101.340460 -2.998251 81.354543 632.726828 -0.033736 -0.663220 0.080418 0.743326
1261231101.540469 -4.570433 81.443072 632.869251 -0.034783 -0.663190 0.081182 0.743222
1261231101.740446 -6.136224 81.532706 633.003406 -0.036229 -0.663401 0.077877 0.743318
1261231101.946562 -7.657335 81.625296 633.132546 -0.037048 -0.663739 0.076728 0.743096
1261231102.340471 -10.506978 81.798846 633.368531 -0.032950 -0.663205 0.079845 0.743436
1261231102.540450 -11.912617 81.878816 633.490629 -0.034241 -0.663253 0.079063 0.743419
1261231102.740466 -13.341307 81.956227 633.618176 -0.035133 -0.663310 0.078195 0.743419
1261231102.940474 -14.732301 82.037465 633.750701 -0.037793 -0.662950 0.079357 0.743486
1261231103.390468 -17.804398 82.215825 634.041147 -0.038576 -0.662525 0.079942 0.743762
1261231103.640491 -19.368521 82.307801 634.180105 -0.035960 -0.662450 0.079425 0.744015
1261231103.890463 -20.854199 82.390806 634.309704 -0.034301 -0.662179 0.077222 0.744566
1261231104.290482 -23.102903 82.506421 634.499775 -0.024807 -0.661853 0.072023 0.745753
1261231105.140500 -27.144128 82.722264 634.865313 -0.018653 -0.660964 0.061949 0.747624
1261231105.740490 -29.261803 82.839297 635.079515 -0.019270 -0.660388 0.061373 0.748165
1261231106.290485 -31.021009 82.924790 635.270076 -0.016827 -0.660272 0.064543 0.748059
1261231106.740502 -32.520880 83.000149 635.429263 -0.013740 -0.660836 0.069998 0.747133
1261231107.340521 -35.056605 83.136559 635.658588 -0.016652 -0.663880 0.067661 0.744586
1261231107.840509 -37.603005 83.277381 635.854511 -0.013234 -0.667418 0.065311 0.741696
1261231108.490505 -40.907917 83.449826 636.053453 -0.010781 -0.673042 0.059681 0.737113
1261231108.790520 -42.478353 83.530438 636.172621 -0.012716 -0.673889 0.069419 0.735454
1261231109.190513 -44.888421 83.655162 636.328456 -0.017340 -0.674849 0.071063 0.734322
1261231109.540525 -47.291621 83.793721 636.479531 -0.024250 -0.676082 0.070522 0.733043
1261231109.840538 -49.465263 83.935213 636.590608 -0.024283 -0.677088 0.071076 0.732059
1261231110.340528 -53.387307 84.184189 636.795356 -0.025601 -0.677167 0.073103 0.731742
1261231110.590551 -55.530253 84.310743 636.925675 -0.025979 -0.675831 0.076631 0.732601
1261231110.790533 -57.309045 84.412538 637.038092 -0.028776 -0.674868 0.077727 0.733270
1261231110.990533 -59.183403 84.516801 637.165744 -0.031601 -0.674211 0.080096 0.733502
1261231111.140543 -60.678168 84.595180 637.266897 -0.030812 -0.673828 0.081484 0.733735
1261231111.290550 -62.175085 84.676726 637.370416 -0.032541 -0.673597 0.083210 0.733678
1261231111.490530 -64.115832 84.793851 637.492376 -0.038296 -0.673109 0.080310 0.734172
1261231111.690540 -66.022339 84.923760 637.613076 -0.041968 -0.672476 0.079545 0.734634
1261231112.040558 -69.420246 85.150860 637.836823 -0.041398 -0.670988 0.080547 0.735917
1261231112.190543 -70.913681 85.245620 637.939911 -0.040922 -0.670695 0.079948 0.736275
1261231112.340555 -72.362530 85.340687 638.039509 -0.040919 -0.670268 0.079682 0.736693
1261231112.490553 -73.774978 85.437993 638.132523 -0.040315 -0.669798 0.079482 0.737175
1261231112.690565 -75.672152 85.569237 638.261964 -0.039837 -0.669289 0.079313 0.737682
1261231112.840569 -77.182789 85.666888 638.374225 -0.039107 -0.668750 0.079593 0.738179
1261231112.990548 -78.722710 85.765013 638.491524 -0.038311 -0.668339 0.079732 0.738579
1261231113.140556 -80.199996 85.864332 638.599647 -0.038162 -0.667741 0.080075 0.739090
1261231113.340564 -82.163902 85.997520 638.749176 -0.038958 -0.666727 0.080323 0.739937
1261231113.690558 -85.670701 86.229027 639.031271 -0.038487 -0.665194 0.081249 0.741238
1261231113.840566 -87.211081 86.327879 639.160083 -0.038628 -0.664574 0.080408 0.741878
1261231113.990572 -88.744415 86.430192 639.290882 -0.039010 -0.664088 0.079881 0.742351
1261231114.140593 -90.329738 86.534047 639.434392 -0.039223 -0.663437 0.079905 0.742918
1261231114.290589 -91.916423 86.639254 639.579265 -0.039509 -0.662864 0.079918 0.743413
1261231114.440557 -93.506811 86.745866 639.724075 -0.039582 -0.662379 0.079836 0.743851
1261231114.590565 -95.130233 86.850839 639.884840 -0.041477 -0.661487 0.082656 0.744233
1261231114.740569 -96.752986 86.955829 640.035078 -0.040525 -0.661142 0.082269 0.744635
1261231114.890578 -98.350256 87.064790 640.184222 -0.042146 -0.661406 0.081696 0.744374
1261231115.040581 -99.940824 87.176691 640.321591 -0.041680 -0.661314 0.080386 0.744623
1261231115.190569 -101.510754 87.287994 640.455558 -0.040034 -0.661393 0.079606 0.744728
1261231115.340577 -103.092065 87.396518 640.597413 -0.039199 -0.661391 0.079228 0.744814
1261231115.490584 -104.721133 87.501998 640.751447 -0.037793 -0.661248 0.079400 0.744995
1261231115.640586 -106.380579 87.605483 640.915626 -0.038064 -0.661255 0.079050 0.745013
1261231115.790585 -108.044990 87.709567 641.073950 -0.038254 -0.661339 0.077530 0.745088
1261231115.940576 -109.696383 87.815576 641.228090 -0.037935 -0.661560 0.076826 0.744981
1261231116.090585 -111.315982 87.920639 641.375672 -0.036834 -0.661561 0.077109 0.745006
1261231116.240582 -112.947934 88.025981 641.525637 -0.035606 -0.661593 0.076877 0.745062
1261231116.390601 -114.561589 88.129207 641.672308 -0.035614 -0.661674 0.076491 0.745029
1261231116.540592 -116.142733 88.231829 641.819197 -0.036249 -0.661573 0.076988 0.745037
1261231116.690581 -117.710532 88.335045 641.965371 -0.036926 -0.661322 0.077802 0.745142
1261231116.840586 -119.278719 88.436671 642.114671 -0.037372 -0.661239 0.078568 0.745113
1261231116.990588 -120.850742 88.536129 642.264621 -0.037693 -0.661101 0.079565 0.745114
1261231117.140613 -122.439902 88.632840 642.417341 -0.037245 -0.660823 0.080858 0.745243
1261231117.290609 -123.983211 88.727524 642.559711 -0.036664 -0.660692 0.081768 0.745289
1261231117.440589 -125.540886 88.820281 642.706891 -0.037488 -0.660663 0.081844 0.745265
1261231117.590597 -127.096933 88.913741 642.855459 -0.038306 -0.660631 0.081536 0.745286
1261231117.740604 -128.619055 89.007387 642.997905 -0.039123 -0.660793 0.081616 0.745091
1261231117.890601 -130.152581 89.103168 643.141576 -0.039617 -0.661005 0.080867 0.744959
1261231118.040606 -131.671898 89.194373 643.280470 -0.038015 -0.661481 0.080749 0.744632
1261231118.190594 -133.185102 89.287719 643.414221 -0.037172 -0.662131 0.079873 0.744191
1261231118.340601 -134.713092 89.382985 643.547997 -0.038013 -0.662747 0.077889 0.743811
1261231118.490617 -136.219339 89.475642 643.681925 -0.036800 -0.663121 0.078387 0.743486
1261231118.840624 -139.735881 89.695681 643.990156 -0.038172 -0.663863 0.078160 0.742778
1261231119.190616 -143.220188 89.908954 644.281445 -0.037099 -0.664406 0.079612 0.742193
1261231119.540638 -146.605298 90.124203 644.559128 -0.038064 -0.664267 0.077776 0.742463
1261231119.740610 -148.522045 90.250988 644.721991 -0.038455 -0.663975 0.077560 0.742726
1261231119.890619 -149.950883 90.346023 644.841459 -0.037682 -0.663763 0.077194 0.742994
1261231120.040640 -151.397127 90.437972 644.968890 -0.036165 -0.663495 0.078490 0.743173
1261231120.240653 -153.366416 90.554898 645.146444 -0.034634 -0.663056 0.080103 0.743466
1261231120.390624 -154.834903 90.640050 645.279818 -0.034755 -0.662904 0.080546 0.743548
1261231120.590620 -156.807836 90.754737 645.460301 -0.035666 -0.662662 0.081127 0.743656
1261231120.790632 -158.741399 90.872452 645.631744 -0.036401 -0.662575 0.081493 0.743659
1261231120.990650 -160.694947 90.990394 645.807856 -0.036611 -0.662325 0.081970 0.743818
1261231121.190625 -162.642551 91.109310 645.980792 -0.037488 -0.662375 0.081921 0.743736
1261231121.390628 -164.618099 91.227281 646.163190 -0.038637 -0.662154 0.082330 0.743828
1261231121.595544 -166.636166 91.346123 646.353333 -0.038339 -0.662044 0.082628 0.743909
1261231121.740651 -168.140790 91.434347 646.494417 -0.038752 -0.662014 0.082646 0.743912
1261231121.940632 -170.134565 91.553670 646.677430 -0.038943 -0.661947 0.082411 0.743988
1261231122.140642 -172.177524 91.671590 646.862059 -0.037597 -0.662293 0.080534 0.743955
1261231122.290645 -173.658438 91.761412 646.988432 -0.035954 -0.662613 0.079935 0.743816
1261231122.440661 -175.158374 91.853318 647.117696 -0.034887 -0.662734 0.078577 0.743903
1261231122.640637 -177.203389 91.979262 647.303393 -0.035661 -0.662809 0.078028 0.743858
1261231122.840648 -179.232229 92.106483 647.489328 -0.035078 -0.662672 0.079217 0.743881
1261231122.990661 -180.734031 92.200587 647.621739 -0.034351 -0.662716 0.079669 0.743828
1261231123.140662 -182.226170 92.290896 647.749242 -0.033301 -0.662997 0.078308 0.743770
1261231123.290670 -183.735266 92.381775 647.879115 -0.032778 -0.662998 0.078330 0.743790
1261231123.440645 -185.251182 92.477356 648.016055 -0.034004 -0.662799 0.077920 0.743955
1261231123.590653 -186.766073 92.570533 648.153307 -0.034844 -0.662839 0.077137 0.743963
1261231123.940676 -190.366185 92.801029 648.481068 -0.036056 -0.662693 0.077771 0.743969
1261231124.090668 -191.952687 92.898854 648.628142 -0.035804 -0.662762 0.078113 0.743884
1261231124.240656 -193.565871 92.995095 648.775718 -0.035237 -0.662804 0.077514 0.743936
1261231124.440663 -195.665981 93.125301 648.964725 -0.034860 -0.662908 0.077599 0.743853
1261231124.640664 -197.726152 93.255027 649.145448 -0.034159 -0.662839 0.077684 0.743937
1261231124.790685 -199.273628 93.353037 649.283269 -0.034734 -0.662822 0.078364 0.743855
1261231124.990658 -201.415897 93.481750 649.478822 -0.035064 -0.662775 0.078520 0.743864
1261231125.140672 -202.963791 93.580537 649.611229 -0.035143 -0.662875 0.078494 0.743775
1261231125.340676 -205.031209 93.711919 649.785002 -0.034320 -0.663312 0.077587 0.743518
1261231125.540697 -207.119263 93.842242 649.965577 -0.034397 -0.663688 0.077530 0.743185
1261231125.740669 -209.201790 93.971673 650.143950 -0.035168 -0.663962 0.077650 0.742892
1261231125.940675 -211.275990 94.098462 650.323372 -0.035308 -0.664273 0.077537 0.742619
1261231126.090684 -212.824915 94.191050 650.455467 -0.034501 -0.664610 0.077427 0.742367
1261231126.240691 -214.382866 94.282203 650.587448 -0.033453 -0.664899 0.076736 0.742227
1261231126.390667 -215.922933 94.373428 650.719282 -0.033499 -0.664923 0.076907 0.742186
1261231126.540674 -217.457369 94.466287 650.854648 -0.034311 -0.664645 0.077043 0.742384
1261231126.690683 -218.989485 94.555825 650.993285 -0.033887 -0.664155 0.079650 0.742567
1261231126.840689 -220.614718 94.648631 651.146758 -0.034996 -0.663937 0.079927 0.742681
1261231126.990700 -222.177261 94.740399 651.285452 -0.035996 -0.663793 0.080131 0.742740
1261231127.140679 -223.700565 94.836963 651.415965 -0.035842 -0.663406 0.081713 0.742920
1261231127.343190 -225.763399 94.966983 651.597294 -0.038908 -0.663310 0.080701 0.742962
1261231127.490695 -227.313194 95.065693 651.732725 -0.039166 -0.663261 0.079959 0.743073
1261231127.640700 -228.848346 95.163727 651.864704 -0.037953 -0.663109 0.080954 0.743163
1261231127.813776 -230.378075 95.259354 651.997283 -0.037183 -0.663056 0.081414 0.743200
1261231127.990690 -232.429155 95.381663 652.178895 -0.036822 -0.663180 0.081427 0.743106
1261231128.140693 -233.941361 95.472594 652.309336 -0.036387 -0.663289 0.081001 0.743076
1261231128.290705 -235.543414 95.561342 652.457695 -0.036147 -0.663416 0.080864 0.742990
1261231128.440712 -237.184751 95.651062 652.610693 -0.036780 -0.663505 0.080138 0.742958
1261231128.590715 -238.775569 95.746141 652.749854 -0.037177 -0.663687 0.079355 0.742859
1261231128.740698 -240.380730 95.841177 652.890670 -0.036419 -0.663836 0.078925 0.742810
1261231128.940711 -242.514117 95.966651 653.075993 -0.034811 -0.663941 0.078800 0.742806
1261231129.090715 -244.098514 96.063015 653.206457 -0.033795 -0.664131 0.078131 0.742754
1261231129.240726 -245.682794 96.158898 653.342080 -0.034354 -0.664171 0.077849 0.742722
1261231129.440698 -247.754791 96.288293 653.517262 -0.035112 -0.664101 0.077969 0.742737
1261231129.640705 -249.828357 96.418740 653.694672 -0.035402 -0.664038 0.077898 0.742787
1261231129.840720 -251.915200 96.547753 653.874397 -0.035040 -0.664069 0.077914 0.742774
1261231129.990730 -253.494590 96.642916 654.014817 -0.034338 -0.663998 0.078212 0.742839
1261231130.140700 -255.073579 96.737183 654.153354 -0.033308 -0.663983 0.078427 0.742877
1261231130.290716 -256.622344 96.827820 654.283713 -0.031268 -0.664095 0.078665 0.742841
1261231130.440723 -258.165037 96.913389 654.416702 -0.030703 -0.664185 0.079609 0.742683
1261231130.740738 -261.376676 97.090832 654.714072 -0.036417 -0.663624 0.079801 0.742906
1261231130.890713 -263.053539 97.189099 654.875689 -0.038096 -0.662721 0.080512 0.743550
1261231131.040720 -264.687967 97.289372 655.031469 -0.039065 -0.662164 0.080209 0.744029
1261231131.190727 -266.262744 97.390564 655.173074 -0.038993 -0.661718 0.078997 0.744559
1261231131.340738 -267.777713 97.490635 655.306725 -0.038404 -0.661258 0.078443 0.745057
1261231131.490748 -269.279707 97.589916 655.443099 -0.037431 -0.660875 0.078403 0.745450
1261231131.690722 -271.313333 97.716260 655.639819 -0.036818 -0.660430 0.079447 0.745765
1261231131.902811 -273.347889 97.839231 655.837800 -0.037148 -0.660082 0.079341 0.746067
1261231132.040736 -274.804644 97.932059 655.975686 -0.037396 -0.659966 0.079474 0.746144
1261231132.240755 -276.718520 98.056336 656.155515 -0.037293 -0.659697 0.079787 0.746353
1261231132.640734 -280.464649 98.298446 656.510947 -0.037047 -0.658898 0.079363 0.747116
1261231132.840752 -282.331268 98.416301 656.698079 -0.036101 -0.658068 0.079168 0.747915
1261231132.990764 -283.746117 98.502178 656.848843 -0.036164 -0.657333 0.079149 0.748559
1261231133.140735 -285.218878 98.586095 657.015485 -0.036458 -0.656553 0.078996 0.749245
1261231133.340738 -287.147645 98.702081 657.236453 -0.037733 -0.655342 0.079691 0.750169
1261231133.540754 -289.025786 98.819444 657.451224 -0.038604 -0.654493 0.080557 0.750772
1261231133.740759 -290.843972 98.936825 657.653221 -0.039135 -0.654418 0.081487 0.750710
1261231133.940744 -292.633635 99.052177 657.846550 -0.039584 -0.654857 0.081820 0.750267
1261231134.140750 -294.391375 99.167256 658.029964 -0.039447 -0.655592 0.080982 0.749723
1261231134.340754 -296.161986 99.281613 658.215403 -0.039863 -0.656365 0.080302 0.749098
1261231134.490757 -297.466943 99.365163 658.352235 -0.039460 -0.656764 0.079881 0.748815
1261231134.640737 -298.848943 99.445993 658.500468 -0.038888 -0.657282 0.079102 0.748473
1261231134.790751 -300.202847 99.525648 658.644538 -0.038232 -0.657786 0.078721 0.748103
1261231134.940757 -301.516756 99.606601 658.777350 -0.036916 -0.658163 0.077205 0.747996
1261231135.190773 -303.660214 99.741931 658.996176 -0.036523 -0.658558 0.076815 0.747708
1261231135.390754 -305.314053 99.852939 659.163928 -0.038456 -0.658946 0.076359 0.747316
1261231135.590758 -306.922070 99.960370 659.320863 -0.038255 -0.659792 0.076617 0.746552
1261231135.740772 -308.123935 100.038574 659.438421 -0.037467 -0.660479 0.077432 0.745901
1261231135.890774 -309.293027 100.112924 659.547928 -0.036575 -0.661169 0.077873 0.745288
1261231136.290765 -312.432112 100.292742 659.829300 -0.035334 -0.663474 0.077584 0.743326
1261231136.540786 -314.257054 100.402580 659.978954 -0.034332 -0.664349 0.077281 0.742623
1261231136.890763 -316.727882 100.546861 660.179360 -0.033743 -0.665484 0.077359 0.741626
1261231137.190777 -318.835788 100.661551 660.355590 -0.034259 -0.665991 0.078556 0.741020
1261231137.440791 -320.509963 100.745805 660.488026 -0.031671 -0.666560 0.080404 0.740425
1261231137.690778 -322.164803 100.833930 660.619674 -0.032268 -0.667266 0.080476 0.739755
1261231138.140800 -324.979554 100.985938 660.829234 -0.035347 -0.669107 0.075749 0.738450
1261231138.490795 -326.982375 101.104608 660.971998 -0.035025 -0.670278 0.075406 0.737438
1261231138.890812 -329.109863 101.219649 661.111483 -0.032020 -0.671948 0.073355 0.736260
1261231139.290796 -330.981104 101.313833 661.218047 -0.028008 -0.673798 0.072624 0.734805
1261231139.740808 -332.690670 101.388465 661.288298 -0.022775 -0.678719 0.074205 0.730284
1261231140.540830 -335.078890 101.483389 661.219798 -0.022804 -0.706558 0.072694 0.703542
1261231141.303282 -337.157902 101.510041 660.741356 -0.022955 -0.766213 0.082303 0.636881
1261231141.540814 -337.895291 101.513444 660.419368 -0.024650 -0.793573 0.088671 0.601475
1261231141.790824 -338.658725 101.486117 659.975910 -0.023429 -0.823098 0.091483 0.559993
1261231141.990831 -339.278667 101.445523 659.555941 -0.022832 -0.846253 0.096244 0.523518
1261231142.190821 -339.886419 101.399928 659.074286 0.023352 0.868765 -0.105684 -0.483253
1261231142.490836 -340.762602 101.303294 658.140794 0.019423 0.900920 -0.111427 -0.418986
1261231142.790851 -341.528556 101.184892 657.088173 0.021813 0.928987 -0.108675 -0.353124
1261231143.140838 -342.237724 101.024847 655.751228 0.027000 0.954151 -0.112165 -0.276199
1261231143.290846 -342.460671 100.954645 655.150602 0.026489 0.962813 -0.113747 -0.243620
1261231143.640825 -342.863718 100.777094 653.623735 0.026922 0.977666 -0.120492 -0.170076
1261231143.840837 -343.031441 100.652756 652.643967 0.024568 0.983277 -0.121542 -0.133383
1261231144.290846 -343.314128 100.349941 650.258287 0.023466 0.988839 -0.126167 -0.075687
1261231144.490837 -343.376108 100.197908 649.107648 0.022062 0.990135 -0.125926 -0.057345
1261231145.090861 -343.482130 99.691925 645.268988 0.020638 0.991493 -0.126853 -0.020569
1261231145.540862 -343.481919 99.279148 642.146390 0.024450 0.991619 -0.126571 -0.008546
1261231146.090864 -343.473260 98.703600 637.969752 0.024738 0.990808 -0.132682 -0.009142
1261231146.390879 -343.473193 98.352693 635.477164 0.022334 0.991639 -0.126687 -0.010213
1261231147.040878 -343.492060 97.619512 629.977431 0.025160 0.991543 -0.127017 -0.008780
1261231147.340892 -343.480987 97.296717 627.516309 0.025467 0.991671 -0.126007 -0.007839
1261231147.690882 -343.459554 96.881668 624.470366 0.025875 0.991681 -0.125870 -0.007533
1261231148.440885 -343.482944 95.942462 617.667253 0.029898 0.991253 -0.128108 -0.010581
1261231148.640904 -343.488570 95.674988 615.634524 0.029914 0.991540 -0.125821 -0.011036
1261231149.290889 -343.523154 94.833995 609.374568 0.027694 0.991637 -0.125566 -0.011012
1261231149.590918 -343.534331 94.485999 606.677123 0.028515 0.991560 -0.126090 -0.009865
1261231150.240915 -343.561663 93.700246 600.702782 0.028472 0.991607 -0.125646 -0.010893
1261231150.490892 -343.574925 93.331653 598.172288 0.028351 0.991503 -0.126368 -0.012172
1261231150.740910 -343.599652 93.005121 595.823324 0.027300 0.991628 -0.125545 -0.012962
1261231151.040906 -343.626875 92.613026 592.984564 0.025118 0.991639 -0.125808 -0.013941
1261231151.640922 -343.704979 91.892107 587.632682 0.023238 0.991731 -0.125395 -0.014346
1261231151.890904 -343.729572 91.623086 585.554491 0.022877 0.991923 -0.124019 -0.013621
1261231152.140918 -343.730195 91.271453 583.110335 0.021435 0.991858 -0.124852 -0.013021
1261231152.390927 -343.738248 90.882358 580.453158 0.021906 0.991708 -0.125995 -0.012680
1261231152.752951 -343.748910 90.407836 577.054663 0.022910 0.991772 -0.125412 -0.011667
1261231153.040921 -343.764971 90.032036 574.250288 0.022651 0.991849 -0.124810 -0.012050
1261231153.390914 -343.783282 89.656998 571.263875 0.023103 0.992031 -0.123203 -0.012688
1261231153.690937 -343.810580 89.386823 568.976623 0.025425 0.991831 -0.124297 -0.013209
1261231153.990956 -343.830345 89.048905 566.451123 0.025865 0.991607 -0.125959 -0.013457
1261231154.290935 -343.847343 88.719444 563.993505 0.025850 0.991530 -0.126563 -0.013452
1261231154.690957 -343.888412 88.308663 560.906701 0.025611 0.991492 -0.126934 -0.013238
1261231154.990941 -343.895548 87.918433 558.230329 0.025071 0.991717 -0.125254 -0.013411
1261231155.340945 -343.910034 87.360695 554.629357 0.025046 0.991761 -0.124887 -0.013640
1261231155.652084 -343.931742 86.949609 551.826198 0.025834 0.991884 -0.123758 -0.013533
1261231155.940959 -343.967282 86.659755 549.585922 0.027481 0.991818 -0.123977 -0.013086
1261231156.240974 -344.001035 86.392195 547.507375 0.028040 0.991676 -0.125001 -0.012897
1261231156.540958 -344.029019 86.128463 545.476576 0.027473 0.991919 -0.123230 -0.012500
1261231156.790972 -344.043925 85.854139 543.575785 0.026772 0.991685 -0.125202 -0.012977
1261231157.040982 -344.059463 85.627794 541.897070 0.025365 0.991556 -0.126547 -0.012581
1261231157.290959 -344.075952 85.409411 540.295665 0.025495 0.991672 -0.125659 -0.012137
1261231157.890960 -344.087396 84.548776 534.873985 0.027594 0.991835 -0.124073 -0.010381
1261231158.562467 -344.039225 83.814375 529.919857 0.030495 0.992133 -0.121419 -0.000410
1261231158.840976 -343.980649 83.560417 528.079706 0.031327 0.992035 -0.121601 0.009946
1261231159.590981 -343.556299 83.056458 524.414216 0.036773 0.988483 -0.127528 0.072700
1261231160.190985 -342.598531 82.654825 521.645726 0.033692 0.979137 -0.117760 0.162138
1261231160.940993 -340.712270 82.284456 519.014865 0.024104 0.946212 -0.118050 0.300275
1261231161.341020 -339.293658 82.062915 517.729398 0.024780 0.917977 -0.117589 0.377992
1261231161.690994 -337.888363 81.898324 516.895223 0.020423 0.884642 -0.120182 0.450053
1261231161.841007 -337.251780 81.842550 516.598261 0.019016 0.870126 -0.116148 0.478569
1261231161.991552 -336.599311 81.791820 516.356328 0.015796 0.854773 -0.109886 0.506990
1261231162.310284 -335.159149 81.700128 515.942867 0.014709 0.820917 -0.104485 0.561215
1261231162.470265 -334.479784 81.691924 515.896335 0.013501 0.803693 -0.105194 0.585517
1261231162.596151 -333.675114 81.665291 515.791695 0.012013 0.787471 -0.102957 0.607573
1261231162.991033 -331.315319 81.577043 515.617303 0.010756 0.750696 -0.097257 0.653362
1261231163.391025 -328.699240 81.495619 515.591652 0.009815 0.719942 -0.104187 0.686099
1261231163.541028 -327.641980 81.457655 515.639123 0.009307 0.712698 -0.104979 0.693509
1261231163.941021 -324.707440 81.348748 515.794590 0.009406 0.698907 -0.107476 0.707029
1261231164.141028 -323.202816 81.292351 515.910685 0.010458 0.693901 -0.108486 0.711774
1261231164.541044 -320.144136 81.167682 516.134004 0.012444 0.687557 -0.107945 0.717954
1261231164.741029 -318.552250 81.112293 516.372173 0.011642 0.687418 -0.106599 0.718302
1261231165.195385 -314.839980 80.960444 516.606003 0.012942 0.689724 -0.105150 0.716280
1261231165.391028 -313.157295 80.896661 516.744553 0.013899 0.690628 -0.103585 0.715618
1261231165.591041 -311.475723 80.850396 516.949206 0.016460 0.691530 -0.103743 0.714670
1261231165.991051 -307.872678 80.702949 517.128383 0.016150 0.693821 -0.101405 0.712790
1261231166.391051 -304.084294 80.569914 517.333447 0.012538 0.696578 -0.098914 0.710520
1261231166.741160 -300.843019 80.455492 517.488554 0.013284 0.698506 -0.100720 0.708356
1261231167.091061 -297.606120 80.325759 517.609113 0.013216 0.700548 -0.100643 0.706349
1261231167.241073 -296.169352 80.266628 517.662855 0.012890 0.701417 -0.100871 0.705459
1261231167.591081 -292.857800 80.133708 517.753504 0.012878 0.703210 -0.101248 0.703618
1261231167.741056 -291.440350 80.082369 517.795882 0.012295 0.703875 -0.102148 0.702833
1261231167.891076 -290.075437 80.036323 517.835998 0.011250 0.704572 -0.102579 0.702089
1261231168.041082 -288.735707 79.994818 517.873887 0.010375 0.705346 -0.102958 0.701269
1261231168.341087 -286.000484 79.898086 517.922644 0.011081 0.706756 -0.104972 0.699538
1261231168.491066 -284.595150 79.843036 517.942993 0.010681 0.707450 -0.105545 0.698756
1261231168.641072 -283.141057 79.779206 517.962466 0.010565 0.707963 -0.105758 0.698207
1261231168.841079 -281.156246 79.687294 517.975834 0.009731 0.708647 -0.105063 0.697630
1261231169.191073 -277.675509 79.524108 517.980496 0.010288 0.709752 -0.106088 0.696342
1261231169.391083 -275.727022 79.434049 517.967597 0.009646 0.710820 -0.105183 0.695398
1261231169.591092 -273.840450 79.349494 517.947428 0.010140 0.712012 -0.105513 0.694120
1261231169.760421 -272.500263 79.294117 517.936058 0.010662 0.713175 -0.106710 0.692734
1261231169.891077 -271.204790 79.243014 517.922081 0.011503 0.714339 -0.106424 0.691564
1261231170.241095 -268.098641 79.099404 517.854879 0.012602 0.717029 -0.105004 0.688974
1261231170.391090 -266.756265 79.036875 517.831522 0.013628 0.718212 -0.104123 0.687855
1261231170.691084 -263.985894 78.893376 517.731091 0.012856 0.719829 -0.103233 0.686312
1261231170.841090 -262.552962 78.817523 517.686152 0.010544 0.720424 -0.103451 0.685694
1261231170.991101 -261.134126 78.745122 517.638766 0.008960 0.720563 -0.104516 0.685409
1261231171.141101 -259.736860 78.677642 517.586621 0.009361 0.721193 -0.104192 0.684790
1261231171.291104 -258.352159 78.609885 517.540334 0.008750 0.721660 -0.104607 0.684242
1261231171.641104 -255.120015 78.456588 517.421646 0.008339 0.722062 -0.103029 0.684062
1261231171.841112 -253.305857 78.375202 517.356861 0.007690 0.721998 -0.102501 0.684217
1261231172.041111 -251.490248 78.292509 517.291267 0.009256 0.720693 -0.102706 0.685542
1261231172.241103 -249.679868 78.211494 517.242389 0.010957 0.717589 -0.102638 0.688775
1261231172.541118 -246.978097 78.089104 517.220872 0.010075 0.712272 -0.104949 0.693940
1261231172.741128 -245.243182 78.013135 517.221175 0.008827 0.709044 -0.105452 0.697179
1261231172.941107 -243.565305 77.947899 517.234703 0.008185 0.706091 -0.105454 0.700177
1261231173.141118 -241.906696 77.884718 517.257420 0.008565 0.703631 -0.105102 0.702698
1261231173.341137 -240.229701 77.814336 517.285844 0.010903 0.701258 -0.104582 0.705111
1261231173.541125 -238.524549 77.738941 517.323301 0.011763 0.699635 -0.104401 0.706734
1261231173.941119 -235.233414 77.610697 517.412860 0.007014 0.699257 -0.105129 0.707064
1261231174.141151 -233.634320 77.559390 517.455609 0.003100 0.700206 -0.106398 0.705961
1261231174.341141 -232.019938 77.507423 517.485748 0.000733 0.701894 -0.109222 0.703857
1261231174.741131 -228.729284 77.379530 517.498431 0.000136 0.705687 -0.114243 0.699253
1261231174.941164 -227.070021 77.308087 517.491590 -0.001218 0.707208 -0.115143 0.697565
1261231175.241123 -224.588983 77.209060 517.479717 -0.006064 0.710074 -0.119190 0.693940
1261231175.421067 -223.333112 77.154626 517.457863 -0.007557 0.712453 -0.120947 0.691177
1261231175.561052 -222.070483 77.097192 517.425667 -0.007882 0.715161 -0.122120 0.688164
1261231175.891130 -219.117891 76.942978 517.282299 -0.005559 0.722764 -0.123396 0.679967
1261231176.091137 -217.423148 76.845440 517.164054 -0.004238 0.727333 -0.123369 0.675091
1261231176.241151 -216.129381 76.776908 517.071605 -0.008942 0.731260 -0.123734 0.670723
1261231176.391157 -214.849760 76.699444 516.949806 -0.007478 0.735361 -0.123003 0.666377
1261231176.600335 -213.183243 76.603935 516.775750 -0.006190 0.741038 -0.127127 0.659290
1261231176.741141 -211.956194 76.527253 516.626907 -0.005632 0.744811 -0.126792 0.655095
1261231177.041189 -209.418673 76.354455 516.270984 -0.005328 0.752794 -0.125630 0.646134
1261231177.241169 -207.700569 76.234464 515.994082 -0.003361 0.757132 -0.126312 0.640925
1261231177.641155 -204.278823 75.986120 515.382648 -0.000031 0.764012 -0.122283 0.633508
1261231177.841168 -202.555401 75.859652 515.058456 0.003617 0.765576 -0.119955 0.632053
1261231178.041184 -200.802039 75.729353 514.734595 0.005026 0.766246 -0.119047 0.631403
1261231178.441168 -197.192679 75.456530 514.070080 0.007160 0.766675 -0.116284 0.631376
1261231178.641180 -195.414843 75.329990 513.741670 0.008707 0.766542 -0.116153 0.631543
1261231178.841182 -193.641953 75.202685 513.416376 0.008948 0.766246 -0.114565 0.632188
1261231179.241175 -190.095210 74.951354 512.772841 0.012095 0.764905 -0.112158 0.634189
1261231179.391182 -188.775010 74.860580 512.542268 0.012690 0.764126 -0.111524 0.635226
1261231179.541200 -187.464321 74.771744 512.317066 0.013780 0.763332 -0.110705 0.636301
1261231179.691169 -186.143035 74.683100 512.094014 0.014601 0.762426 -0.110098 0.637473
1261231179.841180 -184.812925 74.595142 511.874656 0.014594 0.761536 -0.109216 0.638688
1261231179.991194 -183.490038 74.507194 511.660134 0.015249 0.760571 -0.108642 0.639919
1261231180.291198 -180.825421 74.336981 511.228562 0.017523 0.759353 -0.103823 0.642103
1261231180.441171 -179.466229 74.248472 511.022088 0.018028 0.758468 -0.105235 0.642905
1261231180.591179 -178.095436 74.161391 510.810971 0.017440 0.758149 -0.104356 0.643441
1261231180.891195 -175.379167 73.988425 510.410323 0.015417 0.756801 -0.107172 0.644615
1261231181.041204 -174.009506 73.898074 510.209658 0.016860 0.755928 -0.108096 0.645448
1261231181.341187 -171.306130 73.720724 509.820217 0.015750 0.754175 -0.105067 0.648022
1261231181.491201 -169.977834 73.639676 509.635955 0.016345 0.753331 -0.104407 0.649095
1261231181.841216 -166.888274 73.447934 509.221877 0.016782 0.751333 -0.104477 0.651384
1261231181.991187 -165.568328 73.365327 509.051738 0.016073 0.750891 -0.104618 0.651889
1261231182.141201 -164.232954 73.282239 508.882972 0.015250 0.750423 -0.105147 0.652362
1261231182.519850 -161.085355 73.082806 508.479830 0.014931 0.749720 -0.105443 0.653130
1261231182.641189 -159.739606 72.997301 508.311991 0.015004 0.749373 -0.105699 0.653485
1261231182.991211 -156.615272 72.798869 507.920188 0.015150 0.748790 -0.105966 0.654107
1261231183.141220 -155.279841 72.714894 507.757271 0.014706 0.748479 -0.106473 0.654390
1261231183.291225 -153.948470 72.628722 507.592658 0.015138 0.748149 -0.106595 0.654738
1261231183.641216 -150.825928 72.422593 507.209439 0.015843 0.747891 -0.105919 0.655125
1261231183.791213 -149.539939 72.341170 507.051469 0.016470 0.747661 -0.105054 0.655511
1261231184.008471 -147.824653 72.229205 506.842703 0.016578 0.747427 -0.104442 0.655873
1261231184.241216 -145.690280 72.093124 506.585773 0.017212 0.746979 -0.104203 0.656406
1261231184.441219 -144.034102 71.990671 506.387447 0.017271 0.746839 -0.103362 0.656696
1261231184.669675 -142.429878 71.893994 506.195373 0.017064 0.746721 -0.101952 0.657056
1261231184.791252 -141.231516 71.827928 506.056002 0.016092 0.746680 -0.100545 0.657343
1261231184.941217 -140.014080 71.760595 505.910860 0.015339 0.746718 -0.098540 0.657623
1261231185.291242 -137.086850 71.580229 505.579918 0.016378 0.745596 -0.103105 0.658170
1261231185.541237 -135.039971 71.454741 505.350566 0.013217 0.745389 -0.102890 0.658509
1261231186.091250 -130.756759 71.197064 504.871708 0.014196 0.744002 -0.106948 0.659410
1261231186.341245 -128.882732 71.071420 504.666061 0.014732 0.743989 -0.107554 0.659314
1261231186.641238 -126.721030 70.936343 504.430261 0.011436 0.744122 -0.107152 0.659295
1261231186.959472 -124.648175 70.812058 504.194059 0.011297 0.744926 -0.105171 0.658708
1261231187.641264 -120.092382 70.539188 503.636368 0.016471 0.746202 -0.100003 0.657960
1261231188.441287 -115.828035 70.261912 503.133725 0.018370 0.746019 -0.105829 0.657205
1261231188.791255 -114.104224 70.143693 502.934166 0.018201 0.745594 -0.107842 0.657364
1261231189.141291 -112.261272 70.028846 502.723810 0.016437 0.745482 -0.108498 0.657430
1261231189.441262 -110.565557 69.921854 502.520286 0.018109 0.745423 -0.105924 0.657873
1261231189.991284 -107.168495 69.729969 502.132309 0.017409 0.744393 -0.105196 0.659173
1261231190.291270 -105.100315 69.591938 501.893407 0.022495 0.743660 -0.107631 0.659454
1261231190.491276 -103.599095 69.495090 501.738823 0.018598 0.743553 -0.108107 0.659618
1261231190.941269 -100.341836 69.291526 501.368580 0.021609 0.743422 -0.105662 0.660070
1261231191.141280 -98.830234 69.203499 501.201083 0.020162 0.743311 -0.103576 0.660571
1261231191.541305 -95.747405 69.029367 500.864066 0.020170 0.742145 -0.103993 0.661815
1261231191.691275 -94.604074 68.969538 500.749517 0.018602 0.741986 -0.106217 0.661686
1261231192.091299 -91.476936 68.796533 500.430168 0.014449 0.741782 -0.108323 0.661678
1261231192.241312 -90.254318 68.730785 500.303048 0.011049 0.742340 -0.106950 0.661340
1261231192.591296 -87.341016 68.576678 499.980495 0.011473 0.742837 -0.107677 0.660657
1261231192.741305 -86.081131 68.502929 499.843366 0.012639 0.743028 -0.110376 0.659975
1261231193.041317 -83.459262 68.335784 499.545191 0.012378 0.743940 -0.107974 0.659350
1261231193.191292 -82.144736 68.253804 499.393921 0.013221 0.744349 -0.107978 0.658870
1261231193.541318 -79.109428 68.073014 499.044726 0.011919 0.744430 -0.107519 0.658879
1261231193.691322 -77.807064 67.995378 498.896802 0.012329 0.743944 -0.107540 0.659417
1261231193.991301 -75.199020 67.836290 498.614379 0.012243 0.742563 -0.109791 0.660603
1261231194.141320 -73.880944 67.749810 498.475204 0.012669 0.741651 -0.111148 0.661393
1261231194.291322 -72.565307 67.661805 498.333190 0.013858 0.741252 -0.111038 0.661833
1261231194.441327 -71.244410 67.573928 498.191622 0.013256 0.741282 -0.110426 0.661915
1261231194.755249 -68.594013 67.401094 497.904059 0.012481 0.741789 -0.108933 0.661609
1261231194.898186 -67.275322 67.317368 497.761899 0.011459 0.742269 -0.108655 0.661135
1261231195.108237 -65.545404 67.206437 497.571515 0.010480 0.742626 -0.108884 0.660712
1261231195.508837 -62.202481 67.002552 497.191308 0.009363 0.744082 -0.107683 0.659286
1261231195.691331 -60.564555 66.902913 497.000453 0.010173 0.744528 -0.107770 0.658757
1261231195.891334 -58.921548 66.800709 496.807259 0.009488 0.745334 -0.107242 0.657941
1261231196.241336 -55.971230 66.600796 496.459481 0.010506 0.745686 -0.109989 0.657073
1261231196.441335 -54.400686 66.498098 496.269514 0.011438 0.746015 -0.110255 0.656639
1261231196.841342 -51.412285 66.295759 495.904092 0.011736 0.746751 -0.109753 0.655880
1261231197.041333 -49.952003 66.195844 495.721022 0.012318 0.747120 -0.109199 0.655542
1261231197.241347 -48.541210 66.100028 495.544043 0.012388 0.747539 -0.108397 0.655197
1261231197.641341 -45.848382 65.923767 495.205043 0.013453 0.747511 -0.106584 0.655504
1261231197.841348 -44.560331 65.841485 495.054015 0.013010 0.746523 -0.106994 0.656572
1261231198.041352 -43.307970 65.768454 494.911376 0.012602 0.744680 -0.105589 0.658896
1261231198.491342 -40.482694 65.600260 494.645148 0.012359 0.740099 -0.108547 0.663565
1261231198.691359 -39.031840 65.515170 494.509843 0.010502 0.738686 -0.109399 0.665029
1261231199.091380 -36.230372 65.354865 494.260925 0.008774 0.736219 -0.111957 0.667361
1261231199.309081 -34.663350 65.260122 494.126276 0.009590 0.733921 -0.112174 0.669839
1261231199.491364 -33.064546 65.160414 494.015786 0.008151 0.729634 -0.111993 0.674556
1261231199.791381 -31.043734 65.043356 493.903586 0.007425 0.721784 -0.111304 0.683070
1261231199.991362 -30.168872 65.015184 493.940447 0.008534 0.715041 -0.109680 0.690372
1261231200.341379 -28.204124 64.934939 494.001942 0.011180 0.704708 -0.108068 0.701129
1261231200.541387 -26.821256 64.878261 494.059539 0.009958 0.700235 -0.107561 0.705693
1261231200.741366 -25.833465 64.856034 494.137116 0.006809 0.698654 -0.107626 0.707286
1261231201.141390 -23.298872 64.759150 494.228528 0.003710 0.700334 -0.110470 0.705205
1261231201.291391 -22.191667 64.708678 494.232940 0.001154 0.702731 -0.111128 0.702722
1261231201.691396 -19.565702 64.594794 494.222998 0.002160 0.713212 -0.113070 0.691765
1261231201.891385 -18.256625 64.527238 494.174306 0.002560 0.719719 -0.114514 0.684751
1261231202.291377 -15.389493 64.347637 493.935278 0.004930 0.733366 -0.115394 0.669951
1261231202.491393 -14.037840 64.253073 493.795333 0.005746 0.739266 -0.117175 0.663116
1261231202.691407 -12.646950 64.159022 493.632685 0.003839 0.744979 -0.117578 0.656634
1261231202.891381 -11.282008 64.056117 493.443024 0.004625 0.750137 -0.118487 0.650564
1261231203.341404 -8.547311 63.855863 492.967630 0.005423 0.760135 -0.121916 0.638202
1261231203.828697 -5.559062 63.622977 492.412301 0.006528 0.766294 -0.120790 0.630999
1261231203.941403 -4.562985 63.548261 492.217301 0.008493 0.767756 -0.120175 0.629315
1261231204.091408 -3.557281 63.476541 492.044867 0.010435 0.768795 -0.118806 0.628276
1261231204.491397 -0.888239 63.251235 491.543751 0.011923 0.769332 -0.116567 0.628011
1261231204.691412 0.245503 63.167596 491.312680 0.010977 0.768721 -0.116516 0.628786
1261231205.241420 3.803624 62.901859 490.655693 0.008431 0.766320 -0.113355 0.632324
1261231205.541421 5.610014 62.787013 490.358654 0.003872 0.765377 -0.108821 0.634304
1261231205.891404 7.450507 62.666346 490.038925 0.006175 0.763885 -0.109035 0.636045
1261231206.591450 10.631153 62.445233 489.512961 0.010923 0.761068 -0.110890 0.639030
1261231206.997806 12.105346 62.330791 489.272885 0.015494 0.759002 -0.107802 0.641915
1261231207.341456 13.266378 62.247446 489.119095 0.016323 0.756009 -0.112049 0.644694
1261231207.741439 14.567928 62.152965 488.944460 0.017916 0.752571 -0.109914 0.649027
1261231208.091457 15.706125 62.072401 488.811818 0.019870 0.748547 -0.111527 0.653334
1261231208.391444 16.803266 61.997345 488.705011 0.021334 0.743718 -0.115027 0.658177
1261231208.741460 18.235338 61.906269 488.577866 0.019384 0.738272 -0.110851 0.665050
1261231208.997012 19.350357 61.838618 488.503177 0.017970 0.733874 -0.111082 0.669901
1261231209.541462 22.047751 61.685851 488.338914 0.014891 0.726917 -0.104787 0.678521
1261231210.191490 25.245806 61.518907 488.185536 0.018389 0.720463 -0.102877 0.685574
1261231210.691471 28.000256 61.390540 488.081887 0.019354 0.717399 -0.098957 0.689327
1261231210.941479 29.539572 61.320756 488.040609 0.018853 0.716279 -0.101066 0.690199
1261231211.341479 32.178071 61.184399 487.953894 0.022008 0.716068 -0.103485 0.689966
1261231211.546183 33.575431 61.108545 487.910852 0.021279 0.716635 -0.105188 0.689142
1261231211.941471 36.528998 60.946175 487.799609 0.016614 0.719754 -0.109064 0.685407
1261231212.141478 38.088186 60.858759 487.725465 0.013728 0.723039 -0.114279 0.681151
1261231212.341496 39.696327 60.766382 487.619125 0.007011 0.728971 -0.114331 0.674893
1261231212.741475 42.995851 60.574535 487.290676 0.008261 0.740161 -0.117010 0.662120
1261231213.141502 46.427249 60.343456 486.854316 0.010448 0.748149 -0.118007 0.652869
1261231213.291507 47.734429 60.248500 486.680005 0.011037 0.749477 -0.117788 0.651374
1261231213.591487 50.414328 60.050856 486.320898 0.011710 0.749787 -0.117764 0.651010
1261231213.741499 51.780160 59.953707 486.138695 0.010936 0.749917 -0.116069 0.651178
1261231214.041509 54.551343 59.767633 485.778015 0.008283 0.749255 -0.115125 0.652146
1261231214.191490 55.961314 59.679906 485.595828 0.007219 0.749033 -0.113513 0.652697
1261231214.341497 57.369362 59.589260 485.419545 0.008180 0.748530 -0.115561 0.652902
1261231214.641512 60.197166 59.392276 485.050682 0.014769 0.747793 -0.115710 0.653604
1261231214.791521 61.654273 59.285083 484.864942 0.014188 0.747710 -0.113315 0.654132
1261231215.091499 64.564311 59.085362 484.507163 0.012429 0.747072 -0.111591 0.655191
1261231215.241517 66.012205 58.986416 484.332039 0.012124 0.746737 -0.111489 0.655597
1261231215.541516 68.862290 58.794399 483.992469 0.012505 0.745674 -0.111643 0.656773
1261231215.691507 70.262074 58.700431 483.830099 0.012003 0.745214 -0.111438 0.657339
1261231215.841507 71.679706 58.604922 483.667944 0.011619 0.744943 -0.110687 0.657779
1261231215.991526 73.130422 58.506887 483.502729 0.011492 0.744618 -0.110356 0.658205
1261231216.291535 76.017341 58.311369 483.177993 0.013447 0.743554 -0.111743 0.659136
1261231216.441507 77.422352 58.217287 483.023308 0.012641 0.743480 -0.112016 0.659188
1261231216.841535 81.136856 57.971003 482.615839 0.010073 0.743436 -0.111461 0.659376
1261231216.991536 82.522274 57.882282 482.462226 0.008436 0.743819 -0.110156 0.659187
1261231217.341525 85.726256 57.688182 482.101858 0.006843 0.743872 -0.109464 0.659261
1261231217.491530 87.076616 57.607878 481.950020 0.006910 0.743834 -0.110279 0.659167
1261231217.791550 89.725596 57.453116 481.652645 0.005602 0.744087 -0.109486 0.659027
1261231217.941520 91.029490 57.378417 481.508067 0.005191 0.744131 -0.109780 0.658931
1261231218.241536 93.603838 57.230779 481.207895 0.007383 0.744221 -0.107886 0.659121
1261231218.391542 94.898356 57.153341 481.060228 0.008517 0.744384 -0.109030 0.658735
1261231218.706827 97.447574 56.995646 480.763247 0.010323 0.744817 -0.108626 0.658287
1261231218.841536 98.704657 56.915227 480.624998 0.011140 0.743751 -0.109830 0.659278
1261231219.141550 101.257968 56.749032 480.359580 0.010035 0.741814 -0.110554 0.661354
1261231219.491545 104.201830 56.564057 480.057225 0.008784 0.740937 -0.109386 0.662548
1261231219.641552 105.407532 56.493030 479.933146 0.008698 0.740901 -0.108902 0.662669
1261231220.041569 108.575792 56.317452 479.603852 0.008264 0.740887 -0.108168 0.662811
1261231220.241550 110.156207 56.232573 479.444264 0.007326 0.741017 -0.108364 0.662645
1261231220.641569 113.226307 56.062426 479.135416 0.007548 0.740498 -0.111844 0.662644
1261231221.041557 116.255158 55.879446 478.834643 0.004935 0.740195 -0.113696 0.662691
1261231221.391583 118.734343 55.731785 478.583452 0.004849 0.740128 -0.114229 0.662675
1261231221.591596 120.106702 55.651834 478.447078 0.003482 0.740455 -0.114562 0.662261
1261231221.865950 121.766403 55.552323 478.269449 0.003708 0.740764 -0.111691 0.662405
1261231222.191582 124.175099 55.399162 478.024475 0.005999 0.740059 -0.111380 0.663228
1261231222.391561 125.528208 55.313932 477.886069 0.006061 0.740304 -0.110691 0.663069
1261231222.841593 128.347343 55.146927 477.584224 0.006614 0.742921 -0.109620 0.660309
1261231223.141572 130.126017 55.035712 477.362363 0.008677 0.747457 -0.109755 0.655123
1261231223.841606 133.868069 54.760509 476.728164 0.016028 0.764043 -0.106938 0.636039
1261231224.691584 137.526746 54.478776 475.765586 0.017467 0.796537 -0.105423 0.595072
1261231225.041603 138.573278 54.397565 475.336640 0.019800 0.813003 -0.106709 0.572056
1261231225.641602 140.177338 54.237454 474.571134 0.020629 0.839671 -0.107219 0.532007
1261231226.341608 141.684365 54.045319 473.612536 0.021162 0.870254 -0.113771 0.478818
1261231227.141617 143.243114 53.796146 472.171586 0.022301 0.906463 -0.121411 0.403841
1261231227.791626 144.550049 53.519546 470.497169 0.020857 0.936674 -0.122527 0.327404
1261231228.041631 145.015756 53.399594 469.729530 0.020401 0.947544 -0.125516 0.293241
1261231228.441627 145.667498 53.196561 468.343897 0.018377 0.963476 -0.128732 0.234104
1261231228.641634 145.925178 53.092444 467.570705 0.022843 0.970243 -0.126613 0.205126
1261231229.141628 146.573557 52.788740 465.392672 0.021209 0.981098 -0.124262 0.146821
1261231229.641666 147.101296 52.467352 463.005168 0.020445 0.986785 -0.121150 0.105639
1261231229.891631 147.299700 52.300204 461.772267 0.020660 0.988484 -0.122581 0.086288
1261231230.091648 147.428659 52.162442 460.725255 0.021143 0.989274 -0.126484 0.069942
1261231230.491668 147.607692 51.854168 458.437578 0.021489 0.990907 -0.127456 0.037367
1261231230.691641 147.654002 51.683349 457.217973 0.022411 0.991172 -0.128403 0.024260
1261231230.906435 147.689429 51.509414 455.939253 0.021076 0.991408 -0.128381 0.013605
1261231231.291688 147.723167 51.155881 453.229948 0.016979 0.992463 -0.121358 -0.000838
1261231231.491664 147.714387 50.982343 451.799838 0.017429 0.992643 -0.119609 -0.007113
1261231231.891677 147.611929 50.632598 448.910407 0.025560 0.992242 -0.119941 -0.020393
1261231232.091687 147.560146 50.452579 447.446300 0.020674 0.991313 -0.127270 -0.025942
1261231232.491672 147.398809 50.080071 444.462020 0.020170 0.992202 -0.118094 -0.034380
1261231232.691681 147.316513 49.889137 442.963509 0.016501 0.991650 -0.122384 -0.037140
1261231233.091668 147.103243 49.505984 439.976966 0.019181 0.991837 -0.119654 -0.039671
1261231233.491700 146.907897 49.142894 437.013726 0.017188 0.992029 -0.118670 -0.038733
1261231233.641668 146.845897 49.003947 435.902233 0.015427 0.991729 -0.121535 -0.038272
1261231233.941682 146.691547 48.709080 433.666548 0.020293 0.991558 -0.122672 -0.036767
1261231234.091688 146.622510 48.563182 432.542606 0.021204 0.991866 -0.120315 -0.035717
1261231234.241701 146.559410 48.423341 431.437142 0.020859 0.992114 -0.118640 -0.034626
1261231234.641695 146.409110 48.064589 428.539509 0.018002 0.992143 -0.119192 -0.033501
1261231234.941709 146.288501 47.795588 426.472763 0.020018 0.991603 -0.123022 -0.034484
1261231235.091713 146.227750 47.658151 425.433229 0.019516 0.991782 -0.121601 -0.034657
1261231235.541698 146.047739 47.256417 422.364159 0.018123 0.991821 -0.121036 -0.036234
1261231235.805470 145.946959 47.050357 420.713641 0.016631 0.992249 -0.117503 -0.036855
1261231236.195370 145.779434 46.740845 418.183927 0.019886 0.992058 -0.118655 -0.036700
1261231236.391718 145.686283 46.594757 416.965628 0.025284 0.992019 -0.118009 -0.036505
1261231236.696149 145.597674 46.448264 415.767961 0.029759 0.992027 -0.116972 -0.036264
1261231237.005543 145.462567 46.174658 413.410548 0.024631 0.992560 -0.113430 -0.036755
1261231237.247600 145.363373 46.006072 412.008008 0.021053 0.992131 -0.116547 -0.040609
1261231237.741724 145.096699 45.679436 409.350957 0.015627 0.991115 -0.119202 -0.056900
1261231238.341736 144.632190 45.318464 406.625614 0.017354 0.988548 -0.123534 -0.084914
1261231238.941719 144.052907 45.000979 404.389636 0.017142 0.983752 -0.126176 -0.126560
1261231239.541756 143.136656 44.682782 402.034111 0.015892 0.973252 -0.127403 -0.190518
1261231240.091747 141.851368 44.358091 399.585125 0.016029 0.960898 -0.123447 -0.247345
1261231240.741752 139.759193 43.935338 396.366923 0.020152 0.944864 -0.117262 -0.305082
1261231241.091769 138.314034 43.722321 394.504776 0.021335 0.936078 -0.111485 -0.332977
1261231241.491752 136.501499 43.495621 392.398891 0.018021 0.926535 -0.112216 -0.358630
1261231242.141758 133.337121 43.148024 388.998814 0.021350 0.919456 -0.111771 -0.376367
1261231242.391772 131.979702 42.989606 387.564600 0.026551 0.919063 -0.107858 -0.378133
1261231243.041773 128.750176 42.612194 384.079611 0.035125 0.921709 -0.116508 -0.368299
1261231243.741779 125.820764 42.109068 380.378277 0.032609 0.935906 -0.124824 -0.327773
1261231243.991801 124.909052 41.902032 379.020835 0.029522 0.942530 -0.124668 -0.308583
1261231244.295317 123.901909 41.664751 377.375320 0.029317 0.950234 -0.125713 -0.283534
1261231244.591791 123.013332 41.420529 375.700056 0.029862 0.958193 -0.125750 -0.255265
1261231245.091782 121.777076 41.041188 372.799900 0.031800 0.971062 -0.122572 -0.202494
1261231245.391799 121.196453 40.791330 370.998225 0.029438 0.976536 -0.133585 -0.166330
1261231245.891791 120.542673 40.328624 367.816397 0.030274 0.986602 -0.128449 -0.095918
1261231246.091796 120.456669 40.185620 366.715927 0.029535 0.988672 -0.131126 -0.066788
1261231246.591814 120.503683 39.735425 363.649049 0.030655 0.991227 -0.128498 0.004154
1261231246.841806 120.706782 39.496269 362.092080 0.029154 0.990514 -0.128277 0.039722
1261231247.241796 121.271175 39.115096 359.627933 0.032463 0.986209 -0.127814 0.100007
1261231247.441821 121.686181 38.930765 358.435088 0.029161 0.982686 -0.128140 0.130603
1261231247.641812 122.118825 38.787176 357.450677 0.031280 0.978076 -0.129596 0.159980
1261231248.141818 123.522901 38.350535 354.737376 0.027366 0.964948 -0.127684 0.227649
1261231248.591836 125.166105 37.942535 352.398830 0.026620 0.950510 -0.127021 0.282289
1261231248.791817 125.998115 37.745226 351.330645 0.027024 0.943866 -0.124087 0.304941
1261231248.991834 126.865029 37.561119 350.313574 0.027421 0.936844 -0.120467 0.327199
1261231249.491817 129.130413 37.155951 348.060393 0.030336 0.916145 -0.117526 0.382029
1261231249.741829 130.306975 36.988608 347.122193 0.030562 0.904941 -0.114567 0.408683
1261231250.291827 133.162309 36.622323 345.205761 0.029315 0.877138 -0.107680 0.467091
1261231250.591854 134.802648 36.438734 344.311601 0.028905 0.860779 -0.104248 0.497349
1261231251.141845 137.943006 36.125185 343.000415 0.031352 0.825967 -0.103724 0.553207
1261231251.391857 139.451704 35.993178 342.564702 0.029525 0.808658 -0.101863 0.578641
1261231251.641835 140.951467 35.885832 342.218205 0.027533 0.790757 -0.100207 0.603244
1261231252.214033 144.285523 35.678848 341.791763 0.022870 0.748648 -0.094490 0.655801
1261231252.741864 147.695610 35.540589 341.796615 0.019883 0.702667 -0.087004 0.705899
1261231252.991861 149.253664 35.500090 341.929420 0.019617 0.679635 -0.087285 0.728075
1261231253.291867 151.035124 35.410816 342.159923 0.020393 0.651239 -0.084540 0.753873
1261231253.941855 154.847956 35.323768 343.203303 0.015712 0.590691 -0.076339 0.803125
1261231254.291882 156.770051 35.351207 343.959888 0.014236 0.555628 -0.073722 0.828034
1261231254.991881 160.486367 35.517035 346.169833 0.007058 0.483427 -0.066270 0.872844
1261231255.641883 163.633102 35.764782 348.786959 0.003711 0.412541 -0.058985 0.909020
1261231256.241895 166.036881 36.061001 351.553210 0.001636 0.344115 -0.052712 0.937445
1261231256.891883 168.111147 36.469370 354.807840 -0.010260 0.273574 -0.043573 0.960809
1261231257.241902 168.988059 36.709248 356.605362 -0.011909 0.235534 -0.037243 0.971079
1261231257.841905 170.128377 37.160727 359.856710 -0.014540 0.171095 -0.029338 0.984710
1261231258.141921 170.533200 37.394365 361.539585 -0.012482 0.136199 -0.027532 0.990220
1261231258.741916 170.992527 37.858084 365.001219 -0.006634 0.063453 -0.016181 0.997832
1261231258.991933 170.985747 38.040330 366.440456 -0.006860 0.029279 -0.011772 0.999478
1261231259.491920 170.710898 38.442341 369.356948 -0.012689 -0.041068 -0.005337 0.999062
1261231259.741935 170.392496 38.644732 370.784652 -0.014885 -0.076589 0.000827 0.996951
1261231259.991914 169.976588 38.858097 372.194187 -0.015621 -0.112125 0.004197 0.993562
1261231260.491949 168.869494 39.292761 374.971674 -0.020097 -0.179558 0.015030 0.983427
1261231260.691920 168.290966 39.460876 376.033815 -0.020029 -0.205027 0.018639 0.978374
1261231261.091945 166.984433 39.808393 378.143778 -0.023262 -0.254011 0.025369 0.966589
1261231261.291960 166.233690 39.993621 379.176888 -0.026238 -0.276130 0.027746 0.960361
1261231261.541932 165.230324 40.231095 380.452077 -0.031468 -0.299990 0.029789 0.952958
1261231262.041963 163.180739 40.723459 382.910038 -0.033403 -0.341196 0.040009 0.938546
1261231262.291943 161.934392 40.961364 384.147454 -0.034261 -0.363842 0.044637 0.929759
1261231262.541963 160.677366 41.160233 385.229621 -0.032641 -0.388144 0.049353 0.919697
1261231263.141967 157.507394 41.639388 387.563085 -0.032965 -0.455132 0.053211 0.888221
1261231263.641947 154.638962 41.976247 389.100501 -0.032820 -0.510639 0.058963 0.857143
1261231263.891958 153.098533 42.179896 389.707837 -0.034015 -0.539621 0.062363 0.838906
1261231264.391954 150.077958 42.425666 390.546301 -0.031200 -0.594754 0.070089 0.800238
1261231264.591963 148.920794 42.520009 390.714026 -0.031554 -0.614647 0.073564 0.784730
1261231264.841986 147.332638 42.606971 390.871455 -0.033223 -0.641705 0.073795 0.762669
1261231265.341966 144.136832 42.765907 390.871272 -0.036122 -0.693842 0.076537 0.715136
1261231265.741988 141.570513 42.842854 390.575717 -0.033604 -0.729746 0.085329 0.677540
1261231266.091978 139.410422 42.854912 390.098345 -0.031426 -0.755609 0.091254 0.647873
1261231266.291996 138.214543 42.837805 389.737374 -0.030142 -0.767308 0.093834 0.633660
1261231266.491999 136.969084 42.830099 389.371119 -0.031819 -0.776689 0.093765 0.622054
1261231266.691982 135.702027 42.813319 388.964050 -0.030173 -0.784316 0.091091 0.612895
1261231267.242000 132.277635 42.828470 387.865097 -0.029715 -0.796038 0.088119 0.598060
1261231267.541993 130.470963 42.839511 387.217625 -0.027152 -0.798201 0.088229 0.595276
1261231268.201450 126.626156 42.843985 386.047093 -0.030063 -0.792906 0.088803 0.602088
1261231268.492003 124.962705 42.837875 385.533344 -0.030592 -0.784130 0.091881 0.612995
1261231269.042003 121.486997 42.908874 384.818796 -0.034672 -0.765990 0.091381 0.635379
1261231269.242010 120.298662 42.940514 384.591640 -0.034714 -0.760234 0.090133 0.642429
1261231269.492023 118.631205 42.990899 384.321307 -0.033506 -0.748356 0.090448 0.656247
1261231269.892021 115.893754 43.086589 384.017962 -0.034590 -0.727971 0.089054 0.678919
1261231270.292035 113.054388 43.201837 383.895064 -0.034078 -0.707426 0.090827 0.700098
1261231270.492018 111.554269 43.264325 383.865038 -0.032235 -0.697960 0.088736 0.709886
